# curve 5 (die wall), step =      500, time =   2.00000000E+02
# N1 = tau_xx - tau_yy = G ( c_xx - c_yy ),  G =  1.0000E-01  (polymer part only)
#              x               y        pressure            c_xy        gammadot            c_xx            c_yy              N1
 -1.00000000E+01  1.00000000E+00  7.31961202E+00 -1.40818685E+00  4.18051535E-01  4.96474510E+00  1.00007818E+00  3.96466693E-01
 -9.95040609E+00  1.00000000E+00  7.28489804E+00 -1.40782289E+00  4.18101383E-01  4.96311955E+00  1.00004200E+00  3.96307756E-01
 -9.90081218E+00  1.00000000E+00  7.25018406E+00 -1.40745904E+00  4.18139095E-01  4.96149454E+00  1.00000584E+00  3.96148870E-01
 -9.85121827E+00  1.00000000E+00  7.21556092E+00 -1.40766411E+00  4.18119683E-01  4.96275224E+00  1.00004351E+00  3.96270873E-01
 -9.80162437E+00  1.00000000E+00  7.18093779E+00 -1.40786921E+00  4.18080530E-01  4.96401027E+00  1.00008118E+00  3.96392909E-01
 -9.75203046E+00  1.00000000E+00  7.14616721E+00 -1.40784622E+00  4.18070366E-01  4.96357078E+00  1.00001615E+00  3.96355463E-01
 -9.70243655E+00  1.00000000E+00  7.11139662E+00 -1.40782321E+00  4.18089660E-01  4.96313134E+00  9.99951129E-01  3.96318021E-01
 -9.65284264E+00  1.00000000E+00  7.07673503E+00 -1.40810391E+00  4.18077202E-01  4.96378249E+00  1.00010706E+00  3.96367543E-01
 -9.60324873E+00  1.00000000E+00  7.04207345E+00 -1.40838465E+00  4.18017445E-01  4.96443373E+00  1.00026301E+00  3.96417072E-01
 -9.55365482E+00  1.00000000E+00  7.00745830E+00 -1.40861139E+00  4.17982552E-01  4.96628512E+00  1.00026364E+00  3.96602148E-01
 -9.50406091E+00  1.00000000E+00  6.97284315E+00 -1.40883817E+00  4.17918514E-01  4.96813724E+00  1.00026427E+00  3.96787296E-01
 -9.45446701E+00  1.00000000E+00  6.93799578E+00 -1.40834852E+00  4.17949104E-01  4.96584706E+00  1.00019040E+00  3.96565666E-01
 -9.40487310E+00  1.00000000E+00  6.90314840E+00 -1.40785905E+00  4.17981796E-01  4.96355794E+00  1.00011656E+00  3.96344138E-01
 -9.35527919E+00  1.00000000E+00  6.86852153E+00 -1.40867893E+00  4.17990809E-01  4.96643572E+00  1.00019603E+00  3.96623970E-01
 -9.30568528E+00  1.00000000E+00  6.83389465E+00 -1.40949924E+00  4.17960831E-01  4.96931518E+00  1.00027565E+00  3.96903953E-01
 -9.25609137E+00  1.00000000E+00  6.79922573E+00 -1.40892710E+00  4.17975254E-01  4.96774690E+00  1.00022795E+00  3.96751894E-01
 -9.20649746E+00  1.00000000E+00  6.76455681E+00 -1.40835511E+00  4.18010151E-01  4.96617914E+00  1.00018035E+00  3.96599878E-01
 -9.15690355E+00  1.00000000E+00  6.72979779E+00 -1.40833666E+00  4.18023036E-01  4.96561390E+00  1.00012984E+00  3.96548407E-01
 -9.10730965E+00  1.00000000E+00  6.69503877E+00 -1.40831820E+00  4.18047630E-01  4.96504874E+00  1.00007932E+00  3.96496942E-01
 -9.05771574E+00  1.00000000E+00  6.66039288E+00 -1.40826559E+00  4.18079257E-01  4.96556104E+00  1.00002840E+00  3.96553265E-01
 -9.00812183E+00  1.00000000E+00  6.62574700E+00 -1.40821297E+00  4.18093922E-01  4.96607342E+00  9.99977471E-01  3.96609595E-01
 -8.95852792E+00  1.00000000E+00  6.59102418E+00 -1.40829580E+00  4.18084826E-01  4.96552451E+00  1.00003204E+00  3.96549248E-01
 -8.90893401E+00  1.00000000E+00  6.55630136E+00 -1.40837860E+00  4.18080686E-01  4.96497570E+00  1.00008660E+00  3.96488910E-01
 -8.85934010E+00  1.00000000E+00  6.52165466E+00 -1.40831356E+00  4.18082001E-01  4.96533495E+00  1.00010010E+00  3.96523484E-01
 -8.80974619E+00  1.00000000E+00  6.48700795E+00 -1.40824850E+00  4.18050965E-01  4.96569424E+00  1.00011361E+00  3.96558063E-01
 -8.76015229E+00  1.00000000E+00  6.45223725E+00 -1.40821840E+00  4.18044622E-01  4.96507502E+00  1.00006630E+00  3.96500872E-01
 -8.71055838E+00  1.00000000E+00  6.41746656E+00 -1.40818828E+00  4.18077620E-01  4.96445589E+00  1.00001899E+00  3.96443690E-01
 -8.66096447E+00  1.00000000E+00  6.38282694E+00 -1.40792889E+00  4.18090849E-01  4.96345589E+00  1.00004301E+00  3.96341288E-01
 -8.61137056E+00  1.00000000E+00  6.34818732E+00 -1.40766954E+00  4.18080844E-01  4.96245609E+00  1.00006706E+00  3.96238903E-01
 -8.56177665E+00  1.00000000E+00  6.31349539E+00 -1.40788455E+00  4.18083671E-01  4.96299915E+00  1.00011437E+00  3.96288478E-01
 -8.51218274E+00  1.00000000E+00  6.27880347E+00 -1.40809958E+00  4.18073941E-01  4.96354227E+00  1.00016168E+00  3.96338059E-01
 -8.46258884E+00  1.00000000E+00  6.24408493E+00 -1.40851598E+00  4.18031735E-01  4.96585725E+00  1.00016531E+00  3.96569193E-01
 -8.41299493E+00  1.00000000E+00  6.20936639E+00 -1.40893253E+00  4.17969717E-01  4.96817332E+00  1.00016897E+00  3.96800434E-01
 -8.36340102E+00  1.00000000E+00  6.17467673E+00 -1.40819838E+00  4.18026314E-01  4.96543567E+00  1.00008915E+00  3.96534652E-01
 -8.31380711E+00  1.00000000E+00  6.13998707E+00 -1.40746461E+00  4.18053074E-01  4.96269952E+00  1.00000943E+00  3.96269010E-01
 -8.26421320E+00  1.00000000E+00  6.10529312E+00 -1.40779469E+00  4.18062102E-01  4.96321626E+00  1.00006836E+00  3.96314790E-01
 -8.21461929E+00  1.00000000E+00  6.07059916E+00 -1.40812479E+00  4.18068976E-01  4.96373308E+00  1.00012733E+00  3.96360576E-01
 -8.16502538E+00  1.00000000E+00  6.03591299E+00 -1.40863840E+00  4.18048232E-01  4.96619993E+00  1.00019963E+00  3.96600030E-01
 -8.11543148E+00  1.00000000E+00  6.00122682E+00 -1.40915222E+00  4.17980334E-01  4.96866801E+00  1.00027197E+00  3.96839604E-01
 -8.06583757E+00  1.00000000E+00  5.96648556E+00 -1.40841338E+00  4.17998813E-01  4.96600501E+00  1.00015077E+00  3.96585424E-01
 -8.01624366E+00  1.00000000E+00  5.93174430E+00 -1.40767491E+00  4.18033044E-01  4.96334343E+00  1.00002968E+00  3.96331375E-01
 -7.96664975E+00  1.00000000E+00  5.89710603E+00 -1.40792440E+00  4.18051841E-01  4.96365329E+00  1.00009801E+00  3.96355527E-01
 -7.91705584E+00  1.00000000E+00  5.86246775E+00 -1.40817390E+00  4.18061615E-01  4.96396318E+00  1.00016636E+00  3.96379682E-01
 -7.86746193E+00  1.00000000E+00  5.82775609E+00 -1.40855857E+00  4.18053067E-01  4.96614704E+00  1.00011994E+00  3.96602710E-01
 -7.81786802E+00  1.00000000E+00  5.79304444E+00 -1.40894338E+00  4.18027333E-01  4.96833188E+00  1.00007356E+00  3.96825832E-01
 -7.76827412E+00  1.00000000E+00  5.75834116E+00 -1.40821492E+00  4.18065301E-01  4.96563953E+00  1.00002520E+00  3.96561434E-01
 -7.71868021E+00  1.00000000E+00  5.72363789E+00 -1.40748681E+00  4.18076671E-01  4.96294864E+00  9.99976954E-01  3.96297168E-01
 -7.66908630E+00  1.00000000E+00  5.68894219E+00 -1.40777399E+00  4.18075086E-01  4.96334942E+00  1.00002051E+00  3.96332892E-01
 -7.61949239E+00  1.00000000E+00  5.65424650E+00 -1.40806118E+00  4.18071068E-01  4.96375027E+00  1.00006408E+00  3.96368619E-01
 -7.56989848E+00  1.00000000E+00  5.61957476E+00 -1.40864930E+00  4.18052640E-01  4.96616072E+00  1.00019034E+00  3.96597037E-01
 -7.52030457E+00  1.00000000E+00  5.58490303E+00 -1.40923766E+00  4.17983154E-01  4.96857233E+00  1.00031666E+00  3.96825567E-01
 -7.47071066E+00  1.00000000E+00  5.55015060E+00 -1.40845890E+00  4.17999407E-01  4.96588563E+00  1.00018034E+00  3.96570528E-01
 -7.42111676E+00  1.00000000E+00  5.51539818E+00 -1.40768053E+00  4.18035127E-01  4.96320038E+00  1.00004415E+00  3.96315623E-01
 -7.37152285E+00  1.00000000E+00  5.48075832E+00 -1.40792627E+00  4.18051859E-01  4.96355288E+00  1.00010646E+00  3.96344642E-01
 -7.32192894E+00  1.00000000E+00  5.44611846E+00 -1.40817202E+00  4.18060616E-01  4.96390543E+00  1.00016879E+00  3.96373663E-01
 -7.27233503E+00  1.00000000E+00  5.41140066E+00 -1.40855268E+00  4.18049966E-01  4.96614521E+00  1.00012083E+00  3.96602438E-01
 -7.22274112E+00  1.00000000E+00  5.37668285E+00 -1.40893347E+00  4.18019620E-01  4.96838601E+00  1.00007290E+00  3.96831311E-01
 -7.17314721E+00  1.00000000E+00  5.34198439E+00 -1.40819667E+00  4.18059318E-01  4.96564893E+00  1.00002090E+00  3.96562803E-01
 -7.12355330E+00  1.00000000E+00  5.30728594E+00 -1.40746023E+00  4.18072765E-01  4.96291335E+00  9.99969018E-01  3.96294434E-01
 -7.07395940E+00  1.00000000E+00  5.27259303E+00 -1.40775285E+00  4.18074068E-01  4.96334302E+00  1.00001138E+00  3.96333164E-01
 -7.02436549E+00  1.00000000E+00  5.23790012E+00 -1.40804548E+00  4.18073213E-01  4.96377274E+00  1.00005376E+00  3.96371898E-01
 -6.97477158E+00  1.00000000E+00  5.20322984E+00 -1.40866187E+00  4.18053070E-01  4.96620019E+00  1.00019856E+00  3.96600163E-01
 -6.92517767E+00  1.00000000E+00  5.16855955E+00 -1.40927854E+00  4.17977700E-01  4.96862883E+00  1.00034342E+00  3.96828541E-01
 -6.87558376E+00  1.00000000E+00  5.13381020E+00 -1.40851192E+00  4.17990657E-01  4.96593369E+00  1.00021600E+00  3.96571769E-01
 -6.82598985E+00  1.00000000E+00  5.09906085E+00 -1.40774568E+00  4.18024576E-01  4.96324000E+00  1.00008869E+00  3.96315131E-01
 -6.77639594E+00  1.00000000E+00  5.06441536E+00 -1.40794583E+00  4.18040774E-01  4.96356424E+00  1.00012304E+00  3.96344120E-01
 -6.72680204E+00  1.00000000E+00  5.02976988E+00 -1.40814600E+00  4.18052235E-01  4.96388850E+00  1.00015739E+00  3.96373111E-01
 -6.67720813E+00  1.00000000E+00  4.99505189E+00 -1.40853027E+00  4.18049648E-01  4.96614293E+00  1.00010398E+00  3.96603895E-01
 -6.62761422E+00  1.00000000E+00  4.96033389E+00 -1.40891468E+00  4.18027578E-01  4.96839840E+00  1.00005060E+00  3.96834780E-01
 -6.57802031E+00  1.00000000E+00  4.92563527E+00 -1.40818949E+00  4.18063215E-01  4.96568295E+00  1.00000784E+00  3.96567512E-01
 -6.52842640E+00  1.00000000E+00  4.89093665E+00 -1.40746465E+00  4.18075384E-01  4.96296899E+00  9.99965192E-01  3.96300380E-01
 -6.47883249E+00  1.00000000E+00  4.85624531E+00 -1.40775722E+00  4.18076863E-01  4.96340130E+00  1.00000684E+00  3.96339446E-01
 -6.42923858E+00  1.00000000E+00  4.82155396E+00 -1.40804980E+00  4.18076860E-01  4.96383367E+00  1.00004851E+00  3.96378516E-01
 -6.37964468E+00  1.00000000E+00  4.78688230E+00 -1.40864730E+00  4.18058205E-01  4.96620091E+00  1.00018149E+00  3.96601943E-01
 -6.33005077E+00  1.00000000E+00  4.75221063E+00 -1.40924505E+00  4.17988745E-01  4.96856928E+00  1.00031451E+00  3.96825476E-01
 -6.28045686E+00  1.00000000E+00  4.71745647E+00 -1.40845704E+00  4.18003343E-01  4.96588215E+00  1.00017461E+00  3.96570754E-01
 -6.23086295E+00  1.00000000E+00  4.68270230E+00 -1.40766943E+00  4.18037257E-01  4.96319648E+00  1.00003482E+00  3.96316166E-01
 -6.18126904E+00  1.00000000E+00  4.64806229E+00 -1.40792971E+00  4.18052896E-01  4.96356039E+00  1.00010536E+00  3.96345503E-01
 -6.13167513E+00  1.00000000E+00  4.61342227E+00 -1.40819001E+00  4.18060404E-01  4.96392435E+00  1.00017592E+00  3.96374843E-01
 -6.08208123E+00  1.00000000E+00  4.57870496E+00 -1.40855344E+00  4.18048747E-01  4.96614140E+00  1.00012262E+00  3.96601878E-01
 -6.03248732E+00  1.00000000E+00  4.54398766E+00 -1.40891699E+00  4.18017825E-01  4.96835945E+00  1.00006935E+00  3.96829010E-01
 -5.98289341E+00  1.00000000E+00  4.50928519E+00 -1.40820157E+00  4.18059067E-01  4.96566223E+00  1.00002440E+00  3.96563783E-01
 -5.93329950E+00  1.00000000E+00  4.47458273E+00 -1.40748649E+00  4.18072162E-01  4.96296647E+00  9.99979572E-01  3.96298690E-01
 -5.88370559E+00  1.00000000E+00  4.43988983E+00 -1.40778584E+00  4.18070759E-01  4.96336414E+00  1.00003164E+00  3.96333250E-01
 -5.83411168E+00  1.00000000E+00  4.40519694E+00 -1.40808520E+00  4.18065676E-01  4.96376187E+00  1.00008373E+00  3.96367813E-01
 -5.78451777E+00  1.00000000E+00  4.37053400E+00 -1.40865654E+00  4.18042739E-01  4.96619988E+00  1.00019554E+00  3.96600434E-01
 -5.73492387E+00  1.00000000E+00  4.33587107E+00 -1.40922813E+00  4.17977666E-01  4.96863909E+00  1.00030739E+00  3.96833169E-01
 -5.68532996E+00  1.00000000E+00  4.30110202E+00 -1.40832297E+00  4.18011106E-01  4.96570132E+00  1.00011326E+00  3.96558806E-01
 -5.63573605E+00  1.00000000E+00  4.26633297E+00 -1.40741834E+00  4.18058151E-01  4.96276531E+00  9.99919290E-01  3.96284602E-01
 -5.58614214E+00  1.00000000E+00  4.23170719E+00 -1.40780326E+00  4.18081560E-01  4.96328520E+00  1.00005725E+00  3.96322795E-01
 -5.53654823E+00  1.00000000E+00  4.19708140E+00 -1.40818824E+00  4.18083988E-01  4.96380518E+00  1.00019525E+00  3.96360993E-01
 -5.48695432E+00  1.00000000E+00  4.16235123E+00 -1.40853667E+00  4.18046695E-01  4.96595843E+00  1.00016291E+00  3.96579551E-01
 -5.43736041E+00  1.00000000E+00  4.12762105E+00 -1.40888522E+00  4.17984232E-01  4.96811262E+00  1.00013059E+00  3.96798203E-01
 -5.38776651E+00  1.00000000E+00  4.09293650E+00 -1.40817010E+00  4.18039462E-01  4.96541250E+00  1.00006291E+00  3.96534959E-01
 -5.33817260E+00  1.00000000E+00  4.05825196E+00 -1.40745534E+00  4.18062872E-01  4.96271384E+00  9.99995345E-01  3.96271850E-01
 -5.28857869E+00  1.00000000E+00  4.02355821E+00 -1.40778616E+00  4.18069563E-01  4.96320656E+00  1.00005863E+00  3.96314793E-01
 -5.23898478E+00  1.00000000E+00  3.98886447E+00 -1.40811701E+00  4.18074061E-01  4.96369935E+00  1.00012195E+00  3.96357740E-01
 -5.18939087E+00  1.00000000E+00  3.95417891E+00 -1.40862455E+00  4.18053783E-01  4.96621988E+00  1.00018586E+00  3.96603402E-01
 -5.13979696E+00  1.00000000E+00  3.91949335E+00 -1.40913231E+00  4.17994138E-01  4.96874170E+00  1.00024981E+00  3.96849189E-01
 -5.09020305E+00  1.00000000E+00  3.88472306E+00 -1.40827161E+00  4.18028564E-01  4.96568283E+00  1.00008275E+00  3.96560009E-01
 -5.04060915E+00  1.00000000E+00  3.84995277E+00 -1.40741140E+00  4.18066461E-01  4.96262586E+00  9.99915825E-01  3.96271003E-01
 -4.99101524E+00  1.00000000E+00  3.81536945E+00 -1.40779918E+00  4.18069351E-01  4.96326793E+00  1.00006079E+00  3.96320714E-01
 -4.94142133E+00  1.00000000E+00  3.78078613E+00 -1.40818703E+00  4.18053216E-01  4.96391012E+00  1.00020580E+00  3.96370432E-01
 -4.89182742E+00  1.00000000E+00  3.74603760E+00 -1.40847433E+00  4.18033199E-01  4.96538248E+00  1.00020556E+00  3.96517691E-01
 -4.84223351E+00  1.00000000E+00  3.71128908E+00 -1.40876171E+00  4.17994769E-01  4.96685527E+00  1.00020534E+00  3.96664993E-01
 -4.79263960E+00  1.00000000E+00  3.67656944E+00 -1.40822046E+00  4.18015275E-01  4.96500428E+00  1.00013683E+00  3.96486744E-01
 -4.74304569E+00  1.00000000E+00  3.64184980E+00 -1.40767940E+00  4.18033851E-01  4.96315397E+00  1.00006839E+00  3.96308558E-01
 -4.69345179E+00  1.00000000E+00  3.60717927E+00 -1.40789396E+00  4.18037006E-01  4.96367398E+00  1.00007641E+00  3.96359757E-01
 -4.64385788E+00  1.00000000E+00  3.57250874E+00 -1.40810853E+00  4.18046283E-01  4.96419405E+00  1.00008445E+00  3.96410961E-01
 -4.59426397E+00  1.00000000E+00  3.53785931E+00 -1.40880155E+00  4.18036570E-01  4.96656665E+00  1.00025533E+00  3.96631132E-01
 -4.54467006E+00  1.00000000E+00  3.50320988E+00 -1.40949489E+00  4.17966691E-01  4.96894038E+00  1.00042630E+00  3.96851408E-01
 -4.49507615E+00  1.00000000E+00  3.46845911E+00 -1.40943224E+00  4.17955296E-01  4.96965204E+00  1.00029784E+00  3.96935420E-01
 -4.44548224E+00  1.00000000E+00  3.43370834E+00 -1.40936958E+00  4.17944357E-01  4.97036384E+00  1.00016940E+00  3.97019445E-01
 -4.39588833E+00  1.00000000E+00  3.39902887E+00 -1.40834313E+00  4.17985902E-01  4.96644359E+00  1.00006120E+00  3.96638239E-01
 -4.34629443E+00  1.00000000E+00  3.36434940E+00 -1.40731742E+00  4.18052279E-01  4.96252643E+00  9.99953223E-01  3.96257320E-01
 -4.29670052E+00  1.00000000E+00  3.32963110E+00 -1.40802666E+00  4.18065925E-01  4.96523630E+00  1.00002205E+00  3.96521424E-01
 -4.24710661E+00  1.00000000E+00  3.29491280E+00 -1.40873625E+00  4.18011415E-01  4.96794765E+00  1.00009099E+00  3.96785666E-01
 -4.19751270E+00  1.00000000E+00  3.26021159E+00 -1.40795047E+00  4.18059874E-01  4.96488247E+00  9.99989803E-01  3.96489267E-01
 -4.14791879E+00  1.00000000E+00  3.22551039E+00 -1.40716513E+00  4.18119827E-01  4.96181918E+00  9.99888732E-01  3.96193045E-01
 -4.09832488E+00  1.00000000E+00  3.19085921E+00 -1.40765117E+00  4.18099702E-01  4.96298914E+00  1.00006502E+00  3.96292412E-01
 -4.04873097E+00  1.00000000E+00  3.15620803E+00 -1.40813734E+00  4.18019240E-01  4.96415938E+00  1.00024136E+00  3.96391802E-01
 -3.99913707E+00  1.00000000E+00  3.12144534E+00 -1.40807295E+00  4.18013955E-01  4.96400727E+00  1.00014472E+00  3.96386255E-01
 -3.94954316E+00  1.00000000E+00  3.08668265E+00 -1.40800857E+00  4.18036461E-01  4.96385516E+00  1.00004809E+00  3.96380707E-01
 -3.89994925E+00  1.00000000E+00  3.05207774E+00 -1.40884807E+00  4.18011856E-01  4.96760354E+00  1.00020451E+00  3.96739902E-01
 -3.85035534E+00  1.00000000E+00  3.01747283E+00 -1.40968811E+00  4.17938093E-01  4.97135474E+00  1.00036104E+00  3.97099371E-01
 -3.80076143E+00  1.00000000E+00  2.98271489E+00 -1.40875984E+00  4.17962316E-01  4.96823084E+00  1.00018146E+00  3.96804938E-01
 -3.75116752E+00  1.00000000E+00  2.94795696E+00 -1.40783212E+00  4.18002874E-01  4.96510891E+00  1.00000205E+00  3.96510686E-01
 -3.70157361E+00  1.00000000E+00  2.91325084E+00 -1.40825263E+00  4.18016962E-01  4.96631430E+00  1.00001596E+00  3.96629834E-01
 -3.65197971E+00  1.00000000E+00  2.87854472E+00 -1.40867323E+00  4.18011478E-01  4.96751999E+00  1.00002993E+00  3.96749007E-01
 -3.60238580E+00  1.00000000E+00  2.84380637E+00 -1.40852754E+00  4.18024943E-01  4.96668277E+00  9.99976468E-01  3.96670630E-01
 -3.55279189E+00  1.00000000E+00  2.80906802E+00 -1.40838186E+00  4.18073140E-01  4.96584569E+00  9.99923013E-01  3.96592268E-01
 -3.50319798E+00  1.00000000E+00  2.77448235E+00 -1.40833242E+00  4.18101444E-01  4.96499606E+00  1.00006511E+00  3.96493095E-01
 -3.45360407E+00  1.00000000E+00  2.73989669E+00 -1.40828300E+00  4.18101407E-01  4.96414658E+00  1.00020724E+00  3.96393934E-01
 -3.40401016E+00  1.00000000E+00  2.70517649E+00 -1.40880979E+00  4.18057460E-01  4.96706866E+00  1.00023659E+00  3.96683206E-01
 -3.35441626E+00  1.00000000E+00  2.67045629E+00 -1.40933683E+00  4.17956827E-01  4.96999247E+00  1.00026599E+00  3.96972649E-01
 -3.30482235E+00  1.00000000E+00  2.63573884E+00 -1.40838138E+00  4.17983902E-01  4.96661108E+00  1.00009895E+00  3.96651214E-01
 -3.25522844E+00  1.00000000E+00  2.60102139E+00 -1.40742654E+00  4.18024773E-01  4.96323199E+00  9.99932085E-01  3.96329991E-01
 -3.20563453E+00  1.00000000E+00  2.56626380E+00 -1.40760280E+00  4.18062909E-01  4.96312045E+00  9.99931725E-01  3.96318872E-01
 -3.15604062E+00  1.00000000E+00  2.53150621E+00 -1.40777904E+00  4.18092413E-01  4.96300894E+00  9.99931383E-01  3.96307756E-01
 -3.10644671E+00  1.00000000E+00  2.49690409E+00 -1.40785605E+00  4.18093704E-01  4.96284681E+00  1.00010475E+00  3.96274207E-01
 -3.05685280E+00  1.00000000E+00  2.46230198E+00 -1.40793307E+00  4.18050838E-01  4.96268470E+00  1.00027814E+00  3.96240655E-01
 -3.00725890E+00  1.00000000E+00  2.42759080E+00 -1.40851484E+00  4.18017929E-01  4.96580283E+00  1.00026946E+00  3.96553337E-01
 -2.95766499E+00  1.00000000E+00  2.39287962E+00 -1.40909690E+00  4.17947393E-01  4.96892293E+00  1.00026083E+00  3.96866210E-01
 -2.90807108E+00  1.00000000E+00  2.35812985E+00 -1.40838215E+00  4.17972673E-01  4.96603040E+00  1.00020735E+00  3.96582305E-01
 -2.85847717E+00  1.00000000E+00  2.32338009E+00 -1.40766777E+00  4.18004721E-01  4.96313954E+00  1.00015397E+00  3.96298557E-01
 -2.80888326E+00  1.00000000E+00  2.28881650E+00 -1.40876301E+00  4.17975555E-01  4.96733504E+00  1.00025270E+00  3.96708233E-01
 -2.75928935E+00  1.00000000E+00  2.25425292E+00 -1.40985909E+00  4.17918666E-01  4.97153406E+00  1.00035168E+00  3.97118239E-01
 -2.70969544E+00  1.00000000E+00  2.21943494E+00 -1.40908741E+00  4.17962112E-01  4.96956209E+00  1.00008963E+00  3.96947246E-01
 -2.66010154E+00  1.00000000E+00  2.18461696E+00 -1.40831606E+00  4.18028556E-01  4.96759094E+00  9.99827709E-01  3.96776323E-01
 -2.61050763E+00  1.00000000E+00  2.14992102E+00 -1.40808297E+00  4.18069315E-01  4.96573884E+00  9.99914205E-01  3.96582464E-01
 -2.56091372E+00  1.00000000E+00  2.11522508E+00 -1.40784995E+00  4.18104181E-01  4.96388746E+00  1.00000072E+00  3.96388674E-01
 -2.51131981E+00  1.00000000E+00  2.08056696E+00 -1.40794218E+00  4.18112417E-01  4.96384336E+00  1.00005309E+00  3.96379027E-01
 -2.46172590E+00  1.00000000E+00  2.04590884E+00 -1.40803442E+00  4.18102638E-01  4.96379927E+00  1.00010546E+00  3.96369380E-01
 -2.41213199E+00  1.00000000E+00  2.01121649E+00 -1.40854991E+00  4.18072233E-01  4.96615854E+00  1.00015940E+00  3.96599914E-01
 -2.36253808E+00  1.00000000E+00  1.97652413E+00 -1.40906562E+00  4.17997553E-01  4.96851894E+00  1.00021338E+00  3.96830556E-01
 -2.31294418E+00  1.00000000E+00  1.94181331E+00 -1.40831105E+00  4.18037135E-01  4.96572217E+00  1.00010643E+00  3.96561574E-01
 -2.26335027E+00  1.00000000E+00  1.90710248E+00 -1.40755687E+00  4.18079966E-01  4.96292697E+00  9.99999587E-01  3.96292739E-01
 -2.21375636E+00  1.00000000E+00  1.87238086E+00 -1.40774019E+00  4.18082625E-01  4.96283943E+00  1.00005582E+00  3.96278360E-01
 -2.16416245E+00  1.00000000E+00  1.83765924E+00 -1.40792351E+00  4.18072308E-01  4.96275191E+00  1.00011207E+00  3.96263984E-01
 -2.11456854E+00  1.00000000E+00  1.80302079E+00 -1.40810688E+00  4.18059590E-01  4.96427848E+00  1.00011907E+00  3.96415941E-01
 -2.06497463E+00  1.00000000E+00  1.76838235E+00 -1.40829027E+00  4.18028188E-01  4.96580555E+00  1.00012607E+00  3.96567948E-01
 -2.01538072E+00  1.00000000E+00  1.73361817E+00 -1.40828568E+00  4.18008814E-01  4.96525296E+00  1.00011249E+00  3.96514047E-01
 -1.96578682E+00  1.00000000E+00  1.69885400E+00 -1.40828108E+00  4.18020175E-01  4.96470045E+00  1.00009892E+00  3.96460153E-01
 -1.91619291E+00  1.00000000E+00  1.66421239E+00 -1.40830169E+00  4.18036713E-01  4.96542250E+00  1.00012076E+00  3.96530174E-01
 -1.86659900E+00  1.00000000E+00  1.62957078E+00 -1.40832229E+00  4.18013679E-01  4.96614468E+00  1.00014260E+00  3.96600208E-01
 -1.81700509E+00  1.00000000E+00  1.59476860E+00 -1.40826114E+00  4.17996191E-01  4.96524359E+00  1.00009376E+00  3.96514983E-01
 -1.76741118E+00  1.00000000E+00  1.55996643E+00 -1.40819997E+00  4.18009168E-01  4.96434270E+00  1.00004493E+00  3.96429777E-01
 -1.71781727E+00  1.00000000E+00  1.52535025E+00 -1.40793011E+00  4.17990870E-01  4.96376114E+00  1.00002303E+00  3.96373812E-01
 -1.66822336E+00  1.00000000E+00  1.49073407E+00 -1.40766028E+00  4.17943262E-01  4.96317967E+00  1.00000115E+00  3.96317852E-01
 -1.61862946E+00  1.00000000E+00  1.45600611E+00 -1.40766793E+00  4.17921813E-01  4.96247818E+00  9.99993809E-01  3.96248438E-01
 -1.56903555E+00  1.00000000E+00  1.42127815E+00 -1.40767557E+00  4.17912518E-01  4.96177682E+00  9.99986468E-01  3.96179036E-01
 -1.51944164E+00  1.00000000E+00  1.38667819E+00 -1.40819151E+00  4.17806278E-01  4.96349078E+00  1.00024441E+00  3.96324637E-01
 -1.46984773E+00  1.00000000E+00  1.35207824E+00 -1.40870763E+00  4.17609110E-01  4.96520533E+00  1.00050242E+00  3.96470291E-01
 -1.42025382E+00  1.00000000E+00  1.31734927E+00 -1.40769627E+00  4.17565145E-01  4.96136320E+00  1.00030501E+00  3.96105819E-01
 -1.37065991E+00  1.00000000E+00  1.28262031E+00 -1.40668564E+00  4.17525646E-01  4.95752403E+00  1.00010777E+00  3.95741627E-01
 -1.32106600E+00  1.00000000E+00  1.24799696E+00 -1.40709792E+00  4.17439292E-01  4.95847354E+00  1.00017300E+00  3.95830054E-01
 -1.27147210E+00  1.00000000E+00  1.21337360E+00 -1.40751027E+00  4.17295926E-01  4.95942325E+00  1.00023828E+00  3.95918498E-01
 -1.22187819E+00  1.00000000E+00  1.17880865E+00 -1.40711602E+00  4.17170178E-01  4.95739410E+00  1.00024214E+00  3.95715196E-01
 -1.17228428E+00  1.00000000E+00  1.14424370E+00 -1.40672190E+00  4.17023481E-01  4.95536578E+00  1.00024603E+00  3.95511974E-01
 -1.12269037E+00  1.00000000E+00  1.10977806E+00 -1.40636664E+00  4.16857396E-01  4.95313191E+00  1.00022778E+00  3.95290413E-01
 -1.07309646E+00  1.00000000E+00  1.07531241E+00 -1.40601150E+00  4.16689478E-01  4.95089908E+00  1.00020953E+00  3.95068955E-01
 -1.02350255E+00  1.00000000E+00  1.04104207E+00 -1.40551492E+00  4.16453581E-01  4.94786527E+00  1.00031287E+00  3.94755240E-01
 -9.73908645E-01  1.00000000E+00  1.00677173E+00 -1.40501859E+00  4.16199617E-01  4.94483335E+00  1.00041628E+00  3.94441707E-01
 -9.24314736E-01  1.00000000E+00  9.72679615E-01 -1.40448274E+00  4.15971978E-01  4.94268329E+00  1.00029436E+00  3.94238893E-01
 -8.74720828E-01  1.00000000E+00  9.38587498E-01 -1.40394710E+00  4.15743602E-01  4.94053415E+00  1.00017249E+00  3.94036166E-01
 -8.25312107E-01  1.00000000E+00  9.05104445E-01 -1.40351739E+00  4.15475525E-01  4.93698462E+00  1.00036141E+00  3.93662321E-01
 -7.75903387E-01  1.00000000E+00  8.71621392E-01 -1.40308791E+00  4.15236445E-01  4.93343774E+00  1.00055041E+00  3.93288733E-01
 -7.30665613E-01  1.00000000E+00  8.41431804E-01 -1.40310613E+00  4.15236798E-01  4.93306114E+00  1.00054011E+00  3.93252102E-01
 -6.85427839E-01  1.00000000E+00  8.11242215E-01 -1.40312434E+00  4.15205111E-01  4.93268457E+00  1.00052982E+00  3.93215475E-01
 -6.45465100E-01  1.00000000E+00  7.85207483E-01 -1.40292110E+00  4.15360226E-01  4.93391930E+00  1.00026854E+00  3.93365075E-01
 -6.05502361E-01  1.00000000E+00  7.59172751E-01 -1.40271782E+00  4.15600397E-01  4.93515449E+00  1.00000732E+00  3.93514717E-01
 -5.70199545E-01  1.00000000E+00  7.36891515E-01 -1.40306349E+00  4.15981449E-01  4.93836665E+00  9.99919994E-01  3.93844666E-01
 -5.34896729E-01  1.00000000E+00  7.14610279E-01 -1.40340929E+00  4.16524742E-01  4.94158104E+00  9.99832677E-01  3.94174836E-01
 -5.03710456E-01  1.00000000E+00  6.95520677E-01 -1.40560320E+00  4.17251515E-01  4.95086077E+00  1.00014511E+00  3.95071566E-01
 -4.72524184E-01  1.00000000E+00  6.76431075E-01 -1.40780073E+00  4.18101369E-01  4.96015789E+00  1.00045834E+00  3.95969955E-01
 -4.44974441E-01  1.00000000E+00  6.60681439E-01 -1.41120157E+00  4.19479504E-01  4.97646803E+00  1.00077249E+00  3.97569554E-01
 -4.17424698E-01  1.00000000E+00  6.44931803E-01 -1.41461180E+00  4.20978793E-01  4.99283192E+00  1.00108836E+00  3.99174356E-01
 -3.93087440E-01  1.00000000E+00  6.31660861E-01 -1.41750511E+00  4.22370182E-01  5.00882872E+00  1.00122770E+00  4.00760102E-01
 -3.68750182E-01  1.00000000E+00  6.18389920E-01 -1.42040570E+00  4.24368261E-01  5.02487740E+00  1.00136807E+00  4.02350933E-01
 -3.47250809E-01  1.00000000E+00  6.07541490E-01 -1.42338539E+00  4.26800427E-01  5.05106811E+00  1.00024569E+00  4.05082242E-01
 -3.25751437E-01  1.00000000E+00  5.96693060E-01 -1.42637571E+00  4.29626739E-01  5.07740220E+00  9.99125681E-01  4.07827652E-01
 -3.06759035E-01  1.00000000E+00  5.88268784E-01 -1.43386458E+00  4.32473906E-01  5.11016589E+00  1.00023981E+00  4.10992608E-01
 -2.87766633E-01  1.00000000E+00  5.79844507E-01 -1.44139561E+00  4.35675373E-01  5.14314071E+00  1.00136259E+00  4.14177812E-01
 -2.70988873E-01  1.00000000E+00  5.73297064E-01 -1.44668422E+00  4.39476615E-01  5.18215960E+00  1.00035119E+00  4.18180842E-01
 -2.54211113E-01  1.00000000E+00  5.66749621E-01 -1.45200173E+00  4.43526520E-01  5.22148464E+00  9.99344548E-01  4.22214009E-01
 -2.39389755E-01  1.00000000E+00  5.62161226E-01 -1.45968370E+00  4.47833404E-01  5.26598811E+00  9.99399981E-01  4.26658813E-01
 -2.24568396E-01  1.00000000E+00  5.57572830E-01 -1.46741692E+00  4.52439081E-01  5.31087611E+00  9.99463045E-01  4.31141306E-01
 -2.11472015E-01  1.00000000E+00  5.54726432E-01 -1.47699727E+00  4.57395515E-01  5.36369784E+00  9.99814392E-01  4.36388344E-01
 -1.98375634E-01  1.00000000E+00  5.51880034E-01 -1.48665400E+00  4.62606267E-01  5.41704999E+00  1.00017776E+00  4.41687223E-01
 -1.85977157E-01  1.00000000E+00  5.50893329E-01 -1.49967336E+00  4.68837360E-01  5.48382245E+00  1.00126937E+00  4.48255308E-01
 -1.73578680E-01  1.00000000E+00  5.49906623E-01 -1.51282540E+00  4.75437306E-01  5.55142191E+00  1.00238328E+00  4.54903863E-01
 -1.61180203E-01  1.00000000E+00  5.50050115E-01 -1.52413030E+00  4.83929885E-01  5.63317031E+00  1.00096497E+00  4.63220535E-01
 -1.48781726E-01  1.00000000E+00  5.50193606E-01 -1.53555488E+00  4.92838340E-01  5.71615935E+00  9.99563130E-01  4.71659622E-01
 -1.36383248E-01  1.00000000E+00  5.55639294E-01 -1.55459934E+00  5.03793140E-01  5.83275357E+00  9.99800653E-01  4.83295292E-01
 -1.23984771E-01  1.00000000E+00  5.61084982E-01 -1.57394243E+00  5.15963120E-01  5.95176385E+00  1.00007747E+00  4.95168638E-01
 -1.11586294E-01  1.00000000E+00  5.63048800E-01 -1.60326696E+00  5.32820281E-01  6.09653304E+00  1.00336000E+00  5.09317304E-01
 -9.91878171E-02  1.00000000E+00  5.65012618E-01 -1.63320110E+00  5.49660382E-01  6.24482760E+00  1.00675266E+00  5.23807494E-01
 -8.67893400E-02  1.00000000E+00  6.02869931E-01 -1.62068917E+00  5.74995057E-01  6.51505559E+00  9.78368511E-01  5.53668708E-01
 -7.43908628E-02  1.00000000E+00  6.40727244E-01 -1.60731258E+00  6.09236986E-01  6.79999636E+00  9.50486035E-01  5.84951033E-01
 -6.19923857E-02  1.00000000E+00  5.92417402E-01 -1.56787257E+00  6.47795569E-01  6.82765337E+00  9.29826206E-01  5.89782716E-01
 -4.95939085E-02  1.00000000E+00  5.44107560E-01 -1.52848850E+00  6.61245725E-01  6.85648447E+00  9.09660144E-01  5.94682433E-01
 -3.71954314E-02  1.00000000E+00  1.00442084E+00 -2.33166418E+00  7.16775261E-01  8.52686693E+00  1.18091527E+00  7.34595166E-01
 -2.47969543E-02  1.00000000E+00  1.46473412E+00 -3.38832266E+00  8.76745550E-01  1.07176487E+01  1.58458447E+00  9.13306427E-01
 -1.23984771E-02  1.00000000E+00  5.64301112E-01  4.61474740E-01  1.67896297E+00  9.87733792E+00  6.53982819E-01  9.22335510E-01
  0.00000000E+00  1.00000000E+00 -3.36131894E-01  5.67104806E+00  3.95701730E+00  1.56838196E+01  2.50273831E+00  1.31810813E+00
