# curve 5 (die wall), step =      500, time =   2.00000000E+02
# N1 = tau_xx - tau_yy = G ( c_xx - c_yy ),  G =  1.0000E-01  (polymer part only)
#              x               y        pressure            c_xy        gammadot            c_xx            c_yy              N1
 -1.00000000E+01  1.00000000E+00  7.70865606E+00 -1.60183919E+00  4.13441975E-01  6.12962736E+00  1.00012089E+00  5.12950647E-01
 -9.95040609E+00  1.00000000E+00  7.67216333E+00 -1.60131619E+00  4.13483303E-01  6.12717290E+00  1.00005256E+00  5.12712034E-01
 -9.90081218E+00  1.00000000E+00  7.63567059E+00 -1.60079338E+00  4.13513238E-01  6.12471942E+00  9.99984269E-01  5.12473515E-01
 -9.85121827E+00  1.00000000E+00  7.59942006E+00 -1.60116934E+00  4.13492711E-01  6.12689862E+00  1.00005473E+00  5.12684389E-01
 -9.80162437E+00  1.00000000E+00  7.56316952E+00 -1.60154540E+00  4.13465385E-01  6.12907860E+00  1.00012519E+00  5.12895341E-01
 -9.75203046E+00  1.00000000E+00  7.52666780E+00 -1.60132301E+00  4.13446854E-01  6.12794793E+00  1.00000731E+00  5.12794062E-01
 -9.70243655E+00  1.00000000E+00  7.49016607E+00 -1.60110065E+00  4.13459906E-01  6.12681746E+00  9.99889442E-01  5.12692802E-01
 -9.65284264E+00  1.00000000E+00  7.45382764E+00 -1.60167250E+00  4.13453418E-01  6.12787867E+00  1.00016272E+00  5.12771596E-01
 -9.60324873E+00  1.00000000E+00  7.41748920E+00 -1.60224451E+00  4.13370795E-01  6.12894012E+00  1.00043608E+00  5.12850404E-01
 -9.55365482E+00  1.00000000E+00  7.38127653E+00 -1.60250487E+00  4.13315667E-01  6.13182725E+00  1.00040175E+00  5.13142550E-01
 -9.50406091E+00  1.00000000E+00  7.34506386E+00 -1.60276527E+00  4.13257669E-01  6.13471585E+00  1.00036741E+00  5.13434844E-01
 -9.45446701E+00  1.00000000E+00  7.30838588E+00 -1.60206870E+00  4.13267946E-01  6.13125060E+00  1.00026030E+00  5.13099031E-01
 -9.40487310E+00  1.00000000E+00  7.27170789E+00 -1.60137246E+00  4.13305783E-01  6.12778732E+00  1.00015324E+00  5.12763408E-01
 -9.35527919E+00  1.00000000E+00  7.23545771E+00 -1.60239690E+00  4.13337850E-01  6.13152299E+00  1.00026026E+00  5.13126273E-01
 -9.30568528E+00  1.00000000E+00  7.19920753E+00 -1.60342192E+00  4.13321418E-01  6.13526095E+00  1.00036749E+00  5.13489346E-01
 -9.25609137E+00  1.00000000E+00  7.16286279E+00 -1.60280249E+00  4.13320993E-01  6.13374590E+00  1.00030332E+00  5.13344258E-01
 -9.20649746E+00  1.00000000E+00  7.12651805E+00 -1.60218318E+00  4.13369667E-01  6.13223128E+00  1.00023925E+00  5.13199202E-01
 -9.15690355E+00  1.00000000E+00  7.09002079E+00 -1.60197676E+00  4.13374588E-01  6.13088370E+00  1.00014965E+00  5.13073405E-01
 -9.10730965E+00  1.00000000E+00  7.05352352E+00 -1.60177037E+00  4.13401074E-01  6.12953643E+00  1.00006005E+00  5.12947638E-01
 -9.05771574E+00  1.00000000E+00  7.01720968E+00 -1.60179867E+00  4.13459314E-01  6.13069743E+00  9.99989871E-01  5.13070756E-01
 -9.00812183E+00  1.00000000E+00  6.98089585E+00 -1.60182696E+00  4.13501649E-01  6.13185868E+00  9.99919691E-01  5.13193899E-01
 -8.95852792E+00  1.00000000E+00  6.94449371E+00 -1.60190706E+00  4.13482292E-01  6.13081263E+00  1.00001931E+00  5.13079332E-01
 -8.90893401E+00  1.00000000E+00  6.90809157E+00 -1.60198714E+00  4.13455882E-01  6.12976681E+00  1.00011893E+00  5.12964788E-01
 -8.85934010E+00  1.00000000E+00  6.87178113E+00 -1.60199686E+00  4.13464103E-01  6.13064219E+00  1.00013306E+00  5.13050913E-01
 -8.80974619E+00  1.00000000E+00  6.83547070E+00 -1.60200656E+00  4.13440637E-01  6.13151771E+00  1.00014718E+00  5.13137053E-01
 -8.76015229E+00  1.00000000E+00  6.79897497E+00 -1.60182040E+00  4.13418559E-01  6.13011427E+00  1.00007927E+00  5.13003499E-01
 -8.71055838E+00  1.00000000E+00  6.76247924E+00 -1.60163426E+00  4.13440491E-01  6.12871116E+00  1.00001137E+00  5.12869979E-01
 -8.66096447E+00  1.00000000E+00  6.72617807E+00 -1.60139741E+00  4.13457507E-01  6.12755514E+00  1.00004706E+00  5.12750808E-01
 -8.61137056E+00  1.00000000E+00  6.68987691E+00 -1.60116059E+00  4.13454157E-01  6.12639935E+00  1.00008278E+00  5.12631657E-01
 -8.56177665E+00  1.00000000E+00  6.65347990E+00 -1.60140787E+00  4.13456070E-01  6.12709337E+00  1.00013594E+00  5.12695743E-01
 -8.51218274E+00  1.00000000E+00  6.61708290E+00 -1.60165519E+00  4.13440275E-01  6.12778748E+00  1.00018912E+00  5.12759836E-01
 -8.46258884E+00  1.00000000E+00  6.58069947E+00 -1.60224232E+00  4.13401602E-01  6.13102482E+00  1.00022890E+00  5.13079592E-01
 -8.41299493E+00  1.00000000E+00  6.54431603E+00 -1.60282971E+00  4.13336888E-01  6.13426388E+00  1.00026871E+00  5.13399516E-01
 -8.36340102E+00  1.00000000E+00  6.50792868E+00 -1.60189515E+00  4.13370820E-01  6.13070886E+00  1.00014250E+00  5.13056636E-01
 -8.31380711E+00  1.00000000E+00  6.47154133E+00 -1.60096110E+00  4.13413375E-01  6.12715590E+00  1.00001643E+00  5.12713948E-01
 -8.26421320E+00  1.00000000E+00  6.43512957E+00 -1.60127796E+00  4.13421301E-01  6.12748961E+00  1.00007279E+00  5.12741682E-01
 -8.21461929E+00  1.00000000E+00  6.39871780E+00 -1.60159483E+00  4.13430724E-01  6.12782338E+00  1.00012918E+00  5.12769420E-01
 -8.16502538E+00  1.00000000E+00  6.36239495E+00 -1.60239218E+00  4.13418825E-01  6.13144347E+00  1.00027475E+00  5.13116872E-01
 -8.11543148E+00  1.00000000E+00  6.32607210E+00 -1.60318995E+00  4.13333293E-01  6.13506570E+00  1.00042040E+00  5.13464530E-01
 -8.06583757E+00  1.00000000E+00  6.28960602E+00 -1.60214967E+00  4.13329212E-01  6.13145805E+00  1.00020902E+00  5.13124902E-01
 -8.01624366E+00  1.00000000E+00  6.25313995E+00 -1.60110998E+00  4.13384720E-01  6.12785253E+00  9.99997827E-01  5.12785471E-01
 -7.96664975E+00  1.00000000E+00  6.21680520E+00 -1.60141724E+00  4.13411793E-01  6.12808316E+00  1.00009176E+00  5.12799141E-01
 -7.91705584E+00  1.00000000E+00  6.18047046E+00 -1.60172452E+00  4.13431110E-01  6.12831384E+00  1.00018571E+00  5.12812813E-01
 -7.86746193E+00  1.00000000E+00  6.14410250E+00 -1.60224536E+00  4.13438814E-01  6.13139391E+00  1.00014930E+00  5.13124460E-01
 -7.81786802E+00  1.00000000E+00  6.10773455E+00 -1.60276642E+00  4.13421483E-01  6.13447553E+00  1.00011294E+00  5.13436259E-01
 -7.76827412E+00  1.00000000E+00  6.07133924E+00 -1.60186552E+00  4.13435851E-01  6.13103764E+00  1.00003353E+00  5.13100411E-01
 -7.71868021E+00  1.00000000E+00  6.03494393E+00 -1.60096508E+00  4.13459877E-01  6.12760168E+00  9.99954269E-01  5.12764741E-01
 -7.66908630E+00  1.00000000E+00  5.99852593E+00 -1.60122375E+00  4.13453820E-01  6.12777810E+00  9.99992514E-01  5.12778559E-01
 -7.61949239E+00  1.00000000E+00  5.96210793E+00 -1.60148241E+00  4.13446564E-01  6.12795456E+00  1.00003078E+00  5.12792378E-01
 -7.56989848E+00  1.00000000E+00  5.92580992E+00 -1.60243044E+00  4.13434453E-01  6.13146997E+00  1.00027074E+00  5.13119923E-01
 -7.52030457E+00  1.00000000E+00  5.88951191E+00 -1.60337899E+00  4.13341125E-01  6.13498740E+00  1.00051084E+00  5.13447656E-01
 -7.47071066E+00  1.00000000E+00  5.85302775E+00 -1.60224818E+00  4.13329851E-01  6.13129243E+00  1.00026617E+00  5.13102626E-01
 -7.42111676E+00  1.00000000E+00  5.81654358E+00 -1.60111805E+00  4.13385739E-01  6.12759972E+00  1.00002172E+00  5.12757799E-01
 -7.37152285E+00  1.00000000E+00  5.78020476E+00 -1.60141528E+00  4.13408620E-01  6.12787945E+00  1.00010505E+00  5.12777441E-01
 -7.32192894E+00  1.00000000E+00  5.74386594E+00 -1.60171253E+00  4.13425506E-01  6.12815923E+00  1.00018839E+00  5.12797084E-01
 -7.27233503E+00  1.00000000E+00  5.70749003E+00 -1.60223149E+00  4.13431935E-01  6.13133820E+00  1.00015059E+00  5.13118762E-01
 -7.22274112E+00  1.00000000E+00  5.67111412E+00 -1.60275068E+00  4.13409896E-01  6.13451884E+00  1.00011283E+00  5.13440602E-01
 -7.17314721E+00  1.00000000E+00  5.63472305E+00 -1.60183757E+00  4.13426476E-01  6.13102162E+00  1.00002816E+00  5.13099346E-01
 -7.12355330E+00  1.00000000E+00  5.59833197E+00 -1.60092495E+00  4.13453495E-01  6.12752638E+00  9.99943647E-01  5.12758274E-01
 -7.07395940E+00  1.00000000E+00  5.56191733E+00 -1.60119101E+00  4.13451206E-01  6.12774632E+00  9.99980288E-01  5.12776603E-01
 -7.02436549E+00  1.00000000E+00  5.52550268E+00 -1.60145707E+00  4.13447843E-01  6.12796629E+00  1.00001695E+00  5.12794934E-01
 -6.97477158E+00  1.00000000E+00  5.48920884E+00 -1.60245611E+00  4.13433284E-01  6.13151684E+00  1.00028585E+00  5.13123099E-01
 -6.92517767E+00  1.00000000E+00  5.45291500E+00 -1.60345573E+00  4.13331510E-01  6.13506946E+00  1.00055492E+00  5.13451455E-01
 -6.87558376E+00  1.00000000E+00  5.41643722E+00 -1.60234076E+00  4.13315421E-01  6.13137279E+00  1.00032034E+00  5.13105245E-01
 -6.82598985E+00  1.00000000E+00  5.37995944E+00 -1.60122645E+00  4.13369336E-01  6.12767837E+00  1.00008597E+00  5.12759240E-01
 -6.77639594E+00  1.00000000E+00  5.34360824E+00 -1.60143908E+00  4.13392211E-01  6.12787641E+00  1.00012597E+00  5.12775043E-01
 -6.72680204E+00  1.00000000E+00  5.30725703E+00 -1.60165172E+00  4.13413756E-01  6.12807446E+00  1.00016599E+00  5.12790848E-01
 -6.67720813E+00  1.00000000E+00  5.27088105E+00 -1.60217657E+00  4.13432540E-01  6.13129550E+00  1.00011986E+00  5.13117565E-01
 -6.62761422E+00  1.00000000E+00  5.23450506E+00 -1.60270164E+00  4.13422950E-01  6.13451825E+00  1.00007377E+00  5.13444448E-01
 -6.57802031E+00  1.00000000E+00  5.19811627E+00 -1.60181677E+00  4.13434869E-01  6.13107397E+00  1.00000523E+00  5.13106874E-01
 -6.52842640E+00  1.00000000E+00  5.16172747E+00 -1.60093237E+00  4.13460124E-01  6.12763162E+00  9.99936841E-01  5.12769477E-01
 -6.47883249E+00  1.00000000E+00  5.12531513E+00 -1.60120019E+00  4.13457823E-01  6.12786457E+00  9.99973462E-01  5.12789111E-01
 -6.42923858E+00  1.00000000E+00  5.08890280E+00 -1.60146801E+00  4.13455181E-01  6.12809757E+00  1.00001010E+00  5.12808747E-01
 -6.37964468E+00  1.00000000E+00  5.05260587E+00 -1.60242799E+00  4.13442689E-01  6.13155181E+00  1.00025788E+00  5.13129394E-01
 -6.33005077E+00  1.00000000E+00  5.01630894E+00 -1.60338851E+00  4.13349734E-01  6.13500801E+00  1.00050580E+00  5.13450222E-01
 -6.28045686E+00  1.00000000E+00  4.97982250E+00 -1.60224371E+00  4.13336287E-01  6.13130428E+00  1.00025676E+00  5.13104752E-01
 -6.23086295E+00  1.00000000E+00  4.94333605E+00 -1.60109960E+00  4.13389746E-01  6.12760283E+00  1.00000795E+00  5.12759488E-01
 -6.18126904E+00  1.00000000E+00  4.90699845E+00 -1.60142281E+00  4.13410701E-01  6.12790597E+00  1.00010409E+00  5.12780187E-01
 -6.13167513E+00  1.00000000E+00  4.87066085E+00 -1.60174603E+00  4.13425324E-01  6.12820915E+00  1.00020026E+00  5.12800889E-01
 -6.08208123E+00  1.00000000E+00  4.83428312E+00 -1.60223489E+00  4.13429983E-01  6.13132858E+00  1.00015459E+00  5.13117399E-01
 -6.03248732E+00  1.00000000E+00  4.79790539E+00 -1.60272395E+00  4.13406543E-01  6.13444963E+00  1.00010896E+00  5.13434066E-01
 -5.98289341E+00  1.00000000E+00  4.76151032E+00 -1.60184251E+00  4.13424306E-01  6.13101086E+00  1.00003402E+00  5.13097684E-01
 -5.93329950E+00  1.00000000E+00  4.72511525E+00 -1.60096152E+00  4.13450604E-01  6.12757401E+00  9.99959217E-01  5.12761479E-01
 -5.88370559E+00  1.00000000E+00  4.68870179E+00 -1.60124100E+00  4.13444870E-01  6.12774300E+00  1.00001060E+00  5.12773240E-01
 -5.83411168E+00  1.00000000E+00  4.65228833E+00 -1.60152046E+00  4.13436565E-01  6.12791203E+00  1.00006200E+00  5.12785002E-01
 -5.78451777E+00  1.00000000E+00  4.61600385E+00 -1.60242861E+00  4.13419267E-01  6.13148841E+00  1.00027265E+00  5.13121577E-01
 -5.73492387E+00  1.00000000E+00  4.57971937E+00 -1.60333726E+00  4.13333660E-01  6.13506689E+00  1.00048341E+00  5.13458348E-01
 -5.68532996E+00  1.00000000E+00  4.54320238E+00 -1.60202056E+00  4.13348278E-01  6.13097866E+00  1.00016244E+00  5.13081622E-01
 -5.63573605E+00  1.00000000E+00  4.50668540E+00 -1.60070475E+00  4.13419875E-01  6.12689323E+00  9.99841778E-01  5.12705145E-01
 -5.58614214E+00  1.00000000E+00  4.47038216E+00 -1.60125535E+00  4.13446315E-01  6.12756253E+00  1.00003996E+00  5.12752257E-01
 -5.53654823E+00  1.00000000E+00  4.43407893E+00 -1.60180602E+00  4.13449515E-01  6.12823199E+00  1.00023822E+00  5.12799377E-01
 -5.48695432E+00  1.00000000E+00  4.39768019E+00 -1.60227397E+00  4.13421769E-01  6.13122227E+00  1.00021949E+00  5.13100278E-01
 -5.43736041E+00  1.00000000E+00  4.36128145E+00 -1.60274211E+00  4.13361373E-01  6.13421403E+00  1.00020079E+00  5.13401325E-01
 -5.38776651E+00  1.00000000E+00  4.32490606E+00 -1.60184525E+00  4.13394283E-01  6.13074128E+00  1.00009647E+00  5.13064482E-01
 -5.33817260E+00  1.00000000E+00  4.28853068E+00 -1.60094886E+00  4.13432003E-01  6.12727050E+00  9.99992293E-01  5.12727821E-01
 -5.28857869E+00  1.00000000E+00  4.25212023E+00 -1.60127194E+00  4.13436447E-01  6.12757434E+00  1.00005670E+00  5.12751764E-01
 -5.23898478E+00  1.00000000E+00  4.21570979E+00 -1.60159502E+00  4.13442618E-01  6.12787824E+00  1.00012113E+00  5.12775711E-01
 -5.18939087E+00  1.00000000E+00  4.17938770E+00 -1.60237770E+00  4.13430914E-01  6.13158830E+00  1.00025130E+00  5.13133700E-01
 -5.13979696E+00  1.00000000E+00  4.14306560E+00 -1.60316079E+00  4.13356396E-01  6.13530061E+00  1.00038154E+00  5.13491907E-01
 -5.09020305E+00  1.00000000E+00  4.10654535E+00 -1.60193104E+00  4.13373324E-01  6.13097373E+00  1.00011396E+00  5.13085977E-01
 -5.04060915E+00  1.00000000E+00  4.07002510E+00 -1.60070214E+00  4.13429783E-01  6.12664993E+00  9.99846633E-01  5.12680330E-01
 -4.99101524E+00  1.00000000E+00  4.03379685E+00 -1.60128249E+00  4.13427856E-01  6.12752538E+00  1.00006542E+00  5.12745996E-01
 -4.94142133E+00  1.00000000E+00  3.99756860E+00 -1.60186295E+00  4.13409646E-01  6.12840104E+00  1.00028429E+00  5.12811675E-01
 -4.89182742E+00  1.00000000E+00  3.96113695E+00 -1.60222543E+00  4.13390720E-01  6.13041995E+00  1.00029015E+00  5.13012979E-01
 -4.84223351E+00  1.00000000E+00  3.92470529E+00 -1.60258800E+00  4.13350044E-01  6.13243952E+00  1.00029604E+00  5.13214349E-01
 -4.79263960E+00  1.00000000E+00  3.88827912E+00 -1.60189543E+00  4.13356745E-01  6.12996856E+00  1.00019267E+00  5.12977589E-01
 -4.74304569E+00  1.00000000E+00  3.85185295E+00 -1.60120313E+00  4.13388791E-01  6.12749859E+00  1.00008940E+00  5.12740920E-01
 -4.69345179E+00  1.00000000E+00  3.81546956E+00 -1.60137359E+00  4.13393913E-01  6.12801224E+00  1.00006739E+00  5.12794485E-01
 -4.64385788E+00  1.00000000E+00  3.77908617E+00 -1.60154407E+00  4.13411753E-01  6.12852592E+00  1.00004540E+00  5.12848053E-01
 -4.59426397E+00  1.00000000E+00  3.74279619E+00 -1.60263686E+00  4.13420593E-01  6.13202352E+00  1.00034090E+00  5.13168262E-01
 -4.54467006E+00  1.00000000E+00  3.70650620E+00 -1.60373030E+00  4.13340157E-01  6.13552314E+00  1.00063661E+00  5.13488653E-01
 -4.49507615E+00  1.00000000E+00  3.67009046E+00 -1.60354455E+00  4.13317817E-01  6.13663306E+00  1.00043019E+00  5.13620287E-01
 -4.44548224E+00  1.00000000E+00  3.63367472E+00 -1.60335877E+00  4.13323044E-01  6.13774329E+00  1.00022381E+00  5.13751948E-01
 -4.39588833E+00  1.00000000E+00  3.59724115E+00 -1.60195809E+00  4.13325618E-01  6.13218883E+00  1.00004689E+00  5.13214193E-01
 -4.34629443E+00  1.00000000E+00  3.56080758E+00 -1.60055858E+00  4.13390483E-01  6.12663938E+00  9.99870292E-01  5.12676909E-01
 -4.29670052E+00  1.00000000E+00  3.52442482E+00 -1.60155006E+00  4.13429739E-01  6.13034158E+00  1.00000559E+00  5.13033599E-01
 -4.24710661E+00  1.00000000E+00  3.48804207E+00 -1.60254211E+00  4.13397206E-01  6.13404602E+00  1.00014105E+00  5.13390497E-01
 -4.19751270E+00  1.00000000E+00  3.45164079E+00 -1.60152481E+00  4.13411351E-01  6.12997810E+00  9.99992000E-01  5.12998610E-01
 -4.14791879E+00  1.00000000E+00  3.41523952E+00 -1.60050814E+00  4.13485363E-01  6.12591288E+00  9.99843115E-01  5.12606977E-01
 -4.09832488E+00  1.00000000E+00  3.37894126E+00 -1.60120823E+00  4.13449810E-01  6.12755152E+00  1.00009374E+00  5.12745778E-01
 -4.04873097E+00  1.00000000E+00  3.34264301E+00 -1.60190855E+00  4.13365461E-01  6.12919064E+00  1.00034446E+00  5.12884618E-01
 -3.99913707E+00  1.00000000E+00  3.30611328E+00 -1.60163373E+00  4.13367292E-01  6.12854445E+00  1.00017133E+00  5.12837312E-01
 -3.94954316E+00  1.00000000E+00  3.26958356E+00 -1.60135896E+00  4.13389582E-01  6.12789834E+00  9.99998226E-01  5.12790012E-01
 -3.89994925E+00  1.00000000E+00  3.23339567E+00 -1.60271579E+00  4.13388800E-01  6.13360400E+00  1.00028509E+00  5.13331891E-01
 -3.85035534E+00  1.00000000E+00  3.19720779E+00 -1.60407379E+00  4.13310013E-01  6.13931497E+00  1.00057221E+00  5.13874276E-01
 -3.80076143E+00  1.00000000E+00  3.16069957E+00 -1.60268504E+00  4.13298447E-01  6.13508896E+00  1.00024752E+00  5.13484144E-01
 -3.75116752E+00  1.00000000E+00  3.12419135E+00 -1.60129726E+00  4.13357655E-01  6.13086595E+00  9.99923173E-01  5.13094278E-01
 -3.70157361E+00  1.00000000E+00  3.08777909E+00 -1.60176674E+00  4.13377201E-01  6.13207891E+00  9.99947155E-01  5.13213176E-01
 -3.65197971E+00  1.00000000E+00  3.05136683E+00 -1.60223629E+00  4.13394438E-01  6.13329214E+00  9.99971197E-01  5.13332094E-01
 -3.60238580E+00  1.00000000E+00  3.01493504E+00 -1.60202575E+00  4.13418326E-01  6.13191986E+00  9.99914434E-01  5.13200543E-01
 -3.55279189E+00  1.00000000E+00  2.97850324E+00 -1.60181524E+00  4.13464932E-01  6.13054790E+00  9.99857674E-01  5.13069023E-01
 -3.50319798E+00  1.00000000E+00  2.94225040E+00 -1.60193726E+00  4.13504785E-01  6.12979693E+00  1.00007067E+00  5.12972626E-01
 -3.45360407E+00  1.00000000E+00  2.90599756E+00 -1.60205929E+00  4.13498089E-01  6.12904609E+00  1.00028370E+00  5.12876239E-01
 -3.40401016E+00  1.00000000E+00  2.86964463E+00 -1.60280512E+00  4.13442053E-01  6.13330300E+00  1.00036413E+00  5.13293887E-01
 -3.35441626E+00  1.00000000E+00  2.83329170E+00 -1.60355137E+00  4.13323350E-01  6.13756290E+00  1.00044460E+00  5.13711830E-01
 -3.30482235E+00  1.00000000E+00  2.79685001E+00 -1.60215264E+00  4.13311822E-01  6.13263665E+00  1.00016261E+00  5.13247404E-01
 -3.25522844E+00  1.00000000E+00  2.76040833E+00 -1.60075501E+00  4.13363258E-01  6.12771439E+00  9.99880940E-01  5.12783345E-01
 -3.20563453E+00  1.00000000E+00  2.72391449E+00 -1.60086172E+00  4.13411616E-01  6.12699592E+00  9.99863690E-01  5.12713223E-01
 -3.15604062E+00  1.00000000E+00  2.68742066E+00 -1.60096837E+00  4.13454020E-01  6.12627758E+00  9.99846453E-01  5.12643112E-01
 -3.10644671E+00  1.00000000E+00  2.65116625E+00 -1.60134273E+00  4.13459859E-01  6.12662406E+00  1.00013205E+00  5.12649201E-01
 -3.05685280E+00  1.00000000E+00  2.61491184E+00 -1.60171715E+00  4.13400173E-01  6.12697060E+00  1.00041773E+00  5.12655287E-01
 -3.00725890E+00  1.00000000E+00  2.57855219E+00 -1.60243903E+00  4.13370832E-01  6.13139532E+00  1.00040783E+00  5.13098750E-01
 -2.95766499E+00  1.00000000E+00  2.54219255E+00 -1.60316132E+00  4.13295157E-01  6.13582328E+00  1.00039799E+00  5.13542530E-01
 -2.90807108E+00  1.00000000E+00  2.50567203E+00 -1.60215984E+00  4.13296791E-01  6.13183591E+00  1.00027519E+00  5.13156072E-01
 -2.85847717E+00  1.00000000E+00  2.46915151E+00 -1.60115896E+00  4.13338312E-01  6.12785112E+00  1.00015255E+00  5.12769857E-01
 -2.80888326E+00  1.00000000E+00  2.43299471E+00 -1.60261903E+00  4.13326731E-01  6.13348648E+00  1.00032857E+00  5.13315791E-01
 -2.75928935E+00  1.00000000E+00  2.39683792E+00 -1.60408035E+00  4.13287978E-01  6.13912702E+00  1.00050495E+00  5.13862207E-01
 -2.70969544E+00  1.00000000E+00  2.36028291E+00 -1.60291402E+00  4.13323159E-01  6.13627549E+00  1.00011126E+00  5.13616422E-01
 -2.66010154E+00  1.00000000E+00  2.32372791E+00 -1.60174832E+00  4.13420162E-01  6.13342541E+00  9.99717849E-01  5.13370756E-01
 -2.61050763E+00  1.00000000E+00  2.28732637E+00 -1.60150161E+00  4.13439638E-01  6.13087807E+00  9.99829848E-01  5.13104823E-01
 -2.56091372E+00  1.00000000E+00  2.25092483E+00 -1.60125497E+00  4.13490551E-01  6.12833186E+00  9.99941865E-01  5.12838999E-01
 -2.51131981E+00  1.00000000E+00  2.21457379E+00 -1.60143622E+00  4.13501083E-01  6.12839675E+00  1.00002761E+00  5.12836914E-01
 -2.46172590E+00  1.00000000E+00  2.17822276E+00 -1.60161748E+00  4.13485461E-01  6.12846166E+00  1.00011336E+00  5.12834830E-01
 -2.41213199E+00  1.00000000E+00  2.14189116E+00 -1.60236601E+00  4.13458448E-01  6.13179109E+00  1.00022950E+00  5.13156159E-01
 -2.36253808E+00  1.00000000E+00  2.10555957E+00 -1.60311491E+00  4.13376847E-01  6.13512233E+00  1.00034572E+00  5.13477661E-01
 -2.31294418E+00  1.00000000E+00  2.06914859E+00 -1.60206970E+00  4.13387456E-01  6.13128722E+00  1.00017079E+00  5.13111643E-01
 -2.26335027E+00  1.00000000E+00  2.03273761E+00 -1.60102512E+00  4.13434511E-01  6.12745453E+00  9.99996041E-01  5.12745848E-01
 -2.21375636E+00  1.00000000E+00  1.99628725E+00 -1.60116573E+00  4.13440520E-01  6.12693266E+00  1.00004212E+00  5.12689054E-01
 -2.16416245E+00  1.00000000E+00  1.95983689E+00 -1.60130630E+00  4.13438163E-01  6.12641089E+00  1.00008821E+00  5.12632269E-01
 -2.11456854E+00  1.00000000E+00  1.92355510E+00 -1.60170599E+00  4.13437060E-01  6.12895713E+00  1.00014426E+00  5.12881287E-01
 -2.06497463E+00  1.00000000E+00  1.88727331E+00 -1.60210579E+00  4.13412375E-01  6.13150445E+00  1.00020032E+00  5.13130413E-01
 -2.01538072E+00  1.00000000E+00  1.85078806E+00 -1.60196315E+00  4.13379404E-01  6.13035264E+00  1.00016248E+00  5.13019017E-01
 -1.96578682E+00  1.00000000E+00  1.81430281E+00 -1.60182053E+00  4.13374418E-01  6.12920106E+00  1.00012463E+00  5.12907644E-01
 -1.91619291E+00  1.00000000E+00  1.77799797E+00 -1.60198974E+00  4.13413086E-01  6.13078140E+00  1.00015529E+00  5.13062611E-01
 -1.86659900E+00  1.00000000E+00  1.74169313E+00 -1.60215896E+00  4.13409610E-01  6.13236217E+00  1.00018595E+00  5.13217622E-01
 -1.81700509E+00  1.00000000E+00  1.70514975E+00 -1.60191073E+00  4.13378342E-01  6.13055356E+00  1.00010826E+00  5.13044530E-01
 -1.76741118E+00  1.00000000E+00  1.66860636E+00 -1.60166253E+00  4.13383404E-01  6.12874551E+00  1.00003058E+00  5.12871492E-01
 -1.71781727E+00  1.00000000E+00  1.63233061E+00 -1.60136316E+00  4.13372420E-01  6.12817632E+00  9.99984350E-01  5.12819197E-01
 -1.66822336E+00  1.00000000E+00  1.59605486E+00 -1.60106381E+00  4.13336004E-01  6.12760721E+00  9.99938138E-01  5.12766907E-01
 -1.61862946E+00  1.00000000E+00  1.55959233E+00 -1.60100229E+00  4.13318608E-01  6.12624230E+00  9.99939541E-01  5.12630275E-01
 -1.56903555E+00  1.00000000E+00  1.52312979E+00 -1.60094076E+00  4.13300532E-01  6.12487773E+00  9.99940942E-01  5.12493679E-01
 -1.51944164E+00  1.00000000E+00  1.48694400E+00 -1.60191310E+00  4.13171223E-01  6.12760957E+00  1.00037611E+00  5.12723346E-01
 -1.46984773E+00  1.00000000E+00  1.45075820E+00 -1.60288595E+00  4.12934385E-01  6.13034268E+00  1.00081150E+00  5.12953118E-01
 -1.42025382E+00  1.00000000E+00  1.41426578E+00 -1.60135220E+00  4.12842623E-01  6.12447976E+00  1.00049227E+00  5.12398749E-01
 -1.37065991E+00  1.00000000E+00  1.37777335E+00 -1.59981985E+00  4.12798428E-01  6.11862245E+00  1.00017340E+00  5.11844905E-01
 -1.32106600E+00  1.00000000E+00  1.34143487E+00 -1.60015582E+00  4.12709441E-01  6.11913560E+00  1.00021058E+00  5.11892502E-01
 -1.27147210E+00  1.00000000E+00  1.30509638E+00 -1.60049181E+00  4.12575423E-01  6.11964883E+00  1.00024779E+00  5.11940104E-01
 -1.22187819E+00  1.00000000E+00  1.26883537E+00 -1.59996216E+00  4.12431036E-01  6.11638132E+00  1.00025675E+00  5.11612457E-01
 -1.17228428E+00  1.00000000E+00  1.23257436E+00 -1.59943274E+00  4.12275323E-01  6.11311557E+00  1.00026575E+00  5.11284983E-01
 -1.12269037E+00  1.00000000E+00  1.19640806E+00 -1.59886357E+00  4.12076364E-01  6.10908400E+00  1.00026256E+00  5.10882144E-01
 -1.07309646E+00  1.00000000E+00  1.16024176E+00 -1.59829465E+00  4.11868394E-01  6.10505516E+00  1.00025940E+00  5.10479576E-01
 -1.02350255E+00  1.00000000E+00  1.12432536E+00 -1.59759306E+00  4.11574462E-01  6.09992111E+00  1.00040020E+00  5.09952091E-01
 -9.73908645E-01  1.00000000E+00  1.08840897E+00 -1.59689192E+00  4.11259482E-01  6.09479149E+00  1.00054110E+00  5.09425039E-01
 -9.24314736E-01  1.00000000E+00  1.05264354E+00 -1.59598570E+00  4.10950286E-01  6.09011128E+00  1.00043102E+00  5.08968025E-01
 -8.74720828E-01  1.00000000E+00  1.01687811E+00 -1.59508007E+00  4.10627883E-01  6.08543467E+00  1.00032104E+00  5.08511363E-01
 -8.25312107E-01  1.00000000E+00  9.81812753E-01 -1.59411551E+00  4.10239685E-01  6.07831689E+00  1.00046071E+00  5.07785618E-01
 -7.75903387E-01  1.00000000E+00  9.46747396E-01 -1.59315179E+00  4.09899237E-01  6.07120767E+00  1.00060052E+00  5.07060715E-01
 -7.30665613E-01  1.00000000E+00  9.15123637E-01 -1.59274495E+00  4.09783127E-01  6.06818371E+00  1.00057193E+00  5.06761178E-01
 -6.85427839E-01  1.00000000E+00  8.83499879E-01 -1.59233824E+00  4.09632511E-01  6.06516130E+00  1.00054335E+00  5.06461796E-01
 -6.45465100E-01  1.00000000E+00  8.56311493E-01 -1.59176504E+00  4.09633171E-01  6.06446511E+00  1.00027585E+00  5.06418925E-01
 -6.05502361E-01  1.00000000E+00  8.29123106E-01 -1.59119196E+00  4.09709335E-01  6.06376908E+00  1.00000845E+00  5.06376063E-01
 -5.70199545E-01  1.00000000E+00  8.05953576E-01 -1.59121530E+00  4.09924041E-01  6.06600220E+00  9.99878846E-01  5.06612335E-01
 -5.34896729E-01  1.00000000E+00  7.82784046E-01 -1.59123859E+00  4.10288922E-01  6.06823628E+00  9.99749248E-01  5.06848703E-01
 -5.03710456E-01  1.00000000E+00  7.63014295E-01 -1.59370542E+00  4.10812077E-01  6.07898906E+00  1.00015948E+00  5.07882958E-01
 -4.72524184E-01  1.00000000E+00  7.43244544E-01 -1.59617619E+00  4.11426776E-01  6.08976085E+00  1.00057056E+00  5.08919030E-01
 -4.44974441E-01  1.00000000E+00  7.27016406E-01 -1.60001154E+00  4.12576956E-01  6.11070913E+00  1.00084575E+00  5.10986339E-01
 -4.17424698E-01  1.00000000E+00  7.10788268E-01 -1.60385773E+00  4.13835761E-01  6.13172991E+00  1.00112264E+00  5.13060727E-01
 -3.93087440E-01  1.00000000E+00  6.97190728E-01 -1.60719819E+00  4.15037253E-01  6.15376674E+00  1.00118593E+00  5.15258081E-01
 -3.68750182E-01  1.00000000E+00  6.83593189E-01 -1.61054746E+00  4.16803175E-01  6.17588441E+00  1.00125010E+00  5.17463431E-01
 -3.47250809E-01  1.00000000E+00  6.72613731E-01 -1.61419031E+00  4.19023863E-01  6.21163963E+00  1.00004020E+00  5.21159943E-01
 -3.25751437E-01  1.00000000E+00  6.61634272E-01 -1.61784639E+00  4.21608139E-01  6.24761285E+00  9.98832584E-01  5.24878026E-01
 -3.06759035E-01  1.00000000E+00  6.53351093E-01 -1.62735176E+00  4.24224586E-01  6.29508611E+00  1.00008384E+00  5.29500227E-01
 -2.87766633E-01  1.00000000E+00  6.45067913E-01 -1.63691895E+00  4.27126836E-01  6.34292057E+00  1.00134574E+00  5.34157483E-01
 -2.70988873E-01  1.00000000E+00  6.38731037E-01 -1.64351322E+00  4.30627597E-01  6.39828688E+00  1.00018768E+00  5.39809920E-01
 -2.54211113E-01  1.00000000E+00  6.32394160E-01 -1.65014617E+00  4.34374836E-01  6.45415528E+00  9.99034423E-01  5.45512086E-01
 -2.39389755E-01  1.00000000E+00  6.28208252E-01 -1.65995464E+00  4.38378301E-01  6.51897725E+00  9.99077455E-01  5.51989980E-01
 -2.24568396E-01  1.00000000E+00  6.24022344E-01 -1.66983721E+00  4.42636500E-01  6.58446219E+00  9.99129104E-01  5.58533309E-01
 -2.11472015E-01  1.00000000E+00  6.21772519E-01 -1.68244753E+00  4.47228692E-01  6.66199350E+00  9.99682172E-01  5.66231132E-01
 -1.98375634E-01  1.00000000E+00  6.19522694E-01 -1.69517423E+00  4.52002875E-01  6.74044890E+00  1.00025026E+00  5.74019864E-01
 -1.85977157E-01  1.00000000E+00  6.19531481E-01 -1.71132903E+00  4.57720468E-01  6.83837911E+00  1.00118351E+00  5.83719561E-01
 -1.73578680E-01  1.00000000E+00  6.19540268E-01 -1.72766953E+00  4.63777159E-01  6.93774748E+00  1.00214096E+00  5.93560652E-01
 -1.61180203E-01  1.00000000E+00  6.20498352E-01 -1.74257217E+00  4.71616190E-01  7.05682976E+00  1.00078291E+00  6.05604685E-01
 -1.48781726E-01  1.00000000E+00  6.21456436E-01 -1.75765010E+00  4.79780821E-01  7.17802093E+00  9.99442285E-01  6.17857865E-01
 -1.36383248E-01  1.00000000E+00  6.29499101E-01 -1.78222998E+00  4.89868084E-01  7.35286061E+00  9.99511278E-01  6.35334933E-01
 -1.23984771E-01  1.00000000E+00  6.37541765E-01 -1.80724651E+00  5.01075900E-01  7.53204831E+00  9.99623057E-01  6.53242525E-01
 -1.11586294E-01  1.00000000E+00  6.40498002E-01 -1.84608687E+00  5.16286053E-01  7.74282431E+00  1.00406833E+00  6.73875598E-01
 -9.91878171E-02  1.00000000E+00  6.43454240E-01 -1.88585723E+00  5.30961896E-01  7.95950965E+00  1.00866305E+00  6.95084660E-01
 -8.67893400E-02  1.00000000E+00  6.85555266E-01 -1.83607721E+00  5.52881160E-01  8.24587267E+00  9.69053206E-01  7.27681946E-01
 -7.43908628E-02  1.00000000E+00  7.27656293E-01 -1.78424565E+00  5.81064818E-01  8.54839556E+00  9.30632137E-01  7.61776342E-01
 -6.19923857E-02  1.00000000E+00  6.81857423E-01 -1.72735357E+00  6.05232184E-01  8.46731744E+00  9.12334354E-01  7.55498308E-01
 -4.95939085E-02  1.00000000E+00  6.36058553E-01 -1.67124755E+00  5.97115313E-01  8.38781522E+00  8.94623188E-01  7.49319204E-01
 -3.71954314E-02  1.00000000E+00  1.22800923E+00 -2.96289550E+00  6.10257753E-01  1.10900060E+01  1.31768484E+00  9.77232113E-01
 -2.47969543E-02  1.00000000E+00  1.81995992E+00 -4.82292577E+00  7.25701088E-01  1.49611305E+01  2.03771142E+00  1.29234191E+00
 -1.23984771E-02  1.00000000E+00  8.17233404E-01  1.13522449E+00  1.55218648E+00  1.23336966E+01  7.83266164E-01  1.15504304E+00
  0.00000000E+00  1.00000000E+00 -1.85493109E-01  1.02249194E+01  4.19503516E+00  2.24964778E+01  5.07850758E+00  1.74179702E+00
