# curve 5 (die wall), step =      600, time =   2.40000000E+02
# N1 = tau_xx - tau_yy = G ( c_xx - c_yy ),  G =  4.0000E-02  (polymer part only)
#              x               y        pressure            c_xy        gammadot            c_xx            c_yy              N1
 -1.00000000E+01  1.00000000E+00  6.09904432E+00 -1.12469910E+00  4.15707401E-01  5.05257565E+00  5.63490585E-01  1.79563403E-01
 -9.95040609E+00  1.00000000E+00  6.06985442E+00 -1.12461755E+00  4.15721028E-01  5.05157295E+00  5.63544210E-01  1.79521150E-01
 -9.90081218E+00  1.00000000E+00  6.04066452E+00 -1.12453602E+00  4.15730180E-01  5.05057045E+00  5.63597842E-01  1.79478904E-01
 -9.85121827E+00  1.00000000E+00  6.01147000E+00 -1.12451227E+00  4.15723760E-01  5.05137050E+00  5.63527892E-01  1.79513704E-01
 -9.80162437E+00  1.00000000E+00  5.98227548E+00 -1.12448852E+00  4.15710825E-01  5.05217069E+00  5.63457948E-01  1.79548510E-01
 -9.75203046E+00  1.00000000E+00  5.95305601E+00 -1.12455500E+00  4.15711663E-01  5.05183459E+00  5.63502807E-01  1.79533271E-01
 -9.70243655E+00  1.00000000E+00  5.92383653E+00 -1.12462147E+00  4.15721410E-01  5.05149852E+00  5.63547669E-01  1.79518034E-01
 -9.65284264E+00  1.00000000E+00  5.89464015E+00 -1.12466885E+00  4.15716832E-01  5.05205277E+00  5.63526011E-01  1.79541070E-01
 -9.60324873E+00  1.00000000E+00  5.86544377E+00 -1.12471624E+00  4.15705715E-01  5.05260709E+00  5.63504355E-01  1.79564109E-01
 -9.55365482E+00  1.00000000E+00  5.83624869E+00 -1.12475757E+00  4.15697913E-01  5.05404872E+00  5.63415502E-01  1.79625329E-01
 -9.50406091E+00  1.00000000E+00  5.80705360E+00 -1.12479891E+00  4.15672390E-01  5.05549081E+00  5.63326659E-01  1.79686566E-01
 -9.45446701E+00  1.00000000E+00  5.77783171E+00 -1.12465041E+00  4.15689181E-01  5.05388706E+00  5.63395788E-01  1.79619651E-01
 -9.40487310E+00  1.00000000E+00  5.74860981E+00 -1.12450194E+00  4.15700628E-01  5.05228384E+00  5.63464934E-01  1.79552756E-01
 -9.35527919E+00  1.00000000E+00  5.71941137E+00 -1.12485395E+00  4.15703611E-01  5.05425728E+00  5.63428466E-01  1.79633152E-01
 -9.30568528E+00  1.00000000E+00  5.69021293E+00 -1.12520609E+00  4.15700084E-01  5.05623149E+00  5.63392048E-01  1.79713578E-01
 -9.25609137E+00  1.00000000E+00  5.66102655E+00 -1.12494595E+00  4.15704245E-01  5.05511035E+00  5.63397231E-01  1.79668525E-01
 -9.20649746E+00  1.00000000E+00  5.63184018E+00 -1.12468586E+00  4.15706611E-01  5.05398947E+00  5.63402439E-01  1.79623481E-01
 -9.15690355E+00  1.00000000E+00  5.60262334E+00 -1.12470933E+00  4.15710390E-01  5.05355540E+00  5.63436736E-01  1.79604746E-01
 -9.10730965E+00  1.00000000E+00  5.57340651E+00 -1.12473279E+00  4.15718217E-01  5.05312137E+00  5.63471035E-01  1.79586014E-01
 -9.05771574E+00  1.00000000E+00  5.54422355E+00 -1.12474634E+00  4.15723909E-01  5.05340293E+00  5.63448128E-01  1.79598192E-01
 -9.00812183E+00  1.00000000E+00  5.51504060E+00 -1.12475989E+00  4.15724597E-01  5.05368451E+00  5.63425222E-01  1.79610372E-01
 -8.95852792E+00  1.00000000E+00  5.48582524E+00 -1.12477232E+00  4.15723362E-01  5.05326685E+00  5.63464769E-01  1.79592083E-01
 -8.90893401E+00  1.00000000E+00  5.45660988E+00 -1.12478474E+00  4.15725547E-01  5.05284923E+00  5.63504318E-01  1.79573797E-01
 -8.85934010E+00  1.00000000E+00  5.42741688E+00 -1.12472482E+00  4.15721893E-01  5.05309969E+00  5.63467098E-01  1.79585303E-01
 -8.80974619E+00  1.00000000E+00  5.39822387E+00 -1.12466490E+00  4.15707154E-01  5.05335016E+00  5.63429880E-01  1.79596811E-01
 -8.76015229E+00  1.00000000E+00  5.36900412E+00 -1.12470866E+00  4.15707383E-01  5.05283906E+00  5.63481422E-01  1.79574306E-01
 -8.71055838E+00  1.00000000E+00  5.33978438E+00 -1.12475241E+00  4.15718585E-01  5.05232803E+00  5.63532968E-01  1.79551803E-01
 -8.66096447E+00  1.00000000E+00  5.31060255E+00 -1.12462906E+00  4.15716945E-01  5.05172501E+00  5.63539748E-01  1.79527411E-01
 -8.61137056E+00  1.00000000E+00  5.28142073E+00 -1.12450572E+00  4.15707567E-01  5.05112207E+00  5.63546534E-01  1.79503021E-01
 -8.56177665E+00  1.00000000E+00  5.25221786E+00 -1.12458886E+00  4.15711999E-01  5.05152164E+00  5.63546585E-01  1.79519002E-01
 -8.51218274E+00  1.00000000E+00  5.22301498E+00 -1.12467201E+00  4.15714430E-01  5.05192124E+00  5.63546639E-01  1.79534984E-01
 -8.46258884E+00  1.00000000E+00  5.19379675E+00 -1.12478355E+00  4.15703948E-01  5.05352076E+00  5.63456268E-01  1.79602580E-01
 -8.41299493E+00  1.00000000E+00  5.16457851E+00 -1.12489512E+00  4.15694144E-01  5.05512082E+00  5.63365916E-01  1.79670196E-01
 -8.36340102E+00  1.00000000E+00  5.13539584E+00 -1.12461537E+00  4.15713513E-01  5.05321830E+00  5.63420706E-01  1.79591904E-01
 -8.31380711E+00  1.00000000E+00  5.10621316E+00 -1.12433571E+00  4.15714066E-01  5.05131650E+00  5.63475533E-01  1.79513639E-01
 -8.26421320E+00  1.00000000E+00  5.07700252E+00 -1.12450194E+00  4.15718069E-01  5.05165208E+00  5.63506506E-01  1.79525823E-01
 -8.21461929E+00  1.00000000E+00  5.04779189E+00 -1.12466819E+00  4.15721748E-01  5.05198768E+00  5.63537487E-01  1.79538008E-01
 -8.16502538E+00  1.00000000E+00  5.01858189E+00 -1.12481524E+00  4.15714679E-01  5.05377707E+00  5.63451376E-01  1.79613028E-01
 -8.11543148E+00  1.00000000E+00  4.98937190E+00 -1.12496233E+00  4.15701294E-01  5.05556712E+00  5.63365288E-01  1.79688073E-01
 -8.06583757E+00  1.00000000E+00  4.96016960E+00 -1.12468531E+00  4.15706881E-01  5.05342923E+00  5.63433023E-01  1.79599848E-01
 -8.01624366E+00  1.00000000E+00  4.93096729E+00 -1.12440840E+00  4.15709609E-01  5.05129225E+00  5.63500796E-01  1.79511658E-01
 -7.96664975E+00  1.00000000E+00  4.90179045E+00 -1.12450854E+00  4.15712884E-01  5.05172382E+00  5.63503420E-01  1.79528816E-01
 -7.91705584E+00  1.00000000E+00  4.87261360E+00 -1.12460869E+00  4.15710981E-01  5.05215543E+00  5.63506048E-01  1.79545975E-01
 -7.86746193E+00  1.00000000E+00  4.84338492E+00 -1.12476196E+00  4.15708837E-01  5.05328991E+00  5.63472940E-01  1.79592679E-01
 -7.81786802E+00  1.00000000E+00  4.81415624E+00 -1.12491525E+00  4.15698970E-01  5.05442465E+00  5.63439843E-01  1.79639392E-01
 -7.76827412E+00  1.00000000E+00  4.78495904E+00 -1.12468393E+00  4.15704192E-01  5.05314358E+00  5.63457618E-01  1.79587439E-01
 -7.71868021E+00  1.00000000E+00  4.75576183E+00 -1.12445266E+00  4.15706236E-01  5.05186284E+00  5.63475411E-01  1.79535497E-01
 -7.66908630E+00  1.00000000E+00  4.72656864E+00 -1.12456834E+00  4.15710756E-01  5.05216725E+00  5.63489970E-01  1.79547091E-01
 -7.61949239E+00  1.00000000E+00  4.69737544E+00 -1.12468403E+00  4.15718861E-01  5.05247168E+00  5.63504532E-01  1.79558686E-01
 -7.56989848E+00  1.00000000E+00  4.66816574E+00 -1.12486166E+00  4.15716568E-01  5.05397833E+00  5.63447296E-01  1.79621242E-01
 -7.52030457E+00  1.00000000E+00  4.63895604E+00 -1.12503934E+00  4.15706977E-01  5.05548545E+00  5.63390079E-01  1.79683815E-01
 -7.47071066E+00  1.00000000E+00  4.60975204E+00 -1.12477308E+00  4.15707049E-01  5.05371057E+00  5.63440535E-01  1.79610801E-01
 -7.42111676E+00  1.00000000E+00  4.58054804E+00 -1.12450691E+00  4.15704804E-01  5.05193631E+00  5.63491025E-01  1.79537811E-01
 -7.37152285E+00  1.00000000E+00  4.55136225E+00 -1.12459971E+00  4.15708474E-01  5.05214188E+00  5.63506572E-01  1.79545412E-01
 -7.32192894E+00  1.00000000E+00  4.52217647E+00 -1.12469252E+00  4.15712502E-01  5.05234747E+00  5.63522120E-01  1.79553014E-01
 -7.27233503E+00  1.00000000E+00  4.49296138E+00 -1.12483316E+00  4.15711160E-01  5.05364012E+00  5.63455755E-01  1.79607374E-01
 -7.22274112E+00  1.00000000E+00  4.46374629E+00 -1.12497383E+00  4.15712903E-01  5.05493310E+00  5.63389410E-01  1.79661748E-01
 -7.17314721E+00  1.00000000E+00  4.43455409E+00 -1.12467041E+00  4.15725745E-01  5.05318366E+00  5.63428936E-01  1.79590189E-01
 -7.12355330E+00  1.00000000E+00  4.40536189E+00 -1.12436708E+00  4.15719600E-01  5.05143483E+00  5.63468502E-01  1.79518653E-01
 -7.07395940E+00  1.00000000E+00  4.37615267E+00 -1.12451425E+00  4.15717275E-01  5.05167413E+00  5.63502927E-01  1.79526848E-01
 -7.02436549E+00  1.00000000E+00  4.34694346E+00 -1.12466142E+00  4.15714471E-01  5.05191345E+00  5.63537358E-01  1.79535044E-01
 -6.97477158E+00  1.00000000E+00  4.31773587E+00 -1.12484012E+00  4.15707112E-01  5.05373701E+00  5.63463625E-01  1.79610935E-01
 -6.92517767E+00  1.00000000E+00  4.28852828E+00 -1.12501886E+00  4.15692884E-01  5.05556125E+00  5.63389914E-01  1.79686854E-01
 -6.87558376E+00  1.00000000E+00  4.25932510E+00 -1.12469143E+00  4.15701531E-01  5.05348171E+00  5.63430909E-01  1.79602032E-01
 -6.82598985E+00  1.00000000E+00  4.23012192E+00 -1.12436412E+00  4.15708686E-01  5.05140302E+00  5.63471944E-01  1.79517243E-01
 -6.77639594E+00  1.00000000E+00  4.20093495E+00 -1.12452168E+00  4.15718402E-01  5.05173171E+00  5.63507345E-01  1.79528975E-01
 -6.72680204E+00  1.00000000E+00  4.17174799E+00 -1.12467925E+00  4.15720874E-01  5.05206043E+00  5.63542753E-01  1.79540707E-01
 -6.67720813E+00  1.00000000E+00  4.14252901E+00 -1.12481108E+00  4.15708864E-01  5.05362911E+00  5.63459706E-01  1.79606776E-01
 -6.62761422E+00  1.00000000E+00  4.11331003E+00 -1.12494294E+00  4.15694664E-01  5.05519829E+00  5.63376681E-01  1.79672865E-01
 -6.57802031E+00  1.00000000E+00  4.08412618E+00 -1.12463828E+00  4.15711637E-01  5.05326979E+00  5.63424880E-01  1.79593796E-01
 -6.52842640E+00  1.00000000E+00  4.05494233E+00 -1.12433373E+00  4.15712135E-01  5.05134202E+00  5.63473121E-01  1.79514756E-01
 -6.47883249E+00  1.00000000E+00  4.02573152E+00 -1.12449725E+00  4.15716564E-01  5.05166397E+00  5.63504290E-01  1.79526387E-01
 -6.42923858E+00  1.00000000E+00  3.99652071E+00 -1.12466078E+00  4.15720754E-01  5.05198595E+00  5.63535467E-01  1.79538019E-01
 -6.37964468E+00  1.00000000E+00  3.96731219E+00 -1.12483897E+00  4.15713320E-01  5.05386612E+00  5.63455313E-01  1.79616432E-01
 -6.33005077E+00  1.00000000E+00  3.93810367E+00 -1.12501723E+00  4.15699357E-01  5.05574703E+00  5.63375182E-01  1.79694874E-01
 -6.28045686E+00  1.00000000E+00  3.90889867E+00 -1.12469428E+00  4.15705895E-01  5.05350534E+00  5.63429151E-01  1.79603048E-01
 -6.23086295E+00  1.00000000E+00  3.87969367E+00 -1.12437147E+00  4.15711761E-01  5.05126466E+00  5.63483162E-01  1.79511260E-01
 -6.18126904E+00  1.00000000E+00  3.85051801E+00 -1.12452192E+00  4.15716970E-01  5.05173978E+00  5.63506539E-01  1.79529330E-01
 -6.13167513E+00  1.00000000E+00  3.82134236E+00 -1.12467240E+00  4.15713657E-01  5.05221496E+00  5.63529923E-01  1.79547401E-01
 -6.08208123E+00  1.00000000E+00  3.79211568E+00 -1.12479250E+00  4.15706090E-01  5.05333543E+00  5.63483753E-01  1.79594067E-01
 -6.03248732E+00  1.00000000E+00  3.76288900E+00 -1.12491263E+00  4.15693282E-01  5.05445616E+00  5.63437593E-01  1.79640743E-01
 -5.98289341E+00  1.00000000E+00  3.73369013E+00 -1.12469353E+00  4.15699856E-01  5.05318944E+00  5.63459095E-01  1.79589214E-01
 -5.93329950E+00  1.00000000E+00  3.70449125E+00 -1.12447448E+00  4.15702197E-01  5.05192303E+00  5.63480616E-01  1.79537697E-01
 -5.88370559E+00  1.00000000E+00  3.67530005E+00 -1.12457865E+00  4.15706427E-01  5.05224981E+00  5.63487342E-01  1.79550499E-01
 -5.83411168E+00  1.00000000E+00  3.64610885E+00 -1.12468283E+00  4.15715416E-01  5.05257662E+00  5.63494071E-01  1.79563302E-01
 -5.78451777E+00  1.00000000E+00  3.61689937E+00 -1.12486974E+00  4.15715571E-01  5.05398135E+00  5.63449870E-01  1.79621259E-01
 -5.73492387E+00  1.00000000E+00  3.58768989E+00 -1.12505670E+00  4.15705164E-01  5.05538649E+00  5.63405686E-01  1.79679232E-01
 -5.68532996E+00  1.00000000E+00  3.55848733E+00 -1.12477906E+00  4.15705097E-01  5.05365623E+00  5.63447353E-01  1.79608355E-01
 -5.63573605E+00  1.00000000E+00  3.52928476E+00 -1.12450150E+00  4.15705440E-01  5.05192658E+00  5.63489052E-01  1.79537501E-01
 -5.58614214E+00  1.00000000E+00  3.50009567E+00 -1.12459983E+00  4.15710363E-01  5.05214838E+00  5.63505972E-01  1.79545696E-01
 -5.53654823E+00  1.00000000E+00  3.47090657E+00 -1.12469817E+00  4.15714121E-01  5.05237019E+00  5.63522894E-01  1.79553892E-01
 -5.48695432E+00  1.00000000E+00  3.44169108E+00 -1.12485855E+00  4.15710962E-01  5.05373400E+00  5.63461286E-01  1.79610908E-01
 -5.43736041E+00  1.00000000E+00  3.41247559E+00 -1.12501897E+00  4.15707924E-01  5.05509817E+00  5.63399698E-01  1.79667939E-01
 -5.38776651E+00  1.00000000E+00  3.38328093E+00 -1.12470336E+00  4.15716683E-01  5.05332467E+00  5.63435258E-01  1.79595576E-01
 -5.33817260E+00  1.00000000E+00  3.35408627E+00 -1.12438784E+00  4.15712137E-01  5.05155179E+00  5.63470859E-01  1.79523237E-01
 -5.28857869E+00  1.00000000E+00  3.32487989E+00 -1.12452850E+00  4.15711639E-01  5.05180864E+00  5.63499600E-01  1.79532362E-01
 -5.23898478E+00  1.00000000E+00  3.29567352E+00 -1.12466916E+00  4.15711900E-01  5.05206552E+00  5.63528346E-01  1.79541487E-01
 -5.18939087E+00  1.00000000E+00  3.26646737E+00 -1.12486013E+00  4.15707405E-01  5.05369851E+00  5.63470035E-01  1.79609139E-01
 -5.13979696E+00  1.00000000E+00  3.23726122E+00 -1.12505115E+00  4.15693896E-01  5.05533204E+00  5.63411744E-01  1.79676812E-01
 -5.09020305E+00  1.00000000E+00  3.20805972E+00 -1.12478277E+00  4.15696995E-01  5.05359591E+00  5.63455329E-01  1.79605623E-01
 -5.04060915E+00  1.00000000E+00  3.17885821E+00 -1.12451448E+00  4.15699628E-01  5.05186037E+00  5.63498945E-01  1.79534457E-01
 -4.99101524E+00  1.00000000E+00  3.14967074E+00 -1.12460542E+00  4.15707053E-01  5.05209707E+00  5.63511455E-01  1.79543425E-01
 -4.94142133E+00  1.00000000E+00  3.12048327E+00 -1.12469637E+00  4.15713138E-01  5.05233378E+00  5.63523967E-01  1.79552393E-01
 -4.89182742E+00  1.00000000E+00  3.09126742E+00 -1.12485512E+00  4.15711333E-01  5.05370861E+00  5.63461471E-01  1.79609886E-01
 -4.84223351E+00  1.00000000E+00  3.06205158E+00 -1.12501392E+00  4.15709339E-01  5.05508382E+00  5.63398995E-01  1.79667393E-01
 -4.79263960E+00  1.00000000E+00  3.03286064E+00 -1.12469592E+00  4.15717931E-01  5.05328568E+00  5.63435251E-01  1.79594017E-01
 -4.74304569E+00  1.00000000E+00  3.00366969E+00 -1.12437802E+00  4.15713854E-01  5.05148817E+00  5.63471548E-01  1.79520665E-01
 -4.69345179E+00  1.00000000E+00  2.97446045E+00 -1.12451531E+00  4.15714398E-01  5.05176165E+00  5.63497595E-01  1.79530562E-01
 -4.64385788E+00  1.00000000E+00  2.94525121E+00 -1.12465260E+00  4.15715343E-01  5.05203515E+00  5.63523647E-01  1.79540460E-01
 -4.59426397E+00  1.00000000E+00  2.91605227E+00 -1.12487508E+00  4.15709809E-01  5.05389727E+00  5.63462556E-01  1.79617388E-01
 -4.54467006E+00  1.00000000E+00  2.88685332E+00 -1.12509763E+00  4.15694029E-01  5.05576008E+00  5.63401490E-01  1.79694344E-01
 -4.49507615E+00  1.00000000E+00  2.85763111E+00 -1.12509105E+00  4.15693343E-01  5.05634556E+00  5.63349483E-01  1.79719843E-01
 -4.44548224E+00  1.00000000E+00  2.82840890E+00 -1.12508447E+00  4.15687180E-01  5.05693111E+00  5.63297481E-01  1.79745345E-01
 -4.39588833E+00  1.00000000E+00  2.79922908E+00 -1.12469544E+00  4.15699921E-01  5.05419047E+00  5.63379307E-01  1.79632447E-01
 -4.34629443E+00  1.00000000E+00  2.77004926E+00 -1.12430659E+00  4.15715487E-01  5.05145133E+00  5.63461205E-01  1.79519605E-01
 -4.29670052E+00  1.00000000E+00  2.74084725E+00 -1.12459720E+00  4.15712345E-01  5.05362606E+00  5.63389967E-01  1.79609444E-01
 -4.24710661E+00  1.00000000E+00  2.71164525E+00 -1.12488793E+00  4.15693151E-01  5.05580173E+00  5.63318773E-01  1.79699318E-01
 -4.19751270E+00  1.00000000E+00  2.68242591E+00 -1.12462224E+00  4.15711481E-01  5.05358621E+00  5.63398068E-01  1.79607526E-01
 -4.14791879E+00  1.00000000E+00  2.65320656E+00 -1.12435666E+00  4.15724954E-01  5.05137167E+00  5.63477403E-01  1.79515771E-01
 -4.09832488E+00  1.00000000E+00  2.62402371E+00 -1.12439651E+00  4.15726933E-01  5.05124248E+00  5.63499850E-01  1.79509705E-01
 -4.04873097E+00  1.00000000E+00  2.59484086E+00 -1.12443635E+00  4.15723719E-01  5.05111329E+00  5.63522298E-01  1.79503640E-01
 -3.99913707E+00  1.00000000E+00  2.56563930E+00 -1.12454576E+00  4.15727116E-01  5.05167734E+00  5.63523297E-01  1.79526162E-01
 -3.94954316E+00  1.00000000E+00  2.53643773E+00 -1.12465519E+00  4.15722396E-01  5.05224144E+00  5.63524298E-01  1.79548686E-01
 -3.89994925E+00  1.00000000E+00  2.50722891E+00 -1.12491931E+00  4.15708838E-01  5.05490152E+00  5.63400005E-01  1.79660060E-01
 -3.85035534E+00  1.00000000E+00  2.47802009E+00 -1.12518356E+00  4.15698002E-01  5.05756303E+00  5.63275772E-01  1.79771490E-01
 -3.80076143E+00  1.00000000E+00  2.44881102E+00 -1.12476683E+00  4.15704907E-01  5.05486035E+00  5.63340627E-01  1.79660789E-01
 -3.75116752E+00  1.00000000E+00  2.41960196E+00 -1.12435029E+00  4.15707948E-01  5.05215912E+00  5.63405555E-01  1.79550142E-01
 -3.70157361E+00  1.00000000E+00  2.39041419E+00 -1.12463353E+00  4.15709474E-01  5.05370882E+00  5.63391891E-01  1.79612677E-01
 -3.65197971E+00  1.00000000E+00  2.36122643E+00 -1.12491685E+00  4.15697042E-01  5.05525901E+00  5.63378253E-01  1.79675230E-01
 -3.60238580E+00  1.00000000E+00  2.33198855E+00 -1.12487096E+00  4.15696965E-01  5.05438787E+00  5.63417633E-01  1.79638809E-01
 -3.55279189E+00  1.00000000E+00  2.30275068E+00 -1.12482506E+00  4.15713517E-01  5.05351689E+00  5.63457015E-01  1.79602395E-01
 -3.50319798E+00  1.00000000E+00  2.27359283E+00 -1.12477901E+00  4.15720519E-01  5.05290532E+00  5.63497849E-01  1.79576299E-01
 -3.45360407E+00  1.00000000E+00  2.24443498E+00 -1.12473295E+00  4.15723244E-01  5.05229382E+00  5.63538687E-01  1.79550205E-01
 -3.40401016E+00  1.00000000E+00  2.21520775E+00 -1.12482990E+00  4.15714534E-01  5.05436605E+00  5.63409756E-01  1.79638252E-01
 -3.35441626E+00  1.00000000E+00  2.18598052E+00 -1.12492688E+00  4.15693016E-01  5.05643921E+00  5.63280856E-01  1.79726334E-01
 -3.30482235E+00  1.00000000E+00  2.15679035E+00 -1.12460786E+00  4.15699756E-01  5.05406982E+00  5.63355513E-01  1.79628572E-01
 -3.25522844E+00  1.00000000E+00  2.12760018E+00 -1.12428896E+00  4.15703490E-01  5.05170155E+00  5.63430221E-01  1.79530853E-01
 -3.20563453E+00  1.00000000E+00  2.09838324E+00 -1.12443886E+00  4.15717298E-01  5.05156253E+00  5.63486095E-01  1.79523057E-01
 -3.15604062E+00  1.00000000E+00  2.06916631E+00 -1.12458876E+00  4.15729135E-01  5.05142354E+00  5.63541977E-01  1.79515263E-01
 -3.10644671E+00  1.00000000E+00  2.03998940E+00 -1.12454441E+00  4.15729964E-01  5.05139258E+00  5.63540818E-01  1.79514071E-01
 -3.05685280E+00  1.00000000E+00  2.01081249E+00 -1.12450005E+00  4.15718691E-01  5.05136162E+00  5.63539660E-01  1.79512879E-01
 -3.00725890E+00  1.00000000E+00  1.98158825E+00 -1.12463634E+00  4.15709670E-01  5.05346105E+00  5.63418331E-01  1.79601709E-01
 -2.95766499E+00  1.00000000E+00  1.95236402E+00 -1.12477267E+00  4.15696610E-01  5.05556140E+00  5.63297036E-01  1.79690575E-01
 -2.90807108E+00  1.00000000E+00  1.92317118E+00 -1.12452877E+00  4.15709782E-01  5.05364738E+00  5.63367926E-01  1.79611178E-01
 -2.85847717E+00  1.00000000E+00  1.89397835E+00 -1.12428495E+00  4.15715663E-01  5.05173410E+00  5.63438851E-01  1.79531810E-01
 -2.80888326E+00  1.00000000E+00  1.86478876E+00 -1.12481887E+00  4.15703556E-01  5.05508683E+00  5.63367266E-01  1.79668782E-01
 -2.75928935E+00  1.00000000E+00  1.83559917E+00 -1.12535310E+00  4.15678154E-01  5.05844178E+00  5.63295794E-01  1.79805839E-01
 -2.70969544E+00  1.00000000E+00  1.80637396E+00 -1.12502904E+00  4.15686255E-01  5.05658595E+00  5.63306397E-01  1.79731182E-01
 -2.66010154E+00  1.00000000E+00  1.77714875E+00 -1.12470509E+00  4.15706502E-01  5.05473081E+00  5.63317028E-01  1.79656551E-01
 -2.61050763E+00  1.00000000E+00  1.74795755E+00 -1.12465558E+00  4.15720684E-01  5.05347789E+00  5.63408017E-01  1.79602795E-01
 -2.56091372E+00  1.00000000E+00  1.71876636E+00 -1.12460609E+00  4.15725313E-01  5.05222532E+00  5.63499022E-01  1.79549052E-01
 -2.51131981E+00  1.00000000E+00  1.68957399E+00 -1.12462826E+00  4.15729606E-01  5.05224026E+00  5.63505238E-01  1.79549401E-01
 -2.46172590E+00  1.00000000E+00  1.66038162E+00 -1.12465043E+00  4.15729952E-01  5.05225521E+00  5.63511453E-01  1.79549750E-01
 -2.41213199E+00  1.00000000E+00  1.63116698E+00 -1.12482318E+00  4.15722084E-01  5.05407946E+00  5.63427452E-01  1.79626080E-01
 -2.36253808E+00  1.00000000E+00  1.60195234E+00 -1.12499599E+00  4.15705763E-01  5.05590440E+00  5.63343476E-01  1.79702437E-01
 -2.31294418E+00  1.00000000E+00  1.57274871E+00 -1.12470936E+00  4.15710410E-01  5.05389566E+00  5.63404030E-01  1.79619665E-01
 -2.26335027E+00  1.00000000E+00  1.54354507E+00 -1.12442282E+00  4.15713418E-01  5.05188772E+00  5.63464624E-01  1.79536924E-01
 -2.21375636E+00  1.00000000E+00  1.51434497E+00 -1.12453588E+00  4.15710009E-01  5.05183974E+00  5.63506278E-01  1.79533338E-01
 -2.16416245E+00  1.00000000E+00  1.48514488E+00 -1.12464893E+00  4.15706358E-01  5.05179177E+00  5.63547937E-01  1.79529753E-01
 -2.11456854E+00  1.00000000E+00  1.45595055E+00 -1.12466697E+00  4.15705561E-01  5.05244801E+00  5.63497006E-01  1.79558040E-01
 -2.06497463E+00  1.00000000E+00  1.42675622E+00 -1.12468502E+00  4.15700421E-01  5.05310435E+00  5.63446079E-01  1.79586331E-01
 -2.01538072E+00  1.00000000E+00  1.39754274E+00 -1.12470921E+00  4.15697213E-01  5.05272841E+00  5.63485647E-01  1.79569710E-01
 -1.96578682E+00  1.00000000E+00  1.36832927E+00 -1.12473339E+00  4.15701008E-01  5.05235250E+00  5.63525218E-01  1.79553091E-01
 -1.91619291E+00  1.00000000E+00  1.33913540E+00 -1.12469901E+00  4.15688882E-01  5.05298882E+00  5.63475070E-01  1.79580550E-01
 -1.86659900E+00  1.00000000E+00  1.30994153E+00 -1.12466461E+00  4.15659210E-01  5.05362525E+00  5.63424923E-01  1.79608013E-01
 -1.81700509E+00  1.00000000E+00  1.28071482E+00 -1.12468591E+00  4.15647723E-01  5.05291501E+00  5.63479538E-01  1.79577419E-01
 -1.76741118E+00  1.00000000E+00  1.25148811E+00 -1.12470721E+00  4.15646202E-01  5.05220490E+00  5.63534156E-01  1.79546830E-01
 -1.71781727E+00  1.00000000E+00  1.22232391E+00 -1.12468069E+00  4.15627081E-01  5.05218544E+00  5.63535217E-01  1.79546009E-01
 -1.66822336E+00  1.00000000E+00  1.19315971E+00 -1.12465417E+00  4.15595432E-01  5.05216598E+00  5.63536279E-01  1.79545188E-01
 -1.61862946E+00  1.00000000E+00  1.16395680E+00 -1.12465756E+00  4.15570774E-01  5.05152788E+00  5.63583701E-01  1.79517767E-01
 -1.56903555E+00  1.00000000E+00  1.13475388E+00 -1.12466094E+00  4.15548916E-01  5.05088987E+00  5.63631126E-01  1.79490350E-01
 -1.51944164E+00  1.00000000E+00  1.10559540E+00 -1.12472285E+00  4.15501446E-01  5.05215429E+00  5.63564459E-01  1.79543593E-01
 -1.46984773E+00  1.00000000E+00  1.07643693E+00 -1.12478478E+00  4.15430471E-01  5.05341907E+00  5.63497799E-01  1.79596851E-01
 -1.42025382E+00  1.00000000E+00  1.04724277E+00 -1.12456332E+00  4.15391558E-01  5.05141656E+00  5.63579234E-01  1.79513493E-01
 -1.37065991E+00  1.00000000E+00  1.01804861E+00 -1.12434194E+00  4.15352505E-01  5.04941486E+00  5.63660703E-01  1.79430166E-01
 -1.32106600E+00  1.00000000E+00  9.88927365E-01 -1.12478587E+00  4.15293277E-01  5.05137248E+00  5.63670579E-01  1.79508076E-01
 -1.27147210E+00  1.00000000E+00  9.59806117E-01 -1.12522995E+00  4.15200720E-01  5.05333085E+00  5.63680514E-01  1.79586014E-01
 -1.22187819E+00  1.00000000E+00  9.30738641E-01 -1.12478009E+00  4.15112032E-01  5.05041619E+00  5.63761143E-01  1.79466202E-01
 -1.17228428E+00  1.00000000E+00  9.01671165E-01 -1.12433045E+00  4.15024156E-01  5.04750320E+00  5.63841867E-01  1.79346453E-01
 -1.12269037E+00  1.00000000E+00  8.72669004E-01 -1.12437374E+00  4.14938241E-01  5.04645221E+00  5.63944795E-01  1.79300297E-01
 -1.07309646E+00  1.00000000E+00  8.43666844E-01 -1.12441702E+00  4.14834245E-01  5.04540149E+00  5.64047736E-01  1.79254150E-01
 -1.02350255E+00  1.00000000E+00  8.14779851E-01 -1.12437783E+00  4.14713146E-01  5.04452750E+00  5.64125706E-01  1.79216072E-01
 -9.73908645E-01  1.00000000E+00  7.85892859E-01 -1.12433864E+00  4.14602054E-01  5.04365368E+00  5.64203690E-01  1.79178000E-01
 -9.24314736E-01  1.00000000E+00  7.57167155E-01 -1.12407384E+00  4.14544708E-01  5.04331635E+00  5.64107441E-01  1.79168357E-01
 -8.74720828E-01  1.00000000E+00  7.28441452E-01 -1.12380906E+00  4.14494152E-01  5.04297908E+00  5.64011215E-01  1.79158715E-01
 -8.25312107E-01  1.00000000E+00  7.00108244E-01 -1.12409559E+00  4.14472692E-01  5.04258685E+00  5.64189924E-01  1.79135877E-01
 -7.75903387E-01  1.00000000E+00  6.71775037E-01 -1.12438212E+00  4.14487393E-01  5.04219475E+00  5.64368684E-01  1.79113043E-01
 -7.30665613E-01  1.00000000E+00  6.46173438E-01 -1.12457916E+00  4.14742993E-01  5.04405231E+00  5.64272623E-01  1.79191187E-01
 -6.85427839E-01  1.00000000E+00  6.20571840E-01 -1.12477625E+00  4.14987267E-01  5.04591056E+00  5.64176601E-01  1.79269359E-01
 -6.45465100E-01  1.00000000E+00  5.98384145E-01 -1.12442837E+00  4.15462123E-01  5.04907068E+00  5.63708706E-01  1.79414479E-01
 -6.05502361E-01  1.00000000E+00  5.76196451E-01 -1.12408042E+00  4.16033210E-01  5.05223348E+00  5.63241123E-01  1.79559694E-01
 -5.70199545E-01  1.00000000E+00  5.56987116E-01 -1.12399975E+00  4.16795032E-01  5.05703921E+00  5.62756742E-01  1.79771299E-01
 -5.34896729E-01  1.00000000E+00  5.37777781E-01 -1.12391909E+00  4.17731725E-01  5.06185029E+00  5.62272720E-01  1.79983103E-01
 -5.03710456E-01  1.00000000E+00  5.21124912E-01 -1.12521525E+00  4.18917386E-01  5.07256537E+00  5.61840610E-01  1.80428990E-01
 -4.72524184E-01  1.00000000E+00  5.04472042E-01 -1.12651385E+00  4.20279886E-01  5.08330348E+00  5.61409620E-01  1.80875755E-01
 -4.44974441E-01  1.00000000E+00  4.90523467E-01 -1.12830279E+00  4.22092236E-01  5.09943381E+00  5.60700944E-01  1.81549315E-01
 -4.17424698E-01  1.00000000E+00  4.76574892E-01 -1.13009676E+00  4.24080852E-01  5.11561642E+00  5.59994731E-01  1.82224868E-01
 -3.93087440E-01  1.00000000E+00  4.64622412E-01 -1.13127895E+00  4.26061933E-01  5.13097477E+00  5.59108706E-01  1.82874642E-01
 -3.68750182E-01  1.00000000E+00  4.52669933E-01 -1.13246433E+00  4.28595978E-01  5.14638142E+00  5.58224916E-01  1.83526260E-01
 -3.47250809E-01  1.00000000E+00  4.42618063E-01 -1.13186119E+00  4.31536163E-01  5.16908702E+00  5.55830535E-01  1.84530259E-01
 -3.25751437E-01  1.00000000E+00  4.32566193E-01 -1.13125817E+00  4.34917665E-01  5.19191103E+00  5.53445007E-01  1.85538641E-01
 -3.06759035E-01  1.00000000E+00  4.24203730E-01 -1.13536669E+00  4.38434327E-01  5.22132637E+00  5.52591932E-01  1.86749377E-01
 -2.87766633E-01  1.00000000E+00  4.15841266E-01 -1.13949583E+00  4.42341741E-01  5.25090935E+00  5.51746933E-01  1.87966497E-01
 -2.70988873E-01  1.00000000E+00  4.09127832E-01 -1.14021057E+00  4.46789232E-01  5.28482990E+00  5.48993890E-01  1.89433440E-01
 -2.54211113E-01  1.00000000E+00  4.02414397E-01 -1.14093174E+00  4.51548730E-01  5.31899318E+00  5.46254737E-01  1.90909538E-01
 -2.39389755E-01  1.00000000E+00  3.97077267E-01 -1.14297474E+00  4.56659173E-01  5.35663383E+00  5.43852999E-01  1.92511233E-01
 -2.24568396E-01  1.00000000E+00  3.91740136E-01 -1.14503138E+00  4.62173454E-01  5.39455859E+00  5.41464658E-01  1.94123757E-01
 -2.11472015E-01  1.00000000E+00  3.87639402E-01 -1.14822306E+00  4.68091597E-01  5.44046452E+00  5.38896649E-01  1.96062715E-01
 -1.98375634E-01  1.00000000E+00  3.83538667E-01 -1.15143937E+00  4.74419164E-01  5.48678066E+00  5.36347003E-01  1.98017346E-01
 -1.85977157E-01  1.00000000E+00  3.80495116E-01 -1.15735397E+00  4.81894222E-01  5.54493434E+00  5.34004217E-01  2.00437205E-01
 -1.73578680E-01  1.00000000E+00  3.77451566E-01 -1.16332371E+00  4.89854344E-01  5.60371881E+00  5.31687864E-01  2.02881238E-01
 -1.61180203E-01  1.00000000E+00  3.75467494E-01 -1.16406627E+00  4.99791025E-01  5.67363162E+00  5.26316548E-01  2.05892603E-01
 -1.48781726E-01  1.00000000E+00  3.73483423E-01 -1.16482407E+00  5.10439475E-01  5.74451957E+00  5.20996556E-01  2.08940921E-01
 -1.36383248E-01  1.00000000E+00  3.73630597E-01 -1.17174860E+00  5.23787136E-01  5.84545274E+00  5.16040438E-01  2.13176492E-01
 -1.23984771E-01  1.00000000E+00  3.73777771E-01 -1.17877953E+00  5.38582063E-01  5.94824221E+00  5.11156992E-01  2.17483409E-01
 -1.11586294E-01  1.00000000E+00  3.72407841E-01 -1.18501644E+00  5.58609304E-01  6.06420363E+00  5.05112901E-01  2.22363629E-01
 -9.91878171E-02  1.00000000E+00  3.71037912E-01 -1.19136014E+00  5.79360964E-01  6.18255939E+00  4.99162077E-01  2.27335893E-01
 -8.67893400E-02  1.00000000E+00  3.93962053E-01 -1.17449358E+00  6.09730918E-01  6.47756474E+00  4.72831788E-01  2.40189318E-01
 -7.43908628E-02  1.00000000E+00  4.16886194E-01 -1.15710035E+00  6.51260299E-01  6.78983630E+00  4.47582673E-01  2.53690145E-01
 -6.19923857E-02  1.00000000E+00  3.71108800E-01 -1.04747020E+00  7.05430210E-01  6.70436547E+00  4.17232511E-01  2.51485318E-01
 -4.95939085E-02  1.00000000E+00  3.25331407E-01 -9.40214613E-01  7.47537414E-01  6.62677595E+00  3.89939621E-01  2.49473453E-01
 -3.71954314E-02  1.00000000E+00  6.48195244E-01 -1.67946947E+00  8.44180193E-01  8.74963060E+00  5.25894293E-01  3.28949452E-01
 -2.47969543E-02  1.00000000E+00  9.71059081E-01 -2.69941471E+00  1.04919172E+00  1.17134103E+01  7.81340344E-01  4.37282800E-01
 -1.23984771E-02  1.00000000E+00  1.27322804E-01  8.28060310E-01  1.75435853E+00  9.31360110E+00  2.74503086E-01  3.61563921E-01
  0.00000000E+00  1.00000000E+00 -7.16413473E-01  5.42053128E+00  3.64764059E+00  1.40223852E+01  2.22920083E+00  4.71727373E-01
