# curve 5 (die wall), step =      500, time =   2.00000000E+02
# N1 = tau_xx - tau_yy = G ( c_xx - c_yy ),  G =  1.3333E-01  (polymer part only)
#              x               y        pressure            c_xy        gammadot            c_xx            c_yy              N1
 -1.00000000E+01  1.00000000E+00  8.23057318E+00 -1.42661894E+00  4.03842089E-01  5.13078073E+00  9.79942830E-01  5.53445053E-01
 -9.95040609E+00  1.00000000E+00  8.19138889E+00 -1.42596366E+00  4.03837536E-01  5.12875592E+00  9.79804764E-01  5.53193487E-01
 -9.90081218E+00  1.00000000E+00  8.15220460E+00 -1.42530863E+00  4.03831262E-01  5.12673192E+00  9.79666785E-01  5.52942018E-01
 -9.85121827E+00  1.00000000E+00  8.11351988E+00 -1.42588785E+00  4.03832210E-01  5.12879315E+00  9.79792341E-01  5.53200108E-01
 -9.80162437E+00  1.00000000E+00  8.07483515E+00 -1.42646730E+00  4.03867854E-01  5.13085521E+00  9.79917958E-01  5.53458300E-01
 -9.75203046E+00  1.00000000E+00  8.03584333E+00 -1.42615321E+00  4.03824942E-01  5.12960944E+00  9.79825084E-01  5.53304580E-01
 -9.70243655E+00  1.00000000E+00  7.99685152E+00 -1.42583919E+00  4.03787850E-01  5.12836397E+00  9.79732227E-01  5.53150899E-01
 -9.65284264E+00  1.00000000E+00  7.95800041E+00 -1.42637683E+00  4.03806431E-01  5.12900545E+00  9.80001385E-01  5.53200541E-01
 -9.60324873E+00  1.00000000E+00  7.91914930E+00 -1.42691459E+00  4.03733590E-01  5.12964709E+00  9.80270637E-01  5.53250193E-01
 -9.55365482E+00  1.00000000E+00  7.88053085E+00 -1.42718186E+00  4.03671407E-01  5.13166060E+00  9.80239554E-01  5.53522806E-01
 -9.50406091E+00  1.00000000E+00  7.84191239E+00 -1.42744920E+00  4.03686626E-01  5.13367494E+00  9.80208478E-01  5.53795528E-01
 -9.45446701E+00  1.00000000E+00  7.80261519E+00 -1.42676557E+00  4.03626289E-01  5.13126893E+00  9.80069928E-01  5.53493201E-01
 -9.40487310E+00  1.00000000E+00  7.76331799E+00 -1.42608224E+00  4.03647360E-01  5.12886406E+00  9.79931466E-01  5.53191012E-01
 -9.35527919E+00  1.00000000E+00  7.72466214E+00 -1.42704953E+00  4.03707674E-01  5.13106810E+00  9.80129663E-01  5.53458459E-01
 -9.30568528E+00  1.00000000E+00  7.68600629E+00 -1.42801722E+00  4.03721358E-01  5.13327322E+00  9.80328088E-01  5.53726017E-01
 -9.25609137E+00  1.00000000E+00  7.64712504E+00 -1.42741924E+00  4.03690809E-01  5.13288764E+00  9.80144431E-01  5.53699094E-01
 -9.20649746E+00  1.00000000E+00  7.60824379E+00 -1.42682130E+00  4.03759032E-01  5.13250225E+00  9.79960877E-01  5.53672184E-01
 -9.15690355E+00  1.00000000E+00  7.56924664E+00 -1.42656638E+00  4.03729179E-01  5.13099663E+00  9.79921554E-01  5.53476677E-01
 -9.10730965E+00  1.00000000E+00  7.53024948E+00 -1.42631151E+00  4.03726564E-01  5.12949145E+00  9.79882235E-01  5.53281229E-01
 -9.05771574E+00  1.00000000E+00  7.49144044E+00 -1.42649436E+00  4.03815652E-01  5.13103936E+00  9.79816090E-01  5.53496435E-01
 -9.00812183E+00  1.00000000E+00  7.45263140E+00 -1.42667724E+00  4.03903579E-01  5.13258775E+00  9.79749955E-01  5.53711706E-01
 -8.95852792E+00  1.00000000E+00  7.41376829E+00 -1.42665769E+00  4.03860407E-01  5.13146117E+00  9.79862815E-01  5.53546448E-01
 -8.90893401E+00  1.00000000E+00  7.37490518E+00 -1.42663814E+00  4.03783237E-01  5.13033488E+00  9.79975684E-01  5.53381226E-01
 -8.85934010E+00  1.00000000E+00  7.33607578E+00 -1.42670239E+00  4.03817609E-01  5.13130499E+00  9.79947589E-01  5.53514320E-01
 -8.80974619E+00  1.00000000E+00  7.29724638E+00 -1.42676665E+00  4.03851165E-01  5.13227530E+00  9.79919492E-01  5.53647442E-01
 -8.76015229E+00  1.00000000E+00  7.25826900E+00 -1.42648219E+00  4.03794293E-01  5.13073208E+00  9.79878476E-01  5.53447148E-01
 -8.71055838E+00  1.00000000E+00  7.21929161E+00 -1.42619781E+00  4.03764343E-01  5.12918933E+00  9.79837468E-01  5.53246915E-01
 -8.66096447E+00  1.00000000E+00  7.18048928E+00 -1.42603139E+00  4.03797003E-01  5.12886664E+00  9.79818014E-01  5.53206483E-01
 -8.61137056E+00  1.00000000E+00  7.14168695E+00 -1.42586497E+00  4.03828817E-01  5.12854397E+00  9.79798569E-01  5.53166054E-01
 -8.56177665E+00  1.00000000E+00  7.10276721E+00 -1.42602386E+00  4.03818856E-01  5.12885056E+00  9.79838582E-01  5.53201597E-01
 -8.51218274E+00  1.00000000E+00  7.06384747E+00 -1.42618277E+00  4.03793040E-01  5.12915718E+00  9.79878602E-01  5.53237143E-01
 -8.46258884E+00  1.00000000E+00  7.02503823E+00 -1.42689521E+00  4.03789859E-01  5.13109849E+00  9.80059889E-01  5.53471813E-01
 -8.41299493E+00  1.00000000E+00  6.98622900E+00 -1.42760793E+00  4.03752651E-01  5.13304057E+00  9.80241286E-01  5.53706571E-01
 -8.36340102E+00  1.00000000E+00  6.94730878E+00 -1.42671423E+00  4.03713891E-01  5.13116958E+00  9.80002506E-01  5.53488943E-01
 -8.31380711E+00  1.00000000E+00  6.90838857E+00 -1.42582086E+00  4.03786703E-01  5.12929939E+00  9.79763916E-01  5.53271397E-01
 -8.26421320E+00  1.00000000E+00  6.86945624E+00 -1.42597766E+00  4.03777502E-01  5.12907071E+00  9.79818175E-01  5.53233671E-01
 -8.21461929E+00  1.00000000E+00  6.83052392E+00 -1.42613444E+00  4.03768943E-01  5.12884206E+00  9.79872442E-01  5.53195949E-01
 -8.16502538E+00  1.00000000E+00  6.79178558E+00 -1.42700548E+00  4.03788662E-01  5.13123728E+00  9.80109465E-01  5.53483708E-01
 -8.11543148E+00  1.00000000E+00  6.75304723E+00 -1.42787695E+00  4.03718323E-01  5.13363366E+00  9.80346649E-01  5.53771602E-01
 -8.06583757E+00  1.00000000E+00  6.71403521E+00 -1.42684955E+00  4.03675254E-01  5.13152579E+00  9.80034153E-01  5.53532218E-01
 -8.01624366E+00  1.00000000E+00  6.67502318E+00 -1.42582261E+00  4.03755232E-01  5.12941894E+00  9.79721909E-01  5.53292937E-01
 -7.96664975E+00  1.00000000E+00  6.63615779E+00 -1.42605889E+00  4.03763920E-01  5.12938521E+00  9.79817972E-01  5.53275632E-01
 -7.91705584E+00  1.00000000E+00  6.59729239E+00 -1.42629516E+00  4.03780079E-01  5.12935153E+00  9.79914052E-01  5.53258330E-01
 -7.86746193E+00  1.00000000E+00  6.55850443E+00 -1.42690506E+00  4.03819481E-01  5.13135120E+00  9.80001418E-01  5.53513304E-01
 -7.81786802E+00  1.00000000E+00  6.51971646E+00 -1.42751518E+00  4.03825674E-01  5.13335166E+00  9.80088863E-01  5.53768373E-01
 -7.76827412E+00  1.00000000E+00  6.48080047E+00 -1.42668826E+00  4.03777553E-01  5.13154862E+00  9.79906115E-01  5.53552334E-01
 -7.71868021E+00  1.00000000E+00  6.44188447E+00 -1.42586163E+00  4.03834200E-01  5.12974631E+00  9.79723534E-01  5.53336371E-01
 -7.66908630E+00  1.00000000E+00  6.40293673E+00 -1.42596349E+00  4.03813185E-01  5.12941924E+00  9.79756006E-01  5.53288432E-01
 -7.61949239E+00  1.00000000E+00  6.36398900E+00 -1.42606533E+00  4.03788327E-01  5.12909222E+00  9.79788483E-01  5.53240498E-01
 -7.56989848E+00  1.00000000E+00  6.32527822E+00 -1.42705171E+00  4.03807104E-01  5.13140155E+00  9.80106068E-01  5.53506064E-01
 -7.52030457E+00  1.00000000E+00  6.28656744E+00 -1.42803858E+00  4.03728855E-01  5.13371202E+00  9.80423876E-01  5.53771753E-01
 -7.47071066E+00  1.00000000E+00  6.24753658E+00 -1.42692067E+00  4.03675784E-01  5.13146908E+00  9.80078397E-01  5.53518758E-01
 -7.42111676E+00  1.00000000E+00  6.20850572E+00 -1.42580330E+00  4.03756176E-01  5.12922732E+00  9.79733219E-01  5.53265880E-01
 -7.37152285E+00  1.00000000E+00  6.16963742E+00 -1.42603829E+00  4.03760751E-01  5.12922713E+00  9.79822535E-01  5.53253946E-01
 -7.32192894E+00  1.00000000E+00  6.13076911E+00 -1.42627329E+00  4.03774086E-01  5.12922697E+00  9.79911868E-01  5.53242014E-01
 -7.27233503E+00  1.00000000E+00  6.09197623E+00 -1.42690454E+00  4.03814269E-01  5.13129876E+00  9.80008326E-01  5.53505391E-01
 -7.22274112E+00  1.00000000E+00  6.05318335E+00 -1.42753603E+00  4.03816845E-01  5.13337140E+00  9.80104869E-01  5.53768870E-01
 -7.17314721E+00  1.00000000E+00  6.01426656E+00 -1.42668608E+00  4.03767453E-01  5.13152079E+00  9.79912471E-01  5.53547775E-01
 -7.12355330E+00  1.00000000E+00  5.97534978E+00 -1.42583644E+00  4.03826083E-01  5.12967095E+00  9.79720248E-01  5.53326760E-01
 -7.07395940E+00  1.00000000E+00  5.93640501E+00 -1.42594199E+00  4.03808235E-01  5.12936516E+00  9.79750849E-01  5.53281908E-01
 -7.02436549E+00  1.00000000E+00  5.89746023E+00 -1.42604752E+00  4.03787156E-01  5.12905942E+00  9.79781454E-01  5.53237062E-01
 -6.97477158E+00  1.00000000E+00  5.85875324E+00 -1.42706661E+00  4.03805174E-01  5.13140129E+00  9.80116870E-01  5.53504590E-01
 -6.92517767E+00  1.00000000E+00  5.82004625E+00 -1.42808622E+00  4.03721456E-01  5.13374436E+00  9.80452527E-01  5.53772244E-01
 -6.87558376E+00  1.00000000E+00  5.78102225E+00 -1.42698350E+00  4.03664616E-01  5.13150829E+00  9.80116328E-01  5.53518928E-01
 -6.82598985E+00  1.00000000E+00  5.74199826E+00 -1.42588131E+00  4.03743346E-01  5.12927339E+00  9.79780420E-01  5.53265729E-01
 -6.77639594E+00  1.00000000E+00  5.70311879E+00 -1.42605581E+00  4.03746445E-01  5.12919440E+00  9.79840068E-01  5.53247244E-01
 -6.72680204E+00  1.00000000E+00  5.66423933E+00 -1.42623031E+00  4.03762888E-01  5.12911543E+00  9.79899726E-01  5.53228761E-01
 -6.67720813E+00  1.00000000E+00  5.62544661E+00 -1.42686520E+00  4.03814521E-01  5.13125580E+00  9.79986291E-01  5.53502601E-01
 -6.62761422E+00  1.00000000E+00  5.58665390E+00 -1.42750034E+00  4.03828732E-01  5.13339706E+00  9.80072941E-01  5.53776549E-01
 -6.57802031E+00  1.00000000E+00  5.54774073E+00 -1.42667624E+00  4.03775055E-01  5.13157165E+00  9.79896535E-01  5.53556682E-01
 -6.52842640E+00  1.00000000E+00  5.50882756E+00 -1.42585243E+00  4.03830987E-01  5.12974698E+00  9.79720294E-01  5.53336892E-01
 -6.47883249E+00  1.00000000E+00  5.46988362E+00 -1.42595554E+00  4.03812551E-01  5.12944631E+00  9.79749126E-01  5.53292957E-01
 -6.42923858E+00  1.00000000E+00  5.43093968E+00 -1.42605864E+00  4.03791907E-01  5.12914567E+00  9.79777963E-01  5.53249028E-01
 -6.37964468E+00  1.00000000E+00  5.39222875E+00 -1.42704310E+00  4.03811692E-01  5.13144360E+00  9.80093916E-01  5.53513291E-01
 -6.33005077E+00  1.00000000E+00  5.35351783E+00 -1.42802804E+00  4.03735622E-01  5.13374266E+00  9.80410092E-01  5.53777676E-01
 -6.28045686E+00  1.00000000E+00  5.31448703E+00 -1.42691115E+00  4.03681734E-01  5.13149973E+00  9.80066546E-01  5.53524424E-01
 -6.23086295E+00  1.00000000E+00  5.27545623E+00 -1.42579480E+00  4.03760365E-01  5.12925797E+00  9.79723299E-01  5.53271290E-01
 -6.18126904E+00  1.00000000E+00  5.23658969E+00 -1.42604694E+00  4.03763151E-01  5.12927426E+00  9.79821172E-01  5.53260412E-01
 -6.13167513E+00  1.00000000E+00  5.19772315E+00 -1.42629908E+00  4.03774314E-01  5.12929059E+00  9.79919065E-01  5.53249537E-01
 -6.08208123E+00  1.00000000E+00  5.15892587E+00 -1.42690419E+00  4.03812853E-01  5.13128550E+00  9.80010096E-01  5.53503387E-01
 -6.03248732E+00  1.00000000E+00  5.12012859E+00 -1.42750952E+00  4.03814016E-01  5.13328118E+00  9.80101204E-01  5.53757330E-01
 -5.98289341E+00  1.00000000E+00  5.08121273E+00 -1.42668679E+00  4.03765752E-01  5.13148783E+00  9.79916677E-01  5.53542820E-01
 -5.93329950E+00  1.00000000E+00  5.04229688E+00 -1.42586435E+00  4.03824232E-01  5.12969519E+00  9.79732315E-01  5.53328384E-01
 -5.88370559E+00  1.00000000E+00  5.00335050E+00 -1.42597952E+00  4.03803835E-01  5.12934953E+00  9.79775848E-01  5.53276491E-01
 -5.83411168E+00  1.00000000E+00  4.96440413E+00 -1.42609467E+00  4.03778679E-01  5.12900392E+00  9.79819386E-01  5.53224605E-01
 -5.78451777E+00  1.00000000E+00  4.92570378E+00 -1.42703849E+00  4.03792554E-01  5.13135001E+00  9.80105626E-01  5.53499252E-01
 -5.73492387E+00  1.00000000E+00  4.88700344E+00 -1.42798278E+00  4.03720503E-01  5.13369726E+00  9.80392064E-01  5.53774026E-01
 -5.68532996E+00  1.00000000E+00  4.84794169E+00 -1.42674041E+00  4.03691951E-01  5.13122757E+00  9.79995947E-01  5.53497550E-01
 -5.63573605E+00  1.00000000E+00  4.80887994E+00 -1.42549871E+00  4.03786077E-01  5.12875932E+00  9.79600204E-01  5.53221216E-01
 -5.58614214E+00  1.00000000E+00  4.77005239E+00 -1.42589145E+00  4.03790612E-01  5.12910259E+00  9.79752424E-01  5.53246689E-01
 -5.53654823E+00  1.00000000E+00  4.73122485E+00 -1.42628423E+00  4.03791081E-01  5.12944594E+00  9.79904688E-01  5.53272167E-01
 -5.48695432E+00  1.00000000E+00  4.69240387E+00 -1.42690863E+00  4.03804977E-01  5.13126677E+00  9.80040366E-01  5.53496854E-01
 -5.43736041E+00  1.00000000E+00  4.65358289E+00 -1.42753324E+00  4.03776229E-01  5.13308826E+00  9.80176126E-01  5.53721618E-01
 -5.38776651E+00  1.00000000E+00  4.61467771E+00 -1.42667787E+00  4.03737795E-01  5.13128701E+00  9.79958629E-01  5.53510451E-01
 -5.33817260E+00  1.00000000E+00  4.57577253E+00 -1.42582281E+00  4.03806217E-01  5.12948650E+00  9.79741308E-01  5.53299359E-01
 -5.28857869E+00  1.00000000E+00  4.53684194E+00 -1.42598433E+00  4.03793648E-01  5.12923769E+00  9.79802376E-01  5.53258042E-01
 -5.23898478E+00  1.00000000E+00  4.49791135E+00 -1.42614583E+00  4.03781919E-01  5.12898893E+00  9.79863454E-01  5.53216730E-01
 -5.18939087E+00  1.00000000E+00  4.45917477E+00 -1.42700091E+00  4.03801354E-01  5.13144480E+00  9.80083598E-01  5.53514827E-01
 -5.13979696E+00  1.00000000E+00  4.42043820E+00 -1.42785641E+00  4.03741164E-01  5.13390188E+00  9.80303894E-01  5.53813065E-01
 -5.09020305E+00  1.00000000E+00  4.38136016E+00 -1.42666970E+00  4.03718444E-01  5.13123115E+00  9.79953747E-01  5.53503654E-01
 -5.04060915E+00  1.00000000E+00  4.34228212E+00 -1.42548367E+00  4.03795053E-01  5.12856199E+00  9.79603926E-01  5.53194408E-01
 -4.99101524E+00  1.00000000E+00  4.30354607E+00 -1.42595111E+00  4.03776773E-01  5.12908028E+00  9.79797179E-01  5.53237747E-01
 -4.94142133E+00  1.00000000E+00  4.26481002E+00 -1.42641862E+00  4.03770709E-01  5.12959870E+00  9.79990495E-01  5.53281093E-01
 -4.89182742E+00  1.00000000E+00  4.22594848E+00 -1.42684791E+00  4.03765845E-01  5.13081793E+00  9.80079368E-01  5.53431808E-01
 -4.84223351E+00  1.00000000E+00  4.18708695E+00 -1.42727729E+00  4.03740413E-01  5.13203746E+00  9.80168281E-01  5.53582557E-01
 -4.79263960E+00  1.00000000E+00  4.14814066E+00 -1.42664366E+00  4.03706197E-01  5.13062521E+00  9.80011570E-01  5.53415152E-01
 -4.74304569E+00  1.00000000E+00  4.10919438E+00 -1.42601020E+00  4.03756472E-01  5.12921340E+00  9.79854954E-01  5.53247792E-01
 -4.69345179E+00  1.00000000E+00  4.07027715E+00 -1.42607271E+00  4.03750493E-01  5.12927841E+00  9.79829377E-01  5.53259871E-01
 -4.64385788E+00  1.00000000E+00  4.03135992E+00 -1.42613521E+00  4.03756878E-01  5.12934342E+00  9.79803806E-01  5.53271949E-01
 -4.59426397E+00  1.00000000E+00  3.99262028E+00 -1.42723861E+00  4.03805544E-01  5.13169693E+00  9.80170221E-01  5.53536895E-01
 -4.54467006E+00  1.00000000E+00  3.95388064E+00 -1.42834258E+00  4.03751770E-01  5.13405169E+00  9.80536927E-01  5.53801969E-01
 -4.49507615E+00  1.00000000E+00  3.91505665E+00 -1.42825111E+00  4.03715916E-01  5.13497976E+00  9.80380249E-01  5.53946602E-01
 -4.44548224E+00  1.00000000E+00  3.87623266E+00 -1.42815962E+00  4.03752838E-01  5.13590806E+00  9.80223591E-01  5.54091262E-01
 -4.39588833E+00  1.00000000E+00  3.83714440E+00 -1.42664994E+00  4.03660661E-01  5.13196349E+00  9.79889398E-01  5.53609879E-01
 -4.34629443E+00  1.00000000E+00  3.79805615E+00 -1.42514142E+00  4.03685931E-01  5.12802213E+00  9.79555715E-01  5.53128856E-01
 -4.29670052E+00  1.00000000E+00  3.75927693E+00 -1.42627414E+00  4.03762671E-01  5.13052016E+00  9.79846354E-01  5.53423174E-01
 -4.24710661E+00  1.00000000E+00  3.72049772E+00 -1.42740742E+00  4.03808068E-01  5.13301957E+00  9.80137295E-01  5.53717636E-01
 -4.19751270E+00  1.00000000E+00  3.68155500E+00 -1.42636479E+00  4.03732193E-01  5.13067428E+00  9.79857848E-01  5.53442191E-01
 -4.14791879E+00  1.00000000E+00  3.64261228E+00 -1.42532266E+00  4.03809131E-01  5.12833021E+00  9.79578653E-01  5.53166874E-01
 -4.09832488E+00  1.00000000E+00  3.60385681E+00 -1.42596850E+00  4.03769014E-01  5.12935992E+00  9.79830434E-01  5.53270598E-01
 -4.04873097E+00  1.00000000E+00  3.56510135E+00 -1.42661451E+00  4.03743009E-01  5.13038993E+00  9.80082326E-01  5.53374347E-01
 -3.99913707E+00  1.00000000E+00  3.52601831E+00 -1.42629423E+00  4.03734509E-01  5.12944779E+00  9.79950029E-01  5.53266368E-01
 -3.94954316E+00  1.00000000E+00  3.48693527E+00 -1.42597401E+00  4.03702395E-01  5.12850582E+00  9.79817756E-01  5.53158409E-01
 -3.89994925E+00  1.00000000E+00  3.44836213E+00 -1.42740675E+00  4.03762933E-01  5.13260248E+00  9.80191535E-01  5.53654793E-01
 -3.85035534E+00  1.00000000E+00  3.40978899E+00 -1.42884065E+00  4.03737416E-01  5.13670252E+00  9.80565741E-01  5.54151570E-01
 -3.80076143E+00  1.00000000E+00  3.37069994E+00 -1.42744603E+00  4.03667201E-01  5.13428295E+00  9.80100373E-01  5.53891011E-01
 -3.75116752E+00  1.00000000E+00  3.33161090E+00 -1.42605217E+00  4.03748985E-01  5.13186492E+00  9.79635494E-01  5.53630591E-01
 -3.70157361E+00  1.00000000E+00  3.29270216E+00 -1.42652127E+00  4.03755101E-01  5.13223176E+00  9.79760721E-01  5.53662806E-01
 -3.65197971E+00  1.00000000E+00  3.25379343E+00 -1.42699039E+00  4.03803703E-01  5.13259873E+00  9.79886012E-01  5.53695029E-01
 -3.60238580E+00  1.00000000E+00  3.21492535E+00 -1.42674241E+00  4.03810635E-01  5.13148564E+00  9.79838045E-01  5.53553013E-01
 -3.55279189E+00  1.00000000E+00  3.17605727E+00 -1.42649448E+00  4.03802116E-01  5.13037280E+00  9.79790088E-01  5.53411028E-01
 -3.50319798E+00  1.00000000E+00  3.13721476E+00 -1.42649189E+00  4.03857367E-01  5.13019759E+00  9.79868050E-01  5.53377272E-01
 -3.45360407E+00  1.00000000E+00  3.09837226E+00 -1.42648931E+00  4.03853901E-01  5.13002240E+00  9.79946021E-01  5.53343517E-01
 -3.40401016E+00  1.00000000E+00  3.05966057E+00 -1.42745432E+00  4.03818486E-01  5.13292020E+00  9.80198595E-01  5.53696214E-01
 -3.35441626E+00  1.00000000E+00  3.02094888E+00 -1.42841988E+00  4.03748271E-01  5.13581968E+00  9.80451358E-01  5.54049110E-01
 -3.30482235E+00  1.00000000E+00  2.98193967E+00 -1.42702158E+00  4.03665637E-01  5.13256652E+00  9.80064467E-01  5.53666940E-01
 -3.25522844E+00  1.00000000E+00  2.94293047E+00 -1.42562421E+00  4.03722177E-01  5.12931563E+00  9.79678022E-01  5.53285015E-01
 -3.20563453E+00  1.00000000E+00  2.90393552E+00 -1.42555624E+00  4.03737583E-01  5.12827039E+00  9.79650821E-01  5.53149276E-01
 -3.15604062E+00  1.00000000E+00  2.86494057E+00 -1.42548826E+00  4.03768722E-01  5.12722538E+00  9.79623618E-01  5.53013568E-01
 -3.10644671E+00  1.00000000E+00  2.82616238E+00 -1.42590019E+00  4.03793291E-01  5.12800515E+00  9.79851377E-01  5.53087170E-01
 -3.05685280E+00  1.00000000E+00  2.78738418E+00 -1.42631221E+00  4.03747601E-01  5.12878506E+00  9.80079194E-01  5.53160782E-01
 -3.00725890E+00  1.00000000E+00  2.74864196E+00 -1.42715972E+00  4.03742108E-01  5.13158397E+00  9.80227872E-01  5.53514146E-01
 -2.95766499E+00  1.00000000E+00  2.70989975E+00 -1.42800766E+00  4.03696661E-01  5.13438441E+00  9.80376695E-01  5.53867695E-01
 -2.90807108E+00  1.00000000E+00  2.67076424E+00 -1.42691034E+00  4.03647901E-01  5.13200093E+00  9.80080277E-01  5.53589421E-01
 -2.85847717E+00  1.00000000E+00  2.63162873E+00 -1.42581355E+00  4.03691436E-01  5.12961873E+00  9.79784143E-01  5.53311279E-01
 -2.80888326E+00  1.00000000E+00  2.59305802E+00 -1.42730359E+00  4.03718441E-01  5.13294181E+00  9.80154263E-01  5.53705006E-01
 -2.75928935E+00  1.00000000E+00  2.55448732E+00 -1.42879463E+00  4.03727924E-01  5.13626733E+00  9.80524907E-01  5.54098990E-01
 -2.70969544E+00  1.00000000E+00  2.51544181E+00 -1.42771454E+00  4.03710563E-01  5.13439482E+00  9.80125922E-01  5.53902520E-01
 -2.66010154E+00  1.00000000E+00  2.47639630E+00 -1.42663493E+00  4.03809894E-01  5.13252323E+00  9.79727237E-01  5.53706132E-01
 -2.61050763E+00  1.00000000E+00  2.43747346E+00 -1.42621716E+00  4.03762932E-01  5.13087540E+00  9.79696305E-01  5.53490546E-01
 -2.56091372E+00  1.00000000E+00  2.39855062E+00 -1.42579952E+00  4.03833675E-01  5.12922811E+00  9.79665410E-01  5.53275026E-01
 -2.51131981E+00  1.00000000E+00  2.35964006E+00 -1.42598923E+00  4.03843490E-01  5.12944712E+00  9.79738765E-01  5.53294447E-01
 -2.46172590E+00  1.00000000E+00  2.32072951E+00 -1.42617895E+00  4.03824917E-01  5.12966615E+00  9.79812130E-01  5.53313869E-01
 -2.41213199E+00  1.00000000E+00  2.28200577E+00 -1.42705167E+00  4.03831397E-01  5.13181578E+00  9.80064276E-01  5.53566867E-01
 -2.36253808E+00  1.00000000E+00  2.24328203E+00 -1.42792478E+00  4.03785034E-01  5.13396638E+00  9.80316593E-01  5.53819972E-01
 -2.31294418E+00  1.00000000E+00  2.20434868E+00 -1.42680137E+00  4.03729358E-01  5.13160018E+00  9.80002437E-01  5.53546365E-01
 -2.26335027E+00  1.00000000E+00  2.16541533E+00 -1.42567850E+00  4.03774619E-01  5.12923525E+00  9.79688580E-01  5.53272889E-01
 -2.21375636E+00  1.00000000E+00  2.12643072E+00 -1.42574178E+00  4.03778190E-01  5.12857675E+00  9.79730710E-01  5.53179472E-01
 -2.16416245E+00  1.00000000E+00  2.08744610E+00 -1.42580503E+00  4.03782707E-01  5.12791837E+00  9.79772842E-01  5.53086070E-01
 -2.11456854E+00  1.00000000E+00  2.04870163E+00 -1.42638230E+00  4.03806312E-01  5.12989555E+00  9.79914132E-01  5.53330855E-01
 -2.06497463E+00  1.00000000E+00  2.00995715E+00 -1.42695978E+00  4.03820378E-01  5.13187349E+00  9.80055485E-01  5.53575734E-01
 -2.01538072E+00  1.00000000E+00  1.97100411E+00 -1.42673124E+00  4.03757295E-01  5.13065698E+00  9.80037446E-01  5.53415938E-01
 -1.96578682E+00  1.00000000E+00  1.93205108E+00 -1.42650275E+00  4.03685644E-01  5.12944076E+00  9.80019413E-01  5.53256179E-01
 -1.91619291E+00  1.00000000E+00  1.89323146E+00 -1.42669319E+00  4.03755540E-01  5.13101185E+00  9.79987522E-01  5.53469910E-01
 -1.86659900E+00  1.00000000E+00  1.85441184E+00 -1.42688366E+00  4.03817843E-01  5.13258344E+00  9.79955634E-01  5.53683708E-01
 -1.81700509E+00  1.00000000E+00  1.81538244E+00 -1.42656904E+00  4.03754336E-01  5.13078158E+00  9.79919140E-01  5.53448325E-01
 -1.76741118E+00  1.00000000E+00  1.77635304E+00 -1.42625450E+00  4.03713690E-01  5.12898035E+00  9.79882655E-01  5.53213026E-01
 -1.71781727E+00  1.00000000E+00  1.73757221E+00 -1.42600956E+00  4.03732250E-01  5.12893259E+00  9.79783969E-01  5.53219816E-01
 -1.66822336E+00  1.00000000E+00  1.69879139E+00 -1.42576462E+00  4.03749577E-01  5.12888487E+00  9.79685302E-01  5.53226609E-01
 -1.61862946E+00  1.00000000E+00  1.65980473E+00 -1.42564578E+00  4.03722021E-01  5.12745074E+00  9.79725931E-01  5.53029974E-01
 -1.56903555E+00  1.00000000E+00  1.62081808E+00 -1.42552695E+00  4.03662408E-01  5.12601704E+00  9.79766558E-01  5.52833398E-01
 -1.51944164E+00  1.00000000E+00  1.58226138E+00 -1.42654081E+00  4.03568648E-01  5.12781477E+00  9.80231632E-01  5.53011084E-01
 -1.46984773E+00  1.00000000E+00  1.54370468E+00 -1.42755516E+00  4.03399736E-01  5.12961330E+00  9.80697000E-01  5.53188841E-01
 -1.42025382E+00  1.00000000E+00  1.50461858E+00 -1.42601423E+00  4.03236686E-01  5.12527264E+00  9.80306625E-01  5.52662136E-01
 -1.37065991E+00  1.00000000E+00  1.46553249E+00 -1.42447461E+00  4.03210502E-01  5.12093578E+00  9.79916749E-01  5.52135871E-01
 -1.32106600E+00  1.00000000E+00  1.42673190E+00 -1.42471954E+00  4.03150440E-01  5.12033865E+00  9.80012536E-01  5.52043482E-01
 -1.27147210E+00  1.00000000E+00  1.38793131E+00 -1.42496442E+00  4.03077520E-01  5.11974169E+00  9.80108345E-01  5.51951112E-01
 -1.22187819E+00  1.00000000E+00  1.34915924E+00 -1.42443235E+00  4.02947319E-01  5.11707721E+00  9.80092731E-01  5.51597930E-01
 -1.17228428E+00  1.00000000E+00  1.31038717E+00 -1.42390051E+00  4.02847367E-01  5.11441412E+00  9.80077164E-01  5.51244927E-01
 -1.12269037E+00  1.00000000E+00  1.27172025E+00 -1.42331141E+00  4.02672371E-01  5.11080205E+00  9.80100581E-01  5.50760195E-01
 -1.07309646E+00  1.00000000E+00  1.23305333E+00 -1.42272263E+00  4.02479829E-01  5.10719257E+00  9.80124045E-01  5.50275804E-01
 -1.02350255E+00  1.00000000E+00  1.19464538E+00 -1.42211957E+00  4.02257392E-01  5.10322502E+00  9.80246129E-01  5.49730519E-01
 -9.73908645E-01  1.00000000E+00  1.15623743E+00 -1.42151689E+00  4.02037034E-01  5.09926062E+00  9.80368307E-01  5.49185642E-01
 -9.24314736E-01  1.00000000E+00  1.11794178E+00 -1.42063602E+00  4.01795402E-01  5.09518530E+00  9.80280528E-01  5.48653969E-01
 -8.74720828E-01  1.00000000E+00  1.07964613E+00 -1.41975575E+00  4.01530587E-01  5.09111324E+00  9.80192872E-01  5.48122715E-01
 -8.25312107E-01  1.00000000E+00  1.04203110E+00 -1.41895896E+00  4.01291074E-01  5.08650820E+00  9.80237766E-01  5.47502724E-01
 -7.75903387E-01  1.00000000E+00  1.00441608E+00 -1.41816275E+00  4.01131433E-01  5.08190738E+00  9.80282773E-01  5.46883281E-01
 -7.30665613E-01  1.00000000E+00  9.70407897E-01 -1.41804383E+00  4.01140225E-01  5.08075799E+00  9.80265392E-01  5.46732347E-01
 -6.85427839E-01  1.00000000E+00  9.36399714E-01 -1.41792492E+00  4.01155567E-01  5.07960889E+00  9.80248009E-01  5.46581451E-01
 -6.45465100E-01  1.00000000E+00  9.07118812E-01 -1.41793662E+00  4.01331795E-01  5.08185596E+00  9.79988269E-01  5.46915692E-01
 -6.05502361E-01  1.00000000E+00  8.77837909E-01 -1.41794832E+00  4.01578613E-01  5.08410418E+00  9.79728583E-01  5.47250080E-01
 -5.70199545E-01  1.00000000E+00  8.52727837E-01 -1.41891114E+00  4.02046425E-01  5.09155125E+00  9.79539392E-01  5.48268248E-01
 -5.34896729E-01  1.00000000E+00  8.27617766E-01 -1.41987494E+00  4.02645309E-01  5.09900966E+00  9.79350340E-01  5.49287909E-01
 -5.03710456E-01  1.00000000E+00  8.06122585E-01 -1.42335784E+00  4.03440912E-01  5.11589522E+00  9.79619676E-01  5.51503406E-01
 -4.72524184E-01  1.00000000E+00  7.84627404E-01 -1.42685047E+00  4.04316099E-01  5.13283681E+00  9.79890887E-01  5.53726122E-01
 -4.44974441E-01  1.00000000E+00  7.66853588E-01 -1.43148080E+00  4.05659271E-01  5.15866054E+00  9.79824589E-01  5.57178126E-01
 -4.17424698E-01  1.00000000E+00  7.49079773E-01 -1.43612995E+00  4.07168980E-01  5.18461547E+00  9.79761714E-01  5.60647167E-01
 -3.93087440E-01  1.00000000E+00  7.33975644E-01 -1.44190938E+00  4.08864574E-01  5.21875725E+00  9.79742191E-01  5.65202008E-01
 -3.68750182E-01  1.00000000E+00  7.18871516E-01 -1.44771842E+00  4.10960343E-01  5.25312724E+00  9.79727032E-01  5.69786694E-01
 -3.47250809E-01  1.00000000E+00  7.06531515E-01 -1.45390090E+00  4.13539069E-01  5.29953702E+00  9.78421913E-01  5.76148681E-01
 -3.25751437E-01  1.00000000E+00  6.94191514E-01 -1.46012325E+00  4.16490862E-01  5.34637057E+00  9.77124130E-01  5.82566192E-01
 -3.06759035E-01  1.00000000E+00  6.84678257E-01 -1.47247019E+00  4.19642585E-01  5.41109581E+00  9.77884784E-01  5.91094804E-01
 -2.87766633E-01  1.00000000E+00  6.75165000E-01 -1.48494028E+00  4.22975629E-01  5.47660895E+00  9.78666423E-01  5.99725670E-01
 -2.70988873E-01  1.00000000E+00  6.67692571E-01 -1.49491822E+00  4.26846392E-01  5.54836524E+00  9.77225072E-01  6.09485356E-01
 -2.54211113E-01  1.00000000E+00  6.60220143E-01 -1.50499229E+00  4.31048350E-01  5.62108882E+00  9.75799050E-01  6.19371969E-01
 -2.39389755E-01  1.00000000E+00  6.54875770E-01 -1.51894911E+00  4.35699746E-01  5.71001878E+00  9.75277468E-01  6.31298841E-01
 -2.24568396E-01  1.00000000E+00  6.49531396E-01 -1.53307536E+00  4.40599152E-01  5.80038107E+00  9.74780523E-01  6.43413406E-01
 -2.11472015E-01  1.00000000E+00  6.46169110E-01 -1.55064480E+00  4.45949045E-01  5.90835002E+00  9.74698939E-01  6.57820145E-01
 -1.98375634E-01  1.00000000E+00  6.42806824E-01 -1.56846981E+00  4.51479714E-01  6.01835758E+00  9.74654618E-01  6.72493728E-01
 -1.85977157E-01  1.00000000E+00  6.41798851E-01 -1.58937339E+00  4.58082711E-01  6.15359392E+00  9.74129199E-01  6.90595296E-01
 -1.73578680E-01  1.00000000E+00  6.40790878E-01 -1.61063784E+00  4.65130786E-01  6.29192162E+00  9.73654310E-01  7.09102308E-01
 -1.61180203E-01  1.00000000E+00  6.40107151E-01 -1.63356284E+00  4.74064815E-01  6.46118182E+00  9.71554289E-01  7.31950337E-01
 -1.48781726E-01  1.00000000E+00  6.39423423E-01 -1.65693623E+00  4.83446408E-01  6.63511639E+00  9.69512841E-01  7.55413806E-01
 -1.36383248E-01  1.00000000E+00  6.46989911E-01 -1.69401890E+00  4.95763255E-01  6.90321961E+00  9.67647326E-01  7.91409638E-01
 -1.23984771E-01  1.00000000E+00  6.54556398E-01 -1.73220318E+00  5.09341791E-01  7.18240382E+00  9.65914465E-01  8.28865247E-01
 -1.11586294E-01  1.00000000E+00  6.53109626E-01 -1.78149576E+00  5.26811318E-01  7.49663484E+00  9.67218320E-01  8.70588870E-01
 -9.91878171E-02  1.00000000E+00  6.51662855E-01 -1.83250705E+00  5.43701451E-01  7.82475935E+00  9.68760544E-01  9.14133175E-01
 -8.67893400E-02  1.00000000E+00  6.89632074E-01 -1.76711519E+00  5.69764570E-01  8.16775319E+00  9.19861222E-01  9.66385596E-01
 -7.43908628E-02  1.00000000E+00  7.27601292E-01 -1.69850724E+00  6.00403688E-01  8.53507213E+00  8.72916274E-01  1.02162078E+00
 -6.19923857E-02  1.00000000E+00  6.63519952E-01 -1.67170078E+00  6.17717064E-01  8.46930726E+00  8.68440159E-01  1.01344895E+00
 -4.95939085E-02  1.00000000E+00  5.99438611E-01 -1.64510599E+00  6.05333103E-01  8.40416446E+00  8.64084558E-01  1.00534399E+00
 -3.71954314E-02  1.00000000E+00  1.34125953E+00 -3.05067674E+00  6.05068875E-01  1.20692912E+01  1.26213894E+00  1.44095363E+00
 -2.47969543E-02  1.00000000E+00  2.08308046E+00 -5.21423078E+00  6.93699164E-01  1.76015248E+01  1.98268256E+00  2.08251230E+00
 -1.23984771E-02  1.00000000E+00  9.81823144E-01  1.93024856E+00  1.56274883E+00  1.46286468E+01  8.44180434E-01  1.83792885E+00
  0.00000000E+00  1.00000000E+00 -1.19434168E-01  1.43949574E+01  4.32980058E+00  2.97406470E+01  7.29169319E+00  2.99319385E+00
