# curve 5 (die wall), step =      500, time =   2.00000000E+02
# N1 = tau_xx - tau_yy = G ( c_xx - c_yy ),  G =  2.0000E-01  (polymer part only)
#              x               y        pressure            c_xy        gammadot            c_xx            c_yy              N1
 -1.00000000E+01  1.00000000E+00  7.88562500E+00 -8.77352822E-01  4.08868026E-01  2.53828125E+00  1.00015060E+00  3.07626129E-01
 -9.95040609E+00  1.00000000E+00  7.84788863E+00 -8.77104186E-01  4.08894988E-01  2.53788837E+00  1.00008840E+00  3.07559994E-01
 -9.90081218E+00  1.00000000E+00  7.81015227E+00 -8.76855587E-01  4.08915030E-01  2.53749557E+00  1.00002623E+00  3.07493869E-01
 -9.85121827E+00  1.00000000E+00  7.77254183E+00 -8.77009350E-01  4.08909276E-01  2.53781354E+00  1.00007005E+00  3.07548699E-01
 -9.80162437E+00  1.00000000E+00  7.73493139E+00 -8.77163131E-01  4.08902777E-01  2.53813155E+00  1.00011388E+00  3.07603536E-01
 -9.75203046E+00  1.00000000E+00  7.69721628E+00 -8.77182139E-01  4.08883854E-01  2.53799517E+00  1.00010932E+00  3.07577170E-01
 -9.70243655E+00  1.00000000E+00  7.65950117E+00 -8.77201143E-01  4.08874431E-01  2.53785879E+00  1.00010476E+00  3.07550806E-01
 -9.65284264E+00  1.00000000E+00  7.62184763E+00 -8.77283583E-01  4.08876563E-01  2.53797921E+00  1.00016661E+00  3.07562520E-01
 -9.60324873E+00  1.00000000E+00  7.58419408E+00 -8.77366029E-01  4.08844869E-01  2.53809964E+00  1.00022847E+00  3.07574235E-01
 -9.55365482E+00  1.00000000E+00  7.54657509E+00 -8.77516248E-01  4.08822695E-01  2.53847689E+00  1.00025513E+00  3.07644352E-01
 -9.50406091E+00  1.00000000E+00  7.50895610E+00 -8.77666488E-01  4.08807106E-01  2.53885420E+00  1.00028181E+00  3.07714478E-01
 -9.45446701E+00  1.00000000E+00  7.47117992E+00 -8.77384258E-01  4.08797560E-01  2.53832610E+00  1.00020859E+00  3.07623502E-01
 -9.40487310E+00  1.00000000E+00  7.43340374E+00 -8.77102084E-01  4.08810495E-01  2.53779812E+00  1.00013541E+00  3.07532543E-01
 -9.35527919E+00  1.00000000E+00  7.39579106E+00 -8.77574048E-01  4.08817900E-01  2.53846621E+00  1.00024936E+00  3.07643369E-01
 -9.30568528E+00  1.00000000E+00  7.35817838E+00 -8.78046125E-01  4.08798678E-01  2.53913453E+00  1.00036342E+00  3.07754223E-01
 -9.25609137E+00  1.00000000E+00  7.32049384E+00 -8.77687333E-01  4.08808758E-01  2.53881869E+00  1.00025342E+00  3.07713053E-01
 -9.20649746E+00  1.00000000E+00  7.28280929E+00 -8.77328581E-01  4.08846933E-01  2.53850294E+00  1.00014348E+00  3.07671891E-01
 -9.15690355E+00  1.00000000E+00  7.24511023E+00 -8.77367606E-01  4.08841009E-01  2.53831395E+00  1.00016311E+00  3.07630166E-01
 -9.10730965E+00  1.00000000E+00  7.20741118E+00 -8.77406626E-01  4.08841695E-01  2.53812498E+00  1.00018275E+00  3.07588446E-01
 -9.05771574E+00  1.00000000E+00  7.16976912E+00 -8.77401119E-01  4.08867453E-01  2.53837681E+00  1.00015224E+00  3.07644913E-01
 -9.00812183E+00  1.00000000E+00  7.13212707E+00 -8.77395610E-01  4.08886915E-01  2.53862867E+00  1.00012173E+00  3.07701387E-01
 -8.95852792E+00  1.00000000E+00  7.09444028E+00 -8.77421499E-01  4.08873462E-01  2.53843594E+00  1.00015011E+00  3.07657165E-01
 -8.90893401E+00  1.00000000E+00  7.05675349E+00 -8.77447384E-01  4.08857705E-01  2.53824323E+00  1.00017849E+00  3.07612948E-01
 -8.85934010E+00  1.00000000E+00  7.01909361E+00 -8.77395524E-01  4.08872199E-01  2.53835230E+00  1.00016457E+00  3.07637546E-01
 -8.80974619E+00  1.00000000E+00  6.98143373E+00 -8.77343659E-01  4.08875492E-01  2.53846139E+00  1.00015066E+00  3.07662147E-01
 -8.76015229E+00  1.00000000E+00  6.94372539E+00 -8.77346312E-01  4.08857530E-01  2.53828643E+00  1.00014053E+00  3.07629180E-01
 -8.71055838E+00  1.00000000E+00  6.90601704E+00 -8.77348962E-01  4.08861396E-01  2.53811148E+00  1.00013040E+00  3.07596216E-01
 -8.66096447E+00  1.00000000E+00  6.86837182E+00 -8.77185290E-01  4.08885001E-01  2.53795317E+00  1.00010389E+00  3.07569855E-01
 -8.61137056E+00  1.00000000E+00  6.83072660E+00 -8.77021624E-01  4.08898696E-01  2.53779488E+00  1.00007740E+00  3.07543496E-01
 -8.56177665E+00  1.00000000E+00  6.79305885E+00 -8.77119240E-01  4.08890583E-01  2.53786937E+00  1.00010847E+00  3.07552180E-01
 -8.51218274E+00  1.00000000E+00  6.75539110E+00 -8.77216859E-01  4.08877301E-01  2.53794387E+00  1.00013954E+00  3.07560865E-01
 -8.46258884E+00  1.00000000E+00  6.71771215E+00 -8.77497236E-01  4.08859951E-01  2.53842128E+00  1.00021172E+00  3.07641911E-01
 -8.41299493E+00  1.00000000E+00  6.68003321E+00 -8.77777663E-01  4.08818256E-01  2.53889880E+00  1.00028394E+00  3.07722973E-01
 -8.36340102E+00  1.00000000E+00  6.64234186E+00 -8.77345642E-01  4.08840425E-01  2.53833563E+00  1.00016058E+00  3.07635010E-01
 -8.31380711E+00  1.00000000E+00  6.60465051E+00 -8.76913713E-01  4.08875409E-01  2.53777263E+00  1.00003730E+00  3.07547067E-01
 -8.26421320E+00  1.00000000E+00  6.56699973E+00 -8.77089529E-01  4.08872524E-01  2.53785514E+00  1.00009684E+00  3.07551661E-01
 -8.21461929E+00  1.00000000E+00  6.52934894E+00 -8.77265350E-01  4.08865380E-01  2.53793767E+00  1.00015639E+00  3.07556256E-01
 -8.16502538E+00  1.00000000E+00  6.49168876E+00 -8.77548563E-01  4.08859061E-01  2.53846252E+00  1.00023405E+00  3.07645694E-01
 -8.11543148E+00  1.00000000E+00  6.45402857E+00 -8.77831832E-01  4.08816226E-01  2.53898750E+00  1.00031175E+00  3.07735149E-01
 -8.06583757E+00  1.00000000E+00  6.41630594E+00 -8.77433410E-01  4.08830405E-01  2.53844302E+00  1.00019139E+00  3.07650326E-01
 -8.01624366E+00  1.00000000E+00  6.37858331E+00 -8.77035072E-01  4.08867669E-01  2.53789871E+00  1.00007111E+00  3.07565521E-01
 -7.96664975E+00  1.00000000E+00  6.34095013E+00 -8.77153716E-01  4.08864374E-01  2.53793906E+00  1.00011894E+00  3.07564023E-01
 -7.91705584E+00  1.00000000E+00  6.30331695E+00 -8.77272363E-01  4.08861929E-01  2.53797942E+00  1.00016679E+00  3.07562526E-01
 -7.86746193E+00  1.00000000E+00  6.26564429E+00 -8.77537699E-01  4.08859626E-01  2.53849171E+00  1.00020944E+00  3.07656454E-01
 -7.81786802E+00  1.00000000E+00  6.22797163E+00 -8.77803083E-01  4.08838009E-01  2.53900412E+00  1.00025213E+00  3.07750399E-01
 -7.76827412E+00  1.00000000E+00  6.19027558E+00 -8.77374997E-01  4.08855728E-01  2.53842568E+00  1.00014757E+00  3.07655622E-01
 -7.71868021E+00  1.00000000E+00  6.15257952E+00 -8.76947000E-01  4.08882337E-01  2.53784744E+00  1.00004310E+00  3.07560867E-01
 -7.66908630E+00  1.00000000E+00  6.11491993E+00 -8.77102936E-01  4.08874675E-01  2.53789834E+00  1.00009130E+00  3.07561407E-01
 -7.61949239E+00  1.00000000E+00  6.07726034E+00 -8.77258872E-01  4.08862848E-01  2.53794925E+00  1.00013952E+00  3.07561948E-01
 -7.56989848E+00  1.00000000E+00  6.03960855E+00 -8.77552758E-01  4.08859065E-01  2.53847196E+00  1.00022940E+00  3.07648512E-01
 -7.52030457E+00  1.00000000E+00  6.00195675E+00 -8.77846703E-01  4.08818464E-01  2.53899478E+00  1.00031931E+00  3.07735094E-01
 -7.47071066E+00  1.00000000E+00  5.96422974E+00 -8.77437940E-01  4.08830874E-01  2.53843554E+00  1.00019546E+00  3.07648016E-01
 -7.42111676E+00  1.00000000E+00  5.92650272E+00 -8.77029266E-01  4.08869025E-01  2.53787646E+00  1.00007168E+00  3.07560957E-01
 -7.37152285E+00  1.00000000E+00  5.88887086E+00 -8.77148635E-01  4.08865217E-01  2.53792902E+00  1.00011768E+00  3.07562268E-01
 -7.32192894E+00  1.00000000E+00  5.85123901E+00 -8.77268005E-01  4.08862686E-01  2.53798158E+00  1.00016368E+00  3.07563580E-01
 -7.27233503E+00  1.00000000E+00  5.81356386E+00 -8.77539528E-01  4.08860411E-01  2.53849808E+00  1.00021126E+00  3.07657363E-01
 -7.22274112E+00  1.00000000E+00  5.77588870E+00 -8.77811099E-01  4.08836571E-01  2.53901469E+00  1.00025887E+00  3.07751163E-01
 -7.17314721E+00  1.00000000E+00  5.73819221E+00 -8.77376486E-01  4.08852917E-01  2.53842607E+00  1.00015073E+00  3.07655068E-01
 -7.12355330E+00  1.00000000E+00  5.70049572E+00 -8.76941965E-01  4.08879837E-01  2.53783764E+00  1.00004267E+00  3.07558994E-01
 -7.07395940E+00  1.00000000E+00  5.66283866E+00 -8.77099852E-01  4.08873103E-01  2.53789346E+00  1.00009077E+00  3.07560538E-01
 -7.02436549E+00  1.00000000E+00  5.62518160E+00 -8.77257740E-01  4.08862760E-01  2.53794929E+00  1.00013888E+00  3.07562082E-01
 -6.97477158E+00  1.00000000E+00  5.58752974E+00 -8.77554703E-01  4.08859200E-01  2.53847578E+00  1.00023079E+00  3.07648999E-01
 -6.92517767E+00  1.00000000E+00  5.54987787E+00 -8.77851728E-01  4.08817690E-01  2.53900241E+00  1.00032273E+00  3.07735935E-01
 -6.87558376E+00  1.00000000E+00  5.51215158E+00 -8.77446567E-01  4.08829363E-01  2.53844043E+00  1.00020258E+00  3.07647570E-01
 -6.82598985E+00  1.00000000E+00  5.47442529E+00 -8.77041493E-01  4.08866911E-01  2.53787862E+00  1.00008250E+00  3.07559225E-01
 -6.77639594E+00  1.00000000E+00  5.43679287E+00 -8.77154168E-01  4.08861542E-01  2.53792290E+00  1.00012395E+00  3.07559790E-01
 -6.72680204E+00  1.00000000E+00  5.39916044E+00 -8.77266844E-01  4.08858749E-01  2.53796719E+00  1.00016541E+00  3.07560356E-01
 -6.67720813E+00  1.00000000E+00  5.36148536E+00 -8.77538911E-01  4.08859197E-01  2.53849663E+00  1.00020955E+00  3.07657418E-01
 -6.62761422E+00  1.00000000E+00  5.32381029E+00 -8.77811027E-01  4.08838832E-01  2.53902619E+00  1.00025371E+00  3.07754497E-01
 -6.57802031E+00  1.00000000E+00  5.28611309E+00 -8.77378499E-01  4.08853665E-01  2.53843299E+00  1.00014945E+00  3.07656708E-01
 -6.52842640E+00  1.00000000E+00  5.24841590E+00 -8.76946062E-01  4.08879397E-01  2.53783999E+00  1.00004528E+00  3.07558942E-01
 -6.47883249E+00  1.00000000E+00  5.21075851E+00 -8.77102481E-01  4.08872323E-01  2.53789438E+00  1.00009224E+00  3.07560428E-01
 -6.42923858E+00  1.00000000E+00  5.17310113E+00 -8.77258901E-01  4.08862140E-01  2.53794878E+00  1.00013920E+00  3.07561916E-01
 -6.37964468E+00  1.00000000E+00  5.13544892E+00 -8.77551609E-01  4.08858954E-01  2.53847403E+00  1.00022739E+00  3.07649328E-01
 -6.33005077E+00  1.00000000E+00  5.09779672E+00 -8.77844377E-01  4.08819461E-01  2.53899940E+00  1.00031561E+00  3.07736757E-01
 -6.28045686E+00  1.00000000E+00  5.06006991E+00 -8.77436165E-01  4.08832028E-01  2.53843975E+00  1.00019258E+00  3.07649433E-01
 -6.23086295E+00  1.00000000E+00  5.02234310E+00 -8.77028041E-01  4.08869859E-01  2.53788027E+00  1.00006963E+00  3.07562129E-01
 -6.18126904E+00  1.00000000E+00  4.98471053E+00 -8.77149794E-01  4.08865918E-01  2.53793375E+00  1.00011725E+00  3.07563301E-01
 -6.13167513E+00  1.00000000E+00  4.94707795E+00 -8.77271549E-01  4.08862979E-01  2.53798724E+00  1.00016488E+00  3.07564473E-01
 -6.08208123E+00  1.00000000E+00  4.90940308E+00 -8.77537468E-01  4.08860020E-01  2.53849322E+00  1.00021074E+00  3.07656495E-01
 -6.03248732E+00  1.00000000E+00  4.87172821E+00 -8.77803434E-01  4.08835526E-01  2.53899931E+00  1.00025664E+00  3.07748534E-01
 -5.98289341E+00  1.00000000E+00  4.83403188E+00 -8.77376277E-01  4.08853382E-01  2.53842505E+00  1.00015060E+00  3.07654890E-01
 -5.93329950E+00  1.00000000E+00  4.79633555E+00 -8.76949209E-01  4.08881027E-01  2.53785098E+00  1.00004465E+00  3.07561266E-01
 -5.88370559E+00  1.00000000E+00  4.75867571E+00 -8.77107860E-01  4.08873692E-01  2.53790010E+00  1.00009605E+00  3.07560810E-01
 -5.83411168E+00  1.00000000E+00  4.72101587E+00 -8.77266513E-01  4.08861569E-01  2.53794924E+00  1.00014746E+00  3.07560355E-01
 -5.78451777E+00  1.00000000E+00  4.68336621E+00 -8.77553254E-01  4.08854855E-01  2.53846933E+00  1.00023140E+00  3.07647587E-01
 -5.73492387E+00  1.00000000E+00  4.64571655E+00 -8.77840053E-01  4.08814184E-01  2.53898955E+00  1.00031537E+00  3.07734836E-01
 -5.68532996E+00  1.00000000E+00  4.60798617E+00 -8.77399453E-01  4.08834449E-01  2.53840337E+00  1.00017357E+00  3.07645960E-01
 -5.63573605E+00  1.00000000E+00  4.57025578E+00 -8.76958957E-01  4.08878461E-01  2.53781738E+00  1.00003185E+00  3.07557105E-01
 -5.58614214E+00  1.00000000E+00  4.53262764E+00 -8.77094510E-01  4.08880059E-01  2.53790763E+00  1.00008627E+00  3.07564272E-01
 -5.53654823E+00  1.00000000E+00  4.49499950E+00 -8.77230070E-01  4.08878223E-01  2.53799789E+00  1.00014070E+00  3.07571440E-01
 -5.48695432E+00  1.00000000E+00  4.45731582E+00 -8.77498688E-01  4.08865632E-01  2.53845216E+00  1.00020659E+00  3.07649114E-01
 -5.43736041E+00  1.00000000E+00  4.41963214E+00 -8.77767351E-01  4.08823789E-01  2.53890652E+00  1.00027251E+00  3.07726801E-01
 -5.38776651E+00  1.00000000E+00  4.38194207E+00 -8.77341002E-01  4.08845590E-01  2.53834436E+00  1.00015326E+00  3.07638220E-01
 -5.33817260E+00  1.00000000E+00  4.34425200E+00 -8.76914743E-01  4.08879145E-01  2.53778238E+00  1.00003409E+00  3.07549658E-01
 -5.28857869E+00  1.00000000E+00  4.30660091E+00 -8.77088827E-01  4.08875291E-01  2.53785912E+00  1.00009420E+00  3.07552984E-01
 -5.23898478E+00  1.00000000E+00  4.26894982E+00 -8.77262916E-01  4.08867147E-01  2.53793588E+00  1.00015432E+00  3.07556312E-01
 -5.18939087E+00  1.00000000E+00  4.23128990E+00 -8.77544044E-01  4.08861039E-01  2.53847085E+00  1.00022774E+00  3.07648622E-01
 -5.13979696E+00  1.00000000E+00  4.19362998E+00 -8.77825228E-01  4.08822068E-01  2.53900595E+00  1.00030120E+00  3.07740950E-01
 -5.09020305E+00  1.00000000E+00  4.15589094E+00 -8.77390129E-01  4.08845098E-01  2.53840006E+00  1.00016499E+00  3.07647014E-01
 -5.04060915E+00  1.00000000E+00  4.11815191E+00 -8.76955134E-01  4.08883875E-01  2.53779438E+00  1.00002887E+00  3.07553100E-01
 -4.99101524E+00  1.00000000E+00  4.08054831E+00 -8.77100154E-01  4.08877964E-01  2.53791333E+00  1.00009101E+00  3.07564463E-01
 -4.94142133E+00  1.00000000E+00  4.04294471E+00 -8.77245182E-01  4.08872372E-01  2.53803229E+00  1.00015316E+00  3.07575826E-01
 -4.89182742E+00  1.00000000E+00  4.00525483E+00 -8.77441007E-01  4.08862006E-01  2.53832275E+00  1.00020350E+00  3.07623851E-01
 -4.84223351E+00  1.00000000E+00  3.96756494E+00 -8.77636852E-01  4.08837551E-01  2.53861326E+00  1.00025385E+00  3.07671881E-01
 -4.79263960E+00  1.00000000E+00  3.92986154E+00 -8.77332946E-01  4.08842317E-01  2.53823028E+00  1.00017236E+00  3.07611582E-01
 -4.74304569E+00  1.00000000E+00  3.89215813E+00 -8.77029082E-01  4.08862232E-01  2.53784738E+00  1.00009092E+00  3.07551293E-01
 -4.69345179E+00  1.00000000E+00  3.85450790E+00 -8.77153777E-01  4.08854452E-01  2.53791801E+00  1.00012433E+00  3.07558738E-01
 -4.64385788E+00  1.00000000E+00  3.81685766E+00 -8.77278474E-01  4.08845185E-01  2.53798865E+00  1.00015774E+00  3.07566183E-01
 -4.59426397E+00  1.00000000E+00  3.77922615E+00 -8.77609034E-01  4.08844368E-01  2.53850592E+00  1.00026879E+00  3.07647427E-01
 -4.54467006E+00  1.00000000E+00  3.74159464E+00 -8.77939663E-01  4.08802780E-01  2.53902332E+00  1.00037988E+00  3.07728687E-01
 -4.49507615E+00  1.00000000E+00  3.70389087E+00 -8.77987213E-01  4.08792520E-01  2.53920583E+00  1.00035697E+00  3.07769771E-01
 -4.44548224E+00  1.00000000E+00  3.66618711E+00 -8.78034766E-01  4.08791656E-01  2.53938835E+00  1.00033406E+00  3.07810858E-01
 -4.39588833E+00  1.00000000E+00  3.62848272E+00 -8.77422136E-01  4.08802811E-01  2.53850281E+00  1.00016994E+00  3.07666575E-01
 -4.34629443E+00  1.00000000E+00  3.59077833E+00 -8.76809708E-01  4.08840272E-01  2.53761770E+00  1.00000599E+00  3.07522342E-01
 -4.29670052E+00  1.00000000E+00  3.55312759E+00 -8.77253519E-01  4.08855646E-01  2.53824951E+00  1.00012915E+00  3.07624071E-01
 -4.24710661E+00  1.00000000E+00  3.51547684E+00 -8.77697436E-01  4.08839812E-01  2.53888153E+00  1.00025240E+00  3.07725825E-01
 -4.19751270E+00  1.00000000E+00  3.47777285E+00 -8.77237177E-01  4.08854080E-01  2.53824883E+00  1.00010925E+00  3.07627917E-01
 -4.14791879E+00  1.00000000E+00  3.44006886E+00 -8.76777032E-01  4.08905249E-01  2.53761636E+00  9.99966194E-01  3.07530033E-01
 -4.09832488E+00  1.00000000E+00  3.40243911E+00 -8.77005316E-01  4.08897822E-01  2.53782541E+00  1.00007375E+00  3.07550331E-01
 -4.04873097E+00  1.00000000E+00  3.36480937E+00 -8.77233625E-01  4.08867909E-01  2.53803449E+00  1.00018133E+00  3.07570632E-01
 -3.99913707E+00  1.00000000E+00  3.32709746E+00 -8.77245561E-01  4.08847412E-01  2.53795621E+00  1.00017323E+00  3.07556596E-01
 -3.94954316E+00  1.00000000E+00  3.28938556E+00 -8.77257495E-01  4.08828337E-01  2.53787792E+00  1.00016512E+00  3.07542560E-01
 -3.89994925E+00  1.00000000E+00  3.25177958E+00 -8.77678639E-01  4.08824282E-01  2.53871148E+00  1.00027924E+00  3.07686449E-01
 -3.85035534E+00  1.00000000E+00  3.21417360E+00 -8.78099916E-01  4.08788164E-01  2.53954534E+00  1.00039343E+00  3.07830383E-01
 -3.80076143E+00  1.00000000E+00  3.17643242E+00 -8.77632644E-01  4.08800440E-01  2.53892162E+00  1.00023755E+00  3.07736813E-01
 -3.75116752E+00  1.00000000E+00  3.13869125E+00 -8.77165489E-01  4.08842259E-01  2.53829811E+00  1.00008177E+00  3.07643268E-01
 -3.70157361E+00  1.00000000E+00  3.10102347E+00 -8.77429876E-01  4.08839481E-01  2.53855913E+00  1.00014948E+00  3.07681931E-01
 -3.65197971E+00  1.00000000E+00  3.06335568E+00 -8.77694286E-01  4.08836230E-01  2.53882021E+00  1.00021722E+00  3.07720598E-01
 -3.60238580E+00  1.00000000E+00  3.02566915E+00 -8.77617021E-01  4.08829267E-01  2.53862993E+00  1.00018855E+00  3.07688275E-01
 -3.55279189E+00  1.00000000E+00  2.98798261E+00 -8.77539762E-01  4.08836105E-01  2.53843966E+00  1.00015989E+00  3.07655955E-01
 -3.50319798E+00  1.00000000E+00  2.95034989E+00 -8.77392725E-01  4.08866282E-01  2.53827000E+00  1.00014762E+00  3.07624477E-01
 -3.45360407E+00  1.00000000E+00  2.91271717E+00 -8.77245693E-01  4.08879133E-01  2.53810036E+00  1.00013536E+00  3.07593000E-01
 -3.40401016E+00  1.00000000E+00  2.87506406E+00 -8.77619375E-01  4.08858416E-01  2.53869732E+00  1.00024424E+00  3.07690615E-01
 -3.35441626E+00  1.00000000E+00  2.83741095E+00 -8.77993143E-01  4.08807877E-01  2.53929445E+00  1.00035319E+00  3.07788253E-01
 -3.30482235E+00  1.00000000E+00  2.79969151E+00 -8.77485338E-01  4.08821275E-01  2.53860492E+00  1.00019599E+00  3.07681786E-01
 -3.25522844E+00  1.00000000E+00  2.76197208E+00 -8.76977669E-01  4.08859905E-01  2.53791565E+00  1.00003890E+00  3.07575350E-01
 -3.20563453E+00  1.00000000E+00  2.72427206E+00 -8.77059603E-01  4.08864889E-01  2.53785949E+00  1.00005545E+00  3.07560807E-01
 -3.15604062E+00  1.00000000E+00  2.68657204E+00 -8.77141532E-01  4.08873329E-01  2.53780334E+00  1.00007201E+00  3.07546265E-01
 -3.10644671E+00  1.00000000E+00  2.64895100E+00 -8.77091880E-01  4.08883701E-01  2.53777136E+00  1.00010485E+00  3.07533301E-01
 -3.05685280E+00  1.00000000E+00  2.61132997E+00 -8.77042226E-01  4.08869617E-01  2.53773939E+00  1.00013770E+00  3.07520337E-01
 -3.00725890E+00  1.00000000E+00  2.57367404E+00 -8.77437519E-01  4.08848898E-01  2.53835635E+00  1.00023580E+00  3.07624111E-01
 -2.95766499E+00  1.00000000E+00  2.53601812E+00 -8.77832901E-01  4.08802291E-01  2.53897350E+00  1.00033396E+00  3.07727909E-01
 -2.90807108E+00  1.00000000E+00  2.49828769E+00 -8.77402121E-01  4.08808957E-01  2.53838040E+00  1.00021469E+00  3.07633143E-01
 -2.85847717E+00  1.00000000E+00  2.46055726E+00 -8.76971438E-01  4.08835691E-01  2.53778749E+00  1.00009550E+00  3.07538400E-01
 -2.80888326E+00  1.00000000E+00  2.42297705E+00 -8.77608568E-01  4.08818917E-01  2.53868853E+00  1.00026490E+00  3.07684727E-01
 -2.75928935E+00  1.00000000E+00  2.38539683E+00 -8.78245911E-01  4.08776473E-01  2.53959001E+00  1.00043448E+00  3.07831105E-01
 -2.70969544E+00  1.00000000E+00  2.34764249E+00 -8.77907085E-01  4.08786615E-01  2.53919648E+00  1.00029262E+00  3.07780773E-01
 -2.66010154E+00  1.00000000E+00  2.30988814E+00 -8.77568320E-01  4.08825183E-01  2.53880306E+00  1.00015081E+00  3.07730449E-01
 -2.61050763E+00  1.00000000E+00  2.27221421E+00 -8.77330377E-01  4.08841683E-01  2.53839079E+00  1.00010989E+00  3.07656180E-01
 -2.56091372E+00  1.00000000E+00  2.23454028E+00 -8.77092469E-01  4.08877039E-01  2.53797860E+00  1.00006898E+00  3.07581922E-01
 -2.51131981E+00  1.00000000E+00  2.19687324E+00 -8.77134673E-01  4.08882897E-01  2.53796516E+00  1.00009057E+00  3.07574919E-01
 -2.46172590E+00  1.00000000E+00  2.15920621E+00 -8.77176878E-01  4.08878005E-01  2.53795174E+00  1.00011215E+00  3.07567917E-01
 -2.41213199E+00  1.00000000E+00  2.12155700E+00 -8.77500059E-01  4.08869693E-01  2.53847356E+00  1.00020539E+00  3.07653635E-01
 -2.36253808E+00  1.00000000E+00  2.08390778E+00 -8.77823306E-01  4.08827707E-01  2.53899552E+00  1.00029867E+00  3.07739370E-01
 -2.31294418E+00  1.00000000E+00  2.04621067E+00 -8.77382068E-01  4.08844306E-01  2.53841257E+00  1.00015878E+00  3.07650759E-01
 -2.26335027E+00  1.00000000E+00  2.00851356E+00 -8.76940931E-01  4.08885031E-01  2.53782983E+00  1.00001898E+00  3.07562170E-01
 -2.21375636E+00  1.00000000E+00  1.97082491E+00 -8.77045224E-01  4.08885986E-01  2.53780260E+00  1.00007010E+00  3.07546500E-01
 -2.16416245E+00  1.00000000E+00  1.93313626E+00 -8.77149517E-01  4.08877054E-01  2.53777539E+00  1.00012123E+00  3.07530831E-01
 -2.11456854E+00  1.00000000E+00  1.89550295E+00 -8.77266804E-01  4.08869056E-01  2.53808340E+00  1.00015073E+00  3.07586534E-01
 -2.06497463E+00  1.00000000E+00  1.85786964E+00 -8.77384105E-01  4.08855488E-01  2.53839145E+00  1.00018024E+00  3.07642242E-01
 -2.01538072E+00  1.00000000E+00  1.82016637E+00 -8.77387890E-01  4.08828237E-01  2.53820750E+00  1.00019101E+00  3.07603299E-01
 -1.96578682E+00  1.00000000E+00  1.78246310E+00 -8.77391674E-01  4.08808350E-01  2.53802357E+00  1.00020177E+00  3.07564360E-01
 -1.91619291E+00  1.00000000E+00  1.74481554E+00 -8.77363738E-01  4.08827415E-01  2.53820457E+00  1.00018146E+00  3.07604623E-01
 -1.86659900E+00  1.00000000E+00  1.70716798E+00 -8.77335799E-01  4.08835220E-01  2.53838559E+00  1.00016114E+00  3.07644889E-01
 -1.81700509E+00  1.00000000E+00  1.66943987E+00 -8.77337169E-01  4.08808877E-01  2.53813060E+00  1.00016302E+00  3.07593517E-01
 -1.76741118E+00  1.00000000E+00  1.63171176E+00 -8.77338535E-01  4.08798443E-01  2.53787565E+00  1.00016489E+00  3.07542151E-01
 -1.71781727E+00  1.00000000E+00  1.59408369E+00 -8.77184237E-01  4.08799012E-01  2.53778164E+00  1.00012532E+00  3.07531263E-01
 -1.66822336E+00  1.00000000E+00  1.55645562E+00 -8.77029943E-01  4.08785003E-01  2.53768765E+00  1.00008577E+00  3.07520376E-01
 -1.61862946E+00  1.00000000E+00  1.51877017E+00 -8.77041810E-01  4.08755957E-01  2.53744789E+00  1.00010031E+00  3.07469517E-01
 -1.56903555E+00  1.00000000E+00  1.48108473E+00 -8.77053674E-01  4.08729135E-01  2.53720817E+00  1.00011485E+00  3.07418663E-01
 -1.51944164E+00  1.00000000E+00  1.44350361E+00 -8.77251178E-01  4.08681318E-01  2.53744351E+00  1.00024270E+00  3.07440161E-01
 -1.46984773E+00  1.00000000E+00  1.40592249E+00 -8.77448710E-01  4.08585819E-01  2.53767888E+00  1.00037058E+00  3.07461661E-01
 -1.42025382E+00  1.00000000E+00  1.36821276E+00 -8.76926921E-01  4.08537712E-01  2.53676222E+00  1.00022032E+00  3.07308379E-01
 -1.37065991E+00  1.00000000E+00  1.33050304E+00 -8.76405315E-01  4.08524715E-01  2.53584594E+00  1.00007019E+00  3.07155151E-01
 -1.32106600E+00  1.00000000E+00  1.29294531E+00 -8.76677527E-01  4.08474042E-01  2.53594728E+00  1.00017668E+00  3.07154119E-01
 -1.27147210E+00  1.00000000E+00  1.25538758E+00 -8.76949750E-01  4.08386501E-01  2.53604867E+00  1.00028322E+00  3.07153090E-01
 -1.22187819E+00  1.00000000E+00  1.21783245E+00 -8.76728351E-01  4.08312971E-01  2.53552666E+00  1.00025428E+00  3.07054475E-01
 -1.17228428E+00  1.00000000E+00  1.18027732E+00 -8.76506992E-01  4.08246726E-01  2.53500476E+00  1.00022537E+00  3.06955878E-01
 -1.12269037E+00  1.00000000E+00  1.14282783E+00 -8.76359115E-01  4.08161256E-01  2.53444162E+00  1.00021769E+00  3.06844786E-01
 -1.07309646E+00  1.00000000E+00  1.10537834E+00 -8.76211266E-01  4.08077343E-01  2.53387860E+00  1.00021001E+00  3.06733717E-01
 -1.02350255E+00  1.00000000E+00  1.06808565E+00 -8.76021449E-01  4.07999776E-01  2.53329596E+00  1.00024354E+00  3.06610484E-01
 -9.73908645E-01  1.00000000E+00  1.03079297E+00 -8.75831667E-01  4.07929416E-01  2.53271345E+00  1.00027708E+00  3.06487274E-01
 -9.24314736E-01  1.00000000E+00  9.93663623E-01 -8.75720761E-01  4.07889707E-01  2.53260516E+00  1.00018992E+00  3.06483048E-01
 -8.74720828E-01  1.00000000E+00  9.56534273E-01 -8.75609864E-01  4.07857289E-01  2.53249688E+00  1.00010276E+00  3.06478823E-01
 -8.25312107E-01  1.00000000E+00  9.19914363E-01 -8.75686026E-01  4.07907356E-01  2.53273687E+00  1.00017345E+00  3.06512685E-01
 -7.75903387E-01  1.00000000E+00  8.83294453E-01 -8.75762196E-01  4.08008049E-01  2.53297690E+00  1.00024414E+00  3.06546551E-01
 -7.30665613E-01  1.00000000E+00  8.50158722E-01 -8.76342474E-01  4.08321925E-01  2.53470632E+00  1.00024876E+00  3.06891511E-01
 -6.85427839E-01  1.00000000E+00  8.17022992E-01 -8.76923089E-01  4.08661398E-01  2.53643692E+00  1.00025352E+00  3.07236679E-01
 -6.45465100E-01  1.00000000E+00  7.88286886E-01 -8.77649590E-01  4.09233472E-01  2.53964076E+00  1.00009538E+00  3.07909075E-01
 -6.05502361E-01  1.00000000E+00  7.59550780E-01 -8.78376837E-01  4.09900425E-01  2.54284864E+00  9.99937488E-01  3.08582231E-01
 -5.70199545E-01  1.00000000E+00  7.34699684E-01 -8.79735136E-01  4.10785644E-01  2.54798628E+00  9.99907988E-01  3.09615658E-01
 -5.34896729E-01  1.00000000E+00  7.09848587E-01 -8.81095713E-01  4.11825212E-01  2.55313425E+00  9.99879157E-01  3.10651020E-01
 -5.03710456E-01  1.00000000E+00  6.88362849E-01 -8.83566703E-01  4.13119279E-01  2.56143420E+00  9.99980582E-01  3.12290724E-01
 -4.72524184E-01  1.00000000E+00  6.66877111E-01 -8.86044522E-01  4.14579376E-01  2.56976099E+00  1.00008423E+00  3.13935353E-01
 -4.44974441E-01  1.00000000E+00  6.48790996E-01 -8.89544465E-01  4.16499073E-01  2.58166438E+00  1.00016786E+00  3.16299303E-01
 -4.17424698E-01  1.00000000E+00  6.30704882E-01 -8.93058145E-01  4.18662998E-01  2.59362261E+00  1.00025602E+00  3.18673318E-01
 -3.93087440E-01  1.00000000E+00  6.15252452E-01 -8.97050559E-01  4.20851814E-01  2.60718926E+00  1.00052935E+00  3.21331981E-01
 -3.68750182E-01  1.00000000E+00  5.99800021E-01 -9.01060783E-01  4.23527793E-01  2.62082653E+00  1.00080812E+00  3.24003682E-01
 -3.47250809E-01  1.00000000E+00  5.86807698E-01 -9.05493741E-01  4.26661863E-01  2.63940979E+00  1.00010963E+00  3.27860032E-01
 -3.25751437E-01  1.00000000E+00  5.73815375E-01 -9.09952431E-01  4.30180675E-01  2.65812468E+00  9.99419708E-01  3.31740994E-01
 -3.06759035E-01  1.00000000E+00  5.63254567E-01 -9.16872956E-01  4.33844882E-01  2.68106625E+00  1.00002393E+00  3.36208464E-01
 -2.87766633E-01  1.00000000E+00  5.52693758E-01 -9.23844884E-01  4.37876721E-01  2.70420492E+00  1.00064418E+00  3.40712148E-01
 -2.70988873E-01  1.00000000E+00  5.44040684E-01 -9.30392905E-01  4.42485843E-01  2.73080210E+00  9.99999409E-01  3.46160538E-01
 -2.54211113E-01  1.00000000E+00  5.35387610E-01 -9.36994022E-01  4.47405779E-01  2.75766030E+00  9.99371290E-01  3.51657803E-01
 -2.39389755E-01  1.00000000E+00  5.28751545E-01 -9.45310089E-01  4.52671355E-01  2.78879125E+00  9.99435356E-01  3.57871179E-01
 -2.24568396E-01  1.00000000E+00  5.22115480E-01 -9.53704984E-01  4.58269843E-01  2.82027214E+00  9.99522509E-01  3.64149925E-01
 -2.11472015E-01  1.00000000E+00  5.17141361E-01 -9.63252141E-01  4.64275276E-01  2.85654810E+00  9.99612490E-01  3.71387122E-01
 -1.98375634E-01  1.00000000E+00  5.12167242E-01 -9.72902362E-01  4.70616922E-01  2.89328885E+00  9.99731988E-01  3.78711373E-01
 -1.85977157E-01  1.00000000E+00  5.08899123E-01 -9.85243905E-01  4.78082981E-01  2.93911180E+00  1.00025437E+00  3.87771484E-01
 -1.73578680E-01  1.00000000E+00  5.05631005E-01 -9.97750931E-01  4.86022600E-01  2.98565736E+00  1.00082361E+00  3.96966750E-01
 -1.61180203E-01  1.00000000E+00  5.03142879E-01 -1.01086210E+00  4.96047291E-01  3.04252352E+00  9.99811371E-01  4.08542430E-01
 -1.48781726E-01  1.00000000E+00  5.00654753E-01 -1.02417846E+00  5.06655652E-01  3.10047385E+00  9.98855836E-01  4.20323602E-01
 -1.36383248E-01  1.00000000E+00  5.02978966E-01 -1.04406066E+00  5.19774848E-01  3.18354058E+00  9.98914514E-01  4.36925214E-01
 -1.23984771E-01  1.00000000E+00  5.05303178E-01 -1.06438485E+00  5.34299996E-01  3.26883164E+00  9.99084057E-01  4.53949518E-01
 -1.11586294E-01  1.00000000E+00  5.03234772E-01 -1.09091909E+00  5.53954644E-01  3.37317447E+00  1.00043210E+00  4.74548473E-01
 -9.91878171E-02  1.00000000E+00  5.01166367E-01 -1.11817156E+00  5.74160843E-01  3.48083754E+00  1.00196829E+00  4.95773849E-01
 -8.67893400E-02  1.00000000E+00  5.33930957E-01 -1.13863581E+00  6.04242425E-01  3.68713450E+00  9.84607453E-01  5.40505410E-01
 -7.43908628E-02  1.00000000E+00  5.66695546E-01 -1.15995249E+00  6.43092277E-01  3.90651475E+00  9.67626848E-01  5.87777581E-01
 -6.19923857E-02  1.00000000E+00  5.11879046E-01 -1.17296065E+00  6.88416610E-01  4.00337350E+00  9.63209934E-01  6.08032714E-01
 -4.95939085E-02  1.00000000E+00  4.57062546E-01 -1.18620560E+00  7.17470156E-01  4.10271862E+00  9.58848955E-01  6.28773932E-01
 -3.71954314E-02  1.00000000E+00  8.83285259E-01 -1.53640653E+00  8.04432868E-01  5.10142206E+00  1.05157033E+00  8.09970346E-01
 -2.47969543E-02  1.00000000E+00  1.30950797E+00 -1.97149000E+00  9.93490963E-01  6.34894347E+00  1.17468238E+00  1.03485222E+00
 -1.23984771E-02  1.00000000E+00  4.34554812E-01 -4.17924138E-02  1.76401297E+00  7.11856211E+00  5.79307660E-01  1.30785089E+00
  0.00000000E+00  1.00000000E+00 -4.40398348E-01  2.53159657E+00  3.54277717E+00  1.07656745E+01  1.03727059E+00  1.94568079E+00
