0.288
0.256
0.224
0.192
0.16
0.128
0.096
0.064
0.032
0.576
0.512
0.448
0.384
0.32
0.256
0.192
0.128
0.064
0.864
0.768
0.672
0.576
0.48
0.384
0.288
0.192
0.096
1.152
1.024
0.896
0.768
0.64
0.512
0.384
0.256
0.128
1.44
1.28
1.12
0.96
0.8
0.64
0.48
0.32
0.16
1.728
1.536
1.344
1.152
0.96
0.768
0.576
0.384
0.192
2.016
1.792
1.568
1.344
1.12
0.896
0.672
0.448
0.224
2.304
2.048
1.792
1.536
1.28
1.024
0.768
0.512
0.256
2.592
2.304
2.016
1.728
1.44
1.152
0.864
0.576
0.288
2.88
2.56
2.24
1.92
1.6
1.28
0.96
0.64
0.32
