2.69811565E+00 2.30132697E+00 1.90459885E+00 1.50793141E+00 1.11237776E+00
2.68641776E+00 2.28963387E+00 1.89290272E+00 1.49623857E+00 1.10068320E+00
2.67462084E+00 2.27784154E+00 1.88110754E+00 1.48444618E+00 1.08888940E+00
2.66274352E+00 2.26596862E+00 1.86923197E+00 1.47257294E+00 1.07701480E+00
2.65080424E+00 2.25403355E+00 1.85729442E+00 1.46063733E+00 1.06507769E+00
2.63882000E+00 2.24205334E+00 1.84531192E+00 1.44865641E+00 1.05309499E+00
2.62680578E+00 2.23004299E+00 1.83329945E+00 1.43664520E+00 1.04108165E+00
2.61477420E+00 2.21801511E+00 1.82126963E+00 1.42461636E+00 1.02905028E+00
2.60273513E+00 2.20597961E+00 1.80923233E+00 1.41257980E+00 1.01701078E+00
2.80447796E+00 2.40754496E+00 2.01090015E+00 1.61420937E+00 1.21860532E+00
2.78328860E+00 2.38638442E+00 1.98972294E+00 1.59305204E+00 1.19745245E+00
2.76146757E+00 2.36458950E+00 1.96791239E+00 1.57125525E+00 1.17566571E+00
2.73899812E+00 2.34214383E+00 1.94545227E+00 1.54880409E+00 1.15322595E+00
2.71587664E+00 2.31904399E+00 1.92233931E+00 1.52569633E+00 1.13012828E+00
2.69210161E+00 2.29528857E+00 1.89857224E+00 1.50193145E+00 1.10637063E+00
2.66767558E+00 2.27088025E+00 1.87415375E+00 1.47751275E+00 1.08195543E+00
2.64261185E+00 2.24583247E+00 1.84909724E+00 1.45245407E+00 1.05689609E+00
2.61693849E+00 2.22017347E+00 1.82343082E+00 1.42678389E+00 1.03122091E+00
2.89832751E+00 2.50113709E+00 2.10464797E+00 1.70786217E+00 1.31197482E+00
2.87037623E+00 2.47326210E+00 2.07673073E+00 1.68001684E+00 1.28416383E+00
2.84126527E+00 2.44421912E+00 2.04764682E+00 1.65097939E+00 1.25518879E+00
2.81069937E+00 2.41371386E+00 2.01710356E+00 1.62046428E+00 1.22474124E+00
2.77854487E+00 2.38161326E+00 1.98496887E+00 1.58834470E+00 1.19268232E+00
2.74473148E+00 2.34784731E+00 1.95117335E+00 1.55455480E+00 1.15894039E+00
2.70915984E+00 2.31231697E+00 1.91561812E+00 1.51899813E+00 1.12341682E+00
2.67169157E+00 2.27488417E+00 1.87816491E+00 1.48153814E+00 1.08597471E+00
2.63221049E+00 2.23543319E+00 1.83869747E+00 1.44205977E+00 1.04649923E+00
2.98153011E+00 2.58395929E+00 2.18768921E+00 1.79065719E+00 1.39425924E+00
2.94699183E+00 2.54956690E+00 2.15322596E+00 1.75638152E+00 1.36004926E+00
2.91193420E+00 2.51464173E+00 2.11822322E+00 1.72149736E+00 1.32532413E+00
2.87548613E+00 2.47831231E+00 2.08181954E+00 1.68516313E+00 1.28916111E+00
2.83663288E+00 2.43956346E+00 2.04300409E+00 1.64638496E+00 1.25053689E+00
2.79471125E+00 2.39773187E+00 2.00111564E+00 1.60451262E+00 1.20878953E+00
2.74947856E+00 2.35257510E+00 1.95591246E+00 1.55931088E+00 1.16367783E+00
2.70069382E+00 2.30385283E+00 1.90715363E+00 1.51054284E+00 1.11496374E+00
2.64789667E+00 2.25110571E+00 1.85437838E+00 1.45775026E+00 1.06219089E+00
3.05928707E+00 2.66121618E+00 2.26517599E+00 1.86767936E+00 1.47059671E+00
3.01830533E+00 2.62046692E+00 2.22435782E+00 1.82724556E+00 1.43016681E+00
2.97609926E+00 2.57847768E+00 2.18225528E+00 1.78539459E+00 1.38862552E+00
2.93334775E+00 2.53592466E+00 2.13958318E+00 1.74286856E+00 1.34644652E+00
2.88900653E+00 2.49175860E+00 2.09530757E+00 1.69867119E+00 1.30254692E+00
2.84105099E+00 2.44395211E+00 2.04740768E+00 1.65080774E+00 1.25491964E+00
2.78790026E+00 2.39092380E+00 1.99430453E+00 1.59771477E+00 1.20200091E+00
2.72899927E+00 2.33211979E+00 1.93544356E+00 1.53884585E+00 1.14324112E+00
2.66364697E+00 2.26684132E+00 1.87012317E+00 1.47350386E+00 1.07794501E+00
3.13415156E+00 2.73547143E+00 2.33958865E+00 1.94140773E+00 1.54362597E+00
3.08611630E+00 2.68777485E+00 2.29190319E+00 1.89434398E+00 1.49626368E+00
3.03734443E+00 2.63931872E+00 2.24332129E+00 1.84622032E+00 1.44858992E+00
2.98722767E+00 2.58949838E+00 2.19333688E+00 1.79650831E+00 1.39948353E+00
2.93652231E+00 2.53905774E+00 2.14273622E+00 1.74605461E+00 1.34955038E+00
2.88323152E+00 2.48599095E+00 2.08953113E+00 1.69292046E+00 1.29681001E+00
2.82396770E+00 2.42690739E+00 2.03033771E+00 1.63375279E+00 1.23792642E+00
2.75631021E+00 2.35938819E+00 1.96273712E+00 1.56614945E+00 1.17050695E+00
2.67925847E+00 2.28243736E+00 1.88572876E+00 1.48911745E+00 1.09355779E+00
3.20693993E+00 2.80752822E+00 2.41165127E+00 2.01269073E+00 1.61447972E+00
3.15275516E+00 2.75383393E+00 2.35816188E+00 1.95996785E+00 1.56072368E+00
3.09637853E+00 2.69788697E+00 2.30212418E+00 1.90465126E+00 1.50588548E+00
3.03917469E+00 2.64109100E+00 2.24513011E+00 1.84811590E+00 1.45026832E+00
2.98118799E+00 2.58347394E+00 2.18729939E+00 1.79053795E+00 1.39352077E+00
2.92188422E+00 2.52448301E+00 2.12811853E+00 1.73148203E+00 1.33508404E+00
2.85737516E+00 2.46022204E+00 2.06370694E+00 1.66712060E+00 1.27114954E+00
2.78246894E+00 2.38550123E+00 1.98887682E+00 1.59229669E+00 1.19660230E+00
2.69461292E+00 2.29777579E+00 1.90107686E+00 1.50447294E+00 1.10891020E+00
3.27647116E+00 2.87616635E+00 2.48011286E+00 2.08050981E+00 1.68218279E+00
3.21724926E+00 2.81767113E+00 2.42211530E+00 2.02314296E+00 1.62279372E+00
3.15478380E+00 2.75577757E+00 2.36023546E+00 1.96224658E+00 1.56213449E+00
3.08988410E+00 2.69140885E+00 2.29565810E+00 1.89837007E+00 1.49945519E+00
3.02417991E+00 2.62619038E+00 2.23017456E+00 1.83329092E+00 1.43560748E+00
2.95820063E+00 2.56062367E+00 2.16436227E+00 1.76768248E+00 1.37091668E+00
2.88824324E+00 2.49099029E+00 2.09453315E+00 1.69793947E+00 1.30179045E+00
2.80735871E+00 2.41034290E+00 2.01374592E+00 1.61717145E+00 1.22141023E+00
2.70964312E+00 2.31278955E+00 1.91610018E+00 1.51950333E+00 1.12393451E+00
3.34336212E+00 2.94196821E+00 2.54559226E+00 2.14579111E+00 1.74743464E+00
3.27899183E+00 2.87866450E+00 2.48311463E+00 2.08331071E+00 1.68196930E+00
3.21152615E+00 2.81196369E+00 2.41660090E+00 2.01795685E+00 1.61642819E+00
3.13998368E+00 2.74109071E+00 2.34554569E+00 1.94788479E+00 1.54769370E+00
3.06646416E+00 2.66818085E+00 2.27232843E+00 1.87527068E+00 1.47674348E+00
2.99310894E+00 2.59534535E+00 2.19919101E+00 1.80244731E+00 1.40521921E+00
2.91709518E+00 2.51973734E+00 2.12333966E+00 1.72673238E+00 1.33036770E+00
2.83089190E+00 2.43382629E+00 2.03725677E+00 1.64068652E+00 1.24484381E+00
2.72431271E+00 2.32744240E+00 1.93076231E+00 1.53417233E+00 1.13859398E+00
3.40704244E+00 3.00435460E+00 2.60754990E+00 2.20834830E+00 1.80995013E+00
3.33930375E+00 2.93811523E+00 2.54247447E+00 2.14193665E+00 1.73959470E+00
3.26631726E+00 2.86615627E+00 2.47090789E+00 2.07148618E+00 1.66853796E+00
3.18940221E+00 2.79007427E+00 2.39471416E+00 1.99657440E+00 1.59497010E+00
3.10836066E+00 2.70977298E+00 2.31408074E+00 1.91678878E+00 1.51722651E+00
3.02696685E+00 2.62900994E+00 2.23296239E+00 1.83613056E+00 1.43833955E+00
2.94452031E+00 2.54705437E+00 2.15071576E+00 1.75408770E+00 1.35746339E+00
2.85306350E+00 2.45594698E+00 2.05940430E+00 1.66283703E+00 1.26689869E+00
2.73860317E+00 2.34171589E+00 1.94504468E+00 1.54846149E+00 1.15286987E+00
