0.396487134
0.396486442
0.396485824
0.396485312
0.396484932
0.396484695
0.396484605
0.396484659
0.396484851
0.396508087
0.396500468
0.396493797
0.396488408
0.396484438
0.396481908
0.39648078
0.396480992
0.396482474
0.39659803
0.396567006
0.396539269
0.396516584
0.396499366
0.396487469
0.396480488
0.396477975
0.396479594
0.396784384
0.396707052
0.396636451
0.396579922
0.396537048
0.396506269
0.396486568
0.396477015
0.396476701
0.397091754
0.39694984
0.396803057
0.396685856
0.396600663
0.396540707
0.396500773
0.396479024
0.396474138
0.397511488
0.397313611
0.397060742
0.396847835
0.396694699
0.396591351
0.396523716
0.396484526
0.396472127
0.397975791
0.397792904
0.397422181
0.397078784
0.396827043
0.396660134
0.396555268
0.396493782
0.396470829
0.398423328
0.398343925
0.397882961
0.39738966
0.397004432
0.396750909
0.39659564
0.396506841
0.396470344
0.398803206
0.398939885
0.398420276
0.397778588
0.397235153
0.39686775
0.396645992
0.396523595
0.396470753
0.399019092
0.399559668
0.399022869
0.398236409
0.39752525
0.397013398
0.396708051
0.396543957
0.3964721
