# curve 5 (die wall), step =      200, time =   1.60000000E+02
# N1 = tau_xx - tau_yy = G ( c_xx - c_yy ),  G =  1.1429E-01  (polymer part only)
#              x               y        pressure            c_xy        gammadot            c_xx            c_yy              N1
 -3.00000000E+00  1.00000000E+00  3.15159705E+00 -2.80193427E+00  4.00469386E-01  1.67134173E+01  9.99498154E-01  1.79587647E+00
 -2.95108291E+00  1.00000000E+00  3.11128597E+00 -2.80239377E+00  4.00508223E-01  1.67189113E+01  9.99509237E-01  1.79650309E+00
 -2.90216582E+00  1.00000000E+00  3.07097489E+00 -2.80285335E+00  4.00551125E-01  1.67244071E+01  9.99520317E-01  1.79712992E+00
 -2.85324873E+00  1.00000000E+00  3.03185233E+00 -2.80222616E+00  4.00285676E-01  1.67123330E+01  9.99705383E-01  1.79572887E+00
 -2.80433164E+00  1.00000000E+00  2.99272977E+00 -2.80159906E+00  4.00078053E-01  1.67002680E+01  9.99890444E-01  1.79432886E+00
 -2.75541455E+00  1.00000000E+00  2.95341133E+00 -2.80084034E+00  4.00379421E-01  1.67017999E+01  9.99501106E-01  1.79454843E+00
 -2.70649746E+00  1.00000000E+00  2.91409289E+00 -2.80008164E+00  4.00488480E-01  1.67033322E+01  9.99111893E-01  1.79476803E+00
 -2.65758037E+00  1.00000000E+00  2.87514153E+00 -2.80289935E+00  4.00514066E-01  1.67089269E+01  9.99933260E-01  1.79531356E+00
 -2.60866328E+00  1.00000000E+00  2.83619018E+00 -2.80571857E+00  4.00421599E-01  1.67145246E+01  1.00075544E+00  1.79585933E+00
 -2.55974619E+00  1.00000000E+00  2.79744495E+00 -2.80512989E+00  4.00211854E-01  1.67196576E+01  1.00049293E+00  1.79647597E+00
 -2.51082911E+00  1.00000000E+00  2.75869973E+00 -2.80454081E+00  4.00357315E-01  1.67247929E+01  1.00023046E+00  1.79709285E+00
 -2.46191202E+00  1.00000000E+00  2.71885995E+00 -2.80346935E+00  4.00278620E-01  1.67176516E+01  1.00004435E+00  1.79629797E+00
 -2.41299493E+00  1.00000000E+00  2.67902017E+00 -2.80239832E+00  4.00199018E-01  1.67105134E+01  9.99858303E-01  1.79550344E+00
 -2.36407784E+00  1.00000000E+00  2.64034166E+00 -2.80307316E+00  4.00159391E-01  1.67118869E+01  1.00011833E+00  1.79563069E+00
 -2.31516075E+00  1.00000000E+00  2.60166314E+00 -2.80374811E+00  4.00105956E-01  1.67132605E+01  1.00037843E+00  1.79575796E+00
 -2.26624366E+00  1.00000000E+00  2.56236881E+00 -2.80322752E+00  4.00070793E-01  1.67188446E+01  1.00002670E+00  1.79643633E+00
 -2.21732657E+00  1.00000000E+00  2.52307448E+00 -2.80270665E+00  4.00176034E-01  1.67244311E+01  9.99675040E-01  1.79711497E+00
 -2.16840948E+00  1.00000000E+00  2.48362909E+00 -2.80385976E+00  4.00262078E-01  1.67224338E+01  1.00003934E+00  1.79684508E+00
 -2.11949239E+00  1.00000000E+00  2.44418371E+00 -2.80501266E+00  4.00230091E-01  1.67204375E+01  1.00040380E+00  1.79657528E+00
 -2.07057530E+00  1.00000000E+00  2.40546017E+00 -2.80584900E+00  4.00304252E-01  1.67343948E+01  1.00036647E+00  1.79817467E+00
 -2.02165821E+00  1.00000000E+00  2.36673663E+00 -2.80668540E+00  4.00331319E-01  1.67483644E+01  1.00032908E+00  1.79977547E+00
 -1.97274112E+00  1.00000000E+00  2.32691934E+00 -2.80521334E+00  4.00216487E-01  1.67387767E+01  1.00005545E+00  1.79871100E+00
 -1.92382403E+00  1.00000000E+00  2.28710204E+00 -2.80374208E+00  4.00142323E-01  1.67291945E+01  9.99781941E-01  1.79764715E+00
 -1.87490694E+00  1.00000000E+00  2.24785498E+00 -2.80509704E+00  4.00125876E-01  1.67218226E+01  1.00049366E+00  1.79672331E+00
 -1.82598985E+00  1.00000000E+00  2.20860793E+00 -2.80645130E+00  3.99996040E-01  1.67144558E+01  1.00120574E+00  1.79580001E+00
 -1.77707276E+00  1.00000000E+00  2.16950745E+00 -2.80784178E+00  3.99878397E-01  1.67189185E+01  1.00165206E+00  1.79625902E+00
 -1.72815567E+00  1.00000000E+00  2.13040698E+00 -2.80923281E+00  3.99694211E-01  1.67233825E+01  1.00209858E+00  1.79671816E+00
 -1.67923858E+00  1.00000000E+00  2.09127831E+00 -2.80698160E+00  3.99032704E-01  1.67097498E+01  1.00181245E+00  1.79519284E+00
 -1.63032150E+00  1.00000000E+00  2.05214964E+00 -2.80473217E+00  3.98832254E-01  1.66961283E+01  1.00152662E+00  1.79366876E+00
 -1.58140441E+00  1.00000000E+00  2.01271752E+00 -2.80246038E+00  3.98417195E-01  1.66646799E+01  1.00188414E+00  1.79003380E+00
 -1.53248732E+00  1.00000000E+00  1.97328540E+00 -2.80019087E+00  3.98100893E-01  1.66332927E+01  1.00224183E+00  1.78640582E+00
 -1.48357023E+00  1.00000000E+00  1.93281149E+00 -2.79278439E+00  3.97745215E-01  1.66015902E+01  1.00043563E+00  1.78298909E+00
 -1.43465314E+00  1.00000000E+00  1.89233757E+00 -2.78539457E+00  3.97724453E-01  1.65699497E+01  9.98633812E-01  1.77957896E+00
 -1.38573605E+00  1.00000000E+00  1.85327225E+00 -2.78212346E+00  3.96823603E-01  1.65050610E+01  9.99762229E-01  1.77203414E+00
 -1.33681896E+00  1.00000000E+00  1.81420693E+00 -2.77885497E+00  3.96001701E-01  1.64404402E+01  1.00089083E+00  1.76451993E+00
 -1.28790187E+00  1.00000000E+00  1.77433323E+00 -2.77637317E+00  3.94813729E-01  1.63706300E+01  1.00229295E+00  1.75638138E+00
 -1.23898478E+00  1.00000000E+00  1.73445954E+00 -2.77388773E+00  3.93425980E-01  1.63011381E+01  1.00369471E+00  1.74827924E+00
 -1.19006769E+00  1.00000000E+00  1.69729610E+00 -2.76261063E+00  3.91509530E-01  1.62162724E+01  1.00281280E+00  1.73868109E+00
 -1.14115060E+00  1.00000000E+00  1.66013266E+00 -2.75138423E+00  3.89953473E-01  1.61318494E+01  1.00193700E+00  1.72913284E+00
 -1.09223351E+00  1.00000000E+00  1.61796031E+00 -2.73704248E+00  3.88716303E-01  1.60083761E+01  1.00089776E+00  1.71514038E+00
 -1.04331642E+00  1.00000000E+00  1.57578796E+00 -2.72278568E+00  3.87479919E-01  1.58858557E+01  9.99865237E-01  1.70125605E+00
 -9.94399333E-01  1.00000000E+00  1.53919682E+00 -2.71826541E+00  3.85245393E-01  1.57375349E+01  1.00303713E+00  1.68394260E+00
 -9.45482243E-01  1.00000000E+00  1.50260569E+00 -2.71371607E+00  3.82724493E-01  1.55907127E+01  1.00620638E+00  1.66680072E+00
 -8.96565154E-01  1.00000000E+00  1.46469849E+00 -2.69583145E+00  3.79467313E-01  1.54261313E+01  1.00597789E+00  1.64801753E+00
 -8.47648064E-01  1.00000000E+00  1.42679128E+00 -2.67808828E+00  3.76607726E-01  1.52633086E+01  1.00576137E+00  1.62943397E+00
 -7.99501858E-01  1.00000000E+00  1.39237282E+00 -2.65990119E+00  3.72929360E-01  1.50415525E+01  1.00681293E+00  1.60397024E+00
 -7.51355652E-01  1.00000000E+00  1.35795435E+00 -2.64185324E+00  3.69987294E-01  1.48231187E+01  1.00786433E+00  1.57888622E+00
 -7.08111109E-01  1.00000000E+00  1.32669064E+00 -2.60800509E+00  3.67004120E-01  1.45664766E+01  1.00413471E+00  1.54998193E+00
 -6.64866566E-01  1.00000000E+00  1.29542694E+00 -2.57463659E+00  3.64942229E-01  1.43142994E+01  1.00045253E+00  1.52158250E+00
 -6.26599939E-01  1.00000000E+00  1.26893413E+00 -2.55682348E+00  3.63596997E-01  1.41355850E+01  9.99943648E-01  1.50121616E+00
 -5.88333313E-01  1.00000000E+00  1.24244133E+00 -2.53915117E+00  3.61654489E-01  1.39591490E+01  9.99438611E-01  1.48110976E+00
 -5.54471587E-01  1.00000000E+00  1.22189773E+00 -2.52787757E+00  3.60248946E-01  1.38313044E+01  9.99763281E-01  1.46646184E+00
 -5.20609860E-01  1.00000000E+00  1.20135412E+00 -2.51666039E+00  3.58560939E-01  1.37046658E+01  1.00008783E+00  1.45195177E+00
 -4.90645977E-01  1.00000000E+00  1.18547154E+00 -2.50749701E+00  3.56524566E-01  1.35668218E+01  1.00153422E+00  1.43603287E+00
 -4.60682095E-01  1.00000000E+00  1.16958896E+00 -2.49836061E+00  3.54750795E-01  1.34304339E+01  1.00297676E+00  1.42028082E+00
 -4.34167380E-01  1.00000000E+00  1.15706006E+00 -2.48639849E+00  3.53759273E-01  1.33454848E+01  1.00166110E+00  1.41072271E+00
 -4.07652666E-01  1.00000000E+00  1.14453117E+00 -2.47449973E+00  3.52489714E-01  1.32610749E+01  1.00035254E+00  1.40122542E+00
 -3.84190072E-01  1.00000000E+00  1.13393219E+00 -2.46208587E+00  3.51121550E-01  1.31547566E+01  9.99500286E-01  1.38917215E+00
 -3.60727478E-01  1.00000000E+00  1.12333320E+00 -2.44974361E+00  3.50304104E-01  1.30493026E+01  9.98652498E-01  1.37721715E+00
 -3.39965684E-01  1.00000000E+00  1.11675474E+00 -2.44783952E+00  3.49665256E-01  1.29870178E+01  1.00024605E+00  1.36991677E+00
 -3.19203889E-01  1.00000000E+00  1.11017629E+00 -2.44592832E+00  3.48452257E-01  1.29250583E+01  1.00183900E+00  1.36265363E+00
 -3.00831998E-01  1.00000000E+00  1.10666224E+00 -2.44250440E+00  3.46438091E-01  1.28379916E+01  1.00451975E+00  1.35239679E+00
 -2.82460107E-01  1.00000000E+00  1.10314820E+00 -2.43908012E+00  3.44449774E-01  1.27515588E+01  1.00720340E+00  1.34221204E+00
 -2.66203017E-01  1.00000000E+00  1.09958962E+00 -2.43095678E+00  3.42575775E-01  1.26589394E+01  1.00817183E+00  1.33151629E+00
 -2.49945927E-01  1.00000000E+00  1.09603104E+00 -2.42286798E+00  3.39996036E-01  1.25670154E+01  1.00914236E+00  1.32089978E+00
 -2.35560203E-01  1.00000000E+00  1.09574422E+00 -2.39761081E+00  3.35406915E-01  1.23400727E+01  1.00929788E+00  1.29494569E+00
 -2.21174479E-01  1.00000000E+00  1.09545740E+00 -2.37267746E+00  3.31892406E-01  1.21173036E+01  1.00947809E+00  1.26946577E+00
 -2.08421419E-01  1.00000000E+00  1.09299189E+00 -2.35712988E+00  3.28029910E-01  1.18687081E+01  1.01475564E+00  1.24045171E+00
 -1.95668358E-01  1.00000000E+00  1.09052638E+00 -2.34168632E+00  3.22962790E-01  1.16255183E+01  1.02003971E+00  1.21205469E+00
 -1.83439085E-01  1.00000000E+00  1.09366265E+00 -2.31567463E+00  3.15230780E-01  1.12608331E+01  1.02829464E+00  1.16943297E+00
 -1.71209813E-01  1.00000000E+00  1.09679892E+00 -2.29004651E+00  3.04477296E-01  1.09082027E+01  1.03659961E+00  1.12818321E+00
 -1.58980541E-01  1.00000000E+00  1.09290367E+00 -2.12868702E+00  2.84598372E-01  9.77144526E+00  1.02752252E+00  9.99305456E-01
 -1.46751268E-01  1.00000000E+00  1.08900842E+00 -1.98069074E+00  2.67983724E-01  8.75427189E+00  1.01993444E+00  8.83924279E-01
 -1.34521996E-01  1.00000000E+00  1.09888862E+00 -1.81079252E+00  2.42342519E-01  7.45349746E+00  1.02698802E+00  7.34458222E-01
 -1.22292724E-01  1.00000000E+00  1.10876882E+00 -1.65961371E+00  2.09125837E-01  6.34982558E+00  1.03614148E+00  6.07278183E-01
 -1.10063451E-01  1.00000000E+00  1.18447916E+00 -1.25714713E+00  1.51270575E-01  3.45986687E+00  1.18308131E+00  2.60204064E-01
 -9.78341789E-02  1.00000000E+00  1.26018950E+00 -1.00706403E+00  9.19151447E-02  1.91853479E+00  1.38910764E+00  6.05059594E-02
 -8.56049065E-02  1.00000000E+00  1.61850747E+00  5.37263837E-02  4.37150833E-02  9.34432160E-01  1.18852399E+00 -2.90390662E-02
 -7.33756342E-02  1.00000000E+00  1.97682543E+00  8.10163604E-01  1.33283897E-01  8.32197221E-01  1.68183572E+00 -9.71015430E-02
 -6.11463618E-02  1.00000000E+00  2.32532669E+00  1.06784499E+00  1.75786632E-01  1.50233694E+00  1.53893550E+00 -4.18269195E-03
 -4.89170895E-02  1.00000000E+00  2.67382795E+00  1.48148904E+00  2.64821987E-01  2.74873079E+00  1.47047983E+00  1.46085825E-01
 -3.66878171E-02  1.00000000E+00  3.66224176E+00  1.63584208E+00  3.73250537E-01  4.49500560E+00  1.14753973E+00  3.82567527E-01
 -2.44585447E-02  1.00000000E+00  4.65065557E+00  1.89451187E+00  5.61531781E-01  7.61431963E+00  9.09446492E-01  7.66271215E-01
 -1.22292724E-02  1.00000000E+00  2.08068902E+00  4.21178040E+00  4.18816087E-01  4.53377745E+00  5.15511352E+00 -7.10098358E-02
  0.00000000E+00  1.00000000E+00 -4.89277524E-01  1.40393211E+01  3.72091951E+00  7.17056376E+00  2.88143737E+01 -2.47357828E+00
