# curve 5 (die wall), step =        1, time =   8.00000000E-01
# N1 = tau_xx - tau_yy = G ( c_xx - c_yy ),  G =  2.0000E-01  (polymer part only)
#              x               y        pressure            c_xy        gammadot            c_xx            c_yy              N1
 -3.00000000E+00  1.00000000E+00  1.35053865E+00  0.00000000E+00  3.99991905E-01  1.00000000E+00  1.00000000E+00  0.00000000E+00
 -2.95108291E+00  1.00000000E+00  1.32994891E+00  0.00000000E+00  3.99995043E-01  1.00000000E+00  1.00000000E+00  0.00000000E+00
 -2.90216582E+00  1.00000000E+00  1.30935917E+00  0.00000000E+00  3.99998220E-01  1.00000000E+00  1.00000000E+00  0.00000000E+00
 -2.85324873E+00  1.00000000E+00  1.28876072E+00  0.00000000E+00  3.99999663E-01  1.00000000E+00  1.00000000E+00  0.00000000E+00
 -2.80433164E+00  1.00000000E+00  1.26816226E+00  0.00000000E+00  4.00000056E-01  1.00000000E+00  1.00000000E+00  0.00000000E+00
 -2.75541455E+00  1.00000000E+00  1.24756588E+00  0.00000000E+00  4.00000097E-01  1.00000000E+00  1.00000000E+00  0.00000000E+00
 -2.70649746E+00  1.00000000E+00  1.22696951E+00  0.00000000E+00  4.00000065E-01  1.00000000E+00  1.00000000E+00  0.00000000E+00
 -2.65758037E+00  1.00000000E+00  1.20637263E+00  0.00000000E+00  3.99999911E-01  1.00000000E+00  1.00000000E+00  0.00000000E+00
 -2.60866328E+00  1.00000000E+00  1.18577575E+00  0.00000000E+00  3.99999696E-01  1.00000000E+00  1.00000000E+00  0.00000000E+00
 -2.55974619E+00  1.00000000E+00  1.16517903E+00  0.00000000E+00  3.99999423E-01  1.00000000E+00  1.00000000E+00  0.00000000E+00
 -2.51082911E+00  1.00000000E+00  1.14458231E+00  0.00000000E+00  3.99999122E-01  1.00000000E+00  1.00000000E+00  0.00000000E+00
 -2.46191202E+00  1.00000000E+00  1.12398555E+00  0.00000000E+00  3.99998729E-01  1.00000000E+00  1.00000000E+00  0.00000000E+00
 -2.41299493E+00  1.00000000E+00  1.10338878E+00  0.00000000E+00  3.99998296E-01  1.00000000E+00  1.00000000E+00  0.00000000E+00
 -2.36407784E+00  1.00000000E+00  1.08279210E+00  0.00000000E+00  3.99997670E-01  1.00000000E+00  1.00000000E+00  0.00000000E+00
 -2.31516075E+00  1.00000000E+00  1.06219541E+00  0.00000000E+00  3.99996958E-01  1.00000000E+00  1.00000000E+00  0.00000000E+00
 -2.26624366E+00  1.00000000E+00  1.04159880E+00  0.00000000E+00  3.99995954E-01  1.00000000E+00  1.00000000E+00  0.00000000E+00
 -2.21732657E+00  1.00000000E+00  1.02100219E+00  0.00000000E+00  3.99994800E-01  1.00000000E+00  1.00000000E+00  0.00000000E+00
 -2.16840948E+00  1.00000000E+00  1.00040560E+00  0.00000000E+00  3.99993269E-01  1.00000000E+00  1.00000000E+00  0.00000000E+00
 -2.11949239E+00  1.00000000E+00  9.79809013E-01  0.00000000E+00  3.99991554E-01  1.00000000E+00  1.00000000E+00  0.00000000E+00
 -2.07057530E+00  1.00000000E+00  9.59212972E-01  0.00000000E+00  3.99989089E-01  1.00000000E+00  1.00000000E+00  0.00000000E+00
 -2.02165821E+00  1.00000000E+00  9.38616931E-01  0.00000000E+00  3.99986305E-01  1.00000000E+00  1.00000000E+00  0.00000000E+00
 -1.97274112E+00  1.00000000E+00  9.18021059E-01  0.00000000E+00  3.99983033E-01  1.00000000E+00  1.00000000E+00  0.00000000E+00
 -1.92382403E+00  1.00000000E+00  8.97425188E-01  0.00000000E+00  3.99979134E-01  1.00000000E+00  1.00000000E+00  0.00000000E+00
 -1.87490694E+00  1.00000000E+00  8.76830426E-01  0.00000000E+00  3.99974032E-01  1.00000000E+00  1.00000000E+00  0.00000000E+00
 -1.82598985E+00  1.00000000E+00  8.56235665E-01  0.00000000E+00  3.99968312E-01  1.00000000E+00  1.00000000E+00  0.00000000E+00
 -1.77707276E+00  1.00000000E+00  8.35642696E-01  0.00000000E+00  3.99961068E-01  1.00000000E+00  1.00000000E+00  0.00000000E+00
 -1.72815567E+00  1.00000000E+00  8.15049728E-01  0.00000000E+00  3.99952268E-01  1.00000000E+00  1.00000000E+00  0.00000000E+00
 -1.67923858E+00  1.00000000E+00  7.94459559E-01  0.00000000E+00  3.99941056E-01  1.00000000E+00  1.00000000E+00  0.00000000E+00
 -1.63032150E+00  1.00000000E+00  7.73869390E-01  0.00000000E+00  3.99929108E-01  1.00000000E+00  1.00000000E+00  0.00000000E+00
 -1.58140441E+00  1.00000000E+00  7.53282256E-01  0.00000000E+00  3.99914916E-01  1.00000000E+00  1.00000000E+00  0.00000000E+00
 -1.53248732E+00  1.00000000E+00  7.32695123E-01  0.00000000E+00  3.99900537E-01  1.00000000E+00  1.00000000E+00  0.00000000E+00
 -1.48357023E+00  1.00000000E+00  7.12116758E-01  0.00000000E+00  3.99883698E-01  1.00000000E+00  1.00000000E+00  0.00000000E+00
 -1.43465314E+00  1.00000000E+00  6.91538394E-01  0.00000000E+00  3.99863634E-01  1.00000000E+00  1.00000000E+00  0.00000000E+00
 -1.38573605E+00  1.00000000E+00  6.70971260E-01  0.00000000E+00  3.99839019E-01  1.00000000E+00  1.00000000E+00  0.00000000E+00
 -1.33681896E+00  1.00000000E+00  6.50404127E-01  0.00000000E+00  3.99816136E-01  1.00000000E+00  1.00000000E+00  0.00000000E+00
 -1.28790187E+00  1.00000000E+00  6.29852205E-01  0.00000000E+00  3.99793372E-01  1.00000000E+00  1.00000000E+00  0.00000000E+00
 -1.23898478E+00  1.00000000E+00  6.09300283E-01  0.00000000E+00  3.99770824E-01  1.00000000E+00  1.00000000E+00  0.00000000E+00
 -1.19006769E+00  1.00000000E+00  5.88773889E-01  0.00000000E+00  3.99751135E-01  1.00000000E+00  1.00000000E+00  0.00000000E+00
 -1.14115060E+00  1.00000000E+00  5.68247496E-01  0.00000000E+00  3.99730942E-01  1.00000000E+00  1.00000000E+00  0.00000000E+00
 -1.09223351E+00  1.00000000E+00  5.47767897E-01  0.00000000E+00  3.99731764E-01  1.00000000E+00  1.00000000E+00  0.00000000E+00
 -1.04331642E+00  1.00000000E+00  5.27288298E-01  0.00000000E+00  3.99738345E-01  1.00000000E+00  1.00000000E+00  0.00000000E+00
 -9.94399333E-01  1.00000000E+00  5.06852115E-01  0.00000000E+00  3.99771195E-01  1.00000000E+00  1.00000000E+00  0.00000000E+00
 -9.45482243E-01  1.00000000E+00  4.86415931E-01  0.00000000E+00  3.99819575E-01  1.00000000E+00  1.00000000E+00  0.00000000E+00
 -8.96565154E-01  1.00000000E+00  4.66067360E-01  0.00000000E+00  3.99946388E-01  1.00000000E+00  1.00000000E+00  0.00000000E+00
 -8.47648064E-01  1.00000000E+00  4.45718788E-01  0.00000000E+00  4.00101555E-01  1.00000000E+00  1.00000000E+00  0.00000000E+00
 -7.99501858E-01  1.00000000E+00  4.25821818E-01  0.00000000E+00  4.00373164E-01  1.00000000E+00  1.00000000E+00  0.00000000E+00
 -7.51355652E-01  1.00000000E+00  4.05924848E-01  0.00000000E+00  4.00711044E-01  1.00000000E+00  1.00000000E+00  0.00000000E+00
 -7.08111109E-01  1.00000000E+00  3.88186674E-01  0.00000000E+00  4.01179232E-01  1.00000000E+00  1.00000000E+00  0.00000000E+00
 -6.64866566E-01  1.00000000E+00  3.70448500E-01  0.00000000E+00  4.01796964E-01  1.00000000E+00  1.00000000E+00  0.00000000E+00
 -6.26599939E-01  1.00000000E+00  3.54857084E-01  0.00000000E+00  4.02621188E-01  1.00000000E+00  1.00000000E+00  0.00000000E+00
 -5.88333313E-01  1.00000000E+00  3.39265668E-01  0.00000000E+00  4.03559095E-01  1.00000000E+00  1.00000000E+00  0.00000000E+00
 -5.54471587E-01  1.00000000E+00  3.25736537E-01  0.00000000E+00  4.04777334E-01  1.00000000E+00  1.00000000E+00  0.00000000E+00
 -5.20609860E-01  1.00000000E+00  3.12207407E-01  0.00000000E+00  4.06138474E-01  1.00000000E+00  1.00000000E+00  0.00000000E+00
 -4.90645977E-01  1.00000000E+00  3.00165335E-01  0.00000000E+00  4.07763202E-01  1.00000000E+00  1.00000000E+00  0.00000000E+00
 -4.60682095E-01  1.00000000E+00  2.88123263E-01  0.00000000E+00  4.09522945E-01  1.00000000E+00  1.00000000E+00  0.00000000E+00
 -4.34167380E-01  1.00000000E+00  2.77984610E-01  0.00000000E+00  4.11726872E-01  1.00000000E+00  1.00000000E+00  0.00000000E+00
 -4.07652666E-01  1.00000000E+00  2.67845957E-01  0.00000000E+00  4.14156539E-01  1.00000000E+00  1.00000000E+00  0.00000000E+00
 -3.84190072E-01  1.00000000E+00  2.58682350E-01  0.00000000E+00  4.16743796E-01  1.00000000E+00  1.00000000E+00  0.00000000E+00
 -3.60727478E-01  1.00000000E+00  2.49518744E-01  0.00000000E+00  4.19537338E-01  1.00000000E+00  1.00000000E+00  0.00000000E+00
 -3.39965684E-01  1.00000000E+00  2.41721445E-01  0.00000000E+00  4.22900373E-01  1.00000000E+00  1.00000000E+00  0.00000000E+00
 -3.19203889E-01  1.00000000E+00  2.33924146E-01  0.00000000E+00  4.26450793E-01  1.00000000E+00  1.00000000E+00  0.00000000E+00
 -3.00831998E-01  1.00000000E+00  2.27122421E-01  0.00000000E+00  4.30369250E-01  1.00000000E+00  1.00000000E+00  0.00000000E+00
 -2.82460107E-01  1.00000000E+00  2.20320697E-01  0.00000000E+00  4.34643385E-01  1.00000000E+00  1.00000000E+00  0.00000000E+00
 -2.66203017E-01  1.00000000E+00  2.14596328E-01  0.00000000E+00  4.39382308E-01  1.00000000E+00  1.00000000E+00  0.00000000E+00
 -2.49945927E-01  1.00000000E+00  2.08871959E-01  0.00000000E+00  4.44363076E-01  1.00000000E+00  1.00000000E+00  0.00000000E+00
 -2.35560203E-01  1.00000000E+00  2.03804981E-01  0.00000000E+00  4.49629241E-01  1.00000000E+00  1.00000000E+00  0.00000000E+00
 -2.21174479E-01  1.00000000E+00  1.98738004E-01  0.00000000E+00  4.55332098E-01  1.00000000E+00  1.00000000E+00  0.00000000E+00
 -2.08421419E-01  1.00000000E+00  1.94350439E-01  0.00000000E+00  4.61608073E-01  1.00000000E+00  1.00000000E+00  0.00000000E+00
 -1.95668358E-01  1.00000000E+00  1.89962875E-01  0.00000000E+00  4.68287497E-01  1.00000000E+00  1.00000000E+00  0.00000000E+00
 -1.83439085E-01  1.00000000E+00  1.86411627E-01  0.00000000E+00  4.75927568E-01  1.00000000E+00  1.00000000E+00  0.00000000E+00
 -1.71209813E-01  1.00000000E+00  1.82860379E-01  0.00000000E+00  4.83967677E-01  1.00000000E+00  1.00000000E+00  0.00000000E+00
 -1.58980541E-01  1.00000000E+00  1.79134044E-01  0.00000000E+00  4.93799667E-01  1.00000000E+00  1.00000000E+00  0.00000000E+00
 -1.46751268E-01  1.00000000E+00  1.75407708E-01  0.00000000E+00  5.04316120E-01  1.00000000E+00  1.00000000E+00  0.00000000E+00
 -1.34521996E-01  1.00000000E+00  1.72364133E-01  0.00000000E+00  5.17583322E-01  1.00000000E+00  1.00000000E+00  0.00000000E+00
 -1.22292724E-01  1.00000000E+00  1.69320559E-01  0.00000000E+00  5.31499171E-01  1.00000000E+00  1.00000000E+00  0.00000000E+00
 -1.10063451E-01  1.00000000E+00  1.65049194E-01  0.00000000E+00  5.51706726E-01  1.00000000E+00  1.00000000E+00  0.00000000E+00
 -9.78341789E-02  1.00000000E+00  1.60777829E-01  0.00000000E+00  5.72215139E-01  1.00000000E+00  1.00000000E+00  0.00000000E+00
 -8.56049065E-02  1.00000000E+00  1.67281367E-01  0.00000000E+00  5.99503867E-01  1.00000000E+00  1.00000000E+00  0.00000000E+00
 -7.33756342E-02  1.00000000E+00  1.73784904E-01  0.00000000E+00  6.31940847E-01  1.00000000E+00  1.00000000E+00  0.00000000E+00
 -6.11463618E-02  1.00000000E+00  1.36668714E-01  0.00000000E+00  6.90160012E-01  1.00000000E+00  1.00000000E+00  0.00000000E+00
 -4.89170895E-02  1.00000000E+00  9.95525231E-02  0.00000000E+00  7.43724972E-01  1.00000000E+00  1.00000000E+00  0.00000000E+00
 -3.66878171E-02  1.00000000E+00  2.33209897E-01  0.00000000E+00  8.41386915E-01  1.00000000E+00  1.00000000E+00  0.00000000E+00
 -2.44585447E-02  1.00000000E+00  3.66867270E-01  0.00000000E+00  9.96551524E-01  1.00000000E+00  1.00000000E+00  0.00000000E+00
 -1.22292724E-02  1.00000000E+00 -7.40561928E-02  0.00000000E+00  1.42044445E+00  1.00000000E+00  1.00000000E+00  0.00000000E+00
  0.00000000E+00  1.00000000E+00 -5.14979656E-01  0.00000000E+00  2.15761167E+00  1.00000000E+00  1.00000000E+00  0.00000000E+00
