# curve 5 (die wall), step =      600, time =   4.80000000E+02
# N1 = tau_xx - tau_yy = G ( c_xx - c_yy ),  G =  2.0000E-01  (polymer part only)
#              x               y        pressure            c_xy        gammadot            c_xx            c_yy              N1
 -3.00000000E+00  1.00000000E+00  2.81021946E+00 -1.20093269E+00  4.00101201E-01  3.88229259E+00  1.00012392E+00  5.76433735E-01
 -2.95108291E+00  1.00000000E+00  2.77059137E+00 -1.20112595E+00  4.00107385E-01  3.88267618E+00  1.00017279E+00  5.76500678E-01
 -2.90216582E+00  1.00000000E+00  2.73096328E+00 -1.20131923E+00  4.00123639E-01  3.88305981E+00  1.00022167E+00  5.76567627E-01
 -2.85324873E+00  1.00000000E+00  2.69191508E+00 -1.20127333E+00  4.00047614E-01  3.88216581E+00  1.00031084E+00  5.76370994E-01
 -2.80433164E+00  1.00000000E+00  2.65286687E+00 -1.20122742E+00  3.99951573E-01  3.88127205E+00  1.00040002E+00  5.76174406E-01
 -2.75541455E+00  1.00000000E+00  2.61369002E+00 -1.20091572E+00  4.00005762E-01  3.88127722E+00  1.00024478E+00  5.76206490E-01
 -2.70649746E+00  1.00000000E+00  2.57451317E+00 -1.20060402E+00  4.00006264E-01  3.88128247E+00  1.00008957E+00  5.76238580E-01
 -2.65758037E+00  1.00000000E+00  2.53539659E+00 -1.20078229E+00  4.00002667E-01  3.88148292E+00  1.00017188E+00  5.76262208E-01
 -2.60866328E+00  1.00000000E+00  2.49628001E+00 -1.20096057E+00  4.00013336E-01  3.88168338E+00  1.00025420E+00  5.76285837E-01
 -2.55974619E+00  1.00000000E+00  2.45720040E+00 -1.20083031E+00  3.99966446E-01  3.88195606E+00  1.00017586E+00  5.76356041E-01
 -2.51082911E+00  1.00000000E+00  2.41812079E+00 -1.20070004E+00  4.00031740E-01  3.88222879E+00  1.00009753E+00  5.76426252E-01
 -2.46191202E+00  1.00000000E+00  2.37886914E+00 -1.20062057E+00  4.00008315E-01  3.88148429E+00  1.00010353E+00  5.76276152E-01
 -2.41299493E+00  1.00000000E+00  2.33961750E+00 -1.20054111E+00  3.99983832E-01  3.88073995E+00  1.00010953E+00  5.76126084E-01
 -2.36407784E+00  1.00000000E+00  2.30056290E+00 -1.20053067E+00  4.00012462E-01  3.88110282E+00  1.00010907E+00  5.76198749E-01
 -2.31516075E+00  1.00000000E+00  2.26150829E+00 -1.20052021E+00  4.00019437E-01  3.88146574E+00  1.00010862E+00  5.76271423E-01
 -2.26624366E+00  1.00000000E+00  2.22236398E+00 -1.20079196E+00  3.99981657E-01  3.88183629E+00  1.00018832E+00  5.76329593E-01
 -2.21732657E+00  1.00000000E+00  2.18321967E+00 -1.20106372E+00  3.99988367E-01  3.88220690E+00  1.00026804E+00  5.76387770E-01
 -2.16840948E+00  1.00000000E+00  2.14404885E+00 -1.20097897E+00  3.99980975E-01  3.88167821E+00  1.00026063E+00  5.76283517E-01
 -2.11949239E+00  1.00000000E+00  2.10487803E+00 -1.20089423E+00  3.99939237E-01  3.88114960E+00  1.00025321E+00  5.76179279E-01
 -2.07057530E+00  1.00000000E+00  2.06580071E+00 -1.20124995E+00  3.99962185E-01  3.88234327E+00  1.00033071E+00  5.76402513E-01
 -2.02165821E+00  1.00000000E+00  2.02672339E+00 -1.20160577E+00  3.99983327E-01  3.88353731E+00  1.00040824E+00  5.76625813E-01
 -1.97274112E+00  1.00000000E+00  1.98751736E+00 -1.20129258E+00  3.99927899E-01  3.88239633E+00  1.00032575E+00  5.76414117E-01
 -1.92382403E+00  1.00000000E+00  1.94831132E+00 -1.20097947E+00  3.99892080E-01  3.88125569E+00  1.00024327E+00  5.76202483E-01
 -1.87490694E+00  1.00000000E+00  1.90919124E+00 -1.20080032E+00  3.99929031E-01  3.88088489E+00  1.00023347E+00  5.76130284E-01
 -1.82598985E+00  1.00000000E+00  1.87007117E+00 -1.20062119E+00  3.99926954E-01  3.88051414E+00  1.00022369E+00  5.76058090E-01
 -1.77707276E+00  1.00000000E+00  1.83100756E+00 -1.20101055E+00  3.99933201E-01  3.88140364E+00  1.00032392E+00  5.76215945E-01
 -1.72815567E+00  1.00000000E+00  1.79194396E+00 -1.20140000E+00  3.99932374E-01  3.88229336E+00  1.00042419E+00  5.76373835E-01
 -1.67923858E+00  1.00000000E+00  1.75270627E+00 -1.20114133E+00  3.99831981E-01  3.88184295E+00  1.00034022E+00  5.76300546E-01
 -1.63032150E+00  1.00000000E+00  1.71346858E+00 -1.20088269E+00  3.99854550E-01  3.88139260E+00  1.00025627E+00  5.76227265E-01
 -1.58140441E+00  1.00000000E+00  1.67449873E+00 -1.20077881E+00  3.99785581E-01  3.88002290E+00  1.00037569E+00  5.75929442E-01
 -1.53248732E+00  1.00000000E+00  1.63552888E+00 -1.20067495E+00  3.99750613E-01  3.87865373E+00  1.00049512E+00  5.75631722E-01
 -1.48357023E+00  1.00000000E+00  1.59627372E+00 -1.20027902E+00  3.99720654E-01  3.87810298E+00  1.00027359E+00  5.75565879E-01
 -1.43465314E+00  1.00000000E+00  1.55701855E+00 -1.19988319E+00  3.99710045E-01  3.87755236E+00  1.00005212E+00  5.75500048E-01
 -1.38573605E+00  1.00000000E+00  1.51794047E+00 -1.19962151E+00  3.99623341E-01  3.87624688E+00  1.00011791E+00  5.75225794E-01
 -1.33681896E+00  1.00000000E+00  1.47886240E+00 -1.19935990E+00  3.99579258E-01  3.87494185E+00  1.00018374E+00  5.74951622E-01
 -1.28790187E+00  1.00000000E+00  1.43976987E+00 -1.19905631E+00  3.99423910E-01  3.87316334E+00  1.00022009E+00  5.74588651E-01
 -1.23898478E+00  1.00000000E+00  1.40067735E+00 -1.19875283E+00  3.99257715E-01  3.87138567E+00  1.00025645E+00  5.74225844E-01
 -1.19006769E+00  1.00000000E+00  1.36174809E+00 -1.19857861E+00  3.99126079E-01  3.87014401E+00  1.00031509E+00  5.73965784E-01
 -1.14115060E+00  1.00000000E+00  1.32281883E+00 -1.19840442E+00  3.99008793E-01  3.86890275E+00  1.00037373E+00  5.73705804E-01
 -1.09223351E+00  1.00000000E+00  1.28386343E+00 -1.19773680E+00  3.98790433E-01  3.86578732E+00  1.00035741E+00  5.73085981E-01
 -1.04331642E+00  1.00000000E+00  1.24490802E+00 -1.19706962E+00  3.98576674E-01  3.86267440E+00  1.00034119E+00  5.72466643E-01
 -9.94399333E-01  1.00000000E+00  1.20619043E+00 -1.19628203E+00  3.98411641E-01  3.85965998E+00  1.00026989E+00  5.71878018E-01
 -9.45482243E-01  1.00000000E+00  1.16747284E+00 -1.19549497E+00  3.98215367E-01  3.85664790E+00  1.00019874E+00  5.71289832E-01
 -8.96565154E-01  1.00000000E+00  1.12904467E+00 -1.19514219E+00  3.98000253E-01  3.85409294E+00  1.00033545E+00  5.70751499E-01
 -8.47648064E-01  1.00000000E+00  1.09061650E+00 -1.19478958E+00  3.97772537E-01  3.85153974E+00  1.00047220E+00  5.70213508E-01
 -7.99501858E-01  1.00000000E+00  1.05332157E+00 -1.19410973E+00  3.97518832E-01  3.84863244E+00  1.00045880E+00  5.69634727E-01
 -7.51355652E-01  1.00000000E+00  1.01602665E+00 -1.19343032E+00  3.97410794E-01  3.84572733E+00  1.00044551E+00  5.69056363E-01
 -7.08111109E-01  1.00000000E+00  9.82957722E-01 -1.19308062E+00  3.97274042E-01  3.84477844E+00  1.00032805E+00  5.68890079E-01
 -6.64866566E-01  1.00000000E+00  9.49888794E-01 -1.19273101E+00  3.97379689E-01  3.84382980E+00  1.00021062E+00  5.68723836E-01
 -6.26599939E-01  1.00000000E+00  9.21291126E-01 -1.19353124E+00  3.97595579E-01  3.84686730E+00  1.00028958E+00  5.69315545E-01
 -5.88333313E-01  1.00000000E+00  8.92693458E-01 -1.19433202E+00  3.97875331E-01  3.84990719E+00  1.00036868E+00  5.69907702E-01
 -5.54471587E-01  1.00000000E+00  8.68113451E-01 -1.19540406E+00  3.98494171E-01  3.85801523E+00  9.99866049E-01  5.71629836E-01
 -5.20609860E-01  1.00000000E+00  8.43533444E-01 -1.19647783E+00  3.99180466E-01  3.86614105E+00  9.99363973E-01  5.73355415E-01
 -4.90645977E-01  1.00000000E+00  8.22646860E-01 -1.20018557E+00  4.00024532E-01  3.87995585E+00  9.99989408E-01  5.75993289E-01
 -4.60682095E-01  1.00000000E+00  8.01760275E-01 -1.20390503E+00  4.01000451E-01  3.89381986E+00  1.00061777E+00  5.78640418E-01
 -4.34167380E-01  1.00000000E+00  7.84049956E-01 -1.20669695E+00  4.02501831E-01  3.91317043E+00  9.99618251E-01  5.82710435E-01
 -4.07652666E-01  1.00000000E+00  7.66339636E-01 -1.20949949E+00  4.04166386E-01  3.93262041E+00  9.98621731E-01  5.86799735E-01
 -3.84190072E-01  1.00000000E+00  7.51680557E-01 -1.21653267E+00  4.06022573E-01  3.96193033E+00  9.99396978E-01  5.92506670E-01
 -3.60727478E-01  1.00000000E+00  7.37021478E-01 -1.22361059E+00  4.07959086E-01  3.99145839E+00  1.00018213E+00  5.98255253E-01
 -3.39965684E-01  1.00000000E+00  7.24904614E-01 -1.22977846E+00  4.10472625E-01  4.02617468E+00  9.99442587E-01  6.05346419E-01
 -3.19203889E-01  1.00000000E+00  7.12787750E-01 -1.23598856E+00  4.13180717E-01  4.06119783E+00  9.98711908E-01  6.12497184E-01
 -3.00831998E-01  1.00000000E+00  7.03237436E-01 -1.24645737E+00  4.16238637E-01  4.10926162E+00  9.99328713E-01  6.21986581E-01
 -2.82460107E-01  1.00000000E+00  6.93687123E-01 -1.25702907E+00  4.19369785E-01  4.15789568E+00  9.99966362E-01  6.31585864E-01
 -2.66203017E-01  1.00000000E+00  6.85965609E-01 -1.26611125E+00  4.23214646E-01  4.21154411E+00  9.98700948E-01  6.42568633E-01
 -2.49945927E-01  1.00000000E+00  6.78244095E-01 -1.27528474E+00  4.27342997E-01  4.26589816E+00  9.97454317E-01  6.53688769E-01
 -2.35560203E-01  1.00000000E+00  6.73229984E-01 -1.29091691E+00  4.31755086E-01  4.33856561E+00  9.98626791E-01  6.67987765E-01
 -2.21174479E-01  1.00000000E+00  6.68215874E-01 -1.30677046E+00  4.36139751E-01  4.41247426E+00  9.99842220E-01  6.82526409E-01
 -2.08421419E-01  1.00000000E+00  6.64411754E-01 -1.32177895E+00  4.41170176E-01  4.49166131E+00  9.99684955E-01  6.98395272E-01
 -1.95668358E-01  1.00000000E+00  6.60607634E-01 -1.33700349E+00  4.46425894E-01  4.57228361E+00  9.99567387E-01  7.14543245E-01
 -1.83439085E-01  1.00000000E+00  6.58935820E-01 -1.35298972E+00  4.52973114E-01  4.66928250E+00  9.97918857E-01  7.34272729E-01
 -1.71209813E-01  1.00000000E+00  6.57264005E-01 -1.36923779E+00  4.60004483E-01  4.76838002E+00  9.96317728E-01  7.54412459E-01
 -1.58980541E-01  1.00000000E+00  6.55907577E-01 -1.39750657E+00  4.68336864E-01  4.91244328E+00  9.98041824E-01  7.82880291E-01
 -1.46751268E-01  1.00000000E+00  6.54551149E-01 -1.42647093E+00  4.76368287E-01  5.06088732E+00  9.99884263E-01  8.12200610E-01
 -1.34521996E-01  1.00000000E+00  6.62399758E-01 -1.46291550E+00  4.88043180E-01  5.26180035E+00  1.00039183E+00  8.52281705E-01
 -1.22292724E-01  1.00000000E+00  6.70248366E-01 -1.50051703E+00  5.00224455E-01  5.47077287E+00  1.00109087E+00  8.93936400E-01
 -1.10063451E-01  1.00000000E+00  6.60580697E-01 -1.53211918E+00  5.15454323E-01  5.70711433E+00  9.96378466E-01  9.42147173E-01
 -9.78341789E-02  1.00000000E+00  6.50913029E-01 -1.56468450E+00  5.29619451E-01  5.95401498E+00  9.91798239E-01  9.92443347E-01
 -8.56049065E-02  1.00000000E+00  6.78565734E-01 -1.62526641E+00  5.45595585E-01  6.17681364E+00  1.00750756E+00  1.03386122E+00
 -7.33756342E-02  1.00000000E+00  7.06218440E-01 -1.68805998E+00  5.45160687E-01  6.40796866E+00  1.02380269E+00  1.07683319E+00
 -6.11463618E-02  1.00000000E+00  7.30180346E-01 -1.68182459E+00  4.70065043E-01  5.48834885E+00  1.12505865E+00  8.72658042E-01
 -4.89170895E-02  1.00000000E+00  7.54142252E-01 -1.67630435E+00  3.73305023E-01  4.72267991E+00  1.23388904E+00  6.97758175E-01
 -3.66878171E-02  1.00000000E+00  1.55628416E+00 -2.27526844E+00  3.21629669E-01  5.15449071E+00  1.61534600E+00  7.07828941E-01
 -2.44585447E-02  1.00000000E+00  2.35842607E+00 -2.98873691E+00  3.68486452E-01  5.75064251E+00  2.12497134E+00  7.25134235E-01
 -1.22292724E-02  1.00000000E+00  9.70112207E-01  8.41910413E-01  1.22238075E+00  7.14770252E+00  8.20561506E-01  1.26542820E+00
  0.00000000E+00  1.00000000E+00 -4.18201655E-01  1.13765678E+01  3.76301280E+00  2.46699924E+01  5.57414111E+00  3.81917025E+00
