# curve 5 (die wall), step =      400, time =   1.60000000E+02
# N1 = tau_xx - tau_yy = G ( c_xx - c_yy ),  G =  8.8889E-02  (polymer part only)
#              x               y        pressure            c_xy        gammadot            c_xx            c_yy              N1
 -3.00000000E+00  1.00000000E+00  1.64018765E+00 -1.78089063E+00  4.95137313E-01  1.01008051E+01  6.72682529E-01  8.38055342E-01
 -2.95108291E+00  1.00000000E+00  1.61904029E+00 -1.78059656E+00  4.95111498E-01  1.01023408E+01  6.72514079E-01  8.38206821E-01
 -2.90216582E+00  1.00000000E+00  1.59789294E+00 -1.78030245E+00  4.95145945E-01  1.01038769E+01  6.72345659E-01  8.38358330E-01
 -2.85324873E+00  1.00000000E+00  1.57686328E+00 -1.78017815E+00  4.95052683E-01  1.01020527E+01  6.72315860E-01  8.38198829E-01
 -2.80433164E+00  1.00000000E+00  1.55583362E+00 -1.78005384E+00  4.95061809E-01  1.01002288E+01  6.72286061E-01  8.38039358E-01
 -2.75541455E+00  1.00000000E+00  1.53509730E+00 -1.78031159E+00  4.95239815E-01  1.00995242E+01  6.72386072E-01  8.37967832E-01
 -2.70649746E+00  1.00000000E+00  1.51436097E+00 -1.78056930E+00  4.95346939E-01  1.00988197E+01  6.72486098E-01  8.37896316E-01
 -2.65758037E+00  1.00000000E+00  1.49354900E+00 -1.78104709E+00  4.95426723E-01  1.01004679E+01  6.72643355E-01  8.38028851E-01
 -2.60866328E+00  1.00000000E+00  1.47273703E+00 -1.78152498E+00  4.95310499E-01  1.01021165E+01  6.72800652E-01  8.38161409E-01
 -2.55974619E+00  1.00000000E+00  1.45184808E+00 -1.78082732E+00  4.95474960E-01  1.01014785E+01  6.72624461E-01  8.38120356E-01
 -2.51082911E+00  1.00000000E+00  1.43095912E+00 -1.78012970E+00  4.95580017E-01  1.01008406E+01  6.72448348E-01  8.38079315E-01
 -2.46191202E+00  1.00000000E+00  1.40989917E+00 -1.78019197E+00  4.95523033E-01  1.00988577E+01  6.72488294E-01  8.37899505E-01
 -2.41299493E+00  1.00000000E+00  1.38883921E+00 -1.78025418E+00  4.95613107E-01  1.00968753E+01  6.72528240E-01  8.37719737E-01
 -2.36407784E+00  1.00000000E+00  1.36818956E+00 -1.78050072E+00  4.95726914E-01  1.00955959E+01  6.72729490E-01  8.37588125E-01
 -2.31516075E+00  1.00000000E+00  1.34753990E+00 -1.78074726E+00  4.95584101E-01  1.00943168E+01  6.72930790E-01  8.37456531E-01
 -2.26624366E+00  1.00000000E+00  1.32670386E+00 -1.78140431E+00  4.95331794E-01  1.00978596E+01  6.73065258E-01  8.37759500E-01
 -2.21732657E+00  1.00000000E+00  1.30586782E+00 -1.78206161E+00  4.95010123E-01  1.01014037E+01  6.73199770E-01  8.38062576E-01
 -2.16840948E+00  1.00000000E+00  1.28482318E+00 -1.78193404E+00  4.94856745E-01  1.00995440E+01  6.73163452E-01  8.37900489E-01
 -2.11949239E+00  1.00000000E+00  1.26377855E+00 -1.78180646E+00  4.94942020E-01  1.00976845E+01  6.73127136E-01  8.37738434E-01
 -2.07057530E+00  1.00000000E+00  1.24313199E+00 -1.78119985E+00  4.94933228E-01  1.01028856E+01  6.72823779E-01  8.38227716E-01
 -2.02165821E+00  1.00000000E+00  1.22248543E+00 -1.78059260E+00  4.94644601E-01  1.01080904E+01  6.72520513E-01  8.38717324E-01
 -1.97274112E+00  1.00000000E+00  1.20106768E+00 -1.77957018E+00  4.94605996E-01  1.01049627E+01  6.72150668E-01  8.38472185E-01
 -1.92382403E+00  1.00000000E+00  1.17964993E+00 -1.77854824E+00  4.94898688E-01  1.01018362E+01  6.71781032E-01  8.38227123E-01
 -1.87490694E+00  1.00000000E+00  1.15900275E+00 -1.78068371E+00  4.95168096E-01  1.00985322E+01  6.72668885E-01  8.37854516E-01
 -1.82598985E+00  1.00000000E+00  1.13835558E+00 -1.78281883E+00  4.95218201E-01  1.00952327E+01  6.73557814E-01  8.37482216E-01
 -1.77707276E+00  1.00000000E+00  1.11754703E+00 -1.78295879E+00  4.94981848E-01  1.01018066E+01  6.73414782E-01  8.38079277E-01
 -1.72815567E+00  1.00000000E+00  1.09673848E+00 -1.78309857E+00  4.94478563E-01  1.01083853E+01  6.73271733E-01  8.38676757E-01
 -1.67923858E+00  1.00000000E+00  1.07560678E+00 -1.78169014E+00  4.94426619E-01  1.01028005E+01  6.73044281E-01  8.38200550E-01
 -1.63032150E+00  1.00000000E+00  1.05447508E+00 -1.78028254E+00  4.94332262E-01  1.00972189E+01  6.72817080E-01  8.37724607E-01
 -1.58140441E+00  1.00000000E+00  1.03357426E+00 -1.78114494E+00  4.93978523E-01  1.00901768E+01  6.73424329E-01  8.37044666E-01
 -1.53248732E+00  1.00000000E+00  1.01267344E+00 -1.78200664E+00  4.93745975E-01  1.00831416E+01  6.74031942E-01  8.36365301E-01
 -1.48357023E+00  1.00000000E+00  9.91517783E-01 -1.77947552E+00  4.93459017E-01  1.00777229E+01  6.73274228E-01  8.35950991E-01
 -1.43465314E+00  1.00000000E+00  9.70362126E-01 -1.77694647E+00  4.93211422E-01  1.00723084E+01  6.72517564E-01  8.35536962E-01
 -1.38573605E+00  1.00000000E+00  9.49428126E-01 -1.77746729E+00  4.92865018E-01  1.00583174E+01  6.73426206E-01  8.34212547E-01
 -1.33681896E+00  1.00000000E+00  9.28494126E-01 -1.77798718E+00  4.92243565E-01  1.00443493E+01  6.74335682E-01  8.32890103E-01
 -1.28790187E+00  1.00000000E+00  9.07638819E-01 -1.77884435E+00  4.91115331E-01  1.00298820E+01  6.75322751E-01  8.31516379E-01
 -1.23898478E+00  1.00000000E+00  8.86783512E-01 -1.77969986E+00  4.89966244E-01  1.00154404E+01  6.76310723E-01  8.30144859E-01
 -1.19006769E+00  1.00000000E+00  8.66166364E-01 -1.77708464E+00  4.88462481E-01  9.99509876E+00  6.76478067E-01  8.28321839E-01
 -1.14115060E+00  1.00000000E+00  8.45549216E-01 -1.77447411E+00  4.86840512E-01  9.97479855E+00  6.76646538E-01  8.26502401E-01
 -1.09223351E+00  1.00000000E+00  8.24483404E-01 -1.77275681E+00  4.85235214E-01  9.94733126E+00  6.77296782E-01  8.24003064E-01
 -1.04331642E+00  1.00000000E+00  8.03417591E-01 -1.77104207E+00  4.83690246E-01  9.91994305E+00  6.77947748E-01  8.21510694E-01
 -9.94399333E-01  1.00000000E+00  7.83174187E-01 -1.77056678E+00  4.81718305E-01  9.88352020E+00  6.79543256E-01  8.18131284E-01
 -9.45482243E-01  1.00000000E+00  7.62930782E-01 -1.77008971E+00  4.79382675E-01  9.84724503E+00  6.81141242E-01  8.14764781E-01
 -8.96565154E-01  1.00000000E+00  7.43135122E-01 -1.76802871E+00  4.76398381E-01  9.80238009E+00  6.82763404E-01  8.10632594E-01
 -8.47648064E-01  1.00000000E+00  7.23339461E-01 -1.76597286E+00  4.73043681E-01  9.75773216E+00  6.84389555E-01  8.06519342E-01
 -7.99501858E-01  1.00000000E+00  7.04509887E-01 -1.76171182E+00  4.69429443E-01  9.69689134E+00  6.85875484E-01  8.00979187E-01
 -7.51355652E-01  1.00000000E+00  6.85680314E-01 -1.75746778E+00  4.65974088E-01  9.63644493E+00  6.87366348E-01  7.95473652E-01
 -7.08111109E-01  1.00000000E+00  6.69660077E-01 -1.75079275E+00  4.61982364E-01  9.56758373E+00  6.88326741E-01  7.89267288E-01
 -6.64866566E-01  1.00000000E+00  6.53639841E-01 -1.74415356E+00  4.58721387E-01  9.49922451E+00  6.89293634E-01  7.83104967E-01
 -6.26599939E-01  1.00000000E+00  6.40105212E-01 -1.74157317E+00  4.55213861E-01  9.43477199E+00  6.91665872E-01  7.77164988E-01
 -5.88333313E-01  1.00000000E+00  6.26570583E-01 -1.73899896E+00  4.51450011E-01  9.37078837E+00  6.94044920E-01  7.71266084E-01
 -5.54471587E-01  1.00000000E+00  6.16104946E-01 -1.73616539E+00  4.48045313E-01  9.32471122E+00  6.95504134E-01  7.67040630E-01
 -5.20609860E-01  1.00000000E+00  6.05639310E-01 -1.73334057E+00  4.44323876E-01  9.27887183E+00  6.96967238E-01  7.62835964E-01
 -4.90645977E-01  1.00000000E+00  5.96971639E-01 -1.72781707E+00  4.39482613E-01  9.19449520E+00  6.99409957E-01  7.55118688E-01
 -4.60682095E-01  1.00000000E+00  5.88303968E-01 -1.72232450E+00  4.35635677E-01  9.11092188E+00  7.01863842E-01  7.47471826E-01
 -4.34167380E-01  1.00000000E+00  5.82418531E-01 -1.71910779E+00  4.32954191E-01  9.07156902E+00  7.02799991E-01  7.43890580E-01
 -4.07652666E-01  1.00000000E+00  5.76533095E-01 -1.71590084E+00  4.29626896E-01  9.03239187E+00  7.03738702E-01  7.40324726E-01
 -3.84190072E-01  1.00000000E+00  5.71767137E-01 -1.70653875E+00  4.24827966E-01  8.93904414E+00  7.05253896E-01  7.31892466E-01
 -3.60727478E-01  1.00000000E+00  5.67001179E-01 -1.69725033E+00  4.20824749E-01  8.84668134E+00  7.06783858E-01  7.23546443E-01
 -3.39965684E-01  1.00000000E+00  5.64885158E-01 -1.69584094E+00  4.17359866E-01  8.78639150E+00  7.09625916E-01  7.17934719E-01
 -3.19203889E-01  1.00000000E+00  5.62769137E-01 -1.69443097E+00  4.13111343E-01  8.72655308E+00  7.12476238E-01  7.12362386E-01
 -3.00831998E-01  1.00000000E+00  5.63041381E-01 -1.69086537E+00  4.06984735E-01  8.62567730E+00  7.17226180E-01  7.02973433E-01
 -2.82460107E-01  1.00000000E+00  5.63313626E-01 -1.68731801E+00  4.00955476E-01  8.52606476E+00  7.22004179E-01  6.93694274E-01
 -2.66203017E-01  1.00000000E+00  5.63756635E-01 -1.68070100E+00  3.95483404E-01  8.44243092E+00  7.24508654E-01  6.86037534E-01
 -2.49945927E-01  1.00000000E+00  5.64199644E-01 -1.67412984E+00  3.89224491E-01  8.35965032E+00  7.27028272E-01  6.78455293E-01
 -2.35560203E-01  1.00000000E+00  5.68389513E-01 -1.66588018E+00  3.80573942E-01  8.20394955E+00  7.33318820E-01  6.64056065E-01
 -2.21174479E-01  1.00000000E+00  5.72579382E-01 -1.65771332E+00  3.72369085E-01  8.05134534E+00  7.39663155E-01  6.49927305E-01
 -2.08421419E-01  1.00000000E+00  5.76699580E-01 -1.65087238E+00  3.64521816E-01  7.90172467E+00  7.46874564E-01  6.35986676E-01
 -1.95668358E-01  1.00000000E+00  5.80819778E-01 -1.64410108E+00  3.55391519E-01  7.75510389E+00  7.54152898E-01  6.22306755E-01
 -1.83439085E-01  1.00000000E+00  5.88959025E-01 -1.63675326E+00  3.44835407E-01  7.59565895E+00  7.62646931E-01  6.07378846E-01
 -1.71209813E-01  1.00000000E+00  5.97098271E-01 -1.62950009E+00  3.31737218E-01  7.43975999E+00  7.71236194E-01  5.92757671E-01
 -1.58980541E-01  1.00000000E+00  6.07544742E-01 -1.60097932E+00  3.11628647E-01  7.03162799E+00  7.89110747E-01  5.54890421E-01
 -1.46751268E-01  1.00000000E+00  6.17991213E-01 -1.57350574E+00  2.91085467E-01  6.64726143E+00  8.07494085E-01  5.19090431E-01
 -1.34521996E-01  1.00000000E+00  6.43277233E-01 -1.54272797E+00  2.67238790E-01  6.16937003E+00  8.36796364E-01  4.74006548E-01
 -1.22292724E-01  1.00000000E+00  6.68563253E-01 -1.51363646E+00  2.35395733E-01  5.72844714E+00  8.67339639E-01  4.32098444E-01
 -1.10063451E-01  1.00000000E+00  7.09534249E-01 -1.40321608E+00  1.80357935E-01  4.68458452E+00  9.35127769E-01  3.33285045E-01
 -9.78341789E-02  1.00000000E+00  7.50505244E-01 -1.31012592E+00  1.30080800E-01  3.84042528E+00  1.01257838E+00  2.51364169E-01
 -8.56049065E-02  1.00000000E+00  8.59232374E-01 -1.08042857E+00  9.45001545E-02  3.14761301E+00  9.81965580E-01  1.92501994E-01
 -7.33756342E-02  1.00000000E+00  9.67959504E-01 -8.87693297E-01  5.99283159E-02  2.57973837E+00  9.65691880E-01  1.43470800E-01
 -6.11463618E-02  1.00000000E+00  1.10443657E+00 -5.32576120E-01  2.32642163E-02  1.07548690E+00  1.43632000E+00 -3.20740537E-02
 -4.89170895E-02  1.00000000E+00  1.24091363E+00 -3.36167149E-01  8.68498490E-02  4.44534751E-01  2.35472067E+00 -1.69794304E-01
 -3.66878171E-02  1.00000000E+00  1.62736769E+00 -5.43090890E-01  2.38703825E-01  5.87378023E-01  1.99613891E+00 -1.25223190E-01
 -2.44585447E-02  1.00000000E+00  2.01382175E+00 -7.48185948E-01  3.18161350E-01  7.85412098E-01  1.76276829E+00 -8.68761057E-02
 -1.22292724E-02  1.00000000E+00  9.64922654E-01  1.17827469E+00  9.08959202E-01  1.74268890E+00  1.87226095E+00 -1.15175153E-02
  0.00000000E+00  1.00000000E+00 -8.39764383E-02  1.02487695E+01  5.29970120E+00  1.23481367E+01  8.85133873E+00  3.10826489E-01
