# curve 5 (die wall), step =      700, time =   5.60000000E+02
# N1 = tau_xx - tau_yy = G ( c_xx - c_yy ),  G =  1.8400E+00  (polymer part only)
#              x               y        pressure            c_xy        gammadot            c_xx            c_yy              N1
 -3.00000000E+00  1.00000000E+00  2.63858695E+00 -2.00009504E-01  3.99995985E-01  1.07992707E+00  1.00002458E+00  1.47020582E-01
 -2.95108291E+00  1.00000000E+00  2.59944081E+00 -2.00013134E-01  3.99999976E-01  1.07993006E+00  1.00002470E+00  1.47025873E-01
 -2.90216582E+00  1.00000000E+00  2.56029468E+00 -2.00016764E-01  4.00004004E-01  1.07993305E+00  1.00002481E+00  1.47031165E-01
 -2.85324873E+00  1.00000000E+00  2.52116310E+00 -2.00017405E-01  3.99999697E-01  1.07991137E+00  1.00003201E+00  1.46978015E-01
 -2.80433164E+00  1.00000000E+00  2.48203152E+00 -2.00018045E-01  3.99991352E-01  1.07988969E+00  1.00003921E+00  1.46924867E-01
 -2.75541455E+00  1.00000000E+00  2.44289116E+00 -2.00012992E-01  3.99997488E-01  1.07992505E+00  1.00002640E+00  1.47013515E-01
 -2.70649746E+00  1.00000000E+00  2.40375081E+00 -2.00007939E-01  3.99998757E-01  1.07996042E+00  1.00001359E+00  1.47102165E-01
 -2.65758037E+00  1.00000000E+00  2.36462214E+00 -2.00010063E-01  3.99997673E-01  1.07994750E+00  1.00001850E+00  1.47069359E-01
 -2.60866328E+00  1.00000000E+00  2.32549347E+00 -2.00012188E-01  3.99999954E-01  1.07993457E+00  1.00002340E+00  1.47036553E-01
 -2.55974619E+00  1.00000000E+00  2.28635527E+00 -2.00009506E-01  3.99997899E-01  1.07995262E+00  1.00001681E+00  1.47081888E-01
 -2.51082911E+00  1.00000000E+00  2.24721707E+00 -2.00006824E-01  4.00005383E-01  1.07997066E+00  1.00001021E+00  1.47127223E-01
 -2.46191202E+00  1.00000000E+00  2.20808676E+00 -2.00008940E-01  3.99999511E-01  1.07995167E+00  1.00001696E+00  1.47079862E-01
 -2.41299493E+00  1.00000000E+00  2.16895645E+00 -2.00011056E-01  3.99993522E-01  1.07993267E+00  1.00002370E+00  1.47032502E-01
 -2.36407784E+00  1.00000000E+00  2.12981966E+00 -2.00007481E-01  3.99997026E-01  1.07995404E+00  1.00001559E+00  1.47086739E-01
 -2.31516075E+00  1.00000000E+00  2.09068287E+00 -2.00003907E-01  4.00000794E-01  1.07997540E+00  1.00000748E+00  1.47140978E-01
 -2.26624366E+00  1.00000000E+00  2.05154724E+00 -2.00008493E-01  3.99999073E-01  1.07995357E+00  1.00001596E+00  1.47085197E-01
 -2.21732657E+00  1.00000000E+00  2.01241161E+00 -2.00013080E-01  4.00000506E-01  1.07993174E+00  1.00002445E+00  1.47029416E-01
 -2.16840948E+00  1.00000000E+00  1.97328592E+00 -2.00012630E-01  3.99996181E-01  1.07992247E+00  1.00002726E+00  1.47007183E-01
 -2.11949239E+00  1.00000000E+00  1.93416023E+00 -2.00012180E-01  3.99988067E-01  1.07991319E+00  1.00003007E+00  1.46984949E-01
 -2.07057530E+00  1.00000000E+00  1.89501672E+00 -2.00011295E-01  3.99990545E-01  1.07991543E+00  1.00002913E+00  1.46990808E-01
 -2.02165821E+00  1.00000000E+00  1.85587321E+00 -2.00010410E-01  3.99994009E-01  1.07991768E+00  1.00002818E+00  1.46996666E-01
 -1.97274112E+00  1.00000000E+00  1.81674952E+00 -2.00009892E-01  3.99983833E-01  1.07989774E+00  1.00003457E+00  1.46948233E-01
 -1.92382403E+00  1.00000000E+00  1.77762584E+00 -2.00009374E-01  3.99970861E-01  1.07987780E+00  1.00004096E+00  1.46899800E-01
 -1.87490694E+00  1.00000000E+00  1.73848983E+00 -2.00000670E-01  3.99967771E-01  1.07990723E+00  1.00002931E+00  1.46975375E-01
 -1.82598985E+00  1.00000000E+00  1.69935382E+00 -1.99991965E-01  3.99962680E-01  1.07993667E+00  1.00001767E+00  1.47050951E-01
 -1.77707276E+00  1.00000000E+00  1.66023002E+00 -1.99992629E-01  3.99957871E-01  1.07991315E+00  1.00002526E+00  1.46993707E-01
 -1.72815567E+00  1.00000000E+00  1.62110622E+00 -1.99993293E-01  3.99953828E-01  1.07988963E+00  1.00003285E+00  1.46936464E-01
 -1.67923858E+00  1.00000000E+00  1.58197094E+00 -1.99983925E-01  3.99935331E-01  1.07989909E+00  1.00002699E+00  1.46964673E-01
 -1.63032150E+00  1.00000000E+00  1.54283566E+00 -1.99974558E-01  3.99927350E-01  1.07990856E+00  1.00002112E+00  1.46992882E-01
 -1.58140441E+00  1.00000000E+00  1.50373641E+00 -1.99968901E-01  3.99906400E-01  1.07988734E+00  1.00002751E+00  1.46942086E-01
 -1.53248732E+00  1.00000000E+00  1.46463716E+00 -1.99963244E-01  3.99888763E-01  1.07986612E+00  1.00003390E+00  1.46891290E-01
 -1.48357023E+00  1.00000000E+00  1.42553119E+00 -1.99951077E-01  3.99867868E-01  1.07985898E+00  1.00003400E+00  1.46877964E-01
 -1.43465314E+00  1.00000000E+00  1.38642521E+00 -1.99938909E-01  3.99841935E-01  1.07985185E+00  1.00003411E+00  1.46864640E-01
 -1.38573605E+00  1.00000000E+00  1.34733274E+00 -1.99920301E-01  3.99810548E-01  1.07986027E+00  1.00002590E+00  1.46895240E-01
 -1.33681896E+00  1.00000000E+00  1.30824026E+00 -1.99901693E-01  3.99789081E-01  1.07986869E+00  1.00001769E+00  1.46925840E-01
 -1.28790187E+00  1.00000000E+00  1.26919593E+00 -1.99889543E-01  3.99756234E-01  1.07984937E+00  1.00002042E+00  1.46885261E-01
 -1.23898478E+00  1.00000000E+00  1.23015159E+00 -1.99877394E-01  3.99723038E-01  1.07983005E+00  1.00002316E+00  1.46844682E-01
 -1.19006769E+00  1.00000000E+00  1.19115135E+00 -1.99862216E-01  3.99693644E-01  1.07981213E+00  1.00002766E+00  1.46803421E-01
 -1.14115060E+00  1.00000000E+00  1.15215111E+00 -1.99847039E-01  3.99665443E-01  1.07979421E+00  1.00003217E+00  1.46762160E-01
 -1.09223351E+00  1.00000000E+00  1.11324259E+00 -1.99843314E-01  3.99648963E-01  1.07977769E+00  1.00003629E+00  1.46724187E-01
 -1.04331642E+00  1.00000000E+00  1.07433407E+00 -1.99839588E-01  3.99633388E-01  1.07976117E+00  1.00004040E+00  1.46686214E-01
 -9.94399333E-01  1.00000000E+00  1.03552487E+00 -1.99840929E-01  3.99644227E-01  1.07979360E+00  1.00002834E+00  1.46768073E-01
 -9.45482243E-01  1.00000000E+00  9.96715663E-01 -1.99842270E-01  3.99670481E-01  1.07982603E+00  1.00001628E+00  1.46849934E-01
 -8.96565154E-01  1.00000000E+00  9.58094485E-01 -1.99899833E-01  3.99767472E-01  1.07985480E+00  1.00002550E+00  1.46885899E-01
 -8.47648064E-01  1.00000000E+00  9.19473306E-01 -1.99957398E-01  3.99894675E-01  1.07988357E+00  1.00003473E+00  1.46921864E-01
 -7.99501858E-01  1.00000000E+00  8.81740895E-01 -2.00087144E-01  4.00108007E-01  1.07998227E+00  1.00004715E+00  1.47080621E-01
 -7.51355652E-01  1.00000000E+00  8.44008484E-01 -2.00216900E-01  4.00411569E-01  1.08008099E+00  1.00005958E+00  1.47239391E-01
 -7.08111109E-01  1.00000000E+00  8.10435440E-01 -2.00455681E-01  4.00803133E-01  1.08029531E+00  1.00004571E+00  1.47659266E-01
 -6.64866566E-01  1.00000000E+00  7.76862397E-01 -2.00694496E-01  4.01386617E-01  1.08050972E+00  1.00003190E+00  1.48079199E-01
 -6.26599939E-01  1.00000000E+00  7.47453232E-01 -2.01113006E-01  4.02133729E-01  1.08081062E+00  1.00006371E+00  1.48574320E-01
 -5.88333313E-01  1.00000000E+00  7.18044067E-01 -2.01531614E-01  4.02990750E-01  1.08111175E+00  1.00009568E+00  1.49069554E-01
 -5.54471587E-01  1.00000000E+00  6.92517569E-01 -2.02123011E-01  4.04150482E-01  1.08166792E+00  1.00002279E+00  1.50227048E-01
 -5.20609860E-01  1.00000000E+00  6.66991070E-01 -2.02714612E-01  4.05432760E-01  1.08222464E+00  9.99950234E-01  1.51384915E-01
 -4.90645977E-01  1.00000000E+00  6.44612396E-01 -2.03554589E-01  4.06934986E-01  1.08281582E+00  1.00004665E+00  1.52295264E-01
 -4.60682095E-01  1.00000000E+00  6.22233721E-01 -2.04394977E-01  4.08615758E-01  1.08340787E+00  1.00014372E+00  1.53206047E-01
 -4.34167380E-01  1.00000000E+00  6.03193446E-01 -2.05466440E-01  4.10767054E-01  1.08439777E+00  1.00003244E+00  1.55232220E-01
 -4.07652666E-01  1.00000000E+00  5.84153170E-01 -2.06538570E-01  4.13103438E-01  1.08538944E+00  9.99922276E-01  1.57259576E-01
 -3.84190072E-01  1.00000000E+00  5.67419398E-01 -2.07870543E-01  4.15577424E-01  1.08641975E+00  1.00000178E+00  1.59009072E-01
 -3.60727478E-01  1.00000000E+00  5.50685626E-01 -2.09203563E-01  4.18310338E-01  1.08745242E+00  1.00008292E+00  1.60759894E-01
 -3.39965684E-01  1.00000000E+00  5.36522610E-01 -2.10841081E-01  4.21606437E-01  1.08891019E+00  1.00000235E+00  1.63590436E-01
 -3.19203889E-01  1.00000000E+00  5.22359594E-01 -2.12480192E-01  4.25074318E-01  1.09037192E+00  9.99924318E-01  1.66423586E-01
 -3.00831998E-01  1.00000000E+00  5.10327622E-01 -2.14527628E-01  4.28897568E-01  1.09203264E+00  1.00001414E+00  1.69314039E-01
 -2.82460107E-01  1.00000000E+00  4.98295650E-01 -2.16577591E-01  4.33038090E-01  1.09369908E+00  1.00010781E+00  1.72207922E-01
 -2.66203017E-01  1.00000000E+00  4.88127506E-01 -2.18913099E-01  4.37703629E-01  1.09586041E+00  9.99990212E-01  1.76401158E-01
 -2.49945927E-01  1.00000000E+00  4.77959362E-01 -2.21251970E-01  4.42582645E-01  1.09802999E+00  9.99877750E-01  1.80600116E-01
 -2.35560203E-01  1.00000000E+00  4.69643925E-01 -2.23956050E-01  4.47753340E-01  1.10038893E+00  9.99936640E-01  1.84832220E-01
 -2.21174479E-01  1.00000000E+00  4.61328487E-01 -2.26664721E-01  4.53362710E-01  1.10275833E+00  1.00000224E+00  1.89071214E-01
 -2.08421419E-01  1.00000000E+00  4.54260636E-01 -2.29933054E-01  4.59573682E-01  1.10570121E+00  1.00004092E+00  1.94414925E-01
 -1.95668358E-01  1.00000000E+00  4.47192785E-01 -2.33208199E-01  4.66128898E-01  1.10865967E+00  1.00008939E+00  1.99769303E-01
 -1.83439085E-01  1.00000000E+00  4.41748439E-01 -2.36991191E-01  4.73781340E-01  1.11246369E+00  9.99872872E-01  2.07167099E-01
 -1.71209813E-01  1.00000000E+00  4.36304092E-01 -2.40783665E-01  4.81834438E-01  1.11629064E+00  9.99669723E-01  2.14582496E-01
 -1.58980541E-01  1.00000000E+00  4.30988723E-01 -2.45967204E-01  4.91679551E-01  1.12100833E+00  9.99976045E-01  2.22699411E-01
 -1.46751268E-01  1.00000000E+00  4.25673355E-01 -2.51168780E-01  5.02055884E-01  1.12576492E+00  1.00030643E+00  2.30843622E-01
 -1.34521996E-01  1.00000000E+00  4.24054130E-01 -2.57837085E-01  5.15549381E-01  1.13338854E+00  9.99646614E-01  2.46085144E-01
 -1.22292724E-01  1.00000000E+00  4.22434906E-01 -2.64537693E-01  5.29984615E-01  1.14109201E+00  9.99028637E-01  2.61396606E-01
 -1.10063451E-01  1.00000000E+00  4.14851234E-01 -2.75292665E-01  5.49983651E-01  1.15047689E+00  1.00077454E+00  2.75452320E-01
 -9.78341789E-02  1.00000000E+00  4.07267562E-01 -2.86128715E-01  5.69454544E-01  1.16001888E+00  1.00262091E+00  2.89612268E-01
 -8.56049065E-02  1.00000000E+00  4.34096436E-01 -2.99300167E-01  5.98404758E-01  1.18314966E+00  9.97065708E-01  3.42394467E-01
 -7.33756342E-02  1.00000000E+00  4.60925311E-01 -3.12637373E-01  6.34393376E-01  1.20681696E+00  9.91716841E-01  3.95784226E-01
 -6.11463618E-02  1.00000000E+00  3.80470036E-01 -3.38586251E-01  6.87399635E-01  1.22663490E+00  1.00073257E+00  4.15660293E-01
 -4.89170895E-02  1.00000000E+00  3.00014761E-01 -3.65016411E-01  7.23046121E-01  1.24723836E+00  1.01032629E+00  4.35918210E-01
 -3.66878171E-02  1.00000000E+00  7.03827100E-01 -4.50478154E-01  8.13019530E-01  1.35394201E+00  1.02497529E+00  6.05298768E-01
 -2.44585447E-02  1.00000000E+00  1.10763944E+00 -5.42468303E-01  9.79959204E-01  1.47327335E+00  1.04530762E+00  7.87456953E-01
 -1.22292724E-02  1.00000000E+00  2.42196620E-01 -3.61962018E-01  1.69137957E+00  2.08432681E+00  7.44512962E-01  2.46525748E+00
  0.00000000E+00  1.00000000E+00 -6.23246199E-01 -1.52965207E-01  2.82654989E+00  3.06408451E+00  5.36481526E-01  4.65078949E+00
