# curve 5 (die wall), step =      100, time =   8.00000000E+01
# N1 = tau_xx - tau_yy = G ( c_xx - c_yy ),  G =  8.8889E-02  (polymer part only)
#              x               y        pressure            c_xy        gammadot            c_xx            c_yy              N1
 -3.00000000E+00  1.00000000E+00  3.27652500E+00 -3.60201043E+00  4.00552353E-01  2.69547195E+01  9.99295947E-01  2.30714876E+00
 -2.95108291E+00  1.00000000E+00  3.23666616E+00 -3.60288273E+00  4.00797876E-01  2.69763415E+01  9.99083697E-01  2.30908958E+00
 -2.90216582E+00  1.00000000E+00  3.19680732E+00 -3.60375505E+00  4.00943993E-01  2.69979816E+01  9.98871423E-01  2.31103202E+00
 -2.85324873E+00  1.00000000E+00  3.15752059E+00 -3.60221166E+00  4.00671940E-01  2.69780862E+01  9.98929787E-01  2.30925835E+00
 -2.80433164E+00  1.00000000E+00  3.11823385E+00 -3.60066907E+00  4.00497684E-01  2.69582057E+01  9.98988216E-01  2.30748600E+00
 -2.75541455E+00  1.00000000E+00  3.07870338E+00 -3.59977202E+00  4.00948539E-01  2.69631680E+01  9.98535909E-01  2.30796729E+00
 -2.70649746E+00  1.00000000E+00  3.03917290E+00 -3.59887488E+00  4.01151288E-01  2.69681316E+01  9.98083755E-01  2.30844870E+00
 -2.65758037E+00  1.00000000E+00  3.00048896E+00 -3.60582157E+00  4.01198038E-01  2.69820492E+01  9.99717324E-01  2.30954062E+00
 -2.60866328E+00  1.00000000E+00  2.96180502E+00 -3.61277422E+00  4.01027485E-01  2.69959801E+01  1.00135405E+00  2.31063343E+00
 -2.55974619E+00  1.00000000E+00  2.92317226E+00 -3.61242794E+00  4.00765743E-01  2.70110737E+01  1.00108591E+00  2.31199892E+00
 -2.51082911E+00  1.00000000E+00  2.88453949E+00 -3.61208072E+00  4.00916868E-01  2.70261770E+01  1.00081776E+00  2.31336526E+00
 -2.46191202E+00  1.00000000E+00  2.84454471E+00 -3.61023352E+00  4.00767800E-01  2.70164580E+01  1.00049432E+00  2.31253011E+00
 -2.41299493E+00  1.00000000E+00  2.80454992E+00 -3.60838709E+00  4.00617947E-01  2.70067427E+01  1.00017104E+00  2.31169526E+00
 -2.36407784E+00  1.00000000E+00  2.76582155E+00 -3.60825983E+00  4.00549758E-01  2.70100690E+01  1.00015523E+00  2.31199233E+00
 -2.31516075E+00  1.00000000E+00  2.72709317E+00 -3.60813248E+00  4.00548978E-01  2.70133957E+01  1.00013942E+00  2.31228945E+00
 -2.26624366E+00  1.00000000E+00  2.68760499E+00 -3.60784750E+00  4.00572501E-01  2.70250867E+01  9.99848819E-01  2.31335448E+00
 -2.21732657E+00  1.00000000E+00  2.64811681E+00 -3.60756207E+00  4.00726002E-01  2.70367835E+01  9.99558232E-01  2.31442002E+00
 -2.16840948E+00  1.00000000E+00  2.60863264E+00 -3.61097980E+00  4.00812456E-01  2.70362485E+01  1.00038536E+00  2.31429895E+00
 -2.11949239E+00  1.00000000E+00  2.56914848E+00 -3.61439753E+00  4.00715650E-01  2.70357164E+01  1.00121331E+00  2.31417805E+00
 -2.07057530E+00  1.00000000E+00  2.53037837E+00 -3.61475405E+00  4.00712582E-01  2.70574558E+01  1.00105742E+00  2.31612430E+00
 -2.02165821E+00  1.00000000E+00  2.49160826E+00 -3.61510962E+00  4.00707983E-01  2.70792140E+01  1.00090143E+00  2.31807223E+00
 -1.97274112E+00  1.00000000E+00  2.45136222E+00 -3.61347414E+00  4.00500525E-01  2.70557254E+01  1.00088064E+00  2.31598620E+00
 -1.92382403E+00  1.00000000E+00  2.41111619E+00 -3.61183940E+00  4.00243554E-01  2.70322576E+01  1.00085985E+00  2.31390202E+00
 -1.87490694E+00  1.00000000E+00  2.37175545E+00 -3.61341337E+00  3.99901627E-01  2.70031671E+01  1.00190789E+00  2.31122305E+00
 -1.82598985E+00  1.00000000E+00  2.33239471E+00 -3.61498382E+00  3.99480563E-01  2.69741141E+01  1.00295644E+00  2.30854734E+00
 -1.77707276E+00  1.00000000E+00  2.29295418E+00 -3.61716591E+00  3.99046310E-01  2.69605890E+01  1.00401729E+00  2.30725082E+00
 -1.72815567E+00  1.00000000E+00  2.25351365E+00 -3.61934709E+00  3.98577987E-01  2.69470739E+01  1.00507894E+00  2.30595511E+00
 -1.67923858E+00  1.00000000E+00  2.21473476E+00 -3.61483408E+00  3.97212697E-01  2.68916714E+01  1.00503544E+00  2.30103431E+00
 -1.63032150E+00  1.00000000E+00  2.17595588E+00 -3.61032756E+00  3.96525897E-01  2.68363841E+01  1.00499227E+00  2.29612372E+00
 -1.58140441E+00  1.00000000E+00  2.13636245E+00 -3.60154248E+00  3.95725608E-01  2.67462932E+01  1.00467778E+00  2.28814359E+00
 -1.53248732E+00  1.00000000E+00  2.09676902E+00 -3.59278170E+00  3.94962843E-01  2.66565059E+01  1.00436548E+00  2.28019026E+00
 -1.48357023E+00  1.00000000E+00  2.05424623E+00 -3.57291322E+00  3.94011900E-01  2.65330520E+01  1.00100910E+00  2.26951492E+00
 -1.43465314E+00  1.00000000E+00  2.01172344E+00 -3.55314532E+00  3.93962263E-01  2.64101734E+01  9.97670203E-01  2.25888917E+00
 -1.38573605E+00  1.00000000E+00  1.97328591E+00 -3.54628859E+00  3.92193167E-01  2.62106908E+01  1.00003200E+00  2.24094745E+00
 -1.33681896E+00  1.00000000E+00  1.93484838E+00 -3.53942154E+00  3.90491376E-01  2.60127896E+01  1.00239179E+00  2.22314647E+00
 -1.28790187E+00  1.00000000E+00  1.89431060E+00 -3.53472155E+00  3.88493493E-01  2.58088674E+01  1.00526791E+00  2.20476440E+00
 -1.23898478E+00  1.00000000E+00  1.85377282E+00 -3.52998210E+00  3.86106694E-01  2.56066471E+01  1.00814077E+00  2.18653390E+00
 -1.19006769E+00  1.00000000E+00  1.81921463E+00 -3.50018053E+00  3.82594156E-01  2.53655736E+01  1.00540522E+00  2.16534830E+00
 -1.14115060E+00  1.00000000E+00  1.78465645E+00 -3.47064032E+00  3.79776006E-01  2.51267689E+01  1.00270110E+00  2.14436158E+00
 -1.09223351E+00  1.00000000E+00  1.73804309E+00 -3.43747591E+00  3.78095692E-01  2.47983023E+01  1.00007068E+00  2.11539836E+00
 -1.04331642E+00  1.00000000E+00  1.69142973E+00 -3.40465935E+00  3.76398336E-01  2.44741488E+01  9.97465620E-01  2.08681628E+00
 -9.94399333E-01  1.00000000E+00  1.65818052E+00 -3.40804807E+00  3.72662079E-01  2.40947342E+01  1.00617876E+00  2.05231604E+00
 -9.45482243E-01  1.00000000E+00  1.62493131E+00 -3.41103204E+00  3.68437400E-01  2.37218682E+01  1.01489573E+00  2.01839755E+00
 -8.96565154E-01  1.00000000E+00  1.58761763E+00 -3.37193002E+00  3.63039882E-01  2.33217784E+01  1.01353182E+00  1.98295525E+00
 -8.47648064E-01  1.00000000E+00  1.55030395E+00 -3.33334296E+00  3.58407012E-01  2.29284833E+01  1.01220793E+00  1.94811336E+00
 -7.99501858E-01  1.00000000E+00  1.51843861E+00 -3.29960681E+00  3.52630381E-01  2.23942281E+01  1.01455569E+00  1.90041532E+00
 -7.51355652E-01  1.00000000E+00  1.48657326E+00 -3.26618925E+00  3.48013374E-01  2.18727936E+01  1.01688555E+00  1.85385849E+00
 -7.08111109E-01  1.00000000E+00  1.45535147E+00 -3.19211537E+00  3.43839909E-01  2.12535745E+01  1.00858805E+00  1.79955435E+00
 -6.64866566E-01  1.00000000E+00  1.42412967E+00 -3.11984266E+00  3.40894305E-01  2.06519200E+01  1.00046671E+00  1.74679585E+00
 -6.26599939E-01  1.00000000E+00  1.39761731E+00 -3.08430120E+00  3.39289410E-01  2.02341046E+01  9.99253869E-01  1.70976451E+00
 -5.88333313E-01  1.00000000E+00  1.37110495E+00 -3.04919995E+00  3.36554942E-01  1.98248877E+01  9.98047452E-01  1.67349691E+00
 -5.54471587E-01  1.00000000E+00  1.35224741E+00 -3.02984475E+00  3.34433140E-01  1.95056780E+01  9.99935537E-01  1.64495488E+00
 -5.20609860E-01  1.00000000E+00  1.33338986E+00 -3.01058572E+00  3.31696619E-01  1.91917986E+01  1.00181117E+00  1.61688777E+00
 -4.90645977E-01  1.00000000E+00  1.31960817E+00 -2.99227280E+00  3.27965005E-01  1.88239178E+01  1.00540648E+00  1.58386768E+00
 -4.60682095E-01  1.00000000E+00  1.30582647E+00 -2.97398196E+00  3.24495876E-01  1.84634407E+01  1.00897819E+00  1.55150778E+00
 -4.34167380E-01  1.00000000E+00  1.29544060E+00 -2.94555712E+00  3.21803448E-01  1.81733359E+01  1.00823063E+00  1.52578714E+00
 -4.07652666E-01  1.00000000E+00  1.28505472E+00 -2.91744787E+00  3.18337067E-01  1.78878508E+01  1.00750076E+00  1.50047556E+00
 -3.84190072E-01  1.00000000E+00  1.27279265E+00 -2.86313177E+00  3.13836400E-01  1.74314456E+01  1.00251141E+00  1.46034971E+00
 -3.60727478E-01  1.00000000E+00  1.26053058E+00 -2.80993720E+00  3.10820307E-01  1.69867453E+01  9.97620464E-01  1.42125554E+00
 -3.39965684E-01  1.00000000E+00  1.25551923E+00 -2.80104951E+00  3.07654422E-01  1.66257827E+01  1.00557626E+00  1.38846280E+00
 -3.19203889E-01  1.00000000E+00  1.25050787E+00 -2.79195624E+00  3.02815916E-01  1.62731415E+01  1.01352092E+00  1.35641072E+00
 -3.00831998E-01  1.00000000E+00  1.24911282E+00 -2.75654169E+00  2.95077742E-01  1.57261873E+01  1.02038499E+00  1.30718243E+00
 -2.82460107E-01  1.00000000E+00  1.24771776E+00 -2.72159357E+00  2.87679237E-01  1.51984156E+01  1.02725106E+00  1.25965907E+00
 -2.66203017E-01  1.00000000E+00  1.24414279E+00 -2.67464863E+00  2.80183866E-01  1.46071210E+01  1.03272157E+00  1.20661328E+00
 -2.49945927E-01  1.00000000E+00  1.24056782E+00 -2.62866899E+00  2.70630441E-01  1.40396377E+01  1.03821996E+00  1.15568158E+00
 -2.35560203E-01  1.00000000E+00  1.23930816E+00 -2.48924930E+00  2.56636056E-01  1.29063612E+01  1.03063737E+00  1.05561990E+00
 -2.21174479E-01  1.00000000E+00  1.23804850E+00 -2.35844246E+00  2.45939075E-01  1.18655600E+01  1.02378579E+00  9.63713259E-01
 -2.08421419E-01  1.00000000E+00  1.23234589E+00 -2.26575946E+00  2.34311307E-01  1.07639881E+01  1.03872451E+00  8.64467871E-01
 -1.95668358E-01  1.00000000E+00  1.22664329E+00 -2.17760621E+00  2.19643147E-01  9.76893573E+00  1.05382487E+00  7.74676520E-01
 -1.83439085E-01  1.00000000E+00  1.23987107E+00 -2.05753334E+00  1.98230663E-01  8.45167847E+00  1.08614689E+00  6.54713918E-01
 -1.71209813E-01  1.00000000E+00  1.25309885E+00 -1.94719612E+00  1.69928530E-01  7.32057735E+00  1.11981212E+00  5.51179132E-01
 -1.58980541E-01  1.00000000E+00  1.27661549E+00 -1.36909816E+00  1.27751104E-01  4.36028964E+00  1.10214692E+00  2.89612686E-01
 -1.46751268E-01  1.00000000E+00  1.30013214E+00 -9.89303927E-01  9.18924930E-02  2.60256863E+00  1.12534909E+00  1.31308404E-01
 -1.34521996E-01  1.00000000E+00  1.48579636E+00 -3.54033660E-01  2.50964927E-02  1.18442222E+00  1.11673623E+00  6.01653227E-03
 -1.22292724E-01  1.00000000E+00  1.67146058E+00  2.15385409E-03  4.32379992E-02  5.65629334E-01  1.29974938E+00 -6.52551150E-02
 -1.10063451E-01  1.00000000E+00  1.89103186E+00  4.86899006E-01  6.85813801E-02  9.20150291E-01  1.29733365E+00 -3.35274097E-02
 -9.78341789E-02  1.00000000E+00  2.11060314E+00  1.22896168E+00  1.11902485E-01  1.72129190E+00  1.60068909E+00  1.07202496E-02
 -8.56049065E-02  1.00000000E+00  2.41732708E+00  1.67306421E+00  1.49990847E-01  2.49959807E+00  1.69942491E+00  7.11265033E-02
 -7.33756342E-02  1.00000000E+00  2.72405103E+00  2.27352250E+00  1.74372113E-01  3.61707649E+00  1.89513328E+00  1.53061618E-01
 -6.11463618E-02  1.00000000E+00  2.80622327E+00  1.01978428E+00  2.32570509E-01  2.64556128E+00  1.03476974E+00  1.43181469E-01
 -4.89170895E-02  1.00000000E+00  2.88839550E+00  1.18257635E-01  2.47925249E-01  2.38755303E+00  7.21785632E-01  1.48068213E-01
 -3.66878171E-02  1.00000000E+00  3.98160379E+00  2.11936492E+00  3.63377810E-01  7.20487976E+00  1.09681780E+00  5.42938841E-01
 -2.44585447E-02  1.00000000E+00  5.07481209E+00  9.16518789E+00  8.67779027E-01  2.45370237E+01  3.70078992E+00  1.85210967E+00
 -1.22292724E-02  1.00000000E+00  2.46972871E+00  5.35721543E+00  1.90868897E-01  4.03133030E+00  1.00963429E+01 -5.39112234E-01
  0.00000000E+00  1.00000000E+00 -1.35354663E-01  1.33813670E+01  6.00010182E-01  1.81138817E+00  1.10537622E+02 -9.66455416E+00
