# curve 5 (die wall), step =      900, time =   7.20000000E+02
# N1 = tau_xx - tau_yy = G ( c_xx - c_yy ),  G =  5.3333E-01  (polymer part only)
#              x               y        pressure            c_xy        gammadot            c_xx            c_yy              N1
 -3.00000000E+00  1.00000000E+00  2.62139329E+00 -3.00038777E-01  3.99995117E-01  1.17986061E+00  1.00005116E+00  9.58983737E-02
 -2.95108291E+00  1.00000000E+00  2.58224686E+00 -3.00046057E-01  3.99998859E-01  1.17986320E+00  1.00005295E+00  9.58987972E-02
 -2.90216582E+00  1.00000000E+00  2.54310044E+00 -3.00053337E-01  4.00002876E-01  1.17986579E+00  1.00005475E+00  9.58992206E-02
 -2.85324873E+00  1.00000000E+00  2.50396883E+00 -3.00056636E-01  3.99999789E-01  1.17983027E+00  1.00006609E+00  9.58742322E-02
 -2.80433164E+00  1.00000000E+00  2.46483722E+00 -3.00059935E-01  3.99992451E-01  1.17979476E+00  1.00007742E+00  9.58492443E-02
 -2.75541455E+00  1.00000000E+00  2.42569791E+00 -3.00044175E-01  3.99998113E-01  1.17985838E+00  1.00005385E+00  9.58957510E-02
 -2.70649746E+00  1.00000000E+00  2.38655861E+00 -3.00028413E-01  3.99998960E-01  1.17992201E+00  1.00003028E+00  9.59422595E-02
 -2.65758037E+00  1.00000000E+00  2.34742909E+00 -3.00034398E-01  3.99997974E-01  1.17989892E+00  1.00003926E+00  9.59251479E-02
 -2.60866328E+00  1.00000000E+00  2.30829958E+00 -3.00040383E-01  4.00000071E-01  1.17987582E+00  1.00004825E+00  9.59080364E-02
 -2.55974619E+00  1.00000000E+00  2.26916282E+00 -3.00032151E-01  3.99997995E-01  1.17990944E+00  1.00003558E+00  9.59327271E-02
 -2.51082911E+00  1.00000000E+00  2.23002606E+00 -3.00023919E-01  4.00005355E-01  1.17994306E+00  1.00002291E+00  9.59574183E-02
 -2.46191202E+00  1.00000000E+00  2.19089439E+00 -3.00030635E-01  4.00000205E-01  1.17990846E+00  1.00003525E+00  9.59323774E-02
 -2.41299493E+00  1.00000000E+00  2.15176272E+00 -3.00037350E-01  3.99994022E-01  1.17987385E+00  1.00004760E+00  9.59073371E-02
 -2.36407784E+00  1.00000000E+00  2.11262632E+00 -3.00026305E-01  3.99997256E-01  1.17991397E+00  1.00003197E+00  9.59370667E-02
 -2.31516075E+00  1.00000000E+00  2.07348993E+00 -3.00015261E-01  4.00001331E-01  1.17995410E+00  1.00001635E+00  9.59667971E-02
 -2.26624366E+00  1.00000000E+00  2.03435583E+00 -3.00030024E-01  3.99999265E-01  1.17991157E+00  1.00003397E+00  9.59347200E-02
 -2.21732657E+00  1.00000000E+00  1.99522173E+00 -3.00044788E-01  4.00000609E-01  1.17986905E+00  1.00005159E+00  9.59026439E-02
 -2.16840948E+00  1.00000000E+00  1.95609363E+00 -3.00044723E-01  3.99996329E-01  1.17985209E+00  1.00005629E+00  9.58910944E-02
 -2.11949239E+00  1.00000000E+00  1.91696554E+00 -3.00044658E-01  3.99987709E-01  1.17983513E+00  1.00006099E+00  9.58795450E-02
 -2.07057530E+00  1.00000000E+00  1.87782477E+00 -3.00046090E-01  3.99990312E-01  1.17983698E+00  1.00006101E+00  9.58805187E-02
 -2.02165821E+00  1.00000000E+00  1.83868400E+00 -3.00047522E-01  3.99994712E-01  1.17983884E+00  1.00006104E+00  9.58814925E-02
 -1.97274112E+00  1.00000000E+00  1.79955847E+00 -3.00048750E-01  3.99985004E-01  1.17980325E+00  1.00007171E+00  9.58568167E-02
 -1.92382403E+00  1.00000000E+00  1.76043294E+00 -3.00049977E-01  3.99972144E-01  1.17976766E+00  1.00008239E+00  9.58321415E-02
 -1.87490694E+00  1.00000000E+00  1.72129805E+00 -3.00027976E-01  3.99968739E-01  1.17982174E+00  1.00005953E+00  9.58731802E-02
 -1.82598985E+00  1.00000000E+00  1.68216317E+00 -3.00005974E-01  3.99963524E-01  1.17987583E+00  1.00003666E+00  9.59142203E-02
 -1.77707276E+00  1.00000000E+00  1.64303972E+00 -3.00015098E-01  3.99958847E-01  1.17982859E+00  1.00005320E+00  9.58802040E-02
 -1.72815567E+00  1.00000000E+00  1.60391628E+00 -3.00024222E-01  3.99954501E-01  1.17978135E+00  1.00006975E+00  9.58461888E-02
 -1.67923858E+00  1.00000000E+00  1.56478301E+00 -3.00006200E-01  3.99936865E-01  1.17979777E+00  1.00005821E+00  9.58610987E-02
 -1.63032150E+00  1.00000000E+00  1.52564973E+00 -2.99988178E-01  3.99929135E-01  1.17981420E+00  1.00004668E+00  9.58760088E-02
 -1.58140441E+00  1.00000000E+00  1.48654932E+00 -2.99982394E-01  3.99909536E-01  1.17977544E+00  1.00005719E+00  9.58497335E-02
 -1.53248732E+00  1.00000000E+00  1.44744890E+00 -2.99976610E-01  3.99892271E-01  1.17973668E+00  1.00006770E+00  9.58234589E-02
 -1.48357023E+00  1.00000000E+00  1.40834328E+00 -2.99958416E-01  3.99871912E-01  1.17972017E+00  1.00006718E+00  9.58149286E-02
 -1.43465314E+00  1.00000000E+00  1.36923767E+00 -2.99940222E-01  3.99846310E-01  1.17970365E+00  1.00006666E+00  9.58063984E-02
 -1.38573605E+00  1.00000000E+00  1.33014985E+00 -2.99908122E-01  3.99817077E-01  1.17971566E+00  1.00005164E+00  9.58208120E-02
 -1.33681896E+00  1.00000000E+00  1.29106203E+00 -2.99876021E-01  3.99796901E-01  1.17972766E+00  1.00003662E+00  9.58352257E-02
 -1.28790187E+00  1.00000000E+00  1.25201699E+00 -2.99860275E-01  3.99765831E-01  1.17969038E+00  1.00004127E+00  9.58128590E-02
 -1.23898478E+00  1.00000000E+00  1.21297195E+00 -2.99844529E-01  3.99733304E-01  1.17965309E+00  1.00004592E+00  9.57904928E-02
 -1.19006769E+00  1.00000000E+00  1.17397400E+00 -2.99826409E-01  3.99706104E-01  1.17961549E+00  1.00005466E+00  9.57657758E-02
 -1.14115060E+00  1.00000000E+00  1.13497604E+00 -2.99808289E-01  3.99680257E-01  1.17957789E+00  1.00006341E+00  9.57410593E-02
 -1.09223351E+00  1.00000000E+00  1.09606555E+00 -2.99805870E-01  3.99666737E-01  1.17955093E+00  1.00006902E+00  9.57236848E-02
 -1.04331642E+00  1.00000000E+00  1.05715505E+00 -2.99803451E-01  3.99653552E-01  1.17952397E+00  1.00007464E+00  9.57063105E-02
 -9.94399333E-01  1.00000000E+00  1.01834271E+00 -2.99801313E-01  3.99668136E-01  1.17958755E+00  1.00005319E+00  9.57516570E-02
 -9.45482243E-01  1.00000000E+00  9.79530361E-01 -2.99799175E-01  3.99697344E-01  1.17965113E+00  1.00003174E+00  9.57970052E-02
 -8.96565154E-01  1.00000000E+00  9.40901824E-01 -2.99894191E-01  3.99800168E-01  1.17972614E+00  1.00004859E+00  9.58280226E-02
 -8.47648064E-01  1.00000000E+00  9.02273288E-01 -2.99989213E-01  3.99931246E-01  1.17980116E+00  1.00006545E+00  9.58590417E-02
 -7.99501858E-01  1.00000000E+00  8.64522331E-01 -3.00184817E-01  4.00151351E-01  1.18003618E+00  1.00008075E+00  9.59762279E-02
 -7.51355652E-01  1.00000000E+00  8.26771375E-01 -3.00380454E-01  4.00457262E-01  1.18027127E+00  1.00009609E+00  9.60934333E-02
 -7.08111109E-01  1.00000000E+00  7.93152912E-01 -3.00740283E-01  4.00858388E-01  1.18075189E+00  1.00007161E+00  9.63628181E-02
 -6.64866566E-01  1.00000000E+00  7.59534448E-01 -3.01100223E-01  4.01447912E-01  1.18123277E+00  1.00004725E+00  9.66322822E-02
 -6.26599939E-01  1.00000000E+00  7.30098804E-01 -3.01740693E-01  4.02208705E-01  1.18193385E+00  1.00009974E+00  9.69781912E-02
 -5.88333313E-01  1.00000000E+00  7.00663160E-01 -3.02381480E-01  4.03073664E-01  1.18263559E+00  1.00015259E+00  9.73242673E-02
 -5.54471587E-01  1.00000000E+00  6.75037963E-01 -3.03242870E-01  4.04231830E-01  1.18384141E+00  1.00002286E+00  9.80365559E-02
 -5.20609860E-01  1.00000000E+00  6.49412766E-01 -3.04104881E-01  4.05517502E-01  1.18504883E+00  9.99893835E-01  9.87493301E-02
 -4.90645977E-01  1.00000000E+00  6.26979326E-01 -3.05411962E-01  4.07040202E-01  1.18646055E+00  1.00006035E+00  9.94134380E-02
 -4.60682095E-01  1.00000000E+00  6.04545886E-01 -3.06720403E-01  4.08729064E-01  1.18787495E+00  1.00022829E+00  1.00078223E-01
 -4.34167380E-01  1.00000000E+00  5.85322425E-01 -3.08275143E-01  4.10882647E-01  1.19001658E+00  1.00002718E+00  1.01327681E-01
 -4.07652666E-01  1.00000000E+00  5.66098963E-01 -3.09831886E-01  4.13224461E-01  1.19216330E+00  9.99828308E-01  1.02578665E-01
 -3.84190072E-01  1.00000000E+00  5.49241913E-01 -3.11882902E-01  4.15724432E-01  1.19457114E+00  9.99967705E-01  1.03788499E-01
 -3.60727478E-01  1.00000000E+00  5.32384863E-01 -3.13937352E-01  4.18470553E-01  1.19698620E+00  1.00011062E+00  1.05000307E-01
 -3.39965684E-01  1.00000000E+00  5.18014985E-01 -3.16371914E-01  4.21778917E-01  1.20020133E+00  9.99980813E-01  1.06784274E-01
 -3.19203889E-01  1.00000000E+00  5.03645107E-01 -3.18811412E-01  4.25268525E-01  1.20342816E+00  9.99856197E-01  1.08571712E-01
 -3.00831998E-01  1.00000000E+00  4.91386113E-01 -3.21930947E-01  4.29125359E-01  1.20726012E+00  1.00000826E+00  1.10534327E-01
 -2.82460107E-01  1.00000000E+00  4.79127119E-01 -3.25058590E-01  4.33271142E-01  1.21110951E+00  1.00016844E+00  1.12501904E-01
 -2.66203017E-01  1.00000000E+00  4.68699917E-01 -3.28506580E-01  4.37938387E-01  1.21588622E+00  9.99946108E-01  1.15168059E-01
 -2.49945927E-01  1.00000000E+00  4.58272716E-01 -3.31964814E-01  4.42849912E-01  1.22068757E+00  9.99734154E-01  1.17841822E-01
 -2.35560203E-01  1.00000000E+00  4.49595688E-01 -3.36105305E-01  4.48080121E-01  1.22610767E+00  9.99862362E-01  1.20664164E-01
 -2.21174479E-01  1.00000000E+00  4.40918661E-01 -3.40260642E-01  4.53707831E-01  1.23156041E+00  1.00000475E+00  1.23496354E-01
 -2.08421419E-01  1.00000000E+00  4.33619845E-01 -3.45169610E-01  4.59936592E-01  1.23821018E+00  1.00005233E+00  1.27017522E-01
 -1.95668358E-01  1.00000000E+00  4.26321030E-01 -3.50099642E-01  4.66520443E-01  1.24490743E+00  1.00011986E+00  1.30553366E-01
 -1.83439085E-01  1.00000000E+00  4.20309304E-01 -3.55684042E-01  4.74203640E-01  1.25329079E+00  9.99749133E-01  1.35222216E-01
 -1.71209813E-01  1.00000000E+00  4.14297578E-01 -3.61297063E-01  4.82295428E-01  1.26174402E+00  9.99404985E-01  1.39914151E-01
 -1.58980541E-01  1.00000000E+00  4.08667713E-01 -3.69213505E-01  4.92197726E-01  1.27275549E+00  9.99865101E-01  1.45541540E-01
 -1.46751268E-01  1.00000000E+00  4.03037849E-01 -3.77187002E-01  5.02629486E-01  1.28389119E+00  1.00037491E+00  1.51208685E-01
 -1.34521996E-01  1.00000000E+00  4.00026720E-01 -3.87105990E-01  5.16256985E-01  1.30052009E+00  9.99419446E-01  1.60587008E-01
 -1.22292724E-01  1.00000000E+00  3.97015592E-01 -3.97122569E-01  5.30720198E-01  1.31739940E+00  9.98547057E-01  1.70054582E-01
 -1.10063451E-01  1.00000000E+00  3.90951195E-01 -4.13521690E-01  5.50806362E-01  1.33972051E+00  1.00120357E+00  1.80542369E-01
 -9.78341789E-02  1.00000000E+00  3.84886798E-01 -4.30167261E-01  5.70554055E-01  1.36253473E+00  1.00405996E+00  1.91186544E-01
 -8.56049065E-02  1.00000000E+00  4.04038954E-01 -4.49115233E-01  5.99977959E-01  1.41233752E+00  9.94990986E-01  2.22584820E-01
 -7.33756342E-02  1.00000000E+00  4.23191109E-01 -4.68557250E-01  6.36802806E-01  1.46399353E+00  9.86341038E-01  2.54747998E-01
 -6.11463618E-02  1.00000000E+00  3.53538463E-01 -5.09175779E-01  6.94628390E-01  1.51522639E+00  9.99747112E-01  2.74922281E-01
 -4.89170895E-02  1.00000000E+00  2.83885817E-01 -5.51233591E-01  7.30573745E-01  1.56893969E+00  1.01429360E+00  2.95811248E-01
 -3.66878171E-02  1.00000000E+00  6.59856907E-01 -6.98251182E-01  8.17924010E-01  1.81793820E+00  1.04985174E+00  4.09646111E-01
 -2.44585447E-02  1.00000000E+00  1.03582800E+00 -8.66679910E-01  9.90987622E-01  2.11149091E+00  1.09850912E+00  5.40256956E-01
 -1.22292724E-02  1.00000000E+00 -3.51861037E-02 -3.74131692E-01  1.69148632E+00  3.03389455E+00  6.59165693E-01  1.26652206E+00
  0.00000000E+00  1.00000000E+00 -1.10620020E+00  2.64677494E-01  2.99893311E+00  4.91121729E+00  4.63348911E-01  2.37219647E+00
