# curve 5 (die wall), step =      800, time =   6.40000000E+02
# N1 = tau_xx - tau_yy = G ( c_xx - c_yy ),  G =  1.9000E+00  (polymer part only)
#              x               y        pressure            c_xy        gammadot            c_xx            c_yy              N1
 -3.00000000E+00  1.00000000E+00  2.64031870E+00 -2.00009483E-01  3.99996167E-01  1.07992709E+00  1.00002455E+00  1.51814822E-01
 -2.95108291E+00  1.00000000E+00  2.60117174E+00 -2.00013162E-01  4.00000152E-01  1.07993006E+00  1.00002471E+00  1.51820162E-01
 -2.90216582E+00  1.00000000E+00  2.56202477E+00 -2.00016841E-01  4.00004196E-01  1.07993304E+00  1.00002488E+00  1.51825501E-01
 -2.85324873E+00  1.00000000E+00  2.52289337E+00 -2.00017407E-01  3.99999700E-01  1.07991129E+00  1.00003208E+00  1.51770505E-01
 -2.80433164E+00  1.00000000E+00  2.48376196E+00 -2.00017974E-01  3.99991101E-01  1.07988955E+00  1.00003929E+00  1.51715510E-01
 -2.75541455E+00  1.00000000E+00  2.44462138E+00 -2.00012930E-01  3.99997377E-01  1.07992498E+00  1.00002643E+00  1.51807251E-01
 -2.70649746E+00  1.00000000E+00  2.40548080E+00 -2.00007887E-01  3.99998695E-01  1.07996041E+00  1.00001357E+00  1.51898994E-01
 -2.65758037E+00  1.00000000E+00  2.36635230E+00 -2.00010025E-01  3.99997602E-01  1.07994747E+00  1.00001850E+00  1.51865047E-01
 -2.60866328E+00  1.00000000E+00  2.32722381E+00 -2.00012163E-01  3.99999952E-01  1.07993453E+00  1.00002342E+00  1.51831101E-01
 -2.55974619E+00  1.00000000E+00  2.28808544E+00 -2.00009492E-01  3.99997841E-01  1.07995260E+00  1.00001681E+00  1.51878000E-01
 -2.51082911E+00  1.00000000E+00  2.24894708E+00 -2.00006821E-01  4.00005520E-01  1.07997067E+00  1.00001020E+00  1.51924898E-01
 -2.46191202E+00  1.00000000E+00  2.20981690E+00 -2.00008919E-01  3.99999495E-01  1.07995165E+00  1.00001696E+00  1.51875906E-01
 -2.41299493E+00  1.00000000E+00  2.17068673E+00 -2.00011016E-01  3.99993380E-01  1.07993262E+00  1.00002372E+00  1.51826914E-01
 -2.36407784E+00  1.00000000E+00  2.13154985E+00 -2.00007460E-01  3.99997001E-01  1.07995403E+00  1.00001558E+00  1.51883069E-01
 -2.31516075E+00  1.00000000E+00  2.09241298E+00 -2.00003903E-01  4.00000879E-01  1.07997545E+00  1.00000743E+00  1.51939224E-01
 -2.26624366E+00  1.00000000E+00  2.05327723E+00 -2.00008506E-01  3.99999147E-01  1.07995359E+00  1.00001595E+00  1.51881513E-01
 -2.21732657E+00  1.00000000E+00  2.01414148E+00 -2.00013108E-01  4.00000628E-01  1.07993173E+00  1.00002447E+00  1.51823802E-01
 -2.16840948E+00  1.00000000E+00  1.97501610E+00 -2.00012641E-01  3.99996232E-01  1.07992245E+00  1.00002728E+00  1.51800832E-01
 -2.11949239E+00  1.00000000E+00  1.93589072E+00 -2.00012174E-01  3.99987978E-01  1.07991317E+00  1.00003008E+00  1.51777863E-01
 -2.07057530E+00  1.00000000E+00  1.89674679E+00 -2.00011284E-01  3.99990554E-01  1.07991540E+00  1.00002915E+00  1.51783874E-01
 -2.02165821E+00  1.00000000E+00  1.85760287E+00 -2.00010395E-01  3.99994121E-01  1.07991763E+00  1.00002822E+00  1.51789885E-01
 -1.97274112E+00  1.00000000E+00  1.81847952E+00 -2.00009834E-01  3.99983749E-01  1.07989765E+00  1.00003461E+00  1.51739784E-01
 -1.92382403E+00  1.00000000E+00  1.77935617E+00 -2.00009272E-01  3.99970560E-01  1.07987767E+00  1.00004100E+00  1.51689684E-01
 -1.87490694E+00  1.00000000E+00  1.74021991E+00 -2.00000567E-01  3.99967535E-01  1.07990713E+00  1.00002934E+00  1.51767804E-01
 -1.82598985E+00  1.00000000E+00  1.70108366E+00 -1.99991861E-01  3.99962458E-01  1.07993658E+00  1.00001767E+00  1.51845927E-01
 -1.77707276E+00  1.00000000E+00  1.66195996E+00 -1.99992529E-01  3.99957699E-01  1.07991306E+00  1.00002527E+00  1.51786808E-01
 -1.72815567E+00  1.00000000E+00  1.62283626E+00 -1.99993197E-01  3.99953788E-01  1.07988954E+00  1.00003286E+00  1.51727690E-01
 -1.67923858E+00  1.00000000E+00  1.58370055E+00 -1.99983802E-01  3.99935068E-01  1.07989900E+00  1.00002698E+00  1.51756849E-01
 -1.63032150E+00  1.00000000E+00  1.54456484E+00 -1.99974408E-01  3.99927159E-01  1.07990847E+00  1.00002110E+00  1.51786008E-01
 -1.58140441E+00  1.00000000E+00  1.50546610E+00 -1.99968688E-01  3.99905971E-01  1.07988715E+00  1.00002752E+00  1.51733293E-01
 -1.53248732E+00  1.00000000E+00  1.46636736E+00 -1.99962969E-01  3.99888210E-01  1.07986584E+00  1.00003395E+00  1.51680580E-01
 -1.48357023E+00  1.00000000E+00  1.42726110E+00 -1.99950744E-01  3.99867190E-01  1.07985863E+00  1.00003408E+00  1.51666653E-01
 -1.43465314E+00  1.00000000E+00  1.38815484E+00 -1.99938519E-01  3.99841115E-01  1.07985143E+00  1.00003421E+00  1.51652726E-01
 -1.38573605E+00  1.00000000E+00  1.34906196E+00 -1.99919778E-01  3.99809426E-01  1.07985981E+00  1.00002593E+00  1.51684371E-01
 -1.33681896E+00  1.00000000E+00  1.30996909E+00 -1.99901037E-01  3.99787890E-01  1.07986819E+00  1.00001766E+00  1.51716017E-01
 -1.28790187E+00  1.00000000E+00  1.27092485E+00 -1.99888765E-01  3.99754703E-01  1.07984876E+00  1.00002041E+00  1.51673858E-01
 -1.23898478E+00  1.00000000E+00  1.23188061E+00 -1.99876493E-01  3.99721178E-01  1.07982932E+00  1.00002316E+00  1.51631699E-01
 -1.19006769E+00  1.00000000E+00  1.19288029E+00 -1.99861109E-01  3.99691433E-01  1.07981125E+00  1.00002766E+00  1.51588816E-01
 -1.14115060E+00  1.00000000E+00  1.15387997E+00 -1.99845725E-01  3.99662929E-01  1.07979317E+00  1.00003215E+00  1.51545934E-01
 -1.09223351E+00  1.00000000E+00  1.11497176E+00 -1.99841713E-01  3.99645792E-01  1.07977637E+00  1.00003633E+00  1.51506075E-01
 -1.04331642E+00  1.00000000E+00  1.07606355E+00 -1.99837701E-01  3.99629499E-01  1.07975956E+00  1.00004050E+00  1.51466218E-01
 -9.94399333E-01  1.00000000E+00  1.03725489E+00 -1.99838650E-01  3.99639611E-01  1.07979172E+00  1.00002839E+00  1.51550323E-01
 -9.45482243E-01  1.00000000E+00  9.98446238E-01 -1.99839598E-01  3.99665129E-01  1.07982388E+00  1.00001629E+00  1.51634429E-01
 -8.96565154E-01  1.00000000E+00  9.59826191E-01 -1.99896625E-01  3.99761119E-01  1.07985224E+00  1.00002549E+00  1.51670814E-01
 -8.47648064E-01  1.00000000E+00  9.21206143E-01 -1.99953654E-01  3.99887341E-01  1.07988060E+00  1.00003470E+00  1.51707200E-01
 -7.99501858E-01  1.00000000E+00  8.83476145E-01 -2.00082759E-01  4.00099168E-01  1.07997877E+00  1.00004713E+00  1.51870115E-01
 -7.51355652E-01  1.00000000E+00  8.45746147E-01 -2.00211874E-01  4.00401596E-01  1.08007696E+00  1.00005957E+00  1.52033043E-01
 -7.08111109E-01  1.00000000E+00  8.12177692E-01 -2.00449814E-01  4.00791285E-01  1.08029055E+00  1.00004575E+00  1.52465106E-01
 -6.64866566E-01  1.00000000E+00  7.78609236E-01 -2.00687789E-01  4.01373213E-01  1.08050422E+00  1.00003199E+00  1.52897228E-01
 -6.26599939E-01  1.00000000E+00  7.49204543E-01 -2.01105289E-01  4.02118173E-01  1.08080454E+00  1.00006359E+00  1.53407819E-01
 -5.88333313E-01  1.00000000E+00  7.19799849E-01 -2.01522888E-01  4.02973223E-01  1.08110509E+00  1.00009534E+00  1.53918527E-01
 -5.54471587E-01  1.00000000E+00  6.94281895E-01 -2.02113527E-01  4.04131707E-01  1.08166026E+00  1.00002276E+00  1.55111240E-01
 -5.20609860E-01  1.00000000E+00  6.68763942E-01 -2.02704370E-01  4.05412102E-01  1.08221597E+00  9.99950530E-01  1.56304337E-01
 -4.90645977E-01  1.00000000E+00  6.46394551E-01 -2.03542886E-01  4.06911151E-01  1.08280638E+00  1.00004654E+00  1.57243695E-01
 -4.60682095E-01  1.00000000E+00  6.24025160E-01 -2.04381812E-01  4.08589517E-01  1.08339767E+00  1.00014320E+00  1.58183499E-01
 -4.34167380E-01  1.00000000E+00  6.04999170E-01 -2.05452270E-01  4.10739158E-01  1.08438630E+00  1.00003227E+00  1.60272652E-01
 -4.07652666E-01  1.00000000E+00  5.85973180E-01 -2.06523394E-01  4.13073185E-01  1.08537667E+00  9.99922448E-01  1.62363025E-01
 -3.84190072E-01  1.00000000E+00  5.69254752E-01 -2.07853895E-01  4.15543716E-01  1.08640578E+00  1.00000188E+00  1.64167413E-01
 -3.60727478E-01  1.00000000E+00  5.52536324E-01 -2.09185441E-01  4.18273600E-01  1.08743723E+00  1.00008293E+00  1.65973166E-01
 -3.39965684E-01  1.00000000E+00  5.38393051E-01 -2.10821185E-01  4.21566961E-01  1.08889347E+00  1.00000228E+00  1.68893268E-01
 -3.19203889E-01  1.00000000E+00  5.24249777E-01 -2.12458518E-01  4.25031442E-01  1.09035366E+00  9.99924159E-01  1.71816056E-01
 -3.00831998E-01  1.00000000E+00  5.12241241E-01 -2.14504034E-01  4.28850118E-01  1.09201282E+00  1.00001377E+00  1.74798185E-01
 -2.82460107E-01  1.00000000E+00  5.00232705E-01 -2.16552071E-01  4.32986553E-01  1.09367768E+00  1.00010723E+00  1.77783849E-01
 -2.66203017E-01  1.00000000E+00  4.90088263E-01 -2.18885613E-01  4.37649628E-01  1.09583659E+00  9.99989983E-01  1.82108545E-01
 -2.49945927E-01  1.00000000E+00  4.79943820E-01 -2.21222511E-01  4.42524288E-01  1.09800373E+00  9.99877866E-01  1.86439136E-01
 -2.35560203E-01  1.00000000E+00  4.71664258E-01 -2.23923925E-01  4.47688553E-01  1.10036019E+00  9.99936600E-01  1.90804818E-01
 -2.21174479E-01  1.00000000E+00  4.63384696E-01 -2.26629920E-01  4.53292445E-01  1.10272708E+00  1.00000203E+00  1.95177602E-01
 -2.08421419E-01  1.00000000E+00  4.56342858E-01 -2.29895556E-01  4.59499220E-01  1.10566720E+00  1.00004053E+00  2.00690670E-01
 -1.95668358E-01  1.00000000E+00  4.49301020E-01 -2.33167991E-01  4.66048727E-01  1.10862288E+00  1.00008881E+00  2.06214734E-01
 -1.83439085E-01  1.00000000E+00  4.43904868E-01 -2.36948256E-01  4.73696561E-01  1.11242396E+00  9.99872027E-01  2.13848681E-01
 -1.71209813E-01  1.00000000E+00  4.38508717E-01 -2.40737988E-01  4.81744593E-01  1.11624795E+00  9.99668599E-01  2.21500775E-01
 -1.58980541E-01  1.00000000E+00  4.33229688E-01 -2.45918217E-01  4.91582287E-01  1.12095997E+00  9.99975985E-01  2.29869563E-01
 -1.46751268E-01  1.00000000E+00  4.27950660E-01 -2.51116455E-01  5.01947848E-01  1.12571080E+00  1.00030740E+00  2.38266470E-01
 -1.34521996E-01  1.00000000E+00  4.26455564E-01 -2.57778277E-01  5.15431176E-01  1.13332887E+00  9.99645952E-01  2.53997535E-01
 -1.22292724E-01  1.00000000E+00  4.24960467E-01 -2.64472340E-01  5.29863366E-01  1.14102664E+00  9.99026267E-01  2.69800714E-01
 -1.10063451E-01  1.00000000E+00  4.17290840E-01 -2.75224438E-01  5.49842690E-01  1.15041404E+00  1.00076468E+00  2.84333778E-01
 -9.78341789E-02  1.00000000E+00  4.09621213E-01 -2.86057558E-01  5.69279381E-01  1.15995855E+00  1.00260352E+00  2.98974559E-01
 -8.56049065E-02  1.00000000E+00  4.37005156E-01 -2.99190022E-01  5.98209203E-01  1.18299654E+00  9.97080988E-01  3.53239554E-01
 -7.33756342E-02  1.00000000E+00  4.64389099E-01 -3.12487161E-01  6.34133842E-01  1.20656704E+00  9.91763323E-01  4.08127071E-01
 -6.11463618E-02  1.00000000E+00  3.83371804E-01 -3.38368727E-01  6.86691611E-01  1.22627753E+00  1.00078209E+00  4.28441326E-01
 -4.89170895E-02  1.00000000E+00  3.02354510E-01 -3.64728645E-01  7.22103797E-01  1.24676823E+00  1.01037626E+00  4.49144744E-01
 -3.66878171E-02  1.00000000E+00  7.08855746E-01 -4.49694604E-01  8.12132554E-01  1.35335096E+00  1.02456809E+00  6.24687460E-01
 -2.44585447E-02  1.00000000E+00  1.11535698E+00 -5.41124341E-01  9.78561139E-01  1.47249265E+00  1.04438016E+00  8.13413727E-01
 -1.22292724E-02  1.00000000E+00  2.61461626E-01 -3.63183573E-01  1.69060266E+00  2.08162787E+00  7.45305892E-01  2.53901176E+00
  0.00000000E+00  1.00000000E+00 -5.92433730E-01 -1.57391518E-01  2.81797957E+00  3.05575296E+00  5.37773593E-01  4.78416080E+00
