# curve 5 (die wall), step =      200, time =   1.60000000E+02
# N1 = tau_xx - tau_yy = G ( c_xx - c_yy ),  G =  8.5714E-02  (polymer part only)
#              x               y        pressure            c_xy        gammadot            c_xx            c_yy              N1
 -3.00000000E+00  1.00000000E+00  3.03555358E+00 -2.80192070E+00  4.00379024E-01  1.67093156E+01  9.99626104E-01  1.34654481E+00
 -2.95108291E+00  1.00000000E+00  2.99537013E+00 -2.80219712E+00  4.00387751E-01  1.67135344E+01  9.99613843E-01  1.34690747E+00
 -2.90216582E+00  1.00000000E+00  2.95518668E+00 -2.80247355E+00  4.00399239E-01  1.67177543E+01  9.99601578E-01  1.34727023E+00
 -2.85324873E+00  1.00000000E+00  2.91606666E+00 -2.80201946E+00  4.00185022E-01  1.67061762E+01  9.99816211E-01  1.34625942E+00
 -2.80433164E+00  1.00000000E+00  2.87694665E+00 -2.80156531E+00  3.99998772E-01  1.66946066E+01  1.00003083E+00  1.34524935E+00
 -2.75541455E+00  1.00000000E+00  2.83772129E+00 -2.80078441E+00  4.00203452E-01  1.66944422E+01  9.99713028E-01  1.34526250E+00
 -2.70649746E+00  1.00000000E+00  2.79849593E+00 -2.80000360E+00  4.00259650E-01  1.66942779E+01  9.99395314E-01  1.34527565E+00
 -2.65758037E+00  1.00000000E+00  2.75942030E+00 -2.80211039E+00  4.00269617E-01  1.66993359E+01  9.99984069E-01  1.34565873E+00
 -2.60866328E+00  1.00000000E+00  2.72034467E+00 -2.80421812E+00  4.00207695E-01  1.67043959E+01  1.00057326E+00  1.34604194E+00
 -2.55974619E+00  1.00000000E+00  2.68154495E+00 -2.80389824E+00  4.00037075E-01  1.67088822E+01  1.00042658E+00  1.34643905E+00
 -2.51082911E+00  1.00000000E+00  2.64274524E+00 -2.80357811E+00  4.00129939E-01  1.67133699E+01  1.00027992E+00  1.34683629E+00
 -2.46191202E+00  1.00000000E+00  2.60304335E+00 -2.80198425E+00  4.00060857E-01  1.67047125E+01  9.99957175E-01  1.34612188E+00
 -2.41299493E+00  1.00000000E+00  2.56334146E+00 -2.80039125E+00  4.00019847E-01  1.66960595E+01  9.99634594E-01  1.34540785E+00
 -2.36407784E+00  1.00000000E+00  2.52456545E+00 -2.80162862E+00  4.00016994E-01  1.66976565E+01  1.00006180E+00  1.34550812E+00
 -2.31516075E+00  1.00000000E+00  2.48578943E+00 -2.80286625E+00  3.99951144E-01  1.66992540E+01  1.00048919E+00  1.34560841E+00
 -2.26624366E+00  1.00000000E+00  2.44661397E+00 -2.80247539E+00  3.99882250E-01  1.67045321E+01  1.00020515E+00  1.34608517E+00
 -2.21732657E+00  1.00000000E+00  2.40743851E+00 -2.80208428E+00  3.99930556E-01  1.67098123E+01  9.99921147E-01  1.34656210E+00
 -2.16840948E+00  1.00000000E+00  2.36802466E+00 -2.80227119E+00  3.99969011E-01  1.67050651E+01  1.00005669E+00  1.34614358E+00
 -2.11949239E+00  1.00000000E+00  2.32861082E+00 -2.80245791E+00  3.99932582E-01  1.67003195E+01  1.00019223E+00  1.34572519E+00
 -2.07057530E+00  1.00000000E+00  2.28989967E+00 -2.80382319E+00  3.99989060E-01  1.67142867E+01  1.00031087E+00  1.34691221E+00
 -2.02165821E+00  1.00000000E+00  2.25118852E+00 -2.80518918E+00  3.99999157E-01  1.67282658E+01  1.00042953E+00  1.34810025E+00
 -1.97274112E+00  1.00000000E+00  2.21157812E+00 -2.80303121E+00  3.99909076E-01  1.67181789E+01  9.99935585E-01  1.34727799E+00
 -1.92382403E+00  1.00000000E+00  2.17196772E+00 -2.80087471E+00  3.99887664E-01  1.67080981E+01  9.99441984E-01  1.34645624E+00
 -1.87490694E+00  1.00000000E+00  2.13281178E+00 -2.80224377E+00  3.99976711E-01  1.67030374E+01  1.00005465E+00  1.34596995E+00
 -1.82598985E+00  1.00000000E+00  2.09365585E+00 -2.80361236E+00  3.99961488E-01  1.66979796E+01  1.00066762E+00  1.34548389E+00
 -1.77707276E+00  1.00000000E+00  2.05468948E+00 -2.80515864E+00  3.99966301E-01  1.67088533E+01  1.00093017E+00  1.34639341E+00
 -1.72815567E+00  1.00000000E+00  2.01572312E+00 -2.80670581E+00  3.99887249E-01  1.67197341E+01  1.00119283E+00  1.34730353E+00
 -1.67923858E+00  1.00000000E+00  1.97652818E+00 -2.80602457E+00  3.99536224E-01  1.67161558E+01  1.00110882E+00  1.34700402E+00
 -1.63032150E+00  1.00000000E+00  1.93733324E+00 -2.80534348E+00  3.99495923E-01  1.67125783E+01  1.00102485E+00  1.34670458E+00
 -1.58140441E+00  1.00000000E+00  1.89827190E+00 -2.80430219E+00  3.99267649E-01  1.66940795E+01  1.00133803E+00  1.34509213E+00
 -1.53248732E+00  1.00000000E+00  1.85921057E+00 -2.80326130E+00  3.99161645E-01  1.66756022E+01  1.00165126E+00  1.34348151E+00
 -1.48357023E+00  1.00000000E+00  1.81940035E+00 -2.79761788E+00  3.99097767E-01  1.66624681E+01  9.99919764E-01  1.34250415E+00
 -1.43465314E+00  1.00000000E+00  1.77959013E+00 -2.79198156E+00  3.99221391E-01  1.66493482E+01  9.98191635E-01  1.34152770E+00
 -1.38573605E+00  1.00000000E+00  1.74047939E+00 -2.79203332E+00  3.98951148E-01  1.66226574E+01  9.99172693E-01  1.33915583E+00
 -1.33681896E+00  1.00000000E+00  1.70136866E+00 -2.79208313E+00  3.98669178E-01  1.65960146E+01  1.00015413E+00  1.33678804E+00
 -1.28790187E+00  1.00000000E+00  1.66181375E+00 -2.79124421E+00  3.98114123E-01  1.65657901E+01  1.00080837E+00  1.33414129E+00
 -1.23898478E+00  1.00000000E+00  1.62225885E+00 -2.79040402E+00  3.97472662E-01  1.65356253E+01  1.00146254E+00  1.33149966E+00
 -1.19006769E+00  1.00000000E+00  1.58404483E+00 -2.78780650E+00  3.96655628E-01  1.65047535E+01  1.00169969E+00  1.32883318E+00
 -1.14115060E+00  1.00000000E+00  1.54583081E+00 -2.78521206E+00  3.95914302E-01  1.64739407E+01  1.00193708E+00  1.32617174E+00
 -1.09223351E+00  1.00000000E+00  1.50571173E+00 -2.77680153E+00  3.95092989E-01  1.64091804E+01  1.00114927E+00  1.32068838E+00
 -1.04331642E+00  1.00000000E+00  1.46559266E+00 -2.76841901E+00  3.94334685E-01  1.63446754E+01  1.00036447E+00  1.31522665E+00
 -9.94399333E-01  1.00000000E+00  1.42728042E+00 -2.76524794E+00  3.93278668E-01  1.62681706E+01  1.00164543E+00  1.30855930E+00
 -9.45482243E-01  1.00000000E+00  1.38896818E+00 -2.76207411E+00  3.92043452E-01  1.61920480E+01  1.00292547E+00  1.30192478E+00
 -8.96565154E-01  1.00000000E+00  1.35069570E+00 -2.75476750E+00  3.90387908E-01  1.61059922E+01  1.00349192E+00  1.29450002E+00
 -8.47648064E-01  1.00000000E+00  1.31242322E+00 -2.74748490E+00  3.88751056E-01  1.60204053E+01  1.00405982E+00  1.28711532E+00
 -7.99501858E-01  1.00000000E+00  1.27629778E+00 -2.73717486E+00  3.86483235E-01  1.58898744E+01  1.00477733E+00  1.27586546E+00
 -7.51355652E-01  1.00000000E+00  1.24017233E+00 -2.72690836E+00  3.84702420E-01  1.57604403E+01  1.00549492E+00  1.26470961E+00
 -7.08111109E-01  1.00000000E+00  1.20813605E+00 -2.70605948E+00  3.82465098E-01  1.55934255E+01  1.00351388E+00  1.25056385E+00
 -6.64866566E-01  1.00000000E+00  1.17609977E+00 -2.68538853E+00  3.80984002E-01  1.54281907E+01  1.00154908E+00  1.23656928E+00
 -6.26599939E-01  1.00000000E+00  1.14885839E+00 -2.67356592E+00  3.79799708E-01  1.53026556E+01  1.00137319E+00  1.22582421E+00
 -5.88333313E-01  1.00000000E+00  1.12161701E+00 -2.66180251E+00  3.78408653E-01  1.51781644E+01  1.00119856E+00  1.21516850E+00
 -5.54471587E-01  1.00000000E+00  1.09943638E+00 -2.65355451E+00  3.77429671E-01  1.50925242E+01  1.00107885E+00  1.20783818E+00
 -5.20609860E-01  1.00000000E+00  1.07725576E+00 -2.64533596E+00  3.76266194E-01  1.50073775E+01  1.00096002E+00  1.20055007E+00
 -4.90645977E-01  1.00000000E+00  1.05935851E+00 -2.63722305E+00  3.74849635E-01  1.49048438E+01  1.00135922E+00  1.19172725E+00
 -4.60682095E-01  1.00000000E+00  1.04146126E+00 -2.62913601E+00  3.73846794E-01  1.48030348E+01  1.00175738E+00  1.18296664E+00
 -4.34167380E-01  1.00000000E+00  1.02725835E+00 -2.62112419E+00  3.73631251E-01  1.47583730E+01  1.00025879E+00  1.17926693E+00
 -4.07652666E-01  1.00000000E+00  1.01305543E+00 -2.61313629E+00  3.73243330E-01  1.47138460E+01  9.98764456E-01  1.17557842E+00
 -3.84190072E-01  1.00000000E+00  1.00194768E+00 -2.60882716E+00  3.72860666E-01  1.46662583E+01  9.98577686E-01  1.17151548E+00
 -3.60727478E-01  1.00000000E+00  9.90839917E-01 -2.60452534E+00  3.72858626E-01  1.46188288E+01  9.98390751E-01  1.16746612E+00
 -3.39965684E-01  1.00000000E+00  9.83221280E-01 -2.60504202E+00  3.73303384E-01  1.46214935E+01  9.98237869E-01  1.16770763E+00
 -3.19203889E-01  1.00000000E+00  9.75602642E-01 -2.60555876E+00  3.73568021E-01  1.46241587E+01  9.98085115E-01  1.16794916E+00
 -3.00831998E-01  1.00000000E+00  9.71632378E-01 -2.61400695E+00  3.73802381E-01  1.46540812E+01  1.00029015E+00  1.17032495E+00
 -2.82460107E-01  1.00000000E+00  9.67662114E-01 -2.62247649E+00  3.73907578E-01  1.46840689E+01  1.00250196E+00  1.17270574E+00
 -2.66203017E-01  1.00000000E+00  9.64477905E-01 -2.62097907E+00  3.74552970E-01  1.47309899E+01  1.00020010E+00  1.17692484E+00
 -2.49945927E-01  1.00000000E+00  9.61293697E-01 -2.61946915E+00  3.75332550E-01  1.47780887E+01  9.97900521E-01  1.18115899E+00
 -2.35560203E-01  1.00000000E+00  9.61782654E-01 -2.63247089E+00  3.76037984E-01  1.48426554E+01  1.00047413E+00  1.18647268E+00
 -2.21174479E-01  1.00000000E+00  9.62271611E-01 -2.64553211E+00  3.76720745E-01  1.49075058E+01  1.00306019E+00  1.19180963E+00
 -2.08421419E-01  1.00000000E+00  9.63713551E-01 -2.65485538E+00  3.77579790E-01  1.49793037E+01  1.00399293E+00  1.19788378E+00
 -1.95668358E-01  1.00000000E+00  9.65155490E-01 -2.66421527E+00  3.78298265E-01  1.50514491E+01  1.00492925E+00  1.20398742E+00
 -1.83439085E-01  1.00000000E+00  9.68863331E-01 -2.66887513E+00  3.79008979E-01  1.51232677E+01  1.00430665E+00  1.21019666E+00
 -1.71209813E-01  1.00000000E+00  9.72571172E-01 -2.67354108E+00  3.79360476E-01  1.51954455E+01  1.00368298E+00  1.21643679E+00
 -1.58980541E-01  1.00000000E+00  9.72801439E-01 -2.67581634E+00  3.77839186E-01  1.50764951E+01  1.00935797E+00  1.20575461E+00
 -1.46751268E-01  1.00000000E+00  9.73031705E-01 -2.67803598E+00  3.74914390E-01  1.49586230E+01  1.01504828E+00  1.19516354E+00
 -1.34521996E-01  1.00000000E+00  9.77727852E-01 -2.66890683E+00  3.67128554E-01  1.44173539E+01  1.03464440E+00  1.14708938E+00
 -1.22292724E-01  1.00000000E+00  9.82423999E-01 -2.65932044E+00  3.49401266E-01  1.38977139E+01  1.05439032E+00  1.10085631E+00
 -1.10063451E-01  1.00000000E+00  1.00933249E+00 -2.52009495E+00  2.97334533E-01  1.11853550E+01  1.14155212E+00  8.60897394E-01
 -9.78341789E-02  1.00000000E+00  1.03624098E+00 -2.38940669E+00  2.47418183E-01  9.04021946E+00  1.23247765E+00  6.69235012E-01
 -8.56049065E-02  1.00000000E+00  1.18863772E+00 -1.75099513E+00  1.83132402E-01  6.44667937E+00  1.11001801E+00  4.57428116E-01
 -7.33756342E-02  1.00000000E+00  1.34103446E+00 -1.28322274E+00  1.22776361E-01  4.59605243E+00  1.02822682E+00  3.05813624E-01
 -6.11463618E-02  1.00000000E+00  1.63179774E+00 -5.49027873E-01  7.11627656E-02  1.37414306E+00  1.33070606E+00  3.72317100E-03
 -4.89170895E-02  1.00000000E+00  1.92256103E+00 -2.44089200E-01  9.42936229E-02  4.06620273E-01  2.00923954E+00 -1.37367366E-01
 -3.66878171E-02  1.00000000E+00  2.86690362E+00 -3.32171912E-01  2.46580220E-01  5.49563202E-01  1.57828895E+00 -8.81764929E-02
 -2.44585447E-02  1.00000000E+00  3.81124621E+00 -4.22287999E-01  3.13404018E-01  7.41661113E-01  1.26064593E+00 -4.44844124E-02
 -1.22292724E-02  1.00000000E+00  1.65588335E+00  1.79024189E+00  7.68865705E-01  2.02869214E+00  3.02413839E+00 -8.53239641E-02
  0.00000000E+00  1.00000000E+00 -4.99479502E-01  1.63085511E+01  8.54753415E+00  1.51518859E+01  1.83023728E+01 -2.70041735E-01
