# curve 5 (die wall), step =      100, time =   8.00000000E+01
# N1 = tau_xx - tau_yy = G ( c_xx - c_yy ),  G =  8.5714E-02  (polymer part only)
#              x               y        pressure            c_xy        gammadot            c_xx            c_yy              N1
 -3.00000000E+00  1.00000000E+00  3.03551518E+00 -2.80190676E+00  4.00379065E-01  1.67078343E+01  9.99625044E-01  1.34641794E+00
 -2.95108291E+00  1.00000000E+00  2.99533182E+00 -2.80218459E+00  4.00388186E-01  1.67120637E+01  9.99612682E-01  1.34678152E+00
 -2.90216582E+00  1.00000000E+00  2.95514846E+00 -2.80246244E+00  4.00399913E-01  1.67162943E+01  9.99600315E-01  1.34714520E+00
 -2.85324873E+00  1.00000000E+00  2.91602837E+00 -2.80201352E+00  4.00185773E-01  1.67047283E+01  9.99816389E-01  1.34613531E+00
 -2.80433164E+00  1.00000000E+00  2.87690828E+00 -2.80156454E+00  3.99999433E-01  1.66931709E+01  1.00003245E+00  1.34512616E+00
 -2.75541455E+00  1.00000000E+00  2.83768352E+00 -2.80078801E+00  4.00203940E-01  1.66930219E+01  9.99715799E-01  1.34514053E+00
 -2.70649746E+00  1.00000000E+00  2.79845875E+00 -2.80001157E+00  4.00259808E-01  1.66928731E+01  9.99399239E-01  1.34515490E+00
 -2.65758037E+00  1.00000000E+00  2.75938380E+00 -2.80211593E+00  4.00269312E-01  1.66979173E+01  9.99987892E-01  1.34553681E+00
 -2.60866328E+00  1.00000000E+00  2.72030885E+00 -2.80422124E+00  4.00207179E-01  1.67029635E+01  1.00057698E+00  1.34591885E+00
 -2.55974619E+00  1.00000000E+00  2.68150965E+00 -2.80389156E+00  4.00036183E-01  1.67074130E+01  1.00042812E+00  1.34631299E+00
 -2.51082911E+00  1.00000000E+00  2.64271045E+00 -2.80356161E+00  4.00129090E-01  1.67118640E+01  1.00027927E+00  1.34670726E+00
 -2.46191202E+00  1.00000000E+00  2.60300777E+00 -2.80196258E+00  4.00060363E-01  1.67031820E+01  9.99955323E-01  1.34599086E+00
 -2.41299493E+00  1.00000000E+00  2.56330510E+00 -2.80036441E+00  4.00019806E-01  1.66945046E+01  9.99631546E-01  1.34527483E+00
 -2.36407784E+00  1.00000000E+00  2.52452915E+00 -2.80160997E+00  4.00017488E-01  1.66961181E+01  1.00006075E+00  1.34537635E+00
 -2.31516075E+00  1.00000000E+00  2.48575319E+00 -2.80285579E+00  3.99951618E-01  1.66977321E+01  1.00049014E+00  1.34547788E+00
 -2.26624366E+00  1.00000000E+00  2.44657788E+00 -2.80247056E+00  3.99882592E-01  1.67030317E+01  1.00020740E+00  1.34595637E+00
 -2.21732657E+00  1.00000000E+00  2.40740257E+00 -2.80208509E+00  3.99930603E-01  1.67083334E+01  9.99924691E-01  1.34643503E+00
 -2.16840948E+00  1.00000000E+00  2.36798934E+00 -2.80227348E+00  3.99968784E-01  1.67036027E+01  1.00006043E+00  1.34601791E+00
 -2.11949239E+00  1.00000000E+00  2.32857612E+00 -2.80246168E+00  3.99932113E-01  1.66988736E+01  1.00019617E+00  1.34560092E+00
 -2.07057530E+00  1.00000000E+00  2.28986467E+00 -2.80382161E+00  3.99988389E-01  1.67128314E+01  1.00031333E+00  1.34678726E+00
 -2.02165821E+00  1.00000000E+00  2.25115321E+00 -2.80518224E+00  3.99998584E-01  1.67268011E+01  1.00043051E+00  1.34797462E+00
 -1.97274112E+00  1.00000000E+00  2.21154253E+00 -2.80302230E+00  3.99908590E-01  1.67167047E+01  9.99936102E-01  1.34715159E+00
 -1.92382403E+00  1.00000000E+00  2.17193184E+00 -2.80086384E+00  3.99887312E-01  1.67066145E+01  9.99442042E-01  1.34632907E+00
 -1.87490694E+00  1.00000000E+00  2.13277558E+00 -2.80223472E+00  3.99976466E-01  1.67015467E+01  1.00005533E+00  1.34584212E+00
 -1.82598985E+00  1.00000000E+00  2.09361932E+00 -2.80360514E+00  3.99961286E-01  1.66964819E+01  1.00066892E+00  1.34535540E+00
 -1.77707276E+00  1.00000000E+00  2.05465338E+00 -2.80515449E+00  3.99966064E-01  1.67073545E+01  1.00093239E+00  1.34626475E+00
 -1.72815567E+00  1.00000000E+00  2.01568745E+00 -2.80670475E+00  3.99886928E-01  1.67182342E+01  1.00119597E+00  1.34717470E+00
 -1.67923858E+00  1.00000000E+00  1.97649331E+00 -2.80601216E+00  3.99535658E-01  1.67146232E+01  1.00110907E+00  1.34687264E+00
 -1.63032150E+00  1.00000000E+00  1.93729917E+00 -2.80531972E+00  3.99495461E-01  1.67110130E+01  1.00102220E+00  1.34657064E+00
 -1.58140441E+00  1.00000000E+00  1.89823678E+00 -2.80427120E+00  3.99267693E-01  1.66924780E+01  1.00133378E+00  1.34495522E+00
 -1.53248732E+00  1.00000000E+00  1.85917439E+00 -2.80322309E+00  3.99162241E-01  1.66739646E+01  1.00164542E+00  1.34334164E+00
 -1.48357023E+00  1.00000000E+00  1.81936335E+00 -2.79759043E+00  3.99099107E-01  1.66608480E+01  9.99916315E-01  1.34236557E+00
 -1.43465314E+00  1.00000000E+00  1.77955232E+00 -2.79196486E+00  3.99222718E-01  1.66477454E+01  9.98190570E-01  1.34139042E+00
 -1.38573605E+00  1.00000000E+00  1.74044265E+00 -2.79204135E+00  3.98952585E-01  1.66211333E+01  9.99178082E-01  1.33902473E+00
 -1.33681896E+00  1.00000000E+00  1.70133298E+00 -2.79211586E+00  3.98669903E-01  1.65945690E+01  1.00016598E+00  1.33666312E+00
 -1.28790187E+00  1.00000000E+00  1.66178109E+00 -2.79127535E+00  3.98113545E-01  1.65643825E+01  1.00081977E+00  1.33401966E+00
 -1.23898478E+00  1.00000000E+00  1.62222919E+00 -2.79043357E+00  3.97470946E-01  1.65342554E+01  1.00147349E+00  1.33138130E+00
 -1.19006769E+00  1.00000000E+00  1.58401444E+00 -2.78779918E+00  3.96652961E-01  1.65032967E+01  1.00170138E+00  1.32870817E+00
 -1.14115060E+00  1.00000000E+00  1.54579968E+00 -2.78516796E+00  3.95912319E-01  1.64723973E+01  1.00192952E+00  1.32604010E+00
 -1.09223351E+00  1.00000000E+00  1.50567846E+00 -2.77674801E+00  3.95092098E-01  1.64075826E+01  1.00113986E+00  1.32055224E+00
 -1.04331642E+00  1.00000000E+00  1.46555723E+00 -2.76835612E+00  3.94334877E-01  1.63430237E+01  1.00035321E+00  1.31508604E+00
 -9.94399333E-01  1.00000000E+00  1.42724465E+00 -2.76520392E+00  3.93279918E-01  1.62665484E+01  1.00163929E+00  1.30842078E+00
 -9.45482243E-01  1.00000000E+00  1.38893206E+00 -2.76204885E+00  3.92044839E-01  1.61904551E+01  1.00292444E+00  1.30178834E+00
 -8.96565154E-01  1.00000000E+00  1.35066269E+00 -2.75474460E+00  3.90389185E-01  1.61044426E+01  1.00349100E+00  1.29436728E+00
 -8.47648064E-01  1.00000000E+00  1.31239332E+00 -2.74746435E+00  3.88751956E-01  1.60188986E+01  1.00405901E+00  1.28698625E+00
 -7.99501858E-01  1.00000000E+00  1.27626654E+00 -2.73710196E+00  3.86484446E-01  1.58883369E+01  1.00476061E+00  1.27573511E+00
 -7.51355652E-01  1.00000000E+00  1.24013975E+00 -2.72678366E+00  3.84705315E-01  1.57588723E+01  1.00546234E+00  1.26457800E+00
 -7.08111109E-01  1.00000000E+00  1.20809755E+00 -2.70597354E+00  3.82473601E-01  1.55921358E+01  1.00348629E+00  1.25045567E+00
 -6.64866566E-01  1.00000000E+00  1.17605536E+00 -2.68534069E+00  3.80995274E-01  1.54271735E+01  1.00152640E+00  1.23648404E+00
 -6.26599939E-01  1.00000000E+00  1.14881241E+00 -2.67363957E+00  3.79811738E-01  1.53021367E+01  1.00138088E+00  1.22577907E+00
 -5.88333313E-01  1.00000000E+00  1.12156947E+00 -2.66199639E+00  3.78418099E-01  1.51781359E+01  1.00123651E+00  1.21516280E+00
 -5.54471587E-01  1.00000000E+00  1.09939931E+00 -2.65379736E+00  3.77433894E-01  1.50929214E+01  1.00112634E+00  1.20786815E+00
 -5.20609860E-01  1.00000000E+00  1.07722916E+00 -2.64562745E+00  3.76265087E-01  1.50081954E+01  1.00101703E+00  1.20061529E+00
 -4.90645977E-01  1.00000000E+00  1.05933340E+00 -2.63742119E+00  3.74842886E-01  1.49056902E+01  1.00139462E+00  1.19179677E+00
 -4.60682095E-01  1.00000000E+00  1.04143763E+00 -2.62924174E+00  3.73839390E-01  1.48039088E+01  1.00177130E+00  1.18304036E+00
 -4.34167380E-01  1.00000000E+00  1.02722760E+00 -2.62118878E+00  3.73623755E-01  1.47591610E+01  1.00026383E+00  1.17933405E+00
 -4.07652666E-01  1.00000000E+00  1.01301757E+00 -2.61315995E+00  3.73237071E-01  1.47145486E+01  9.98760658E-01  1.17563896E+00
 -3.84190072E-01  1.00000000E+00  1.00190573E+00 -2.60893863E+00  3.72856713E-01  1.46672673E+01  9.98599990E-01  1.17160006E+00
 -3.60727478E-01  1.00000000E+00  9.90793895E-01 -2.60472428E+00  3.72852661E-01  1.46201423E+01  9.98439124E-01  1.16757456E+00
 -3.39965684E-01  1.00000000E+00  9.83189413E-01 -2.60524785E+00  3.73294051E-01  1.46230799E+01  9.98287167E-01  1.16783938E+00
 -3.19203889E-01  1.00000000E+00  9.75584931E-01 -2.60577151E+00  3.73555057E-01  1.46260181E+01  9.98135334E-01  1.16810424E+00
 -3.00831998E-01  1.00000000E+00  9.71607076E-01 -2.61402004E+00  3.73787229E-01  1.46556324E+01  1.00028440E+00  1.17045840E+00
 -2.82460107E-01  1.00000000E+00  9.67629222E-01 -2.62228911E+00  3.73898061E-01  1.46853103E+01  1.00243989E+00  1.17281746E+00
 -2.66203017E-01  1.00000000E+00  9.64434435E-01 -2.62077650E+00  3.74549441E-01  1.47321801E+01  1.00013571E+00  1.17703237E+00
 -2.49945927E-01  1.00000000E+00  9.61239648E-01 -2.61925135E+00  3.75335984E-01  1.47792274E+01  9.97833814E-01  1.18126231E+00
 -2.35560203E-01  1.00000000E+00  9.61721455E-01 -2.63244655E+00  3.76054247E-01  1.48448119E+01  1.00044181E+00  1.18666029E+00
 -2.21174479E-01  1.00000000E+00  9.62203262E-01 -2.64570304E+00  3.76739024E-01  1.49106891E+01  1.00306261E+00  1.19208227E+00
 -2.08421419E-01  1.00000000E+00  9.63646871E-01 -2.65526709E+00  3.77592791E-01  1.49833633E+01  1.00405967E+00  1.19822602E+00
 -1.95668358E-01  1.00000000E+00  9.65090481E-01 -2.66486949E+00  3.78300717E-01  1.50563932E+01  1.00506059E+00  1.20439994E+00
 -1.83439085E-01  1.00000000E+00  9.68815674E-01 -2.66967240E+00  3.78997349E-01  1.51286780E+01  1.00448397E+00  1.21064520E+00
 -1.71209813E-01  1.00000000E+00  9.72540866E-01 -2.67448210E+00  3.79327621E-01  1.52013260E+01  1.00390629E+00  1.21692169E+00
 -1.58980541E-01  1.00000000E+00  9.72798026E-01 -2.67635105E+00  3.77769952E-01  1.50805959E+01  1.00949664E+00  1.20609423E+00
 -1.46751268E-01  1.00000000E+00  9.73055186E-01 -2.67816599E+00  3.74839107E-01  1.49609703E+01  1.01510154E+00  1.19536018E+00
 -1.34521996E-01  1.00000000E+00  9.77730167E-01 -2.66827652E+00  3.67074121E-01  1.44176614E+01  1.03445964E+00  1.14713158E+00
 -1.22292724E-01  1.00000000E+00  9.82405148E-01 -2.65795129E+00  3.49402429E-01  1.38961042E+01  1.05396208E+00  1.10075504E+00
 -1.10063451E-01  1.00000000E+00  1.00919243E+00 -2.51912298E+00  2.97420372E-01  1.11860749E+01  1.14110326E+00  8.60997568E-01
 -9.78341789E-02  1.00000000E+00  1.03597971E+00 -2.38876543E+00  2.47527159E-01  9.04237828E+00  1.23200454E+00  6.69460606E-01
 -8.56049065E-02  1.00000000E+00  1.18849444E+00 -1.75231638E+00  1.83245285E-01  6.45445634E+00  1.11032896E+00  4.58068062E-01
 -7.33756342E-02  1.00000000E+00  1.34100917E+00 -1.28553733E+00  1.22814372E-01  4.60605063E+00  1.02907358E+00  3.06598033E-01
 -6.11463618E-02  1.00000000E+00  1.63173504E+00 -5.49590712E-01  7.10747456E-02  1.37653698E+00  1.33117010E+00  3.88858991E-03
 -4.89170895E-02  1.00000000E+00  1.92246090E+00 -2.44076861E-01  9.42885820E-02  4.07150749E-01  2.00944307E+00 -1.37339341E-01
 -3.66878171E-02  1.00000000E+00  2.86673436E+00 -3.32396163E-01  2.46577927E-01  5.50025403E-01  1.57909009E+00 -8.82055447E-02
 -2.44585447E-02  1.00000000E+00  3.81100782E+00 -4.22722536E-01  3.13347508E-01  7.41964227E-01  1.26182212E+00 -4.45592478E-02
 -1.22292724E-02  1.00000000E+00  1.65575674E+00  1.79114546E+00  7.68751998E-01  2.02956492E+00  3.02564008E+00 -8.53778712E-02
  0.00000000E+00  1.00000000E+00 -4.99494330E-01  1.63174118E+01  8.54084826E+00  1.51613969E+01  1.83103333E+01 -2.69908836E-01
