# curve 5 (die wall), step =     1000, time =   8.00000000E+02
# N1 = tau_xx - tau_yy = G ( c_xx - c_yy ),  G =  8.5714E-02  (polymer part only)
#              x               y        pressure            c_xy        gammadot            c_xx            c_yy              N1
 -3.00000000E+00  1.00000000E+00  3.03555357E+00 -2.80192068E+00  4.00379025E-01  1.67093154E+01  9.99626100E-01  1.34654480E+00
 -2.95108291E+00  1.00000000E+00  2.99537012E+00 -2.80219710E+00  4.00387751E-01  1.67135342E+01  9.99613843E-01  1.34690746E+00
 -2.90216582E+00  1.00000000E+00  2.95518668E+00 -2.80247355E+00  4.00399240E-01  1.67177541E+01  9.99601582E-01  1.34727022E+00
 -2.85324873E+00  1.00000000E+00  2.91606666E+00 -2.80201947E+00  4.00185021E-01  1.67061761E+01  9.99816218E-01  1.34625942E+00
 -2.80433164E+00  1.00000000E+00  2.87694665E+00 -2.80156534E+00  3.99998771E-01  1.66946066E+01  1.00003085E+00  1.34524935E+00
 -2.75541455E+00  1.00000000E+00  2.83772129E+00 -2.80078443E+00  4.00203450E-01  1.66944422E+01  9.99713033E-01  1.34526250E+00
 -2.70649746E+00  1.00000000E+00  2.79849593E+00 -2.80000360E+00  4.00259648E-01  1.66942780E+01  9.99395315E-01  1.34527566E+00
 -2.65758037E+00  1.00000000E+00  2.75942030E+00 -2.80211038E+00  4.00269616E-01  1.66993360E+01  9.99984069E-01  1.34565873E+00
 -2.60866328E+00  1.00000000E+00  2.72034467E+00 -2.80421812E+00  4.00207695E-01  1.67043960E+01  1.00057326E+00  1.34604195E+00
 -2.55974619E+00  1.00000000E+00  2.68154495E+00 -2.80389823E+00  4.00037075E-01  1.67088822E+01  1.00042658E+00  1.34643906E+00
 -2.51082911E+00  1.00000000E+00  2.64274524E+00 -2.80357809E+00  4.00129940E-01  1.67133700E+01  1.00027992E+00  1.34683629E+00
 -2.46191202E+00  1.00000000E+00  2.60304334E+00 -2.80198424E+00  4.00060858E-01  1.67047125E+01  9.99957169E-01  1.34612189E+00
 -2.41299493E+00  1.00000000E+00  2.56334145E+00 -2.80039124E+00  4.00019849E-01  1.66960596E+01  9.99634588E-01  1.34540786E+00
 -2.36407784E+00  1.00000000E+00  2.52456544E+00 -2.80162863E+00  4.00016995E-01  1.66976566E+01  1.00006180E+00  1.34550812E+00
 -2.31516075E+00  1.00000000E+00  2.48578943E+00 -2.80286628E+00  3.99951146E-01  1.66992540E+01  1.00048920E+00  1.34560841E+00
 -2.26624366E+00  1.00000000E+00  2.44661397E+00 -2.80247541E+00  3.99882250E-01  1.67045321E+01  1.00020515E+00  1.34608517E+00
 -2.21732657E+00  1.00000000E+00  2.40743851E+00 -2.80208430E+00  3.99930556E-01  1.67098124E+01  9.99921152E-01  1.34656210E+00
 -2.16840948E+00  1.00000000E+00  2.36802466E+00 -2.80227121E+00  3.99969011E-01  1.67050651E+01  1.00005669E+00  1.34614357E+00
 -2.11949239E+00  1.00000000E+00  2.32861081E+00 -2.80245791E+00  3.99932582E-01  1.67003194E+01  1.00019223E+00  1.34572519E+00
 -2.07057530E+00  1.00000000E+00  2.28989967E+00 -2.80382319E+00  3.99989059E-01  1.67142866E+01  1.00031087E+00  1.34691220E+00
 -2.02165821E+00  1.00000000E+00  2.25118852E+00 -2.80518916E+00  3.99999156E-01  1.67282657E+01  1.00042953E+00  1.34810024E+00
 -1.97274112E+00  1.00000000E+00  2.21157812E+00 -2.80303118E+00  3.99909075E-01  1.67181786E+01  9.99935580E-01  1.34727798E+00
 -1.92382403E+00  1.00000000E+00  2.17196772E+00 -2.80087466E+00  3.99887664E-01  1.67080978E+01  9.99441974E-01  1.34645621E+00
 -1.87490694E+00  1.00000000E+00  2.13281179E+00 -2.80224373E+00  3.99976711E-01  1.67030371E+01  1.00005464E+00  1.34596993E+00
 -1.82598985E+00  1.00000000E+00  2.09365585E+00 -2.80361233E+00  3.99961489E-01  1.66979794E+01  1.00066761E+00  1.34548387E+00
 -1.77707276E+00  1.00000000E+00  2.05468948E+00 -2.80515861E+00  3.99966302E-01  1.67088531E+01  1.00093016E+00  1.34639339E+00
 -1.72815567E+00  1.00000000E+00  2.01572312E+00 -2.80670579E+00  3.99887250E-01  1.67197339E+01  1.00119283E+00  1.34730352E+00
 -1.67923858E+00  1.00000000E+00  1.97652818E+00 -2.80602457E+00  3.99536225E-01  1.67161557E+01  1.00110882E+00  1.34700402E+00
 -1.63032150E+00  1.00000000E+00  1.93733324E+00 -2.80534350E+00  3.99495925E-01  1.67125783E+01  1.00102485E+00  1.34670458E+00
 -1.58140441E+00  1.00000000E+00  1.89827191E+00 -2.80430221E+00  3.99267649E-01  1.66940797E+01  1.00133803E+00  1.34509214E+00
 -1.53248732E+00  1.00000000E+00  1.85921057E+00 -2.80326133E+00  3.99161645E-01  1.66756025E+01  1.00165127E+00  1.34348153E+00
 -1.48357023E+00  1.00000000E+00  1.81940035E+00 -2.79761790E+00  3.99097766E-01  1.66624684E+01  9.99919769E-01  1.34250417E+00
 -1.43465314E+00  1.00000000E+00  1.77959013E+00 -2.79198159E+00  3.99221391E-01  1.66493484E+01  9.98191638E-01  1.34152773E+00
 -1.38573605E+00  1.00000000E+00  1.74047939E+00 -2.79203335E+00  3.98951147E-01  1.66226576E+01  9.99172697E-01  1.33915585E+00
 -1.33681896E+00  1.00000000E+00  1.70136865E+00 -2.79208317E+00  3.98669177E-01  1.65960149E+01  1.00015413E+00  1.33678806E+00
 -1.28790187E+00  1.00000000E+00  1.66181375E+00 -2.79124424E+00  3.98114121E-01  1.65657904E+01  1.00080838E+00  1.33414131E+00
 -1.23898478E+00  1.00000000E+00  1.62225885E+00 -2.79040404E+00  3.97472660E-01  1.65356255E+01  1.00146254E+00  1.33149968E+00
 -1.19006769E+00  1.00000000E+00  1.58404483E+00 -2.78780649E+00  3.96655626E-01  1.65047536E+01  1.00169968E+00  1.32883319E+00
 -1.14115060E+00  1.00000000E+00  1.54583081E+00 -2.78521202E+00  3.95914301E-01  1.64739407E+01  1.00193707E+00  1.32617174E+00
 -1.09223351E+00  1.00000000E+00  1.50571173E+00 -2.77680146E+00  3.95092989E-01  1.64091803E+01  1.00114925E+00  1.32068837E+00
 -1.04331642E+00  1.00000000E+00  1.46559265E+00 -2.76841892E+00  3.94334689E-01  1.63446752E+01  1.00036444E+00  1.31522663E+00
 -9.94399333E-01  1.00000000E+00  1.42728041E+00 -2.76524789E+00  3.93278673E-01  1.62681704E+01  1.00164542E+00  1.30855928E+00
 -9.45482243E-01  1.00000000E+00  1.38896817E+00 -2.76207411E+00  3.92043458E-01  1.61920478E+01  1.00292547E+00  1.30192477E+00
 -8.96565154E-01  1.00000000E+00  1.35069569E+00 -2.75476752E+00  3.90387913E-01  1.61059922E+01  1.00349192E+00  1.29450002E+00
 -8.47648064E-01  1.00000000E+00  1.31242322E+00 -2.74748495E+00  3.88751059E-01  1.60204054E+01  1.00405983E+00  1.28711533E+00
 -7.99501858E-01  1.00000000E+00  1.27629778E+00 -2.73717491E+00  3.86483236E-01  1.58898746E+01  1.00477735E+00  1.27586548E+00
 -7.51355652E-01  1.00000000E+00  1.24017234E+00 -2.72690841E+00  3.84702419E-01  1.57604406E+01  1.00549493E+00  1.26470963E+00
 -7.08111109E-01  1.00000000E+00  1.20813606E+00 -2.70605954E+00  3.82465095E-01  1.55934258E+01  1.00351389E+00  1.25056388E+00
 -6.64866566E-01  1.00000000E+00  1.17609977E+00 -2.68538858E+00  3.80983999E-01  1.54281911E+01  1.00154909E+00  1.23656931E+00
 -6.26599939E-01  1.00000000E+00  1.14885839E+00 -2.67356601E+00  3.79799702E-01  1.53026560E+01  1.00137321E+00  1.22582424E+00
 -5.88333313E-01  1.00000000E+00  1.12161701E+00 -2.66180263E+00  3.78408645E-01  1.51781648E+01  1.00119859E+00  1.21516853E+00
 -5.54471587E-01  1.00000000E+00  1.09943639E+00 -2.65355463E+00  3.77429660E-01  1.50925245E+01  1.00107889E+00  1.20783820E+00
 -5.20609860E-01  1.00000000E+00  1.07725577E+00 -2.64533606E+00  3.76266179E-01  1.50073777E+01  1.00096005E+00  1.20055008E+00
 -4.90645977E-01  1.00000000E+00  1.05935853E+00 -2.63722292E+00  3.74849614E-01  1.49048432E+01  1.00135920E+00  1.19172720E+00
 -4.60682095E-01  1.00000000E+00  1.04146129E+00 -2.62913566E+00  3.73846777E-01  1.48030334E+01  1.00175730E+00  1.18296652E+00
 -4.34167380E-01  1.00000000E+00  1.02725835E+00 -2.62112371E+00  3.73631246E-01  1.47583709E+01  1.00025868E+00  1.17926677E+00
 -4.07652666E-01  1.00000000E+00  1.01305542E+00 -2.61313567E+00  3.73243339E-01  1.47138433E+01  9.98764310E-01  1.17557820E+00
 -3.84190072E-01  1.00000000E+00  1.00194763E+00 -2.60882679E+00  3.72860693E-01  1.46662562E+01  9.98577594E-01  1.17151531E+00
 -3.60727478E-01  1.00000000E+00  9.90839849E-01 -2.60452522E+00  3.72858659E-01  1.46188273E+01  9.98390714E-01  1.16746599E+00
 -3.39965684E-01  1.00000000E+00  9.83221246E-01 -2.60504223E+00  3.73303414E-01  1.46214933E+01  9.98237913E-01  1.16770760E+00
 -3.19203889E-01  1.00000000E+00  9.75602643E-01 -2.60555930E+00  3.73568038E-01  1.46241598E+01  9.98085241E-01  1.16794925E+00
 -3.00831998E-01  1.00000000E+00  9.71632389E-01 -2.61400741E+00  3.73802383E-01  1.46540829E+01  1.00029025E+00  1.17032509E+00
 -2.82460107E-01  1.00000000E+00  9.67662135E-01 -2.62247687E+00  3.73907573E-01  1.46840712E+01  1.00250203E+00  1.17270593E+00
 -2.66203017E-01  1.00000000E+00  9.64477934E-01 -2.62097933E+00  3.74552956E-01  1.47309920E+01  1.00020015E+00  1.17692502E+00
 -2.49945927E-01  1.00000000E+00  9.61293733E-01 -2.61946927E+00  3.75332532E-01  1.47780906E+01  9.97900543E-01  1.18115915E+00
 -2.35560203E-01  1.00000000E+00  9.61782667E-01 -2.63247089E+00  3.76037965E-01  1.48426568E+01  1.00047412E+00  1.18647280E+00
 -2.21174479E-01  1.00000000E+00  9.62271600E-01 -2.64553197E+00  3.76720731E-01  1.49075068E+01  1.00306014E+00  1.19180972E+00
 -2.08421419E-01  1.00000000E+00  9.63713549E-01 -2.65485540E+00  3.77579781E-01  1.49793048E+01  1.00399293E+00  1.19788388E+00
 -1.95668358E-01  1.00000000E+00  9.65155498E-01 -2.66421545E+00  3.78298255E-01  1.50514504E+01  1.00492930E+00  1.20398752E+00
 -1.83439085E-01  1.00000000E+00  9.68863353E-01 -2.66887524E+00  3.79008969E-01  1.51232690E+01  1.00430667E+00  1.21019677E+00
 -1.71209813E-01  1.00000000E+00  9.72571208E-01 -2.67354112E+00  3.79360467E-01  1.51954468E+01  1.00368297E+00  1.21643690E+00
 -1.58980541E-01  1.00000000E+00  9.72801454E-01 -2.67581613E+00  3.77839180E-01  1.50764955E+01  1.00935790E+00  1.20575465E+00
 -1.46751268E-01  1.00000000E+00  9.73031699E-01 -2.67803552E+00  3.74914398E-01  1.49586226E+01  1.01504813E+00  1.19516352E+00
 -1.34521996E-01  1.00000000E+00  9.77727810E-01 -2.66890657E+00  3.67128579E-01  1.44173536E+01  1.03464430E+00  1.14708937E+00
 -1.22292724E-01  1.00000000E+00  9.82423921E-01 -2.65932037E+00  3.49401301E-01  1.38977138E+01  1.05439026E+00  1.10085630E+00
 -1.10063451E-01  1.00000000E+00  1.00933245E+00 -2.52009531E+00  2.97334563E-01  1.11853562E+01  1.14155220E+00  8.60897487E-01
 -9.78341789E-02  1.00000000E+00  1.03624098E+00 -2.38940741E+00  2.47418193E-01  9.04022145E+00  1.23247788E+00  6.69235163E-01
 -8.56049065E-02  1.00000000E+00  1.18863773E+00 -1.75099540E+00  1.83132390E-01  6.44668042E+00  1.11001809E+00  4.57428199E-01
 -7.33756342E-02  1.00000000E+00  1.34103447E+00 -1.28322272E+00  1.22776349E-01  4.59605292E+00  1.02822681E+00  3.05813666E-01
 -6.11463618E-02  1.00000000E+00  1.63179774E+00 -5.49027715E-01  7.11627644E-02  1.37414299E+00  1.33070597E+00  3.72317252E-03
 -4.89170895E-02  1.00000000E+00  1.92256102E+00 -2.44089013E-01  9.42936227E-02  4.06620187E-01  2.00923934E+00 -1.37367356E-01
 -3.66878171E-02  1.00000000E+00  2.86690361E+00 -3.32171802E-01  2.46580220E-01  5.49563136E-01  1.57828886E+00 -8.81764905E-02
 -2.44585447E-02  1.00000000E+00  3.81124621E+00 -4.22287970E-01  3.13404022E-01  7.41661098E-01  1.26064592E+00 -4.44844134E-02
 -1.22292724E-02  1.00000000E+00  1.65588335E+00  1.79024192E+00  7.68865704E-01  2.02869215E+00  3.02413843E+00 -8.53239670E-02
  0.00000000E+00  1.00000000E+00 -4.99479508E-01  1.63085509E+01  8.54753444E+00  1.51518857E+01  1.83023727E+01 -2.70041743E-01
