# curve 5 (die wall), step =      400, time =   1.60000000E+02
# N1 = tau_xx - tau_yy = G ( c_xx - c_yy ),  G =  2.6667E-01  (polymer part only)
#              x               y        pressure            c_xy        gammadot            c_xx            c_yy              N1
 -3.00000000E+00  1.00000000E+00  2.52053671E+00 -5.26426367E-01  4.06796109E-01  1.53059762E+00  9.44133700E-01  1.56390378E-01
 -2.95108291E+00  1.00000000E+00  2.48291377E+00 -5.26458360E-01  4.06794039E-01  1.53060032E+00  9.44155988E-01  1.56385156E-01
 -2.90216582E+00  1.00000000E+00  2.44529082E+00 -5.26490353E-01  4.06791053E-01  1.53060303E+00  9.44178277E-01  1.56379933E-01
 -2.85324873E+00  1.00000000E+00  2.40766720E+00 -5.26508144E-01  4.06780920E-01  1.53057603E+00  9.44191044E-01  1.56369330E-01
 -2.80433164E+00  1.00000000E+00  2.37004358E+00 -5.26525935E-01  4.06778348E-01  1.53054904E+00  9.44203812E-01  1.56358727E-01
 -2.75541455E+00  1.00000000E+00  2.33243036E+00 -5.26435600E-01  4.06797153E-01  1.53057881E+00  9.44144027E-01  1.56382610E-01
 -2.70649746E+00  1.00000000E+00  2.29481713E+00 -5.26345265E-01  4.06809930E-01  1.53060860E+00  9.44084250E-01  1.56406494E-01
 -2.65758037E+00  1.00000000E+00  2.25721235E+00 -5.26379735E-01  4.06811522E-01  1.53059938E+00  9.44107766E-01  1.56397763E-01
 -2.60866328E+00  1.00000000E+00  2.21960757E+00 -5.26414204E-01  4.06803061E-01  1.53059016E+00  9.44131283E-01  1.56389033E-01
 -2.55974619E+00  1.00000000E+00  2.18199783E+00 -5.26362930E-01  4.06816806E-01  1.53060425E+00  9.44098585E-01  1.56401511E-01
 -2.51082911E+00  1.00000000E+00  2.14438809E+00 -5.26311657E-01  4.06827339E-01  1.53061834E+00  9.44065889E-01  1.56413988E-01
 -2.46191202E+00  1.00000000E+00  2.10676922E+00 -5.26352344E-01  4.06813157E-01  1.53059374E+00  9.44093724E-01  1.56400005E-01
 -2.41299493E+00  1.00000000E+00  2.06915035E+00 -5.26393031E-01  4.06810741E-01  1.53056915E+00  9.44121560E-01  1.56386023E-01
 -2.36407784E+00  1.00000000E+00  2.03154129E+00 -5.26332998E-01  4.06828569E-01  1.53058596E+00  9.44084680E-01  1.56400342E-01
 -2.31516075E+00  1.00000000E+00  1.99393222E+00 -5.26272964E-01  4.06832107E-01  1.53060278E+00  9.44047802E-01  1.56414662E-01
 -2.26624366E+00  1.00000000E+00  1.95633055E+00 -5.26357063E-01  4.06818953E-01  1.53059994E+00  9.44098703E-01  1.56400329E-01
 -2.21732657E+00  1.00000000E+00  1.91872889E+00 -5.26441162E-01  4.06802560E-01  1.53059710E+00  9.44149610E-01  1.56385997E-01
 -2.16840948E+00  1.00000000E+00  1.88111503E+00 -5.26453603E-01  4.06785792E-01  1.53057887E+00  9.44161070E-01  1.56378080E-01
 -2.11949239E+00  1.00000000E+00  1.84350117E+00 -5.26466044E-01  4.06779273E-01  1.53056064E+00  9.44172530E-01  1.56370162E-01
 -2.07057530E+00  1.00000000E+00  1.80590011E+00 -5.26482446E-01  4.06782833E-01  1.53057662E+00  9.44181910E-01  1.56371923E-01
 -2.02165821E+00  1.00000000E+00  1.76829905E+00 -5.26498849E-01  4.06768965E-01  1.53059261E+00  9.44191290E-01  1.56373684E-01
 -1.97274112E+00  1.00000000E+00  1.73067466E+00 -5.26510538E-01  4.06747319E-01  1.53055312E+00  9.44203095E-01  1.56360006E-01
 -1.92382403E+00  1.00000000E+00  1.69305028E+00 -5.26522226E-01  4.06742014E-01  1.53051363E+00  9.44214901E-01  1.56346329E-01
 -1.87490694E+00  1.00000000E+00  1.65544641E+00 -5.26422526E-01  4.06755502E-01  1.53051286E+00  9.44161756E-01  1.56360294E-01
 -1.82598985E+00  1.00000000E+00  1.61784254E+00 -5.26322828E-01  4.06763178E-01  1.53051209E+00  9.44108619E-01  1.56374259E-01
 -1.77707276E+00  1.00000000E+00  1.58025201E+00 -5.26405865E-01  4.06752848E-01  1.53050321E+00  9.44162892E-01  1.56357417E-01
 -1.72815567E+00  1.00000000E+00  1.54266149E+00 -5.26488904E-01  4.06722723E-01  1.53049433E+00  9.44217171E-01  1.56340576E-01
 -1.67923858E+00  1.00000000E+00  1.50504358E+00 -5.26418864E-01  4.06717002E-01  1.53046403E+00  9.44186156E-01  1.56340766E-01
 -1.63032150E+00  1.00000000E+00  1.46742567E+00 -5.26348826E-01  4.06712477E-01  1.53043373E+00  9.44155144E-01  1.56340957E-01
 -1.58140441E+00  1.00000000E+00  1.42985078E+00 -5.26359014E-01  4.06679952E-01  1.53036548E+00  9.44186200E-01  1.56314474E-01
 -1.53248732E+00  1.00000000E+00  1.39227589E+00 -5.26369201E-01  4.06658611E-01  1.53029723E+00  9.44217257E-01  1.56287992E-01
 -1.48357023E+00  1.00000000E+00  1.35469710E+00 -5.26334958E-01  4.06637643E-01  1.53025675E+00  9.44210771E-01  1.56278926E-01
 -1.43465314E+00  1.00000000E+00  1.31711831E+00 -5.26300716E-01  4.06606609E-01  1.53021627E+00  9.44204285E-01  1.56269861E-01
 -1.38573605E+00  1.00000000E+00  1.27955425E+00 -5.26205454E-01  4.06593841E-01  1.53014924E+00  9.44175062E-01  1.56259781E-01
 -1.33681896E+00  1.00000000E+00  1.24199020E+00 -5.26110195E-01  4.06579444E-01  1.53008223E+00  9.44145844E-01  1.56249702E-01
 -1.28790187E+00  1.00000000E+00  1.20447438E+00 -5.26104435E-01  4.06538433E-01  1.53000787E+00  9.44169606E-01  1.56223537E-01
 -1.23898478E+00  1.00000000E+00  1.16695855E+00 -5.26098674E-01  4.06499829E-01  1.52993352E+00  9.44193368E-01  1.56197373E-01
 -1.19006769E+00  1.00000000E+00  1.12950636E+00 -5.26090049E-01  4.06466028E-01  1.52985785E+00  9.44224441E-01  1.56168910E-01
 -1.14115060E+00  1.00000000E+00  1.09205417E+00 -5.26081425E-01  4.06421681E-01  1.52978219E+00  9.44255515E-01  1.56140447E-01
 -1.09223351E+00  1.00000000E+00  1.05466358E+00 -5.26080826E-01  4.06396050E-01  1.52974488E+00  9.44260596E-01  1.56129144E-01
 -1.04331642E+00  1.00000000E+00  1.01727300E+00 -5.26080227E-01  4.06384581E-01  1.52970758E+00  9.44265678E-01  1.56117840E-01
 -9.94399333E-01  1.00000000E+00  9.80005620E-01 -5.26023540E-01  4.06413050E-01  1.52976645E+00  9.44211482E-01  1.56147991E-01
 -9.45482243E-01  1.00000000E+00  9.42738245E-01 -5.25966853E-01  4.06455227E-01  1.52982533E+00  9.44157292E-01  1.56178142E-01
 -8.96565154E-01  1.00000000E+00  9.05663053E-01 -5.26142488E-01  4.06563904E-01  1.53008299E+00  9.44171916E-01  1.56242953E-01
 -8.47648064E-01  1.00000000E+00  8.68587861E-01 -5.26318146E-01  4.06690670E-01  1.53034071E+00  9.44186561E-01  1.56307773E-01
 -7.99501858E-01  1.00000000E+00  8.32378239E-01 -5.26572655E-01  4.06943317E-01  1.53090588E+00  9.44138392E-01  1.56471330E-01
 -7.51355652E-01  1.00000000E+00  7.96168616E-01 -5.26827234E-01  4.07286378E-01  1.53147127E+00  9.44090278E-01  1.56634931E-01
 -7.08111109E-01  1.00000000E+00  7.63935550E-01 -5.27316379E-01  4.07738393E-01  1.53264940E+00  9.43927950E-01  1.56992387E-01
 -6.64866566E-01  1.00000000E+00  7.31702484E-01 -5.27805795E-01  4.08391461E-01  1.53382847E+00  9.43765866E-01  1.57350027E-01
 -6.26599939E-01  1.00000000E+00  7.03532095E-01 -5.28772262E-01  4.09225976E-01  1.53569936E+00  9.43668967E-01  1.57874771E-01
 -5.88333313E-01  1.00000000E+00  6.75361705E-01 -5.29739617E-01  4.10178854E-01  1.53757273E+00  9.43572808E-01  1.58399979E-01
 -5.54471587E-01  1.00000000E+00  6.50816727E-01 -5.30845962E-01  4.11457843E-01  1.54057542E+00  9.43009526E-01  1.59350904E-01
 -5.20609860E-01  1.00000000E+00  6.26271749E-01 -5.31953824E-01  4.12869683E-01  1.54358401E+00  9.42447804E-01  1.60302989E-01
 -4.90645977E-01  1.00000000E+00  6.04891740E-01 -5.33970623E-01  4.14526510E-01  1.54729616E+00  9.42399155E-01  1.61305868E-01
 -4.60682095E-01  1.00000000E+00  5.83511731E-01 -5.35991206E-01  4.16379294E-01  1.55101817E+00  9.42353497E-01  1.62310580E-01
 -4.34167380E-01  1.00000000E+00  5.65142809E-01 -5.37976226E-01  4.18748305E-01  1.55628743E+00  9.41420259E-01  1.63964580E-01
 -4.07652666E-01  1.00000000E+00  5.46773886E-01 -5.39965996E-01  4.21310383E-01  1.56157479E+00  9.40491796E-01  1.65622131E-01
 -3.84190072E-01  1.00000000E+00  5.30768780E-01 -5.42988667E-01  4.24032447E-01  1.56770651E+00  9.40164015E-01  1.67344666E-01
 -3.60727478E-01  1.00000000E+00  5.14763673E-01 -5.46020342E-01  4.27017373E-01  1.57386396E+00  9.39843400E-01  1.69072149E-01
 -3.39965684E-01  1.00000000E+00  5.01145361E-01 -5.49264183E-01  4.30620095E-01  1.58170974E+00  9.38825340E-01  1.71435840E-01
 -3.19203889E-01  1.00000000E+00  4.87527048E-01 -5.52519713E-01  4.34418970E-01  1.58959558E+00  9.37817660E-01  1.73807446E-01
 -3.00831998E-01  1.00000000E+00  4.75935696E-01 -5.56898406E-01  4.38581534E-01  1.59907789E+00  9.37149135E-01  1.76514333E-01
 -2.82460107E-01  1.00000000E+00  4.64344344E-01 -5.61296776E-01  4.43054551E-01  1.60861950E+00  9.36496145E-01  1.79232895E-01
 -2.66203017E-01  1.00000000E+00  4.54525231E-01 -5.65701005E-01  4.48131684E-01  1.61994436E+00  9.34946693E-01  1.82666045E-01
 -2.49945927E-01  1.00000000E+00  4.44706118E-01 -5.70127781E-01  4.53474059E-01  1.63135005E+00  9.33417094E-01  1.86115456E-01
 -2.35560203E-01  1.00000000E+00  4.36624197E-01 -5.75754641E-01  4.59107559E-01  1.64428290E+00  9.32425072E-01  1.89828755E-01
 -2.21174479E-01  1.00000000E+00  4.28542275E-01 -5.81415248E-01  4.65153875E-01  1.65732173E+00  9.31458888E-01  1.93563425E-01
 -2.08421419E-01  1.00000000E+00  4.21785172E-01 -5.87818826E-01  4.71875940E-01  1.67278478E+00  9.30032270E-01  1.98067335E-01
 -1.95668358E-01  1.00000000E+00  4.15028069E-01 -5.94267243E-01  4.79001175E-01  1.68839549E+00  9.28640779E-01  2.02601257E-01
 -1.83439085E-01  1.00000000E+00  4.09476479E-01 -6.00911696E-01  4.87311941E-01  1.70708407E+00  9.26137282E-01  2.08252478E-01
 -1.71209813E-01  1.00000000E+00  4.03924888E-01 -6.07610841E-01  4.96047114E-01  1.72598000E+00  9.23679304E-01  2.13946852E-01
 -1.58980541E-01  1.00000000E+00  3.98915250E-01 -6.17681076E-01  5.06654387E-01  1.75033296E+00  9.22118625E-01  2.20857156E-01
 -1.46751268E-01  1.00000000E+00  3.93905611E-01 -6.27861138E-01  5.17836981E-01  1.77503744E+00  9.20635757E-01  2.27840450E-01
 -1.34521996E-01  1.00000000E+00  3.91518567E-01 -6.38896587E-01  5.32454180E-01  1.80960650E+00  9.15942035E-01  2.38310524E-01
 -1.22292724E-01  1.00000000E+00  3.89131523E-01 -6.50095411E-01  5.47816548E-01  1.84484495E+00  9.11378963E-01  2.48924263E-01
 -1.10063451E-01  1.00000000E+00  3.83857309E-01 -6.70023844E-01  5.69110268E-01  1.88946860E+00  9.11087642E-01  2.60901589E-01
 -9.78341789E-02  1.00000000E+00  3.78583095E-01 -6.90343167E-01  5.90386532E-01  1.93521563E+00  9.11048585E-01  2.73111213E-01
 -8.56049065E-02  1.00000000E+00  3.97643126E-01 -7.02333084E-01  6.21634030E-01  2.02460718E+00  8.89407404E-01  3.02719940E-01
 -7.33756342E-02  1.00000000E+00  4.16703158E-01 -7.14860814E-01  6.59535668E-01  2.11823917E+00  8.68514921E-01  3.33259800E-01
 -6.11463618E-02  1.00000000E+00  3.53293569E-01 -7.64380309E-01  7.19267826E-01  2.19638033E+00  8.82155180E-01  3.50460041E-01
 -4.89170895E-02  1.00000000E+00  2.89883980E-01 -8.15672675E-01  7.55877743E-01  2.27811233E+00  8.97068212E-01  3.68278430E-01
 -3.66878171E-02  1.00000000E+00  6.53956144E-01 -9.92670556E-01  8.46855107E-01  2.65416862E+00  9.27445277E-01  4.60459558E-01
 -2.44585447E-02  1.00000000E+00  1.01802831E+00 -1.19570124E+00  1.03742990E+00  3.09590400E+00  9.72497145E-01  5.66241827E-01
 -1.22292724E-02  1.00000000E+00 -5.13864599E-02 -2.62600181E-01  1.76604524E+00  3.80825559E+00  4.61090750E-01  8.92577290E-01
  0.00000000E+00  1.00000000E+00 -1.12080123E+00  8.73956750E-01  3.20789969E+00  5.89466554E+00  4.34940247E-01  1.45592674E+00
