# curve 5 (die wall), step =      400, time =   3.20000000E+02
# N1 = tau_xx - tau_yy = G ( c_xx - c_yy ),  G =  9.2000E-01  (polymer part only)
#              x               y        pressure            c_xy        gammadot            c_xx            c_yy              N1
 -3.00000000E+00  1.00000000E+00  2.69697081E+00 -4.00087376E-01  4.00009200E-01  1.31980731E+00  1.00007773E+00  2.94151215E-01
 -2.95108291E+00  1.00000000E+00  2.65774331E+00 -4.00109403E-01  4.00011490E-01  1.31981266E+00  1.00008840E+00  2.94146318E-01
 -2.90216582E+00  1.00000000E+00  2.61851582E+00 -4.00131430E-01  4.00018135E-01  1.31981802E+00  1.00009908E+00  2.94141420E-01
 -2.85324873E+00  1.00000000E+00  2.57940122E+00 -4.00127814E-01  4.00001420E-01  1.31975297E+00  1.00011580E+00  2.94066190E-01
 -2.80433164E+00  1.00000000E+00  2.54028662E+00 -4.00124199E-01  3.99974169E-01  1.31968792E+00  1.00013253E+00  2.93990963E-01
 -2.75541455E+00  1.00000000E+00  2.50113213E+00 -4.00090275E-01  3.99990909E-01  1.31978603E+00  1.00008960E+00  2.94120722E-01
 -2.70649746E+00  1.00000000E+00  2.46197765E+00 -4.00056350E-01  3.99994387E-01  1.31988416E+00  1.00004667E+00  2.94250488E-01
 -2.65758037E+00  1.00000000E+00  2.42286012E+00 -4.00070971E-01  3.99992829E-01  1.31985023E+00  1.00006386E+00  2.94203465E-01
 -2.60866328E+00  1.00000000E+00  2.38374260E+00 -4.00085593E-01  4.00000450E-01  1.31981631E+00  1.00008105E+00  2.94156443E-01
 -2.55974619E+00  1.00000000E+00  2.34459838E+00 -4.00069249E-01  3.99992716E-01  1.31987206E+00  1.00005778E+00  2.94229141E-01
 -2.51082911E+00  1.00000000E+00  2.30545415E+00 -4.00052905E-01  4.00017756E-01  1.31992782E+00  1.00003451E+00  2.94301841E-01
 -2.46191202E+00  1.00000000E+00  2.26632582E+00 -4.00064903E-01  4.00001175E-01  1.31986983E+00  1.00005671E+00  2.94228072E-01
 -2.41299493E+00  1.00000000E+00  2.22719748E+00 -4.00076901E-01  3.99982944E-01  1.31981185E+00  1.00007891E+00  2.94154305E-01
 -2.36407784E+00  1.00000000E+00  2.18805698E+00 -4.00055446E-01  3.99996946E-01  1.31988019E+00  1.00004898E+00  2.94244717E-01
 -2.31516075E+00  1.00000000E+00  2.14891648E+00 -4.00033991E-01  4.00012243E-01  1.31994854E+00  1.00001905E+00  2.94335133E-01
 -2.26624366E+00  1.00000000E+00  2.10977930E+00 -4.00069456E-01  4.00006641E-01  1.31988233E+00  1.00005438E+00  2.94241718E-01
 -2.21732657E+00  1.00000000E+00  2.07064212E+00 -4.00104919E-01  4.00010634E-01  1.31981613E+00  1.00008971E+00  2.94148306E-01
 -2.16840948E+00  1.00000000E+00  2.03152854E+00 -4.00101213E-01  4.00000050E-01  1.31978638E+00  1.00009513E+00  2.94115955E-01
 -2.11949239E+00  1.00000000E+00  1.99241496E+00 -4.00097507E-01  3.99977103E-01  1.31975664E+00  1.00010055E+00  2.94083605E-01
 -2.07057530E+00  1.00000000E+00  1.95325169E+00 -4.00105936E-01  3.99988559E-01  1.31976064E+00  1.00010301E+00  2.94085018E-01
 -2.02165821E+00  1.00000000E+00  1.91408841E+00 -4.00114365E-01  4.00005051E-01  1.31976463E+00  1.00010547E+00  2.94086431E-01
 -1.97274112E+00  1.00000000E+00  1.87498279E+00 -4.00110902E-01  3.99979386E-01  1.31970007E+00  1.00012159E+00  2.94012208E-01
 -1.92382403E+00  1.00000000E+00  1.83587716E+00 -4.00107440E-01  3.99948791E-01  1.31963552E+00  1.00013771E+00  2.93937988E-01
 -1.87490694E+00  1.00000000E+00  1.79672608E+00 -4.00064133E-01  3.99951630E-01  1.31971416E+00  1.00009822E+00  2.94046670E-01
 -1.82598985E+00  1.00000000E+00  1.75757500E+00 -4.00020825E-01  3.99948174E-01  1.31979281E+00  1.00005873E+00  2.94155357E-01
 -1.77707276E+00  1.00000000E+00  1.71846149E+00 -4.00047979E-01  3.99948630E-01  1.31972433E+00  1.00008778E+00  2.94065626E-01
 -1.72815567E+00  1.00000000E+00  1.67934798E+00 -4.00075131E-01  3.99953968E-01  1.31965585E+00  1.00011683E+00  2.93975899E-01
 -1.67923858E+00  1.00000000E+00  1.64018590E+00 -4.00041054E-01  3.99918341E-01  1.31967510E+00  1.00009502E+00  2.94013671E-01
 -1.63032150E+00  1.00000000E+00  1.60102382E+00 -4.00006976E-01  3.99919188E-01  1.31969435E+00  1.00007322E+00  2.94051443E-01
 -1.58140441E+00  1.00000000E+00  1.56196184E+00 -3.99993774E-01  3.99883358E-01  1.31961119E+00  1.00009522E+00  2.93954689E-01
 -1.53248732E+00  1.00000000E+00  1.52289986E+00 -3.99980572E-01  3.99856724E-01  1.31952802E+00  1.00011722E+00  2.93857938E-01
 -1.48357023E+00  1.00000000E+00  1.48376994E+00 -3.99948088E-01  3.99827769E-01  1.31948719E+00  1.00011528E+00  2.93822153E-01
 -1.43465314E+00  1.00000000E+00  1.44464002E+00 -3.99915605E-01  3.99792376E-01  1.31944636E+00  1.00011335E+00  2.93786370E-01
 -1.38573605E+00  1.00000000E+00  1.40553560E+00 -3.99847417E-01  3.99744011E-01  1.31943528E+00  1.00008423E+00  2.93802963E-01
 -1.33681896E+00  1.00000000E+00  1.36643117E+00 -3.99779230E-01  3.99722992E-01  1.31942420E+00  1.00005512E+00  2.93819556E-01
 -1.28790187E+00  1.00000000E+00  1.32739196E+00 -3.99742594E-01  3.99667531E-01  1.31933180E+00  1.00006466E+00  2.93725776E-01
 -1.23898478E+00  1.00000000E+00  1.28835275E+00 -3.99705960E-01  3.99607986E-01  1.31923941E+00  1.00007420E+00  2.93632001E-01
 -1.19006769E+00  1.00000000E+00  1.24935527E+00 -3.99659621E-01  3.99559321E-01  1.31913454E+00  1.00008607E+00  2.93524587E-01
 -1.14115060E+00  1.00000000E+00  1.21035778E+00 -3.99613285E-01  3.99516674E-01  1.31902967E+00  1.00009795E+00  2.93417179E-01
 -1.09223351E+00  1.00000000E+00  1.17146629E+00 -3.99572609E-01  3.99454592E-01  1.31891728E+00  1.00011391E+00  2.93299101E-01
 -1.04331642E+00  1.00000000E+00  1.13257480E+00 -3.99531936E-01  3.99386116E-01  1.31880489E+00  1.00012986E+00  2.93181031E-01
 -9.94399333E-01  1.00000000E+00  1.09379476E+00 -3.99461807E-01  3.99351762E-01  1.31881951E+00  1.00008956E+00  2.93231557E-01
 -9.45482243E-01  1.00000000E+00  1.05501472E+00 -3.99391678E-01  3.99330631E-01  1.31883414E+00  1.00004926E+00  2.93282085E-01
 -8.96565154E-01  1.00000000E+00  1.01645032E+00 -3.99455010E-01  3.99369300E-01  1.31886123E+00  1.00007657E+00  2.93281888E-01
 -8.47648064E-01  1.00000000E+00  9.77885931E-01 -3.99518343E-01  3.99430089E-01  1.31888833E+00  1.00010388E+00  2.93281691E-01
 -7.99501858E-01  1.00000000E+00  9.40268694E-01 -3.99680870E-01  3.99544912E-01  1.31915935E+00  1.00011932E+00  2.93516830E-01
 -7.51355652E-01  1.00000000E+00  9.02651458E-01 -3.99843425E-01  3.99768335E-01  1.31943044E+00  1.00013478E+00  2.93752011E-01
 -7.08111109E-01  1.00000000E+00  8.69236593E-01 -4.00208421E-01  4.00045091E-01  1.32009063E+00  1.00010419E+00  2.94387523E-01
 -6.64866566E-01  1.00000000E+00  8.35821729E-01 -4.00573560E-01  4.00530167E-01  1.32075118E+00  1.00007371E+00  2.95023277E-01
 -6.26599939E-01  1.00000000E+00  8.06645082E-01 -4.01296644E-01  4.01160178E-01  1.32182268E+00  1.00012457E+00  2.95962260E-01
 -5.88333313E-01  1.00000000E+00  7.77468436E-01 -4.02020217E-01  4.01892158E-01  1.32289525E+00  1.00017583E+00  2.96901867E-01
 -5.54471587E-01  1.00000000E+00  7.52186047E-01 -4.03028516E-01  4.02949309E-01  1.32474820E+00  1.00001864E+00  2.98751190E-01
 -5.20609860E-01  1.00000000E+00  7.26903657E-01 -4.04037866E-01  4.04105299E-01  1.32660404E+00  9.99862334E-01  3.00602367E-01
 -4.90645977E-01  1.00000000E+00  7.04987443E-01 -4.05638255E-01  4.05442782E-01  1.32894337E+00  1.00006339E+00  3.02569580E-01
 -4.60682095E-01  1.00000000E+00  6.83071228E-01 -4.07241087E-01  4.06969067E-01  1.33128782E+00  1.00026633E+00  3.04539770E-01
 -4.34167380E-01  1.00000000E+00  6.64351427E-01 -4.09115208E-01  4.09008570E-01  1.33470620E+00  9.99994922E-01  3.07934373E-01
 -4.07652666E-01  1.00000000E+00  6.45631626E-01 -4.10992919E-01  4.11204792E-01  1.33813438E+00  9.99726516E-01  3.11335237E-01
 -3.84190072E-01  1.00000000E+00  6.29529136E-01 -4.13606780E-01  4.13524900E-01  1.34220454E+00  9.99927889E-01  3.14894520E-01
 -3.60727478E-01  1.00000000E+00  6.13426645E-01 -4.16227313E-01  4.16079744E-01  1.34628954E+00  1.00013433E+00  3.18462793E-01
 -3.39965684E-01  1.00000000E+00  5.99861539E-01 -4.19221408E-01  4.19219869E-01  1.35155175E+00  9.99938279E-01  3.23484394E-01
 -3.19203889E-01  1.00000000E+00  5.86296433E-01 -4.22224589E-01  4.22526414E-01  1.35683726E+00  9.99749375E-01  3.28520850E-01
 -3.00831998E-01  1.00000000E+00  5.75053168E-01 -4.26202327E-01  4.26147867E-01  1.36332280E+00  9.99960122E-01  3.34293663E-01
 -2.82460107E-01  1.00000000E+00  5.63809904E-01 -4.30195810E-01  4.30015565E-01  1.36984459E+00  1.00018255E+00  3.40089077E-01
 -2.66203017E-01  1.00000000E+00  5.54323298E-01 -4.34477604E-01  4.34526712E-01  1.37771068E+00  9.99851507E-01  3.47630435E-01
 -2.49945927E-01  1.00000000E+00  5.44836692E-01 -4.38778481E-01  4.39239422E-01  1.38562693E+00  9.99534963E-01  3.55204613E-01
 -2.35560203E-01  1.00000000E+00  5.37642726E-01 -4.44127258E-01  4.44189965E-01  1.39482413E+00  9.99765113E-01  3.63454295E-01
 -2.21174479E-01  1.00000000E+00  5.30448759E-01 -4.49505371E-01  4.49479116E-01  1.40409083E+00  1.00001599E+00  3.71748847E-01
 -2.08421419E-01  1.00000000E+00  5.24332541E-01 -4.55686378E-01  4.55460261E-01  1.41523227E+00  1.00001644E+00  3.81998567E-01
 -1.95668358E-01  1.00000000E+00  5.18216323E-01 -4.61907026E-01  4.61717026E-01  1.42647236E+00  1.00004491E+00  3.92313249E-01
 -1.83439085E-01  1.00000000E+00  5.13966849E-01 -4.68961744E-01  4.69186506E-01  1.44048075E+00  9.99502667E-01  4.05699836E-01
 -1.71209813E-01  1.00000000E+00  5.09717376E-01 -4.76070881E-01  4.77075969E-01  1.45463738E+00  9.98998249E-01  4.19188004E-01
 -1.58980541E-01  1.00000000E+00  5.05691508E-01 -4.86367771E-01  4.86599970E-01  1.47338654E+00  9.99698714E-01  4.35792797E-01
 -1.46751268E-01  1.00000000E+00  5.01665640E-01 -4.96776188E-01  4.96368235E-01  1.49240344E+00  1.00047145E+00  4.52577428E-01
 -1.34521996E-01  1.00000000E+00  5.03503040E-01 -5.09362926E-01  5.09642868E-01  1.52028527E+00  9.99171662E-01  4.79424515E-01
 -1.22292724E-01  1.00000000E+00  5.05340440E-01 -5.22135172E-01  5.24039228E-01  1.54871058E+00  9.97989162E-01  5.06663709E-01
 -1.10063451E-01  1.00000000E+00  4.96739670E-01 -5.43528215E-01  5.43056062E-01  1.58819626E+00  1.00078028E+00  5.40422706E-01
 -9.78341789E-02  1.00000000E+00  4.88138900E-01 -5.65395083E-01  5.60953682E-01  1.62878846E+00  1.00385860E+00  5.74935477E-01
 -8.56049065E-02  1.00000000E+00  5.23932311E-01 -5.85867224E-01  5.89433491E-01  1.69873380E+00  9.94577727E-01  6.47823588E-01
 -7.33756342E-02  1.00000000E+00  5.59725722E-01 -6.07017211E-01  6.21398943E-01  1.77166276E+00  9.85716911E-01  7.23070184E-01
 -6.11463618E-02  1.00000000E+00  4.83604808E-01 -6.52092868E-01  6.48759831E-01  1.81502440E+00  1.01117020E+00  7.39545865E-01
 -4.89170895E-02  1.00000000E+00  4.07483893E-01 -6.98656758E-01  6.56151573E-01  1.86037374E+00  1.03803441E+00  7.56552187E-01
 -3.66878171E-02  1.00000000E+00  9.29862846E-01 -8.52259367E-01  7.24706074E-01  2.19476644E+00  1.06500896E+00  1.03937688E+00
 -2.44585447E-02  1.00000000E+00  1.45224180E+00 -1.03009435E+00  8.60225862E-01  2.59108917E+00  1.10373018E+00  1.36837027E+00
 -1.22292724E-02  1.00000000E+00  5.98184494E-01 -3.26785951E-01  1.66425081E+00  3.77264836E+00  6.16004221E-01  2.90411260E+00
  0.00000000E+00  1.00000000E+00 -2.55872812E-01  6.76150407E-01  3.04038943E+00  6.48276760E+00  4.92088063E-01  5.51142517E+00
