# curve 5 (die wall), step =      400, time =   1.60000000E+02
# N1 = tau_xx - tau_yy = G ( c_xx - c_yy ),  G =  2.0000E-01  (polymer part only)
#              x               y        pressure            c_xy        gammadot            c_xx            c_yy              N1
 -1.00000000E+01  1.00000000E+00  7.74175209E+00 -8.40514226E-01  4.11318628E-01  2.44848350E+00  9.29157446E-01  3.03865211E-01
 -9.95040609E+00  1.00000000E+00  7.70461541E+00 -8.40265307E-01  4.11348683E-01  2.44815161E+00  9.29076844E-01  3.03814953E-01
 -9.90081218E+00  1.00000000E+00  7.66747872E+00 -8.40016421E-01  4.11372632E-01  2.44781978E+00  9.28996272E-01  3.03764702E-01
 -9.85121827E+00  1.00000000E+00  7.63048079E+00 -8.40175804E-01  4.11368613E-01  2.44810075E+00  9.29046675E-01  3.03810815E-01
 -9.80162437E+00  1.00000000E+00  7.59348286E+00 -8.40335204E-01  4.11360416E-01  2.44838176E+00  9.29097089E-01  3.03856933E-01
 -9.75203046E+00  1.00000000E+00  7.55637925E+00 -8.40344992E-01  4.11335520E-01  2.44823271E+00  9.29109286E-01  3.03824685E-01
 -9.70243655E+00  1.00000000E+00  7.51927565E+00 -8.40354779E-01  4.11324063E-01  2.44808368E+00  9.29121483E-01  3.03792439E-01
 -9.65284264E+00  1.00000000E+00  7.48222984E+00 -8.40446363E-01  4.11328073E-01  2.44819779E+00  9.29178391E-01  3.03803881E-01
 -9.60324873E+00  1.00000000E+00  7.44518404E+00 -8.40537953E-01  4.11293041E-01  2.44831192E+00  9.29235303E-01  3.03815323E-01
 -9.55365482E+00  1.00000000E+00  7.40817466E+00 -8.40691973E-01  4.11269761E-01  2.44863648E+00  9.29269418E-01  3.03873412E-01
 -9.50406091E+00  1.00000000E+00  7.37116527E+00 -8.40846012E-01  4.11251453E-01  2.44896108E+00  9.29303542E-01  3.03931508E-01
 -9.45446701E+00  1.00000000E+00  7.33399250E+00 -8.40557628E-01  4.11238933E-01  2.44849075E+00  9.29219290E-01  3.03854291E-01
 -9.40487310E+00  1.00000000E+00  7.29681973E+00 -8.40269299E-01  4.11253447E-01  2.44802052E+00  9.29135076E-01  3.03777089E-01
 -9.35527919E+00  1.00000000E+00  7.25982375E+00 -8.40738288E-01  4.11258281E-01  2.44857909E+00  9.29280735E-01  3.03859671E-01
 -9.30568528E+00  1.00000000E+00  7.22282778E+00 -8.41207383E-01  4.11231863E-01  2.44913788E+00  9.29426501E-01  3.03942275E-01
 -9.25609137E+00  1.00000000E+00  7.18574434E+00 -8.40850996E-01  4.11249585E-01  2.44891207E+00  9.29279342E-01  3.03926546E-01
 -9.20649746E+00  1.00000000E+00  7.14866090E+00 -8.40494647E-01  4.11293244E-01  2.44868637E+00  9.29132251E-01  3.03910823E-01
 -9.15690355E+00  1.00000000E+00  7.11157303E+00 -8.40527290E-01  4.11284387E-01  2.44848596E+00  9.29171929E-01  3.03862806E-01
 -9.10730965E+00  1.00000000E+00  7.07448516E+00 -8.40559930E-01  4.11285346E-01  2.44828558E+00  9.29211609E-01  3.03814794E-01
 -9.05771574E+00  1.00000000E+00  7.03745092E+00 -8.40558141E-01  4.11315741E-01  2.44854093E+00  9.29165299E-01  3.03875126E-01
 -9.00812183E+00  1.00000000E+00  7.00041668E+00 -8.40556353E-01  4.11335781E-01  2.44879631E+00  9.29118991E-01  3.03935463E-01
 -8.95852792E+00  1.00000000E+00  6.96333928E+00 -8.40575352E-01  4.11319024E-01  2.44860750E+00  9.29159641E-01  3.03889572E-01
 -8.90893401E+00  1.00000000E+00  6.92626189E+00 -8.40594350E-01  4.11303538E-01  2.44841871E+00  9.29200292E-01  3.03843685E-01
 -8.85934010E+00  1.00000000E+00  6.88920905E+00 -8.40555847E-01  4.11323461E-01  2.44853497E+00  9.29174094E-01  3.03872174E-01
 -8.80974619E+00  1.00000000E+00  6.85215622E+00 -8.40517341E-01  4.11326863E-01  2.44865123E+00  9.29147898E-01  3.03900666E-01
 -8.76015229E+00  1.00000000E+00  6.81505762E+00 -8.40505100E-01  4.11303119E-01  2.44847334E+00  9.29149433E-01  3.03864781E-01
 -8.71055838E+00  1.00000000E+00  6.77795902E+00 -8.40492858E-01  4.11306740E-01  2.44829546E+00  9.29150968E-01  3.03828899E-01
 -8.66096447E+00  1.00000000E+00  6.74091692E+00 -8.40341192E-01  4.11337894E-01  2.44819172E+00  9.29103306E-01  3.03817683E-01
 -8.61137056E+00  1.00000000E+00  6.70387483E+00 -8.40189531E-01  4.11355490E-01  2.44808799E+00  9.29055657E-01  3.03806467E-01
 -8.56177665E+00  1.00000000E+00  6.66682096E+00 -8.40285224E-01  4.11344084E-01  2.44813443E+00  9.29099479E-01  3.03806990E-01
 -8.51218274E+00  1.00000000E+00  6.62976709E+00 -8.40380920E-01  4.11329177E-01  2.44818087E+00  9.29143307E-01  3.03807513E-01
 -8.46258884E+00  1.00000000E+00  6.59270044E+00 -8.40662832E-01  4.11309287E-01  2.44857851E+00  9.29233109E-01  3.03869079E-01
 -8.41299493E+00  1.00000000E+00  6.55563380E+00 -8.40944789E-01  4.11258819E-01  2.44897623E+00  9.29322949E-01  3.03930656E-01
 -8.36340102E+00  1.00000000E+00  6.51853682E+00 -8.40511483E-01  4.11286105E-01  2.44851749E+00  9.29165204E-01  3.03870456E-01
 -8.31380711E+00  1.00000000E+00  6.48143983E+00 -8.40078263E-01  4.11326488E-01  2.44805891E+00  9.29007552E-01  3.03810272E-01
 -8.26421320E+00  1.00000000E+00  6.44440862E+00 -8.40251598E-01  4.11322218E-01  2.44810614E+00  9.29087824E-01  3.03803664E-01
 -8.21461929E+00  1.00000000E+00  6.40737742E+00 -8.40424939E-01  4.11314237E-01  2.44815340E+00  9.29168114E-01  3.03797058E-01
 -8.16502538E+00  1.00000000E+00  6.37032856E+00 -8.40712416E-01  4.11306448E-01  2.44860760E+00  9.29257931E-01  3.03869935E-01
 -8.11543148E+00  1.00000000E+00  6.33327970E+00 -8.40999947E-01  4.11255684E-01  2.44906191E+00  9.29347785E-01  3.03942826E-01
 -8.06583757E+00  1.00000000E+00  6.29615555E+00 -8.40600070E-01  4.11277106E-01  2.44860997E+00  9.29199988E-01  3.03881996E-01
 -8.01624366E+00  1.00000000E+00  6.25903141E+00 -8.40200272E-01  4.11320555E-01  2.44815817E+00  9.29052269E-01  3.03821180E-01
 -7.96664975E+00  1.00000000E+00  6.22201097E+00 -8.40319653E-01  4.11315052E-01  2.44817936E+00  9.29114656E-01  3.03812941E-01
 -7.91705584E+00  1.00000000E+00  6.18499053E+00 -8.40439037E-01  4.11311266E-01  2.44820057E+00  9.29177051E-01  3.03804703E-01
 -7.86746193E+00  1.00000000E+00  6.14793122E+00 -8.40697499E-01  4.11306254E-01  2.44863406E+00  9.29232974E-01  3.03880218E-01
 -7.81786802E+00  1.00000000E+00  6.11087192E+00 -8.40956002E-01  4.11277450E-01  2.44906765E+00  9.29288928E-01  3.03955745E-01
 -7.76827412E+00  1.00000000E+00  6.07377153E+00 -8.40533087E-01  4.11302734E-01  2.44859714E+00  9.29150122E-01  3.03889404E-01
 -7.71868021E+00  1.00000000E+00  6.03667114E+00 -8.40110255E-01  4.11335103E-01  2.44812680E+00  9.29011403E-01  3.03823080E-01
 -7.66908630E+00  1.00000000E+00  5.99963075E+00 -8.40265493E-01  4.11325802E-01  2.44814612E+00  9.29083682E-01  3.03812488E-01
 -7.61949239E+00  1.00000000E+00  5.96259036E+00 -8.40420734E-01  4.11312666E-01  2.44816546E+00  9.29155975E-01  3.03801898E-01
 -7.56989848E+00  1.00000000E+00  5.92554863E+00 -8.40716016E-01  4.11306703E-01  2.44861678E+00  9.29254208E-01  3.03872515E-01
 -7.52030457E+00  1.00000000E+00  5.88850689E+00 -8.41011353E-01  4.11257635E-01  2.44906821E+00  9.29352482E-01  3.03943145E-01
 -7.47071066E+00  1.00000000E+00  5.85137940E+00 -8.40602274E-01  4.11277368E-01  2.44860335E+00  9.29202200E-01  3.03880230E-01
 -7.42111676E+00  1.00000000E+00  5.81425190E+00 -8.40193279E-01  4.11321728E-01  2.44813865E+00  9.29052000E-01  3.03817330E-01
 -7.37152285E+00  1.00000000E+00  5.77723275E+00 -8.40313802E-01  4.11315888E-01  2.44817106E+00  9.29112556E-01  3.03811701E-01
 -7.32192894E+00  1.00000000E+00  5.74021359E+00 -8.40434329E-01  4.11312122E-01  2.44820348E+00  9.29173120E-01  3.03806073E-01
 -7.27233503E+00  1.00000000E+00  5.70315207E+00 -8.40700079E-01  4.11307237E-01  2.44864013E+00  9.29234663E-01  3.03881094E-01
 -7.22274112E+00  1.00000000E+00  5.66609055E+00 -8.40965873E-01  4.11276146E-01  2.44907688E+00  9.29296238E-01  3.03956128E-01
 -7.17314721E+00  1.00000000E+00  5.62898921E+00 -8.40535906E-01  4.11299722E-01  2.44859699E+00  9.29153928E-01  3.03888612E-01
 -7.12355330E+00  1.00000000E+00  5.59188787E+00 -8.40106023E-01  4.11332315E-01  2.44811726E+00  9.29011709E-01  3.03821111E-01
 -7.07395940E+00  1.00000000E+00  5.55485004E+00 -8.40262947E-01  4.11323858E-01  2.44814044E+00  9.29083834E-01  3.03811321E-01
 -7.02436549E+00  1.00000000E+00  5.51781221E+00 -8.40419873E-01  4.11312171E-01  2.44816363E+00  9.29155974E-01  3.03801532E-01
 -6.97477158E+00  1.00000000E+00  5.48077053E+00 -8.40717930E-01  4.11306592E-01  2.44861944E+00  9.29255522E-01  3.03872784E-01
 -6.92517767E+00  1.00000000E+00  5.44372886E+00 -8.41016045E-01  4.11256877E-01  2.44907536E+00  9.29355112E-01  3.03944049E-01
 -6.87558376E+00  1.00000000E+00  5.40660196E+00 -8.40610836E-01  4.11275984E-01  2.44860846E+00  9.29208423E-01  3.03880008E-01
 -6.82598985E+00  1.00000000E+00  5.36947505E+00 -8.40205709E-01  4.11319789E-01  2.44814172E+00  9.29061815E-01  3.03815981E-01
 -6.77639594E+00  1.00000000E+00  5.33245554E+00 -8.40319902E-01  4.11312345E-01  2.44816531E+00  9.29118957E-01  3.03809270E-01
 -6.72680204E+00  1.00000000E+00  5.29543603E+00 -8.40434097E-01  4.11308288E-01  2.44818890E+00  9.29176106E-01  3.03802560E-01
 -6.67720813E+00  1.00000000E+00  5.25837455E+00 -8.40699346E-01  4.11306074E-01  2.44863783E+00  9.29233533E-01  3.03880859E-01
 -6.62761422E+00  1.00000000E+00  5.22131308E+00 -8.40964640E-01  4.11278521E-01  2.44908685E+00  9.29290993E-01  3.03959171E-01
 -6.57802031E+00  1.00000000E+00  5.18421124E+00 -8.40537499E-01  4.11300693E-01  2.44860247E+00  9.29152787E-01  3.03889937E-01
 -6.52842640E+00  1.00000000E+00  5.14710939E+00 -8.40110443E-01  4.11331985E-01  2.44811827E+00  9.29014670E-01  3.03820719E-01
 -6.47883249E+00  1.00000000E+00  5.11007108E+00 -8.40265792E-01  4.11323087E-01  2.44813998E+00  9.29085805E-01  3.03810835E-01
 -6.42923858E+00  1.00000000E+00  5.07303277E+00 -8.40421145E-01  4.11311451E-01  2.44816171E+00  9.29156954E-01  3.03800951E-01
 -6.37964468E+00  1.00000000E+00  5.03599052E+00 -8.40714290E-01  4.11306278E-01  2.44861699E+00  9.29252358E-01  3.03872927E-01
 -6.33005077E+00  1.00000000E+00  4.99894827E+00 -8.41007490E-01  4.11258647E-01  2.44907238E+00  9.29347802E-01  3.03944917E-01
 -6.28045686E+00  1.00000000E+00  4.96182131E+00 -8.40599833E-01  4.11278656E-01  2.44860744E+00  9.29198893E-01  3.03881709E-01
 -6.23086295E+00  1.00000000E+00  4.92469435E+00 -8.40192258E-01  4.11322707E-01  2.44814265E+00  9.29050064E-01  3.03818516E-01
 -6.18126904E+00  1.00000000E+00  4.88767433E+00 -8.40314812E-01  4.11316697E-01  2.44817554E+00  9.29111988E-01  3.03812710E-01
 -6.13167513E+00  1.00000000E+00  4.85065432E+00 -8.40437369E-01  4.11312481E-01  2.44820844E+00  9.29173920E-01  3.03806904E-01
 -6.08208123E+00  1.00000000E+00  4.81359315E+00 -8.40698334E-01  4.11306878E-01  2.44863567E+00  9.29234434E-01  3.03880248E-01
 -6.03248732E+00  1.00000000E+00  4.77653199E+00 -8.40959340E-01  4.11275053E-01  2.44906299E+00  9.29294980E-01  3.03953603E-01
 -5.98289341E+00  1.00000000E+00  4.73943113E+00 -8.40536244E-01  4.11299977E-01  2.44859570E+00  9.29154319E-01  3.03888276E-01
 -5.93329950E+00  1.00000000E+00  4.70233028E+00 -8.40113230E-01  4.11333329E-01  2.44812857E+00  9.29013746E-01  3.03822965E-01
 -5.88370559E+00  1.00000000E+00  4.66528922E+00 -8.40270853E-01  4.11324439E-01  2.44814641E+00  9.29088594E-01  3.03811564E-01
 -5.83411168E+00  1.00000000E+00  4.62824816E+00 -8.40428478E-01  4.11311115E-01  2.44816428E+00  9.29163456E-01  3.03800164E-01
 -5.78451777E+00  1.00000000E+00  4.59120853E+00 -8.40716992E-01  4.11302419E-01  2.44861299E+00  9.29256610E-01  3.03871276E-01
 -5.73492387E+00  1.00000000E+00  4.55416890E+00 -8.41005560E-01  4.11253158E-01  2.44906181E+00  9.29349802E-01  3.03942402E-01
 -5.68532996E+00  1.00000000E+00  4.51703796E+00 -8.40564291E-01  4.11280428E-01  2.44857475E+00  9.29181249E-01  3.03878700E-01
 -5.63573605E+00  1.00000000E+00  4.47990701E+00 -8.40123118E-01  4.11330704E-01  2.44808787E+00  9.29012791E-01  3.03815015E-01
 -5.58614214E+00  1.00000000E+00  4.44289225E+00 -8.40257758E-01  4.11331001E-01  2.44815954E+00  9.29076826E-01  3.03816543E-01
 -5.53654823E+00  1.00000000E+00  4.40587749E+00 -8.40392403E-01  4.11329041E-01  2.44823123E+00  9.29140870E-01  3.03818072E-01
 -5.48695432E+00  1.00000000E+00  4.36880709E+00 -8.40662434E-01  4.11314506E-01  2.44860909E+00  9.29225302E-01  3.03876758E-01
 -5.43736041E+00  1.00000000E+00  4.33173669E+00 -8.40932508E-01  4.11264648E-01  2.44898703E+00  9.29309768E-01  3.03935452E-01
 -5.38776651E+00  1.00000000E+00  4.29464136E+00 -8.40505495E-01  4.11291740E-01  2.44852820E+00  9.29156738E-01  3.03874292E-01
 -5.33817260E+00  1.00000000E+00  4.25754603E+00 -8.40078567E-01  4.11330675E-01  2.44806953E+00  9.29003798E-01  3.03813146E-01
 -5.28857869E+00  1.00000000E+00  4.22051435E+00 -8.40250446E-01  4.11325394E-01  2.44811151E+00  9.29084781E-01  3.03805347E-01
 -5.23898478E+00  1.00000000E+00  4.18348268E+00 -8.40422330E-01  4.11316291E-01  2.44815352E+00  9.29165780E-01  3.03797548E-01
 -5.18939087E+00  1.00000000E+00  4.14643419E+00 -8.40707249E-01  4.11308500E-01  2.44861616E+00  9.29251284E-01  3.03872975E-01
 -5.13979696E+00  1.00000000E+00  4.10938571E+00 -8.40992220E-01  4.11261422E-01  2.44907891E+00  9.29336825E-01  3.03948416E-01
 -5.09020305E+00  1.00000000E+00  4.07224464E+00 -8.40554213E-01  4.11291852E-01  2.44857347E+00  9.29172603E-01  3.03880174E-01
 -5.04060915E+00  1.00000000E+00  4.03510358E+00 -8.40116305E-01  4.11337163E-01  2.44806822E+00  9.29008475E-01  3.03811948E-01
 -4.99101524E+00  1.00000000E+00  3.99811151E+00 -8.40263975E-01  4.11330600E-01  2.44817036E+00  9.29079990E-01  3.03818073E-01
 -4.94142133E+00  1.00000000E+00  3.96111943E+00 -8.40411653E-01  4.11324500E-01  2.44827251E+00  9.29151518E-01  3.03824199E-01
 -4.89182742E+00  1.00000000E+00  3.92404603E+00 -8.40605367E-01  4.11311742E-01  2.44850381E+00  9.29216464E-01  3.03857470E-01
 -4.84223351E+00  1.00000000E+00  3.88697262E+00 -8.40799099E-01  4.11283178E-01  2.44873515E+00  9.29281428E-01  3.03890745E-01
 -4.79263960E+00  1.00000000E+00  3.84986510E+00 -8.40499093E-01  4.11290815E-01  2.44842418E+00  9.29176098E-01  3.03849616E-01
 -4.74304569E+00  1.00000000E+00  3.81275759E+00 -8.40199127E-01  4.11313857E-01  2.44811328E+00  9.29070812E-01  3.03808494E-01
 -4.69345179E+00  1.00000000E+00  3.77572247E+00 -8.40321612E-01  4.11304320E-01  2.44815137E+00  9.29122946E-01  3.03805684E-01
 -4.64385788E+00  1.00000000E+00  3.73868734E+00 -8.40444100E-01  4.11292599E-01  2.44818946E+00  9.29175090E-01  3.03802874E-01
 -4.59426397E+00  1.00000000E+00  3.70166947E+00 -8.40777199E-01  4.11289593E-01  2.44863643E+00  9.29297600E-01  3.03867767E-01
 -4.54467006E+00  1.00000000E+00  3.66465159E+00 -8.41110363E-01  4.11240028E-01  2.44908352E+00  9.29420163E-01  3.03932672E-01
 -4.49507615E+00  1.00000000E+00  3.62755461E+00 -8.41153872E-01  4.11229009E-01  2.44923170E+00  9.29403835E-01  3.03965574E-01
 -4.44548224E+00  1.00000000E+00  3.59045764E+00 -8.41197383E-01  4.11223671E-01  2.44937989E+00  9.29387508E-01  3.03998477E-01
 -4.39588833E+00  1.00000000E+00  3.55335080E+00 -8.40587397E-01  4.11242970E-01  2.44864554E+00  9.29183531E-01  3.03892402E-01
 -4.34629443E+00  1.00000000E+00  3.51624397E+00 -8.39977599E-01  4.11288240E-01  2.44791155E+00  9.28979733E-01  3.03786363E-01
 -4.29670052E+00  1.00000000E+00  3.47921267E+00 -8.40422357E-01  4.11301986E-01  2.44844221E+00  9.29130719E-01  3.03862299E-01
 -4.24710661E+00  1.00000000E+00  3.44218138E+00 -8.40867214E-01  4.11280673E-01  2.44897307E+00  9.29281801E-01  3.03938254E-01
 -4.19751270E+00  1.00000000E+00  3.40507578E+00 -8.40403295E-01  4.11301166E-01  2.44845355E+00  9.29107602E-01  3.03869191E-01
 -4.14791879E+00  1.00000000E+00  3.36797019E+00 -8.39939483E-01  4.11358882E-01  2.44793423E+00  9.28933508E-01  3.03800145E-01
 -4.09832488E+00  1.00000000E+00  3.33095623E+00 -8.40172709E-01  4.11352319E-01  2.44810588E+00  9.29052841E-01  3.03810608E-01
 -4.04873097E+00  1.00000000E+00  3.29394226E+00 -8.40405961E-01  4.11322137E-01  2.44827757E+00  9.29172203E-01  3.03821073E-01
 -3.99913707E+00  1.00000000E+00  3.25683792E+00 -8.40415969E-01  4.11296905E-01  2.44817671E+00  9.29181700E-01  3.03799002E-01
 -3.94954316E+00  1.00000000E+00  3.21973357E+00 -8.40425977E-01  4.11273190E-01  2.44807586E+00  9.29191198E-01  3.03776932E-01
 -3.89994925E+00  1.00000000E+00  3.18274050E+00 -8.40851274E-01  4.11267125E-01  2.44880751E+00  9.29313883E-01  3.03898725E-01
 -3.85035534E+00  1.00000000E+00  3.14574743E+00 -8.41276697E-01  4.11220666E-01  2.44953942E+00  9.29436649E-01  3.04020553E-01
 -3.80076143E+00  1.00000000E+00  3.10860588E+00 -8.40806750E-01  4.11240182E-01  2.44902482E+00  9.29254289E-01  3.03954106E-01
 -3.75116752E+00  1.00000000E+00  3.07146434E+00 -8.40336914E-01  4.11289275E-01  2.44851042E+00  9.29072037E-01  3.03887677E-01
 -3.70157361E+00  1.00000000E+00  3.03441464E+00 -8.40593694E-01  4.11282936E-01  2.44870244E+00  9.29165421E-01  3.03907404E-01
 -3.65197971E+00  1.00000000E+00  2.99736493E+00 -8.40850494E-01  4.11276837E-01  2.44889451E+00  9.29258839E-01  3.03927134E-01
 -3.60238580E+00  1.00000000E+00  2.96028387E+00 -8.40766872E-01  4.11266783E-01  2.44872605E+00  9.29229661E-01  3.03899277E-01
 -3.55279189E+00  1.00000000E+00  2.92320280E+00 -8.40683257E-01  4.11273235E-01  2.44855759E+00  9.29200486E-01  3.03871422E-01
 -3.50319798E+00  1.00000000E+00  2.88617079E+00 -8.40543496E-01  4.11309735E-01  2.44844365E+00  9.29163585E-01  3.03856013E-01
 -3.45360407E+00  1.00000000E+00  2.84913878E+00 -8.40403740E-01  4.11326743E-01  2.44832972E+00  9.29126694E-01  3.03840605E-01
 -3.40401016E+00  1.00000000E+00  2.81210662E+00 -8.40784894E-01  4.11303739E-01  2.44883221E+00  9.29263036E-01  3.03913834E-01
 -3.35441626E+00  1.00000000E+00  2.77507445E+00 -8.41166130E-01  4.11245214E-01  2.44933484E+00  9.29399447E-01  3.03987079E-01
 -3.30482235E+00  1.00000000E+00  2.73795108E+00 -8.40654626E-01  4.11264827E-01  2.44875413E+00  9.29209390E-01  3.03908947E-01
 -3.25522844E+00  1.00000000E+00  2.70082771E+00 -8.40143253E-01  4.11310495E-01  2.44817365E+00  9.29019462E-01  3.03830837E-01
 -3.20563453E+00  1.00000000E+00  2.66374091E+00 -8.40218398E-01  4.11312685E-01  2.44809923E+00  9.29053443E-01  3.03809157E-01
 -3.15604062E+00  1.00000000E+00  2.62665412E+00 -8.40293540E-01  4.11321900E-01  2.44802482E+00  9.29087428E-01  3.03787478E-01
 -3.10644671E+00  1.00000000E+00  2.58963759E+00 -8.40255318E-01  4.11337163E-01  2.44803327E+00  9.29099692E-01  3.03786716E-01
 -3.05685280E+00  1.00000000E+00  2.55262106E+00 -8.40217095E-01  4.11323555E-01  2.44804172E+00  9.29111959E-01  3.03785953E-01
 -3.00725890E+00  1.00000000E+00  2.51558196E+00 -8.40613606E-01  4.11298142E-01  2.44853663E+00  9.29243863E-01  3.03858553E-01
 -2.95766499E+00  1.00000000E+00  2.47854286E+00 -8.41010199E-01  4.11240762E-01  2.44903169E+00  9.29375842E-01  3.03931169E-01
 -2.90807108E+00  1.00000000E+00  2.44141170E+00 -8.40580138E-01  4.11253434E-01  2.44854750E+00  9.29224905E-01  3.03864519E-01
 -2.85847717E+00  1.00000000E+00  2.40428055E+00 -8.40150167E-01  4.11285258E-01  2.44806348E+00  9.29074059E-01  3.03797884E-01
 -2.80888326E+00  1.00000000E+00  2.36731834E+00 -8.40783584E-01  4.11262451E-01  2.44880739E+00  9.29286648E-01  3.03904148E-01
 -2.75928935E+00  1.00000000E+00  2.33035613E+00 -8.41417198E-01  4.11209000E-01  2.44955167E+00  9.29499432E-01  3.04010448E-01
 -2.70969544E+00  1.00000000E+00  2.29320549E+00 -8.41068907E-01  4.11221773E-01  2.44921570E+00  9.29340237E-01  3.03975093E-01
 -2.66010154E+00  1.00000000E+00  2.25605485E+00 -8.40720678E-01  4.11261360E-01  2.44887983E+00  9.29181105E-01  3.03939745E-01
 -2.61050763E+00  1.00000000E+00  2.21898641E+00 -8.40483571E-01  4.11284662E-01  2.44854267E+00  9.29118527E-01  3.03884829E-01
 -2.56091372E+00  1.00000000E+00  2.18191797E+00 -8.40246496E-01  4.11325813E-01  2.44820558E+00  9.29055975E-01  3.03829921E-01
 -2.51131981E+00  1.00000000E+00  2.14485877E+00 -8.40290556E-01  4.11332520E-01  2.44819662E+00  9.29082518E-01  3.03822821E-01
 -2.46172590E+00  1.00000000E+00  2.10779957E+00 -8.40334617E-01  4.11328089E-01  2.44818767E+00  9.29109061E-01  3.03815722E-01
 -2.41213199E+00  1.00000000E+00  2.07076665E+00 -8.40664860E-01  4.11319308E-01  2.44862905E+00  9.29223565E-01  3.03881097E-01
 -2.36253808E+00  1.00000000E+00  2.03373374E+00 -8.40995166E-01  4.11268031E-01  2.44907055E+00  9.29338121E-01  3.03946486E-01
 -2.31294418E+00  1.00000000E+00  1.99663576E+00 -8.40545334E-01  4.11289160E-01  2.44859102E+00  9.29164161E-01  3.03885371E-01
 -2.26335027E+00  1.00000000E+00  1.95953779E+00 -8.40095601E-01  4.11337011E-01  2.44811166E+00  9.28990301E-01  3.03824273E-01
 -2.21375636E+00  1.00000000E+00  1.92246104E+00 -8.40204227E-01  4.11338413E-01  2.44806896E+00  9.29057506E-01  3.03802292E-01
 -2.16416245E+00  1.00000000E+00  1.88538428E+00 -8.40312854E-01  4.11330395E-01  2.44802628E+00  9.29124719E-01  3.03780311E-01
 -2.11456854E+00  1.00000000E+00  1.84836234E+00 -8.40434259E-01  4.11322298E-01  2.44829607E+00  9.29156427E-01  3.03827929E-01
 -2.06497463E+00  1.00000000E+00  1.81134040E+00 -8.40555677E-01  4.11304451E-01  2.44856590E+00  9.29188142E-01  3.03875551E-01
 -2.01538072E+00  1.00000000E+00  1.77424508E+00 -8.40553070E-01  4.11271989E-01  2.44838043E+00  9.29211214E-01  3.03833843E-01
 -1.96578682E+00  1.00000000E+00  1.73714977E+00 -8.40550463E-01  4.11250530E-01  2.44819497E+00  9.29234286E-01  3.03792137E-01
 -1.91619291E+00  1.00000000E+00  1.70011114E+00 -8.40530793E-01  4.11273974E-01  2.44837506E+00  9.29200873E-01  3.03834838E-01
 -1.86659900E+00  1.00000000E+00  1.66307250E+00 -8.40511122E-01  4.11281797E-01  2.44855517E+00  9.29167462E-01  3.03877542E-01
 -1.81700509E+00  1.00000000E+00  1.62595555E+00 -8.40500703E-01  4.11250204E-01  2.44830088E+00  9.29186481E-01  3.03822879E-01
 -1.76741118E+00  1.00000000E+00  1.58883860E+00 -8.40490282E-01  4.11239740E-01  2.44804661E+00  9.29205499E-01  3.03768223E-01
 -1.71781727E+00  1.00000000E+00  1.55181614E+00 -8.40351423E-01  4.11246686E-01  2.44798942E+00  9.29153252E-01  3.03767235E-01
 -1.66822336E+00  1.00000000E+00  1.51479369E+00 -8.40212566E-01  4.11233726E-01  2.44793225E+00  9.29101015E-01  3.03766247E-01
 -1.61862946E+00  1.00000000E+00  1.47772162E+00 -8.40220262E-01  4.11199294E-01  2.44768960E+00  9.29136758E-01  3.03710568E-01
 -1.56903555E+00  1.00000000E+00  1.44064956E+00 -8.40227957E-01  4.11170563E-01  2.44744697E+00  9.29172501E-01  3.03654894E-01
 -1.51944164E+00  1.00000000E+00  1.40368395E+00 -8.40446755E-01  4.11124890E-01  2.44764958E+00  9.29307543E-01  3.03668406E-01
 -1.46984773E+00  1.00000000E+00  1.36671834E+00 -8.40665583E-01  4.11025025E-01  2.44785222E+00  9.29442614E-01  3.03681920E-01
 -1.42025382E+00  1.00000000E+00  1.32960581E+00 -8.40145987E-01  4.10977605E-01  2.44704238E+00  9.29283134E-01  3.03551849E-01
 -1.37065991E+00  1.00000000E+00  1.29249328E+00 -8.39626562E-01  4.10969075E-01  2.44623288E+00  9.29123777E-01  3.03421820E-01
 -1.32106600E+00  1.00000000E+00  1.25556060E+00 -8.39912200E-01  4.10918189E-01  2.44627490E+00  9.29274122E-01  3.03400156E-01
 -1.27147210E+00  1.00000000E+00  1.21862791E+00 -8.40197853E-01  4.10826930E-01  2.44631699E+00  9.29424515E-01  3.03378495E-01
 -1.22187819E+00  1.00000000E+00  1.18168040E+00 -8.39991491E-01  4.10757205E-01  2.44586459E+00  9.29399410E-01  3.03293036E-01
 -1.17228428E+00  1.00000000E+00  1.14473289E+00 -8.39785162E-01  4.10695998E-01  2.44541227E+00  9.29374323E-01  3.03207590E-01
 -1.12269037E+00  1.00000000E+00  1.10789360E+00 -8.39654401E-01  4.10613843E-01  2.44490963E+00  9.29389061E-01  3.03104114E-01
 -1.07309646E+00  1.00000000E+00  1.07105430E+00 -8.39523662E-01  4.10536031E-01  2.44440709E+00  9.29403807E-01  3.03000657E-01
 -1.02350255E+00  1.00000000E+00  1.03436883E+00 -8.39371276E-01  4.10472795E-01  2.44394414E+00  9.29438776E-01  3.02901074E-01
 -9.73908645E-01  1.00000000E+00  9.97683353E-01 -8.39218913E-01  4.10416322E-01  2.44348129E+00  9.29473762E-01  3.02801505E-01
 -9.24314736E-01  1.00000000E+00  9.61153311E-01 -8.39127874E-01  4.10391362E-01  2.44345686E+00  9.29393149E-01  3.02812743E-01
 -8.74720828E-01  1.00000000E+00  9.24623268E-01 -8.39036839E-01  4.10377499E-01  2.44343245E+00  9.29312545E-01  3.02823980E-01
 -8.25312107E-01  1.00000000E+00  8.88584371E-01 -8.39154029E-01  4.10462538E-01  2.44385973E+00  9.29338977E-01  3.02904150E-01
 -7.75903387E-01  1.00000000E+00  8.52545474E-01 -8.39271236E-01  4.10596494E-01  2.44428708E+00  9.29365414E-01  3.02984333E-01
 -7.30665613E-01  1.00000000E+00  8.19926207E-01 -8.39844862E-01  4.10946489E-01  2.44610442E+00  9.29301778E-01  3.03360529E-01
 -6.85427839E-01  1.00000000E+00  7.87306940E-01 -8.40418841E-01  4.11331440E-01  2.44792311E+00  9.29238322E-01  3.03736958E-01
 -6.45465100E-01  1.00000000E+00  7.58995465E-01 -8.41110698E-01  4.11961462E-01  2.45122269E+00  9.28926196E-01  3.04459299E-01
 -6.05502361E-01  1.00000000E+00  7.30683990E-01 -8.41803324E-01  4.12692164E-01  2.45452673E+00  9.28614473E-01  3.05182451E-01
 -5.70199545E-01  1.00000000E+00  7.06163257E-01 -8.43086761E-01  4.13660602E-01  2.45976963E+00  9.28319456E-01  3.06290035E-01
 -5.34896729E-01  1.00000000E+00  6.81642524E-01 -8.44372454E-01  4.14783950E-01  2.46502370E+00  9.28025388E-01  3.07399662E-01
 -5.03710456E-01  1.00000000E+00  6.60402152E-01 -8.46700179E-01  4.16175456E-01  2.47333171E+00  9.27744217E-01  3.09117499E-01
 -4.72524184E-01  1.00000000E+00  6.39161779E-01 -8.49034429E-01  4.17741832E-01  2.48166755E+00  9.27465789E-01  3.10840351E-01
 -4.44974441E-01  1.00000000E+00  6.21237939E-01 -8.52284956E-01  4.19769863E-01  2.49342643E+00  9.27013403E-01  3.13282606E-01
 -4.17424698E-01  1.00000000E+00  6.03314099E-01 -8.55548274E-01  4.22065070E-01  2.50524068E+00  9.26566519E-01  3.15734831E-01
 -3.93087440E-01  1.00000000E+00  5.87947188E-01 -8.59271704E-01  4.24411861E-01  2.51875778E+00  9.26181392E-01  3.18515277E-01
 -3.68750182E-01  1.00000000E+00  5.72580277E-01 -8.63011892E-01  4.27239178E-01  2.53234736E+00  9.25802889E-01  3.21308894E-01
 -3.47250809E-01  1.00000000E+00  5.59594164E-01 -8.67019460E-01  4.30545452E-01  2.55061267E+00  9.24327872E-01  3.25256960E-01
 -3.25751437E-01  1.00000000E+00  5.46608051E-01 -8.71050869E-01  4.34243886E-01  2.56900979E+00  9.22864548E-01  3.29229049E-01
 -3.06759035E-01  1.00000000E+00  5.35947243E-01 -8.77453192E-01  4.38115772E-01  2.59169793E+00  9.22392929E-01  3.33861000E-01
 -2.87766633E-01  1.00000000E+00  5.25286435E-01 -8.83902992E-01  4.42361874E-01  2.61458520E+00  9.21939957E-01  3.38529049E-01
 -2.70988873E-01  1.00000000E+00  5.16487746E-01 -8.89816268E-01  4.47199287E-01  2.64074744E+00  9.20172014E-01  3.44115085E-01
 -2.54211113E-01  1.00000000E+00  5.07689057E-01 -8.95778440E-01  4.52369885E-01  2.66717123E+00  9.18426243E-01  3.49748997E-01
 -2.39389755E-01  1.00000000E+00  5.00812135E-01 -9.03329650E-01  4.57917696E-01  2.69791364E+00  9.17088171E-01  3.56165093E-01
 -2.24568396E-01  1.00000000E+00  4.93935212E-01 -9.10953173E-01  4.63816511E-01  2.72900898E+00  9.15778989E-01  3.62645998E-01
 -2.11472015E-01  1.00000000E+00  4.88625001E-01 -9.19589349E-01  4.70146601E-01  2.76493338E+00  9.14237176E-01  3.70139241E-01
 -1.98375634E-01  1.00000000E+00  4.83314790E-01 -9.28320057E-01  4.76842561E-01  2.80132916E+00  9.12732411E-01  3.77719350E-01
 -1.85977157E-01  1.00000000E+00  4.79583409E-01 -9.39478966E-01  4.84721373E-01  2.84687411E+00  9.11156375E-01  3.87143546E-01
 -1.73578680E-01  1.00000000E+00  4.75852029E-01 -9.50789445E-01  4.93121837E-01  2.89315666E+00  9.09637544E-01  3.96703822E-01
 -1.61180203E-01  1.00000000E+00  4.72736005E-01 -9.62388287E-01  5.03694552E-01  2.94961413E+00  9.06202201E-01  4.08682386E-01
 -1.48781726E-01  1.00000000E+00  4.69619981E-01 -9.74174880E-01  5.14919874E-01  3.00717811E+00  9.02844499E-01  4.20866722E-01
 -1.36383248E-01  1.00000000E+00  4.71055426E-01 -9.91910191E-01  5.28899630E-01  3.09100214E+00  8.99111866E-01  4.38378054E-01
 -1.23984771E-01  1.00000000E+00  4.72490870E-01 -1.01005574E+00  5.44434733E-01  3.17716896E+00  8.95527464E-01  4.56328298E-01
 -1.11586294E-01  1.00000000E+00  4.68773509E-01 -1.03341284E+00  5.65328068E-01  3.28200362E+00  8.92114225E-01  4.77977880E-01
 -9.91878171E-02  1.00000000E+00  4.65056149E-01 -1.05741658E+00  5.86934112E-01  3.39029456E+00  8.88928578E-01  5.00273196E-01
 -8.67893400E-02  1.00000000E+00  4.95788320E-01 -1.07111999E+00  6.19378324E-01  3.59846004E+00  8.63536287E-01  5.46984751E-01
 -7.43908628E-02  1.00000000E+00  5.26520491E-01 -1.08558357E+00  6.61060842E-01  3.82060119E+00  8.38949717E-01  5.96330294E-01
 -6.19923857E-02  1.00000000E+00  4.66398480E-01 -1.09237742E+00  7.08869328E-01  3.91702072E+00  8.29802625E-01  6.17443620E-01
 -4.95939085E-02  1.00000000E+00  4.06276469E-01 -1.09930619E+00  7.42004880E-01  4.01606364E+00  8.20768059E-01  6.39059117E-01
 -3.71954314E-02  1.00000000E+00  8.26077510E-01 -1.41506131E+00  8.36444750E-01  5.05671641E+00  8.67302494E-01  8.37882783E-01
 -2.47969543E-02  1.00000000E+00  1.24587855E+00 -1.80796970E+00  1.03129605E+00  6.36974419E+00  9.40290632E-01  1.08589071E+00
 -1.23984771E-02  1.00000000E+00  3.68935489E-01  1.62129952E-01  1.80806233E+00  6.97057857E+00  4.25975339E-01  1.30892065E+00
  0.00000000E+00  1.00000000E+00 -5.08007574E-01  2.80586387E+00  3.59502543E+00  1.07036962E+01  1.03295204E+00  1.93414884E+00
