1.12502707E+00 1.12502101E+00 1.12501881E+00 1.12501922E+00 1.12501974E+00 1.12501881E+00 1.12501697E+00 1.12501494E+00 1.12501312E+00 1.12501170E+00 1.12501051E+00 1.12500946E+00 1.12500856E+00 1.12500783E+00 1.12500729E+00 1.12500696E+00 1.12500682E+00 1.12500687E+00 1.12500710E+00 1.12500753E+00 1.12500814E+00 1.12500896E+00 1.12500999E+00 1.12501123E+00 1.12501271E+00 1.12501443E+00 1.12501640E+00 1.12501865E+00 1.12502120E+00 1.12502406E+00 1.12502724E+00 1.12503078E+00 1.12503468E+00 1.12503896E+00 1.12504363E+00 1.12504870E+00 1.12505418E+00 1.12506004E+00 1.12506629E+00 1.12507289E+00 1.12507980E+00 1.12508696E+00 1.12509429E+00 1.12510168E+00 1.12510900E+00 1.12511605E+00 1.12512264E+00 1.12512846E+00 1.12513324E+00 1.12513650E+00 1.12513786E+00 1.12513663E+00 1.12513224E+00 1.12512376E+00 1.12511046E+00 1.12509096E+00 1.12506430E+00 1.12502866E+00 1.12498273E+00 1.12492411E+00 1.12485109E+00 1.12476051E+00 1.12465015E+00 1.12451606E+00 1.12435536E+00 1.12416288E+00 1.12393517E+00 1.12366576E+00 1.12335021E+00 1.12298068E+00 1.12255174E+00 1.12205371E+00 1.12148013E+00 1.12081943E+00 1.12006403E+00 1.11919986E+00 1.11821829E+00 1.11710265E+00 1.11584226E+00 1.11441982E+00 1.11282330E+00 1.11103025E+00 1.10902777E+00 1.10679319E+00 1.10431114E+00 1.10158031E+00 1.09856564E+00 1.09556529E+00 1.09229952E+00 1.08917078E+00 1.08580683E+00 1.08262556E+00 1.07924461E+00 1.07608111E+00 1.07274868E+00 1.06965260E+00 1.06641836E+00 1.06344066E+00 1.06034891E+00 1.05751792E+00 1.05459550E+00 1.05193426E+00 1.04920062E+00 1.04672213E+00 1.04418742E+00 1.04189964E+00 1.03956695E+00 1.03746591E+00 1.03533133E+00 1.03326807E+00 1.03117715E+00 1.02905765E+00 1.02691012E+00 1.02474023E+00 1.02254917E+00 1.02033373E+00 1.01810170E+00 1.01587693E+00 1.01365629E+00 1.01140771E+00 1.00918074E+00 1.00718617E+00 1.00535055E+00 1.00303098E+00 1.00000000E+00
1.12722766E+00 1.12721475E+00 1.12720762E+00 1.12721043E+00 1.12722238E+00 1.12723796E+00 1.12725114E+00 1.12725680E+00 1.12725704E+00 1.12725546E+00 1.12725422E+00 1.12725437E+00 1.12725483E+00 1.12725481E+00 1.12725436E+00 1.12725378E+00 1.12725334E+00 1.12725316E+00 1.12725317E+00 1.12725335E+00 1.12725371E+00 1.12725430E+00 1.12725513E+00 1.12725621E+00 1.12725756E+00 1.12725918E+00 1.12726108E+00 1.12726330E+00 1.12726584E+00 1.12726872E+00 1.12727195E+00 1.12727556E+00 1.12727956E+00 1.12728397E+00 1.12728878E+00 1.12729403E+00 1.12729971E+00 1.12730580E+00 1.12731230E+00 1.12731919E+00 1.12732642E+00 1.12733393E+00 1.12734163E+00 1.12734944E+00 1.12735722E+00 1.12736476E+00 1.12737188E+00 1.12737827E+00 1.12738365E+00 1.12738753E+00 1.12738957E+00 1.12738905E+00 1.12738540E+00 1.12737766E+00 1.12736510E+00 1.12734634E+00 1.12732041E+00 1.12728549E+00 1.12724023E+00 1.12718218E+00 1.12710966E+00 1.12701940E+00 1.12690914E+00 1.12677486E+00 1.12661367E+00 1.12642028E+00 1.12619127E+00 1.12592006E+00 1.12560206E+00 1.12522908E+00 1.12479567E+00 1.12429192E+00 1.12371152E+00 1.12304224E+00 1.12227633E+00 1.12139953E+00 1.12040328E+00 1.11927032E+00 1.11798924E+00 1.11654192E+00 1.11491715E+00 1.11309172E+00 1.11105156E+00 1.10877266E+00 1.10624086E+00 1.10345490E+00 1.10037929E+00 1.09731453E+00 1.09397891E+00 1.09078517E+00 1.08735094E+00 1.08409846E+00 1.08064297E+00 1.07741699E+00 1.07402301E+00 1.07086443E+00 1.06756328E+00 1.06452780E+00 1.06137959E+00 1.05849974E+00 1.05553062E+00 1.05282918E+00 1.05005706E+00 1.04754633E+00 1.04498294E+00 1.04267271E+00 1.04032010E+00 1.03820342E+00 1.03605661E+00 1.03398798E+00 1.03189475E+00 1.02977149E+00 1.02762621E+00 1.02547225E+00 1.02329878E+00 1.02109499E+00 1.01889235E+00 1.01673051E+00 1.01453827E+00 1.01224988E+00 1.01003655E+00 1.00815697E+00 1.00633474E+00 1.00367241E+00 1.00000000E+00
1.14125385E+00 1.14127201E+00 1.14130394E+00 1.14132748E+00 1.14133890E+00 1.14133986E+00 1.14133761E+00 1.14133751E+00 1.14133874E+00 1.14134004E+00 1.14134055E+00 1.14134023E+00 1.14133967E+00 1.14133928E+00 1.14133904E+00 1.14133893E+00 1.14133891E+00 1.14133905E+00 1.14133936E+00 1.14133989E+00 1.14134063E+00 1.14134160E+00 1.14134282E+00 1.14134430E+00 1.14134606E+00 1.14134811E+00 1.14135047E+00 1.14135317E+00 1.14135621E+00 1.14135963E+00 1.14136342E+00 1.14136764E+00 1.14137229E+00 1.14137738E+00 1.14138292E+00 1.14138894E+00 1.14139544E+00 1.14140238E+00 1.14140977E+00 1.14141758E+00 1.14142575E+00 1.14143420E+00 1.14144285E+00 1.14145160E+00 1.14146029E+00 1.14146869E+00 1.14147658E+00 1.14148362E+00 1.14148950E+00 1.14149367E+00 1.14149577E+00 1.14149501E+00 1.14149073E+00 1.14148188E+00 1.14146766E+00 1.14144657E+00 1.14141756E+00 1.14137864E+00 1.14132833E+00 1.14126398E+00 1.14118376E+00 1.14108410E+00 1.14096253E+00 1.14081473E+00 1.14063761E+00 1.14042547E+00 1.14017470E+00 1.13987827E+00 1.13953114E+00 1.13912428E+00 1.13865197E+00 1.13810380E+00 1.13747310E+00 1.13674646E+00 1.13591567E+00 1.13496571E+00 1.13388764E+00 1.13266268E+00 1.13127837E+00 1.12971558E+00 1.12796315E+00 1.12599573E+00 1.12379759E+00 1.12134286E+00 1.11861783E+00 1.11562204E+00 1.11231665E+00 1.10902235E+00 1.10543904E+00 1.10200998E+00 1.09832066E+00 1.09482132E+00 1.09110718E+00 1.08764952E+00 1.08400820E+00 1.08060474E+00 1.07704697E+00 1.07378079E+00 1.07038885E+00 1.06727693E+00 1.06406883E+00 1.06115476E+00 1.05816074E+00 1.05543991E+00 1.05265255E+00 1.05013028E+00 1.04756065E+00 1.04525229E+00 1.04290579E+00 1.04063384E+00 1.03831778E+00 1.03595254E+00 1.03356371E+00 1.03116412E+00 1.02871519E+00 1.02620234E+00 1.02368243E+00 1.02117617E+00 1.01854716E+00 1.01574495E+00 1.01304214E+00 1.01064926E+00 1.00814469E+00 1.00462312E+00 1.00000000E+00
1.16356862E+00 1.16357738E+00 1.16358435E+00 1.16358873E+00 1.16359098E+00 1.16359210E+00 1.16359258E+00 1.16359284E+00 1.16359283E+00 1.16359268E+00 1.16359244E+00 1.16359225E+00 1.16359212E+00 1.16359212E+00 1.16359225E+00 1.16359255E+00 1.16359301E+00 1.16359367E+00 1.16359454E+00 1.16359562E+00 1.16359694E+00 1.16359852E+00 1.16360035E+00 1.16360249E+00 1.16360493E+00 1.16360769E+00 1.16361081E+00 1.16361432E+00 1.16361823E+00 1.16362256E+00 1.16362733E+00 1.16363259E+00 1.16363836E+00 1.16364462E+00 1.16365141E+00 1.16365875E+00 1.16366663E+00 1.16367501E+00 1.16368388E+00 1.16369322E+00 1.16370295E+00 1.16371295E+00 1.16372314E+00 1.16373338E+00 1.16374350E+00 1.16375320E+00 1.16376222E+00 1.16377016E+00 1.16377664E+00 1.16378104E+00 1.16378293E+00 1.16378140E+00 1.16377566E+00 1.16376448E+00 1.16374696E+00 1.16372141E+00 1.16368661E+00 1.16364032E+00 1.16358082E+00 1.16350514E+00 1.16341123E+00 1.16329499E+00 1.16315364E+00 1.16298238E+00 1.16277781E+00 1.16253357E+00 1.16224573E+00 1.16190652E+00 1.16151018E+00 1.16104651E+00 1.16050934E+00 1.15988741E+00 1.15917348E+00 1.15835249E+00 1.15741558E+00 1.15634657E+00 1.15513554E+00 1.15376138E+00 1.15221070E+00 1.15046344E+00 1.14850736E+00 1.14631332E+00 1.14386421E+00 1.14113268E+00 1.13810366E+00 1.13477566E+00 1.13110743E+00 1.12745618E+00 1.12348535E+00 1.11967991E+00 1.11558159E+00 1.11169166E+00 1.10756764E+00 1.10373419E+00 1.09968227E+00 1.09587310E+00 1.09189241E+00 1.08824132E+00 1.08443387E+00 1.08092053E+00 1.07729945E+00 1.07402051E+00 1.07063934E+00 1.06754128E+00 1.06434671E+00 1.06144212E+00 1.05848438E+00 1.05583298E+00 1.05312565E+00 1.05047957E+00 1.04775691E+00 1.04496112E+00 1.04213696E+00 1.03928895E+00 1.03634930E+00 1.03330346E+00 1.03023248E+00 1.02714287E+00 1.02385772E+00 1.02033190E+00 1.01689306E+00 1.01374013E+00 1.01036224E+00 1.00579617E+00 1.00000000E+00
1.19154354E+00 1.19155526E+00 1.19156342E+00 1.19156930E+00 1.19157319E+00 1.19157579E+00 1.19157736E+00 1.19157834E+00 1.19157887E+00 1.19157921E+00 1.19157941E+00 1.19157961E+00 1.19157985E+00 1.19158020E+00 1.19158069E+00 1.19158136E+00 1.19158223E+00 1.19158333E+00 1.19158467E+00 1.19158629E+00 1.19158819E+00 1.19159040E+00 1.19159294E+00 1.19159584E+00 1.19159913E+00 1.19160283E+00 1.19160697E+00 1.19161159E+00 1.19161670E+00 1.19162232E+00 1.19162849E+00 1.19163526E+00 1.19164263E+00 1.19165060E+00 1.19165919E+00 1.19166844E+00 1.19167832E+00 1.19168876E+00 1.19169977E+00 1.19171130E+00 1.19172324E+00 1.19173542E+00 1.19174776E+00 1.19176009E+00 1.19177217E+00 1.19178362E+00 1.19179414E+00 1.19180320E+00 1.19181039E+00 1.19181493E+00 1.19181633E+00 1.19181346E+00 1.19180537E+00 1.19179061E+00 1.19176814E+00 1.19173599E+00 1.19169273E+00 1.19163571E+00 1.19156296E+00 1.19147104E+00 1.19135759E+00 1.19121783E+00 1.19104856E+00 1.19084433E+00 1.19060135E+00 1.19031246E+00 1.18997320E+00 1.18957478E+00 1.18911060E+00 1.18856894E+00 1.18794301E+00 1.18722040E+00 1.18639315E+00 1.18544438E+00 1.18436438E+00 1.18313540E+00 1.18174577E+00 1.18017128E+00 1.17839841E+00 1.17640657E+00 1.17418083E+00 1.17168627E+00 1.16890559E+00 1.16581079E+00 1.16238285E+00 1.15861658E+00 1.15447082E+00 1.15035425E+00 1.14587561E+00 1.14157027E+00 1.13692955E+00 1.13252608E+00 1.12786107E+00 1.12352547E+00 1.11892332E+00 1.11457411E+00 1.11002921E+00 1.10586060E+00 1.10149524E+00 1.09744743E+00 1.09327704E+00 1.08951039E+00 1.08561123E+00 1.08200946E+00 1.07827491E+00 1.07486895E+00 1.07140251E+00 1.06829899E+00 1.06511843E+00 1.06198727E+00 1.05874591E+00 1.05540599E+00 1.05202773E+00 1.04860903E+00 1.04505976E+00 1.04136280E+00 1.03761670E+00 1.03382724E+00 1.02979479E+00 1.02545177E+00 1.02115114E+00 1.01712138E+00 1.01279762E+00 1.00710131E+00 1.00000000E+00
1.22333344E+00 1.22334782E+00 1.22335815E+00 1.22336568E+00 1.22337090E+00 1.22337462E+00 1.22337712E+00 1.22337888E+00 1.22338006E+00 1.22338096E+00 1.22338165E+00 1.22338232E+00 1.22338301E+00 1.22338382E+00 1.22338478E+00 1.22338596E+00 1.22338738E+00 1.22338908E+00 1.22339109E+00 1.22339345E+00 1.22339616E+00 1.22339927E+00 1.22340281E+00 1.22340681E+00 1.22341130E+00 1.22341631E+00 1.22342188E+00 1.22342806E+00 1.22343485E+00 1.22344228E+00 1.22345038E+00 1.22345922E+00 1.22346881E+00 1.22347911E+00 1.22349016E+00 1.22350199E+00 1.22351456E+00 1.22352778E+00 1.22354163E+00 1.22355604E+00 1.22357088E+00 1.22358591E+00 1.22360102E+00 1.22361600E+00 1.22363055E+00 1.22364417E+00 1.22365647E+00 1.22366680E+00 1.22367467E+00 1.22367914E+00 1.22367958E+00 1.22367462E+00 1.22366309E+00 1.22364326E+00 1.22361394E+00 1.22357278E+00 1.22351810E+00 1.22344671E+00 1.22335633E+00 1.22324298E+00 1.22310389E+00 1.22293339E+00 1.22272782E+00 1.22248100E+00 1.22218865E+00 1.22184262E+00 1.22143784E+00 1.22096418E+00 1.22041413E+00 1.21977426E+00 1.21903689E+00 1.21818820E+00 1.21721958E+00 1.21611225E+00 1.21485553E+00 1.21342959E+00 1.21182036E+00 1.20999994E+00 1.20795571E+00 1.20566711E+00 1.20311485E+00 1.20025653E+00 1.19707585E+00 1.19354491E+00 1.18963866E+00 1.18534636E+00 1.18062850E+00 1.17595688E+00 1.17087194E+00 1.16596826E+00 1.16068017E+00 1.15566693E+00 1.15035827E+00 1.14542279E+00 1.14016720E+00 1.13518147E+00 1.12996948E+00 1.12518794E+00 1.12016723E+00 1.11549775E+00 1.11068678E+00 1.10634704E+00 1.10184335E+00 1.09766157E+00 1.09331096E+00 1.08933568E+00 1.08528902E+00 1.08166661E+00 1.07794674E+00 1.07427080E+00 1.07045486E+00 1.06651431E+00 1.06252034E+00 1.05846883E+00 1.05425480E+00 1.04985357E+00 1.04537395E+00 1.04083151E+00 1.03601590E+00 1.03081574E+00 1.02559300E+00 1.02063337E+00 1.01533366E+00 1.00846875E+00 1.00000000E+00
1.12610863E+00 1.12610388E+00 1.12610319E+00 1.12610476E+00 1.12610602E+00 1.12610554E+00 1.12610403E+00 1.12610237E+00 1.12610092E+00 1.12609983E+00 1.12609891E+00 1.12609807E+00 1.12609734E+00 1.12609677E+00 1.12609638E+00 1.12609617E+00 1.12609614E+00 1.12609628E+00 1.12609659E+00 1.12609709E+00 1.12609777E+00 1.12609865E+00 1.12609973E+00 1.12610103E+00 1.12610255E+00 1.12610431E+00 1.12610633E+00 1.12610863E+00 1.12611121E+00 1.12611411E+00 1.12611733E+00 1.12612091E+00 1.12612485E+00 1.12612917E+00 1.12613387E+00 1.12613898E+00 1.12614449E+00 1.12615039E+00 1.12615666E+00 1.12616328E+00 1.12617021E+00 1.12617738E+00 1.12618472E+00 1.12619209E+00 1.12619939E+00 1.12620640E+00 1.12621293E+00 1.12621867E+00 1.12622334E+00 1.12622645E+00 1.12622764E+00 1.12622617E+00 1.12622151E+00 1.12621270E+00 1.12619900E+00 1.12617903E+00 1.12615180E+00 1.12611551E+00 1.12606882E+00 1.12600931E+00 1.12593528E+00 1.12584353E+00 1.12573186E+00 1.12559626E+00 1.12543386E+00 1.12523946E+00 1.12500961E+00 1.12473780E+00 1.12441958E+00 1.12404710E+00 1.12361492E+00 1.12311334E+00 1.12253585E+00 1.12187089E+00 1.12111085E+00 1.12024167E+00 1.11925469E+00 1.11813325E+00 1.11686668E+00 1.11543765E+00 1.11383408E+00 1.11203359E+00 1.11002332E+00 1.10778061E+00 1.10529004E+00 1.10255028E+00 1.09952611E+00 1.09651702E+00 1.09324204E+00 1.09010461E+00 1.08673160E+00 1.08354235E+00 1.08015296E+00 1.07698090E+00 1.07363910E+00 1.07053494E+00 1.06729223E+00 1.06430607E+00 1.06120506E+00 1.05836512E+00 1.05543279E+00 1.05276204E+00 1.05001801E+00 1.04752954E+00 1.04498379E+00 1.04268502E+00 1.04034029E+00 1.03822787E+00 1.03608093E+00 1.03400445E+00 1.03189880E+00 1.02976317E+00 1.02759783E+00 1.02540756E+00 1.02319371E+00 1.02095401E+00 1.01869392E+00 1.01643265E+00 1.01416939E+00 1.01187655E+00 1.00959578E+00 1.00751842E+00 1.00557650E+00 1.00314282E+00 1.00000000E+00
1.12756565E+00 1.12758458E+00 1.12760426E+00 1.12761988E+00 1.12763083E+00 1.12763636E+00 1.12763813E+00 1.12763851E+00 1.12763863E+00 1.12763923E+00 1.12763977E+00 1.12763986E+00 1.12763956E+00 1.12763910E+00 1.12763867E+00 1.12763840E+00 1.12763828E+00 1.12763829E+00 1.12763845E+00 1.12763879E+00 1.12763933E+00 1.12764009E+00 1.12764106E+00 1.12764228E+00 1.12764373E+00 1.12764546E+00 1.12764745E+00 1.12764975E+00 1.12765235E+00 1.12765528E+00 1.12765856E+00 1.12766221E+00 1.12766623E+00 1.12767066E+00 1.12767549E+00 1.12768074E+00 1.12768641E+00 1.12769249E+00 1.12769897E+00 1.12770583E+00 1.12771302E+00 1.12772046E+00 1.12772810E+00 1.12773582E+00 1.12774349E+00 1.12775090E+00 1.12775787E+00 1.12776407E+00 1.12776924E+00 1.12777288E+00 1.12777463E+00 1.12777378E+00 1.12776975E+00 1.12776158E+00 1.12774853E+00 1.12772923E+00 1.12770268E+00 1.12766706E+00 1.12762101E+00 1.12756210E+00 1.12748860E+00 1.12739728E+00 1.12728585E+00 1.12715031E+00 1.12698775E+00 1.12679290E+00 1.12656230E+00 1.12628934E+00 1.12596946E+00 1.12559458E+00 1.12515922E+00 1.12465353E+00 1.12407103E+00 1.12339967E+00 1.12263175E+00 1.12175304E+00 1.12075494E+00 1.11962023E+00 1.11833772E+00 1.11688952E+00 1.11526411E+00 1.11343831E+00 1.11139850E+00 1.10912135E+00 1.10659221E+00 1.10380925E+00 1.10073712E+00 1.09767793E+00 1.09434868E+00 1.09115980E+00 1.08773126E+00 1.08448755E+00 1.08104170E+00 1.07782081E+00 1.07443018E+00 1.07127758E+00 1.06798397E+00 1.06495438E+00 1.06181132E+00 1.05893508E+00 1.05596818E+00 1.05326799E+00 1.05049644E+00 1.04798554E+00 1.04542049E+00 1.04310712E+00 1.04075014E+00 1.03862938E+00 1.03647726E+00 1.03440048E+00 1.03229722E+00 1.03016460E+00 1.02800786E+00 1.02583627E+00 1.02364294E+00 1.02142279E+00 1.01919681E+00 1.01699073E+00 1.01475515E+00 1.01245017E+00 1.01020805E+00 1.00823999E+00 1.00630994E+00 1.00361768E+00 1.00000000E+00
1.13906992E+00 1.13909177E+00 1.13911478E+00 1.13912960E+00 1.13913667E+00 1.13913888E+00 1.13913958E+00 1.13914103E+00 1.13914249E+00 1.13914343E+00 1.13914371E+00 1.13914358E+00 1.13914333E+00 1.13914318E+00 1.13914310E+00 1.13914311E+00 1.13914322E+00 1.13914347E+00 1.13914389E+00 1.13914450E+00 1.13914531E+00 1.13914633E+00 1.13914759E+00 1.13914909E+00 1.13915086E+00 1.13915291E+00 1.13915525E+00 1.13915792E+00 1.13916092E+00 1.13916427E+00 1.13916800E+00 1.13917214E+00 1.13917670E+00 1.13918168E+00 1.13918710E+00 1.13919299E+00 1.13919933E+00 1.13920611E+00 1.13921332E+00 1.13922093E+00 1.13922888E+00 1.13923711E+00 1.13924552E+00 1.13925401E+00 1.13926242E+00 1.13927052E+00 1.13927811E+00 1.13928482E+00 1.13929037E+00 1.13929422E+00 1.13929598E+00 1.13929486E+00 1.13929024E+00 1.13928107E+00 1.13926654E+00 1.13924519E+00 1.13921595E+00 1.13917686E+00 1.13912643E+00 1.13906205E+00 1.13898190E+00 1.13888245E+00 1.13876127E+00 1.13861410E+00 1.13843784E+00 1.13822690E+00 1.13797762E+00 1.13768295E+00 1.13733796E+00 1.13693398E+00 1.13646532E+00 1.13592156E+00 1.13529590E+00 1.13457534E+00 1.13375185E+00 1.13281051E+00 1.13174233E+00 1.13052882E+00 1.12915795E+00 1.12761108E+00 1.12587645E+00 1.12392900E+00 1.12175413E+00 1.11932748E+00 1.11663424E+00 1.11367260E+00 1.11040484E+00 1.10715117E+00 1.10361188E+00 1.10022223E+00 1.09657742E+00 1.09312827E+00 1.08946690E+00 1.08604848E+00 1.08244651E+00 1.07908913E+00 1.07558231E+00 1.07235969E+00 1.06901298E+00 1.06594474E+00 1.06278025E+00 1.05990284E+00 1.05694577E+00 1.05426022E+00 1.05150986E+00 1.04902244E+00 1.04648730E+00 1.04420831E+00 1.04189094E+00 1.03964707E+00 1.03736101E+00 1.03503099E+00 1.03267612E+00 1.03030338E+00 1.02788097E+00 1.02540487E+00 1.02292107E+00 1.02044245E+00 1.01785802E+00 1.01514006E+00 1.01250710E+00 1.01013378E+00 1.00766307E+00 1.00431121E+00 1.00000000E+00
1.15800572E+00 1.15801564E+00 1.15802300E+00 1.15802788E+00 1.15803081E+00 1.15803267E+00 1.15803378E+00 1.15803453E+00 1.15803492E+00 1.15803513E+00 1.15803521E+00 1.15803528E+00 1.15803538E+00 1.15803556E+00 1.15803584E+00 1.15803625E+00 1.15803680E+00 1.15803751E+00 1.15803841E+00 1.15803950E+00 1.15804081E+00 1.15804234E+00 1.15804413E+00 1.15804618E+00 1.15804852E+00 1.15805117E+00 1.15805416E+00 1.15805751E+00 1.15806123E+00 1.15806537E+00 1.15806992E+00 1.15807494E+00 1.15808044E+00 1.15808642E+00 1.15809289E+00 1.15809989E+00 1.15810740E+00 1.15811539E+00 1.15812386E+00 1.15813275E+00 1.15814201E+00 1.15815153E+00 1.15816123E+00 1.15817096E+00 1.15818054E+00 1.15818970E+00 1.15819819E+00 1.15820559E+00 1.15821157E+00 1.15821551E+00 1.15821696E+00 1.15821501E+00 1.15820893E+00 1.15819754E+00 1.15817995E+00 1.15815448E+00 1.15811994E+00 1.15807410E+00 1.15801532E+00 1.15794065E+00 1.15784807E+00 1.15773362E+00 1.15759460E+00 1.15742630E+00 1.15722536E+00 1.15698558E+00 1.15670298E+00 1.15636974E+00 1.15598041E+00 1.15552543E+00 1.15499865E+00 1.15438879E+00 1.15368845E+00 1.15288331E+00 1.15196478E+00 1.15091679E+00 1.14972951E+00 1.14838257E+00 1.14686302E+00 1.14515115E+00 1.14323426E+00 1.14108431E+00 1.13868575E+00 1.13601294E+00 1.13304973E+00 1.12979351E+00 1.12620378E+00 1.12263249E+00 1.11874798E+00 1.11502422E+00 1.11101907E+00 1.10722911E+00 1.10320796E+00 1.09945445E+00 1.09548788E+00 1.09177685E+00 1.08790187E+00 1.08434098E+00 1.08063050E+00 1.07721555E+00 1.07369430E+00 1.07049737E+00 1.06720026E+00 1.06418793E+00 1.06108724E+00 1.05827191E+00 1.05540290E+00 1.05282663E+00 1.05019658E+00 1.04763284E+00 1.04499978E+00 1.04230209E+00 1.03957773E+00 1.03682663E+00 1.03398666E+00 1.03105787E+00 1.02811576E+00 1.02516297E+00 1.02203765E+00 1.01871603E+00 1.01548012E+00 1.01249557E+00 1.00932671E+00 1.00516961E+00 1.00000000E+00
1.18250728E+00 1.18251946E+00 1.18252832E+00 1.18253491E+00 1.18253954E+00 1.18254289E+00 1.18254519E+00 1.18254687E+00 1.18254804E+00 1.18254893E+00 1.18254962E+00 1.18255024E+00 1.18255083E+00 1.18255147E+00 1.18255219E+00 1.18255303E+00 1.18255402E+00 1.18255520E+00 1.18255657E+00 1.18255817E+00 1.18256001E+00 1.18256214E+00 1.18256455E+00 1.18256730E+00 1.18257039E+00 1.18257386E+00 1.18257773E+00 1.18258205E+00 1.18258682E+00 1.18259207E+00 1.18259784E+00 1.18260416E+00 1.18261104E+00 1.18261849E+00 1.18262652E+00 1.18263516E+00 1.18264438E+00 1.18265415E+00 1.18266444E+00 1.18267520E+00 1.18268633E+00 1.18269771E+00 1.18270922E+00 1.18272068E+00 1.18273187E+00 1.18274244E+00 1.18275209E+00 1.18276032E+00 1.18276673E+00 1.18277056E+00 1.18277129E+00 1.18276783E+00 1.18275930E+00 1.18274433E+00 1.18272189E+00 1.18269002E+00 1.18264735E+00 1.18259126E+00 1.18251986E+00 1.18242978E+00 1.18231870E+00 1.18218204E+00 1.18201675E+00 1.18181753E+00 1.18158061E+00 1.18129900E+00 1.18096820E+00 1.18057937E+00 1.18012639E+00 1.17959851E+00 1.17898893E+00 1.17828517E+00 1.17747911E+00 1.17655481E+00 1.17550290E+00 1.17430560E+00 1.17295187E+00 1.17141886E+00 1.16969303E+00 1.16775348E+00 1.16558546E+00 1.16315678E+00 1.16045136E+00 1.15744210E+00 1.15410996E+00 1.15045042E+00 1.14642049E+00 1.14241663E+00 1.13805987E+00 1.13387616E+00 1.12937561E+00 1.12511815E+00 1.12060117E+00 1.11638343E+00 1.11191169E+00 1.10771211E+00 1.10332730E+00 1.09929614E+00 1.09508059E+00 1.09118653E+00 1.08717369E+00 1.08353687E+00 1.07977230E+00 1.07631132E+00 1.07273248E+00 1.06947341E+00 1.06615403E+00 1.06317692E+00 1.06012837E+00 1.05714013E+00 1.05405350E+00 1.05087973E+00 1.04767537E+00 1.04443508E+00 1.04106947E+00 1.03757913E+00 1.03406550E+00 1.03052916E+00 1.02677226E+00 1.02275805E+00 1.01881038E+00 1.01511292E+00 1.01117962E+00 1.00614124E+00 1.00000000E+00
1.21117441E+00 1.21118883E+00 1.21119960E+00 1.21120782E+00 1.21121387E+00 1.21121847E+00 1.21122186E+00 1.21122446E+00 1.21122644E+00 1.21122805E+00 1.21122939E+00 1.21123060E+00 1.21123175E+00 1.21123294E+00 1.21123420E+00 1.21123560E+00 1.21123716E+00 1.21123895E+00 1.21124097E+00 1.21124327E+00 1.21124588E+00 1.21124883E+00 1.21125215E+00 1.21125588E+00 1.21126005E+00 1.21126469E+00 1.21126983E+00 1.21127551E+00 1.21128176E+00 1.21128860E+00 1.21129607E+00 1.21130421E+00 1.21131302E+00 1.21132252E+00 1.21133270E+00 1.21134359E+00 1.21135515E+00 1.21136732E+00 1.21138006E+00 1.21139329E+00 1.21140690E+00 1.21142069E+00 1.21143454E+00 1.21144819E+00 1.21146137E+00 1.21147362E+00 1.21148459E+00 1.21149363E+00 1.21150025E+00 1.21150355E+00 1.21150288E+00 1.21149689E+00 1.21148454E+00 1.21146418E+00 1.21143461E+00 1.21139352E+00 1.21133926E+00 1.21126873E+00 1.21117971E+00 1.21106830E+00 1.21093177E+00 1.21076475E+00 1.21056379E+00 1.21032285E+00 1.21003763E+00 1.20970013E+00 1.20930522E+00 1.20884277E+00 1.20830585E+00 1.20768228E+00 1.20696446E+00 1.20613839E+00 1.20519520E+00 1.20411715E+00 1.20289381E+00 1.20150525E+00 1.19993881E+00 1.19816883E+00 1.19618158E+00 1.19395499E+00 1.19147106E+00 1.18869237E+00 1.18560287E+00 1.18217378E+00 1.17838190E+00 1.17422016E+00 1.16964322E+00 1.16510335E+00 1.16016146E+00 1.15540830E+00 1.15029618E+00 1.14546317E+00 1.14033532E+00 1.13554601E+00 1.13045648E+00 1.12566271E+00 1.12065694E+00 1.11605397E+00 1.11122877E+00 1.10676006E+00 1.10215788E+00 1.09799382E+00 1.09367368E+00 1.08968415E+00 1.08554621E+00 1.08177072E+00 1.07792653E+00 1.07448183E+00 1.07094919E+00 1.06747527E+00 1.06387641E+00 1.06016736E+00 1.05642019E+00 1.05262819E+00 1.04868083E+00 1.04457406E+00 1.04042884E+00 1.03625068E+00 1.03181876E+00 1.02706944E+00 1.02235230E+00 1.01788931E+00 1.01315949E+00 1.00719266E+00 1.00000000E+00
1.12721089E+00 1.12720762E+00 1.12720846E+00 1.12721111E+00 1.12721306E+00 1.12721301E+00 1.12721187E+00 1.12721060E+00 1.12720953E+00 1.12720876E+00 1.12720811E+00 1.12720748E+00 1.12720694E+00 1.12720653E+00 1.12720628E+00 1.12720620E+00 1.12720627E+00 1.12720650E+00 1.12720690E+00 1.12720747E+00 1.12720822E+00 1.12720915E+00 1.12721029E+00 1.12721164E+00 1.12721320E+00 1.12721501E+00 1.12721707E+00 1.12721941E+00 1.12722204E+00 1.12722498E+00 1.12722824E+00 1.12723186E+00 1.12723583E+00 1.12724019E+00 1.12724494E+00 1.12725008E+00 1.12725562E+00 1.12726155E+00 1.12726785E+00 1.12727450E+00 1.12728144E+00 1.12728862E+00 1.12729595E+00 1.12730332E+00 1.12731059E+00 1.12731756E+00 1.12732403E+00 1.12732967E+00 1.12733423E+00 1.12733720E+00 1.12733819E+00 1.12733650E+00 1.12733155E+00 1.12732240E+00 1.12730828E+00 1.12728783E+00 1.12726003E+00 1.12722307E+00 1.12717559E+00 1.12711518E+00 1.12704011E+00 1.12694718E+00 1.12683416E+00 1.12669704E+00 1.12653290E+00 1.12633657E+00 1.12610453E+00 1.12583029E+00 1.12550938E+00 1.12513392E+00 1.12469846E+00 1.12419329E+00 1.12361185E+00 1.12294259E+00 1.12217789E+00 1.12130367E+00 1.12031124E+00 1.11918397E+00 1.11791121E+00 1.11647560E+00 1.11486496E+00 1.11305705E+00 1.11103901E+00 1.10878818E+00 1.10628911E+00 1.10354047E+00 1.10050687E+00 1.09748910E+00 1.09420494E+00 1.09105890E+00 1.08767694E+00 1.08447972E+00 1.08108184E+00 1.07790127E+00 1.07455017E+00 1.07143798E+00 1.06818678E+00 1.06519202E+00 1.06208163E+00 1.05923262E+00 1.05629027E+00 1.05360991E+00 1.05085531E+00 1.04835662E+00 1.04579952E+00 1.04348949E+00 1.04113247E+00 1.03900837E+00 1.03684869E+00 1.03475858E+00 1.03263772E+00 1.03048537E+00 1.02830165E+00 1.02609044E+00 1.02385301E+00 1.02158770E+00 1.01929812E+00 1.01699947E+00 1.01469246E+00 1.01235323E+00 1.01001423E+00 1.00784510E+00 1.00579415E+00 1.00325336E+00 1.00000000E+00
1.12811381E+00 1.12811473E+00 1.12811540E+00 1.12811708E+00 1.12811878E+00 1.12811979E+00 1.12812002E+00 1.12811968E+00 1.12811913E+00 1.12811866E+00 1.12811825E+00 1.12811791E+00 1.12811763E+00 1.12811744E+00 1.12811735E+00 1.12811740E+00 1.12811759E+00 1.12811793E+00 1.12811842E+00 1.12811907E+00 1.12811990E+00 1.12812091E+00 1.12812210E+00 1.12812351E+00 1.12812514E+00 1.12812701E+00 1.12812913E+00 1.12813153E+00 1.12813423E+00 1.12813723E+00 1.12814057E+00 1.12814427E+00 1.12814833E+00 1.12815278E+00 1.12815763E+00 1.12816289E+00 1.12816856E+00 1.12817463E+00 1.12818109E+00 1.12818791E+00 1.12819505E+00 1.12820243E+00 1.12820999E+00 1.12821761E+00 1.12822517E+00 1.12823243E+00 1.12823923E+00 1.12824524E+00 1.12825018E+00 1.12825355E+00 1.12825499E+00 1.12825377E+00 1.12824933E+00 1.12824070E+00 1.12822712E+00 1.12820721E+00 1.12817999E+00 1.12814361E+00 1.12809671E+00 1.12803685E+00 1.12796230E+00 1.12786983E+00 1.12775716E+00 1.12762026E+00 1.12745622E+00 1.12725979E+00 1.12702748E+00 1.12675267E+00 1.12643084E+00 1.12605395E+00 1.12561655E+00 1.12510878E+00 1.12452409E+00 1.12385061E+00 1.12308063E+00 1.12219999E+00 1.12119999E+00 1.12006360E+00 1.11877979E+00 1.11733083E+00 1.11570491E+00 1.11387914E+00 1.11184022E+00 1.10956514E+00 1.10703890E+00 1.10425961E+00 1.10119189E+00 1.09813866E+00 1.09481611E+00 1.09163340E+00 1.08821203E+00 1.08497690E+00 1.08153988E+00 1.07832475E+00 1.07493896E+00 1.07179318E+00 1.06850723E+00 1.06548307E+00 1.06234446E+00 1.05947133E+00 1.05650628E+00 1.05380701E+00 1.05103532E+00 1.04852320E+00 1.04595524E+00 1.04363771E+00 1.04127525E+00 1.03914873E+00 1.03698925E+00 1.03490273E+00 1.03278772E+00 1.03064272E+00 1.02847104E+00 1.02627915E+00 1.02406295E+00 1.02182025E+00 1.01956447E+00 1.01731424E+00 1.01503700E+00 1.01270553E+00 1.01041380E+00 1.00833562E+00 1.00629372E+00 1.00357474E+00 1.00000000E+00
1.13656261E+00 1.13657521E+00 1.13658317E+00 1.13658783E+00 1.13659062E+00 1.13659281E+00 1.13659436E+00 1.13659534E+00 1.13659576E+00 1.13659584E+00 1.13659576E+00 1.13659566E+00 1.13659556E+00 1.13659551E+00 1.13659553E+00 1.13659565E+00 1.13659590E+00 1.13659630E+00 1.13659685E+00 1.13659757E+00 1.13659848E+00 1.13659959E+00 1.13660091E+00 1.13660246E+00 1.13660425E+00 1.13660630E+00 1.13660864E+00 1.13661127E+00 1.13661423E+00 1.13661752E+00 1.13662118E+00 1.13662522E+00 1.13662966E+00 1.13663452E+00 1.13663980E+00 1.13664553E+00 1.13665169E+00 1.13665828E+00 1.13666527E+00 1.13667265E+00 1.13668036E+00 1.13668833E+00 1.13669647E+00 1.13670466E+00 1.13671276E+00 1.13672053E+00 1.13672778E+00 1.13673416E+00 1.13673937E+00 1.13674288E+00 1.13674430E+00 1.13674285E+00 1.13673792E+00 1.13672848E+00 1.13671375E+00 1.13669224E+00 1.13666292E+00 1.13662383E+00 1.13657352E+00 1.13650942E+00 1.13642969E+00 1.13633091E+00 1.13621068E+00 1.13606478E+00 1.13589015E+00 1.13568126E+00 1.13543447E+00 1.13514282E+00 1.13480150E+00 1.13440209E+00 1.13393892E+00 1.13340169E+00 1.13278355E+00 1.13207196E+00 1.13125900E+00 1.13032988E+00 1.12927560E+00 1.12807817E+00 1.12672597E+00 1.12520065E+00 1.12349017E+00 1.12157028E+00 1.11942706E+00 1.11703681E+00 1.11438420E+00 1.11146721E+00 1.10824873E+00 1.10504600E+00 1.10156210E+00 1.09822527E+00 1.09463850E+00 1.09124730E+00 1.08764618E+00 1.08427925E+00 1.08073137E+00 1.07743073E+00 1.07398419E+00 1.07081391E+00 1.06752131E+00 1.06450404E+00 1.06139080E+00 1.05855814E+00 1.05564661E+00 1.05300351E+00 1.05029693E+00 1.04785000E+00 1.04535540E+00 1.04311132E+00 1.04082873E+00 1.03861850E+00 1.03636802E+00 1.03407762E+00 1.03176080E+00 1.02942151E+00 1.02703615E+00 1.02460641E+00 1.02216497E+00 1.01972170E+00 1.01719264E+00 1.01456200E+00 1.01199315E+00 1.00963260E+00 1.00720755E+00 1.00403095E+00 1.00000000E+00
1.15097615E+00 1.15098664E+00 1.15099431E+00 1.15099971E+00 1.15100325E+00 1.15100568E+00 1.15100727E+00 1.15100839E+00 1.15100910E+00 1.15100959E+00 1.15100992E+00 1.15101019E+00 1.15101045E+00 1.15101076E+00 1.15101113E+00 1.15101161E+00 1.15101220E+00 1.15101293E+00 1.15101382E+00 1.15101488E+00 1.15101613E+00 1.15101759E+00 1.15101927E+00 1.15102121E+00 1.15102340E+00 1.15102589E+00 1.15102868E+00 1.15103182E+00 1.15103531E+00 1.15103918E+00 1.15104345E+00 1.15104815E+00 1.15105330E+00 1.15105891E+00 1.15106499E+00 1.15107155E+00 1.15107860E+00 1.15108610E+00 1.15109405E+00 1.15110240E+00 1.15111110E+00 1.15112005E+00 1.15112916E+00 1.15113828E+00 1.15114726E+00 1.15115582E+00 1.15116373E+00 1.15117060E+00 1.15117610E+00 1.15117962E+00 1.15118074E+00 1.15117856E+00 1.15117241E+00 1.15116115E+00 1.15114391E+00 1.15111907E+00 1.15108546E+00 1.15104093E+00 1.15098388E+00 1.15091149E+00 1.15082176E+00 1.15071092E+00 1.15057636E+00 1.15041351E+00 1.15021907E+00 1.14998703E+00 1.14971345E+00 1.14939077E+00 1.14901379E+00 1.14857342E+00 1.14806359E+00 1.14747323E+00 1.14679504E+00 1.14601546E+00 1.14512612E+00 1.14411121E+00 1.14296111E+00 1.14165639E+00 1.14018468E+00 1.13852670E+00 1.13666964E+00 1.13458713E+00 1.13226456E+00 1.12967707E+00 1.12680815E+00 1.12365525E+00 1.12017880E+00 1.11672139E+00 1.11296090E+00 1.10935742E+00 1.10548394E+00 1.10182209E+00 1.09793417E+00 1.09429881E+00 1.09045999E+00 1.08688011E+00 1.08314332E+00 1.07970506E+00 1.07612497E+00 1.07283592E+00 1.06944333E+00 1.06635904E+00 1.06317913E+00 1.06028037E+00 1.05730064E+00 1.05459911E+00 1.05184621E+00 1.04937199E+00 1.04684715E+00 1.04439130E+00 1.04187410E+00 1.03930214E+00 1.03670526E+00 1.03408116E+00 1.03137923E+00 1.02860812E+00 1.02582768E+00 1.02303918E+00 1.02010885E+00 1.01702887E+00 1.01402555E+00 1.01123441E+00 1.00831550E+00 1.00458646E+00 1.00000000E+00
1.17016865E+00 1.17018157E+00 1.17019125E+00 1.17019863E+00 1.17020406E+00 1.17020817E+00 1.17021118E+00 1.17021348E+00 1.17021521E+00 1.17021658E+00 1.17021767E+00 1.17021862E+00 1.17021948E+00 1.17022032E+00 1.17022119E+00 1.17022212E+00 1.17022315E+00 1.17022431E+00 1.17022563E+00 1.17022713E+00 1.17022884E+00 1.17023078E+00 1.17023297E+00 1.17023545E+00 1.17023824E+00 1.17024136E+00 1.17024484E+00 1.17024872E+00 1.17025301E+00 1.17025774E+00 1.17026294E+00 1.17026864E+00 1.17027485E+00 1.17028159E+00 1.17028886E+00 1.17029668E+00 1.17030505E+00 1.17031391E+00 1.17032326E+00 1.17033304E+00 1.17034318E+00 1.17035354E+00 1.17036404E+00 1.17037448E+00 1.17038468E+00 1.17039430E+00 1.17040307E+00 1.17041052E+00 1.17041628E+00 1.17041963E+00 1.17042007E+00 1.17041657E+00 1.17040834E+00 1.17039409E+00 1.17037282E+00 1.17034267E+00 1.17030233E+00 1.17024933E+00 1.17018187E+00 1.17009677E+00 1.16999178E+00 1.16986263E+00 1.16970644E+00 1.16951812E+00 1.16929402E+00 1.16902743E+00 1.16871401E+00 1.16834536E+00 1.16791572E+00 1.16741507E+00 1.16683678E+00 1.16616873E+00 1.16540297E+00 1.16452466E+00 1.16352475E+00 1.16238595E+00 1.16109771E+00 1.15963871E+00 1.15799593E+00 1.15614892E+00 1.15408321E+00 1.15176948E+00 1.14919254E+00 1.14632590E+00 1.14315072E+00 1.13966338E+00 1.13582151E+00 1.13200408E+00 1.12785081E+00 1.12386703E+00 1.11958515E+00 1.11553801E+00 1.11124000E+00 1.10722011E+00 1.10296480E+00 1.09898568E+00 1.09483347E+00 1.09101120E+00 1.08701978E+00 1.08334355E+00 1.07955532E+00 1.07611627E+00 1.07255842E+00 1.06929965E+00 1.06593762E+00 1.06288291E+00 1.05977412E+00 1.05698435E+00 1.05413003E+00 1.05134202E+00 1.04846906E+00 1.04552498E+00 1.04255830E+00 1.03956100E+00 1.03645481E+00 1.03325291E+00 1.03004334E+00 1.02682325E+00 1.02341773E+00 1.01981743E+00 1.01629876E+00 1.01300144E+00 1.00953973E+00 1.00521015E+00 1.00000000E+00
1.19319016E+00 1.19320559E+00 1.19321759E+00 1.19322708E+00 1.19323443E+00 1.19324027E+00 1.19324482E+00 1.19324847E+00 1.19325139E+00 1.19325381E+00 1.19325584E+00 1.19325762E+00 1.19325923E+00 1.19326077E+00 1.19326229E+00 1.19326384E+00 1.19326548E+00 1.19326724E+00 1.19326917E+00 1.19327130E+00 1.19327367E+00 1.19327630E+00 1.19327924E+00 1.19328251E+00 1.19328615E+00 1.19329019E+00 1.19329466E+00 1.19329961E+00 1.19330504E+00 1.19331101E+00 1.19331752E+00 1.19332462E+00 1.19333233E+00 1.19334065E+00 1.19334958E+00 1.19335914E+00 1.19336931E+00 1.19338003E+00 1.19339128E+00 1.19340298E+00 1.19341502E+00 1.19342726E+00 1.19343956E+00 1.19345167E+00 1.19346338E+00 1.19347426E+00 1.19348399E+00 1.19349198E+00 1.19349780E+00 1.19350058E+00 1.19349972E+00 1.19349398E+00 1.19348244E+00 1.19346360E+00 1.19343627E+00 1.19339830E+00 1.19334814E+00 1.19328291E+00 1.19320055E+00 1.19309739E+00 1.19297086E+00 1.19281605E+00 1.19262970E+00 1.19240609E+00 1.19214107E+00 1.19182705E+00 1.19145915E+00 1.19102786E+00 1.19052679E+00 1.18994473E+00 1.18927432E+00 1.18850208E+00 1.18761937E+00 1.18660981E+00 1.18546340E+00 1.18416094E+00 1.18269068E+00 1.18102905E+00 1.17916260E+00 1.17706950E+00 1.17473261E+00 1.17211878E+00 1.16921266E+00 1.16598558E+00 1.16241537E+00 1.15849726E+00 1.15418579E+00 1.14990709E+00 1.14525073E+00 1.14078072E+00 1.13597873E+00 1.13144250E+00 1.12662418E+00 1.12211794E+00 1.11733967E+00 1.11286168E+00 1.10819061E+00 1.10389057E+00 1.09939102E+00 1.09523915E+00 1.09096689E+00 1.08709582E+00 1.08308130E+00 1.07938971E+00 1.07557117E+00 1.07209694E+00 1.06856610E+00 1.06540310E+00 1.06216264E+00 1.05898835E+00 1.05570656E+00 1.05233667E+00 1.04894507E+00 1.04552063E+00 1.04196055E+00 1.03827849E+00 1.03458746E+00 1.03088502E+00 1.02696499E+00 1.02280815E+00 1.01872853E+00 1.01488119E+00 1.01084879E+00 1.00588625E+00 1.00000000E+00
1.12833097E+00 1.12832930E+00 1.12833166E+00 1.12833534E+00 1.12833793E+00 1.12833832E+00 1.12833756E+00 1.12833672E+00 1.12833604E+00 1.12833560E+00 1.12833520E+00 1.12833479E+00 1.12833443E+00 1.12833419E+00 1.12833408E+00 1.12833412E+00 1.12833430E+00 1.12833462E+00 1.12833510E+00 1.12833574E+00 1.12833656E+00 1.12833756E+00 1.12833875E+00 1.12834015E+00 1.12834176E+00 1.12834362E+00 1.12834572E+00 1.12834810E+00 1.12835077E+00 1.12835375E+00 1.12835706E+00 1.12836071E+00 1.12836473E+00 1.12836912E+00 1.12837391E+00 1.12837909E+00 1.12838466E+00 1.12839062E+00 1.12839695E+00 1.12840361E+00 1.12841058E+00 1.12841776E+00 1.12842510E+00 1.12843245E+00 1.12843969E+00 1.12844661E+00 1.12845301E+00 1.12845857E+00 1.12846301E+00 1.12846582E+00 1.12846662E+00 1.12846468E+00 1.12845944E+00 1.12844994E+00 1.12843541E+00 1.12841445E+00 1.12838607E+00 1.12834843E+00 1.12830015E+00 1.12823883E+00 1.12816270E+00 1.12806857E+00 1.12795418E+00 1.12781551E+00 1.12764962E+00 1.12745132E+00 1.12721709E+00 1.12694039E+00 1.12661676E+00 1.12623830E+00 1.12579954E+00 1.12529075E+00 1.12470534E+00 1.12403179E+00 1.12326240E+00 1.12238314E+00 1.12138526E+00 1.12025216E+00 1.11897324E+00 1.11753107E+00 1.11591339E+00 1.11409810E+00 1.11207238E+00 1.10981349E+00 1.10730598E+00 1.10454856E+00 1.10150566E+00 1.09847936E+00 1.09518608E+00 1.09203156E+00 1.08864082E+00 1.08543569E+00 1.08202932E+00 1.07884036E+00 1.07548009E+00 1.07235995E+00 1.06910024E+00 1.06609680E+00 1.06297693E+00 1.06011882E+00 1.05716635E+00 1.05447629E+00 1.05171095E+00 1.04920183E+00 1.04663310E+00 1.04431156E+00 1.04194200E+00 1.03980594E+00 1.03763313E+00 1.03552900E+00 1.03339244E+00 1.03122280E+00 1.02902013E+00 1.02678736E+00 1.02452547E+00 1.02223329E+00 1.01991295E+00 1.01757583E+00 1.01522323E+00 1.01283546E+00 1.01043421E+00 1.00816299E+00 1.00600175E+00 1.00336469E+00 1.00000000E+00
1.12874439E+00 1.12874458E+00 1.12874688E+00 1.12875015E+00 1.12875266E+00 1.12875356E+00 1.12875345E+00 1.12875305E+00 1.12875266E+00 1.12875241E+00 1.12875218E+00 1.12875195E+00 1.12875176E+00 1.12875165E+00 1.12875166E+00 1.12875179E+00 1.12875206E+00 1.12875246E+00 1.12875301E+00 1.12875371E+00 1.12875458E+00 1.12875563E+00 1.12875686E+00 1.12875830E+00 1.12875996E+00 1.12876185E+00 1.12876400E+00 1.12876642E+00 1.12876913E+00 1.12877215E+00 1.12877550E+00 1.12877920E+00 1.12878327E+00 1.12878772E+00 1.12879256E+00 1.12879781E+00 1.12880346E+00 1.12880951E+00 1.12881593E+00 1.12882270E+00 1.12882978E+00 1.12883709E+00 1.12884457E+00 1.12885208E+00 1.12885950E+00 1.12886661E+00 1.12887322E+00 1.12887900E+00 1.12888369E+00 1.12888676E+00 1.12888786E+00 1.12888623E+00 1.12888133E+00 1.12887218E+00 1.12885801E+00 1.12883743E+00 1.12880946E+00 1.12877222E+00 1.12872437E+00 1.12866346E+00 1.12858774E+00 1.12849398E+00 1.12837992E+00 1.12824150E+00 1.12807582E+00 1.12787761E+00 1.12764337E+00 1.12736651E+00 1.12704250E+00 1.12666338E+00 1.12622367E+00 1.12571355E+00 1.12512642E+00 1.12445056E+00 1.12367826E+00 1.12279540E+00 1.12179324E+00 1.12065491E+00 1.11936962E+00 1.11791970E+00 1.11629308E+00 1.11446729E+00 1.11242927E+00 1.11015611E+00 1.10763260E+00 1.10485704E+00 1.10179389E+00 1.09874662E+00 1.09543067E+00 1.09225444E+00 1.08884047E+00 1.08561329E+00 1.08218422E+00 1.07897498E+00 1.07559442E+00 1.07245510E+00 1.06917581E+00 1.06615595E+00 1.06302054E+00 1.06014938E+00 1.05718494E+00 1.05448525E+00 1.05171164E+00 1.04919648E+00 1.04662348E+00 1.04429972E+00 1.04192948E+00 1.03979462E+00 1.03762484E+00 1.03552583E+00 1.03339603E+00 1.03123471E+00 1.02904369E+00 1.02682727E+00 1.02458340E+00 1.02231131E+00 1.02001843E+00 1.01771820E+00 1.01539197E+00 1.01301984E+00 1.01065828E+00 1.00844771E+00 1.00629082E+00 1.00354949E+00 1.00000000E+00
1.13390948E+00 1.13391582E+00 1.13392138E+00 1.13392590E+00 1.13392896E+00 1.13393065E+00 1.13393140E+00 1.13393177E+00 1.13393190E+00 1.13393197E+00 1.13393194E+00 1.13393188E+00 1.13393183E+00 1.13393183E+00 1.13393193E+00 1.13393213E+00 1.13393246E+00 1.13393292E+00 1.13393352E+00 1.13393429E+00 1.13393523E+00 1.13393635E+00 1.13393767E+00 1.13393921E+00 1.13394098E+00 1.13394300E+00 1.13394528E+00 1.13394785E+00 1.13395073E+00 1.13395393E+00 1.13395748E+00 1.13396140E+00 1.13396571E+00 1.13397042E+00 1.13397553E+00 1.13398107E+00 1.13398703E+00 1.13399340E+00 1.13400016E+00 1.13400728E+00 1.13401472E+00 1.13402239E+00 1.13403022E+00 1.13403808E+00 1.13404584E+00 1.13405326E+00 1.13406015E+00 1.13406616E+00 1.13407101E+00 1.13407416E+00 1.13407522E+00 1.13407343E+00 1.13406820E+00 1.13405852E+00 1.13404359E+00 1.13402197E+00 1.13399263E+00 1.13395364E+00 1.13390358E+00 1.13383992E+00 1.13376085E+00 1.13366301E+00 1.13354407E+00 1.13339985E+00 1.13322733E+00 1.13302108E+00 1.13277749E+00 1.13248974E+00 1.13215315E+00 1.13175950E+00 1.13130317E+00 1.13077403E+00 1.13016529E+00 1.12946484E+00 1.12866481E+00 1.12775066E+00 1.12671344E+00 1.12553571E+00 1.12420629E+00 1.12270712E+00 1.12102597E+00 1.11913955E+00 1.11703444E+00 1.11468730E+00 1.11208263E+00 1.10921867E+00 1.10605881E+00 1.10291587E+00 1.09949678E+00 1.09622223E+00 1.09270302E+00 1.08937687E+00 1.08584368E+00 1.08253784E+00 1.07905444E+00 1.07581783E+00 1.07243799E+00 1.06932641E+00 1.06609452E+00 1.06313362E+00 1.06007714E+00 1.05729457E+00 1.05443406E+00 1.05183800E+00 1.04917963E+00 1.04677665E+00 1.04432591E+00 1.04211948E+00 1.03987462E+00 1.03770088E+00 1.03548908E+00 1.03324031E+00 1.03096283E+00 1.02865908E+00 1.02631404E+00 1.02393095E+00 1.02152923E+00 1.01911747E+00 1.01664156E+00 1.01409094E+00 1.01156874E+00 1.00919667E+00 1.00681276E+00 1.00380276E+00 1.00000000E+00
1.14299895E+00 1.14300944E+00 1.14301682E+00 1.14302216E+00 1.14302586E+00 1.14302852E+00 1.14303033E+00 1.14303159E+00 1.14303243E+00 1.14303304E+00 1.14303347E+00 1.14303383E+00 1.14303416E+00 1.14303452E+00 1.14303492E+00 1.14303540E+00 1.14303599E+00 1.14303669E+00 1.14303753E+00 1.14303852E+00 1.14303968E+00 1.14304103E+00 1.14304259E+00 1.14304437E+00 1.14304639E+00 1.14304868E+00 1.14305125E+00 1.14305413E+00 1.14305734E+00 1.14306090E+00 1.14306484E+00 1.14306918E+00 1.14307392E+00 1.14307910E+00 1.14308472E+00 1.14309079E+00 1.14309730E+00 1.14310425E+00 1.14311161E+00 1.14311934E+00 1.14312740E+00 1.14313569E+00 1.14314413E+00 1.14315258E+00 1.14316088E+00 1.14316879E+00 1.14317608E+00 1.14318239E+00 1.14318739E+00 1.14319051E+00 1.14319134E+00 1.14318904E+00 1.14318297E+00 1.14317206E+00 1.14315545E+00 1.14313159E+00 1.14309938E+00 1.14305675E+00 1.14300219E+00 1.14293301E+00 1.14284727E+00 1.14274140E+00 1.14261292E+00 1.14245741E+00 1.14227170E+00 1.14205001E+00 1.14178855E+00 1.14148009E+00 1.14111971E+00 1.14069873E+00 1.14021126E+00 1.13964666E+00 1.13899780E+00 1.13825193E+00 1.13740089E+00 1.13642938E+00 1.13532808E+00 1.13407865E+00 1.13266939E+00 1.13108160E+00 1.12930252E+00 1.12730755E+00 1.12508285E+00 1.12260421E+00 1.11985530E+00 1.11683413E+00 1.11350241E+00 1.11018987E+00 1.10658677E+00 1.10313531E+00 1.09942626E+00 1.09592113E+00 1.09219799E+00 1.08871435E+00 1.08503883E+00 1.08161912E+00 1.07804955E+00 1.07476249E+00 1.07134278E+00 1.06820553E+00 1.06496829E+00 1.06202273E+00 1.05898812E+00 1.05622769E+00 1.05339424E+00 1.05082894E+00 1.04821461E+00 1.04586270E+00 1.04346443E+00 1.04113667E+00 1.03875714E+00 1.03633211E+00 1.03388179E+00 1.03140379E+00 1.02886294E+00 1.02626963E+00 1.02366325E+00 1.02104610E+00 1.01832504E+00 1.01549942E+00 1.01272249E+00 1.01010377E+00 1.00743077E+00 1.00410271E+00 1.00000000E+00
1.15542517E+00 1.15543822E+00 1.15544811E+00 1.15545575E+00 1.15546149E+00 1.15546593E+00 1.15546925E+00 1.15547184E+00 1.15547382E+00 1.15547541E+00 1.15547667E+00 1.15547776E+00 1.15547871E+00 1.15547960E+00 1.15548048E+00 1.15548139E+00 1.15548235E+00 1.15548341E+00 1.15548459E+00 1.15548592E+00 1.15548741E+00 1.15548909E+00 1.15549099E+00 1.15549314E+00 1.15549554E+00 1.15549824E+00 1.15550125E+00 1.15550460E+00 1.15550832E+00 1.15551243E+00 1.15551695E+00 1.15552191E+00 1.15552733E+00 1.15553323E+00 1.15553960E+00 1.15554646E+00 1.15555381E+00 1.15556161E+00 1.15556986E+00 1.15557850E+00 1.15558747E+00 1.15559666E+00 1.15560599E+00 1.15561527E+00 1.15562434E+00 1.15563291E+00 1.15564074E+00 1.15564739E+00 1.15565253E+00 1.15565550E+00 1.15565584E+00 1.15565262E+00 1.15564512E+00 1.15563217E+00 1.15561282E+00 1.15558537E+00 1.15554859E+00 1.15550022E+00 1.15543860E+00 1.15536078E+00 1.15526468E+00 1.15514638E+00 1.15500320E+00 1.15483037E+00 1.15462444E+00 1.15437919E+00 1.15409052E+00 1.15375063E+00 1.15335421E+00 1.15289197E+00 1.15235761E+00 1.15173972E+00 1.15103074E+00 1.15021705E+00 1.14928997E+00 1.14823318E+00 1.14703673E+00 1.14568103E+00 1.14415393E+00 1.14243580E+00 1.14051270E+00 1.13835819E+00 1.13595800E+00 1.13328659E+00 1.13032602E+00 1.12707390E+00 1.12348977E+00 1.11992853E+00 1.11605423E+00 1.11234127E+00 1.10835212E+00 1.10458309E+00 1.10057875E+00 1.09683206E+00 1.09287275E+00 1.08918273E+00 1.08533329E+00 1.08178775E+00 1.07809181E+00 1.07469633E+00 1.07119687E+00 1.06801647E+00 1.06473084E+00 1.06173322E+00 1.05864885E+00 1.05585312E+00 1.05300913E+00 1.05045458E+00 1.04784411E+00 1.04530392E+00 1.04269582E+00 1.04003289E+00 1.03735068E+00 1.03464130E+00 1.03184643E+00 1.02898321E+00 1.02611475E+00 1.02323845E+00 1.02022420E+00 1.01707742E+00 1.01399794E+00 1.01108983E+00 1.00810139E+00 1.00443298E+00 1.00000000E+00
1.17069688E+00 1.17071243E+00 1.17072477E+00 1.17073470E+00 1.17074257E+00 1.17074892E+00 1.17075398E+00 1.17075810E+00 1.17076143E+00 1.17076420E+00 1.17076650E+00 1.17076850E+00 1.17077025E+00 1.17077187E+00 1.17077338E+00 1.17077488E+00 1.17077639E+00 1.17077796E+00 1.17077963E+00 1.17078144E+00 1.17078341E+00 1.17078559E+00 1.17078799E+00 1.17079067E+00 1.17079363E+00 1.17079693E+00 1.17080057E+00 1.17080460E+00 1.17080904E+00 1.17081393E+00 1.17081928E+00 1.17082513E+00 1.17083150E+00 1.17083838E+00 1.17084581E+00 1.17085377E+00 1.17086226E+00 1.17087125E+00 1.17088071E+00 1.17089057E+00 1.17090076E+00 1.17091115E+00 1.17092163E+00 1.17093199E+00 1.17094203E+00 1.17095140E+00 1.17095983E+00 1.17096681E+00 1.17097195E+00 1.17097450E+00 1.17097393E+00 1.17096916E+00 1.17095939E+00 1.17094329E+00 1.17091980E+00 1.17088697E+00 1.17084345E+00 1.17078666E+00 1.17071477E+00 1.17062450E+00 1.17051351E+00 1.17037745E+00 1.17021337E+00 1.17001603E+00 1.16978163E+00 1.16950328E+00 1.16917651E+00 1.16879277E+00 1.16834626E+00 1.16782686E+00 1.16722772E+00 1.16653646E+00 1.16574497E+00 1.16483854E+00 1.16380775E+00 1.16263493E+00 1.16130927E+00 1.15980964E+00 1.15812352E+00 1.15623014E+00 1.15411354E+00 1.15174487E+00 1.14910972E+00 1.14618074E+00 1.14293764E+00 1.13937787E+00 1.13545853E+00 1.13156815E+00 1.12733515E+00 1.12327736E+00 1.11892096E+00 1.11480735E+00 1.11043626E+00 1.10634829E+00 1.10202378E+00 1.09798732E+00 1.09378005E+00 1.08990590E+00 1.08586106E+00 1.08214107E+00 1.07831471E+00 1.07484379E+00 1.07124912E+00 1.06796003E+00 1.06456941E+00 1.06149427E+00 1.05837331E+00 1.05557581E+00 1.05271301E+00 1.04992137E+00 1.04704550E+00 1.04410521E+00 1.04115252E+00 1.03817479E+00 1.03509072E+00 1.03192230E+00 1.02875657E+00 1.02558803E+00 1.02225400E+00 1.01876190E+00 1.01535246E+00 1.01212945E+00 1.00880990E+00 1.00478646E+00 1.00000000E+00
1.12946284E+00 1.12946285E+00 1.12946671E+00 1.12947136E+00 1.12947455E+00 1.12947539E+00 1.12947506E+00 1.12947466E+00 1.12947438E+00 1.12947426E+00 1.12947412E+00 1.12947392E+00 1.12947375E+00 1.12947367E+00 1.12947371E+00 1.12947387E+00 1.12947416E+00 1.12947458E+00 1.12947514E+00 1.12947586E+00 1.12947674E+00 1.12947780E+00 1.12947905E+00 1.12948050E+00 1.12948216E+00 1.12948406E+00 1.12948621E+00 1.12948864E+00 1.12949135E+00 1.12949437E+00 1.12949771E+00 1.12950141E+00 1.12950546E+00 1.12950990E+00 1.12951472E+00 1.12951993E+00 1.12952554E+00 1.12953153E+00 1.12953788E+00 1.12954457E+00 1.12955155E+00 1.12955874E+00 1.12956607E+00 1.12957340E+00 1.12958062E+00 1.12958749E+00 1.12959382E+00 1.12959928E+00 1.12960360E+00 1.12960625E+00 1.12960685E+00 1.12960467E+00 1.12959913E+00 1.12958927E+00 1.12957431E+00 1.12955285E+00 1.12952387E+00 1.12948553E+00 1.12943645E+00 1.12937420E+00 1.12929701E+00 1.12920167E+00 1.12908590E+00 1.12894566E+00 1.12877802E+00 1.12857775E+00 1.12834130E+00 1.12806214E+00 1.12773579E+00 1.12735433E+00 1.12691226E+00 1.12639986E+00 1.12581049E+00 1.12513267E+00 1.12435862E+00 1.12347434E+00 1.12247105E+00 1.12133217E+00 1.12004718E+00 1.11859855E+00 1.11697390E+00 1.11515135E+00 1.11311811E+00 1.11085128E+00 1.10833547E+00 1.10556948E+00 1.10251750E+00 1.09948292E+00 1.09618067E+00 1.09301789E+00 1.08961862E+00 1.08640573E+00 1.08299098E+00 1.07979385E+00 1.07642458E+00 1.07329665E+00 1.07002847E+00 1.06701632E+00 1.06388698E+00 1.06101977E+00 1.05805717E+00 1.05535738E+00 1.05258113E+00 1.05006143E+00 1.04748084E+00 1.04514758E+00 1.04276528E+00 1.04061699E+00 1.03843068E+00 1.03631217E+00 1.03415944E+00 1.03197197E+00 1.02974979E+00 1.02749482E+00 1.02520754E+00 1.02288728E+00 1.02053500E+00 1.01815808E+00 1.01575729E+00 1.01331928E+00 1.01085292E+00 1.00846697E+00 1.00619642E+00 1.00348054E+00 1.00000000E+00
1.12955562E+00 1.12955616E+00 1.12955999E+00 1.12956454E+00 1.12956773E+00 1.12956874E+00 1.12956861E+00 1.12956835E+00 1.12956816E+00 1.12956811E+00 1.12956803E+00 1.12956789E+00 1.12956777E+00 1.12956774E+00 1.12956782E+00 1.12956802E+00 1.12956833E+00 1.12956878E+00 1.12956936E+00 1.12957010E+00 1.12957100E+00 1.12957208E+00 1.12957334E+00 1.12957481E+00 1.12957649E+00 1.12957840E+00 1.12958056E+00 1.12958300E+00 1.12958572E+00 1.12958876E+00 1.12959212E+00 1.12959583E+00 1.12959990E+00 1.12960435E+00 1.12960919E+00 1.12961443E+00 1.12962006E+00 1.12962608E+00 1.12963246E+00 1.12963919E+00 1.12964621E+00 1.12965344E+00 1.12966082E+00 1.12966821E+00 1.12967548E+00 1.12968242E+00 1.12968883E+00 1.12969437E+00 1.12969877E+00 1.12970151E+00 1.12970222E+00 1.12970015E+00 1.12969474E+00 1.12968501E+00 1.12967018E+00 1.12964886E+00 1.12962004E+00 1.12958186E+00 1.12953295E+00 1.12947086E+00 1.12939383E+00 1.12929864E+00 1.12918302E+00 1.12904292E+00 1.12887538E+00 1.12867519E+00 1.12843879E+00 1.12815963E+00 1.12783321E+00 1.12745159E+00 1.12700927E+00 1.12649650E+00 1.12590662E+00 1.12522810E+00 1.12445316E+00 1.12356776E+00 1.12256311E+00 1.12142256E+00 1.12013552E+00 1.11868438E+00 1.11705682E+00 1.11523083E+00 1.11319356E+00 1.11092206E+00 1.10840099E+00 1.10562904E+00 1.10257039E+00 1.09952893E+00 1.09621924E+00 1.09304936E+00 1.08964253E+00 1.08642253E+00 1.08300049E+00 1.07979682E+00 1.07642106E+00 1.07328714E+00 1.07001293E+00 1.06699580E+00 1.06386184E+00 1.06099088E+00 1.05802497E+00 1.05532269E+00 1.05254451E+00 1.05002364E+00 1.04744257E+00 1.04510952E+00 1.04272809E+00 1.04058130E+00 1.03839720E+00 1.03628167E+00 1.03413260E+00 1.03194953E+00 1.02973311E+00 1.02748564E+00 1.02520661E+00 1.02289569E+00 1.02055545E+00 1.01819400E+00 1.01580519E+00 1.01337606E+00 1.01092619E+00 1.00856130E+00 1.00629093E+00 1.00354068E+00 1.00000000E+00
1.13129321E+00 1.13129679E+00 1.13130227E+00 1.13130711E+00 1.13131013E+00 1.13131120E+00 1.13131132E+00 1.13131137E+00 1.13131142E+00 1.13131148E+00 1.13131147E+00 1.13131140E+00 1.13131134E+00 1.13131136E+00 1.13131149E+00 1.13131172E+00 1.13131207E+00 1.13131254E+00 1.13131316E+00 1.13131393E+00 1.13131486E+00 1.13131597E+00 1.13131727E+00 1.13131877E+00 1.13132049E+00 1.13132245E+00 1.13132466E+00 1.13132715E+00 1.13132994E+00 1.13133304E+00 1.13133647E+00 1.13134025E+00 1.13134441E+00 1.13134895E+00 1.13135388E+00 1.13135922E+00 1.13136496E+00 1.13137109E+00 1.13137759E+00 1.13138443E+00 1.13139158E+00 1.13139893E+00 1.13140644E+00 1.13141395E+00 1.13142133E+00 1.13142838E+00 1.13143488E+00 1.13144049E+00 1.13144494E+00 1.13144771E+00 1.13144840E+00 1.13144626E+00 1.13144072E+00 1.13143080E+00 1.13141570E+00 1.13139400E+00 1.13136468E+00 1.13132586E+00 1.13127615E+00 1.13121307E+00 1.13113484E+00 1.13103819E+00 1.13092081E+00 1.13077862E+00 1.13060863E+00 1.13040555E+00 1.13016580E+00 1.12988273E+00 1.12955180E+00 1.12916497E+00 1.12871670E+00 1.12819711E+00 1.12759949E+00 1.12691216E+00 1.12612729E+00 1.12523068E+00 1.12421348E+00 1.12305883E+00 1.12175601E+00 1.12028728E+00 1.11864024E+00 1.11679262E+00 1.11473146E+00 1.11243365E+00 1.10988373E+00 1.10708040E+00 1.10398746E+00 1.10091218E+00 1.09756610E+00 1.09436160E+00 1.09091783E+00 1.08766320E+00 1.08420477E+00 1.08096738E+00 1.07755583E+00 1.07438834E+00 1.07107958E+00 1.06803094E+00 1.06486395E+00 1.06196247E+00 1.05896542E+00 1.05623518E+00 1.05342771E+00 1.05087980E+00 1.04827029E+00 1.04591103E+00 1.04350316E+00 1.04133296E+00 1.03912425E+00 1.03698453E+00 1.03480879E+00 1.03259741E+00 1.03035334E+00 1.02807816E+00 1.02576647E+00 1.02341980E+00 1.02104484E+00 1.01864830E+00 1.01621040E+00 1.01372232E+00 1.01122103E+00 1.00880482E+00 1.00645865E+00 1.00361918E+00 1.00000000E+00
1.13442580E+00 1.13443924E+00 1.13445030E+00 1.13445777E+00 1.13446233E+00 1.13446520E+00 1.13446709E+00 1.13446861E+00 1.13446971E+00 1.13447046E+00 1.13447093E+00 1.13447128E+00 1.13447156E+00 1.13447187E+00 1.13447220E+00 1.13447260E+00 1.13447309E+00 1.13447368E+00 1.13447440E+00 1.13447526E+00 1.13447628E+00 1.13447747E+00 1.13447885E+00 1.13448043E+00 1.13448224E+00 1.13448429E+00 1.13448660E+00 1.13448920E+00 1.13449209E+00 1.13449531E+00 1.13449888E+00 1.13450281E+00 1.13450711E+00 1.13451182E+00 1.13451692E+00 1.13452244E+00 1.13452837E+00 1.13453470E+00 1.13454141E+00 1.13454847E+00 1.13455582E+00 1.13456339E+00 1.13457110E+00 1.13457881E+00 1.13458639E+00 1.13459359E+00 1.13460023E+00 1.13460594E+00 1.13461043E+00 1.13461317E+00 1.13461376E+00 1.13461142E+00 1.13460556E+00 1.13459517E+00 1.13457944E+00 1.13455690E+00 1.13452652E+00 1.13448635E+00 1.13443497E+00 1.13436984E+00 1.13428914E+00 1.13418952E+00 1.13406862E+00 1.13392226E+00 1.13374739E+00 1.13353860E+00 1.13329223E+00 1.13300151E+00 1.13266178E+00 1.13226484E+00 1.13180505E+00 1.13127234E+00 1.13065988E+00 1.12995574E+00 1.12915199E+00 1.12823416E+00 1.12719325E+00 1.12601207E+00 1.12467975E+00 1.12317827E+00 1.12149504E+00 1.11960737E+00 1.11750211E+00 1.11515583E+00 1.11255278E+00 1.10969160E+00 1.10653551E+00 1.10339801E+00 1.09998450E+00 1.09671539E+00 1.09320247E+00 1.08988280E+00 1.08635539E+00 1.08305362E+00 1.07957273E+00 1.07633955E+00 1.07296307E+00 1.06985187E+00 1.06661809E+00 1.06365434E+00 1.06059377E+00 1.05780635E+00 1.05493774E+00 1.05233266E+00 1.04966241E+00 1.04724710E+00 1.04478325E+00 1.04256340E+00 1.04030213E+00 1.03811025E+00 1.03587732E+00 1.03360602E+00 1.03130416E+00 1.02897128E+00 1.02659352E+00 1.02417602E+00 1.02173350E+00 1.01927026E+00 1.01674966E+00 1.01416863E+00 1.01158588E+00 1.00909235E+00 1.00665145E+00 1.00370867E+00 1.00000000E+00
1.13885573E+00 1.13886767E+00 1.13887690E+00 1.13888420E+00 1.13888974E+00 1.13889398E+00 1.13889714E+00 1.13889960E+00 1.13890147E+00 1.13890297E+00 1.13890416E+00 1.13890516E+00 1.13890601E+00 1.13890680E+00 1.13890756E+00 1.13890833E+00 1.13890914E+00 1.13891002E+00 1.13891099E+00 1.13891208E+00 1.13891330E+00 1.13891468E+00 1.13891623E+00 1.13891799E+00 1.13891997E+00 1.13892219E+00 1.13892468E+00 1.13892746E+00 1.13893054E+00 1.13893396E+00 1.13893773E+00 1.13894189E+00 1.13894643E+00 1.13895138E+00 1.13895675E+00 1.13896255E+00 1.13896877E+00 1.13897540E+00 1.13898242E+00 1.13898979E+00 1.13899746E+00 1.13900534E+00 1.13901336E+00 1.13902136E+00 1.13902920E+00 1.13903663E+00 1.13904344E+00 1.13904925E+00 1.13905378E+00 1.13905644E+00 1.13905683E+00 1.13905412E+00 1.13904771E+00 1.13903654E+00 1.13901977E+00 1.13899586E+00 1.13896375E+00 1.13892140E+00 1.13886735E+00 1.13879897E+00 1.13871435E+00 1.13861002E+00 1.13848356E+00 1.13833064E+00 1.13814812E+00 1.13793039E+00 1.13767369E+00 1.13737102E+00 1.13701759E+00 1.13660496E+00 1.13612732E+00 1.13557431E+00 1.13493892E+00 1.13420891E+00 1.13337613E+00 1.13242572E+00 1.13134843E+00 1.13012663E+00 1.12874927E+00 1.12719795E+00 1.12545961E+00 1.12351090E+00 1.12133854E+00 1.11891855E+00 1.11623457E+00 1.11328525E+00 1.11003295E+00 1.10680081E+00 1.10328426E+00 1.09991623E+00 1.09629779E+00 1.09287900E+00 1.08924606E+00 1.08584609E+00 1.08225971E+00 1.07892654E+00 1.07544731E+00 1.07224151E+00 1.06890683E+00 1.06584937E+00 1.06269442E+00 1.05982283E+00 1.05686375E+00 1.05417399E+00 1.05141444E+00 1.04891758E+00 1.04637354E+00 1.04408329E+00 1.04174778E+00 1.03948231E+00 1.03716954E+00 1.03481545E+00 1.03243483E+00 1.03002433E+00 1.02755935E+00 1.02504928E+00 1.02251957E+00 1.01997177E+00 1.01735138E+00 1.01466089E+00 1.01198207E+00 1.00939915E+00 1.00685630E+00 1.00380478E+00 1.00000000E+00
1.14443034E+00 1.14444482E+00 1.14445642E+00 1.14446585E+00 1.14447340E+00 1.14447954E+00 1.14448446E+00 1.14448848E+00 1.14449173E+00 1.14449443E+00 1.14449666E+00 1.14449856E+00 1.14450020E+00 1.14450166E+00 1.14450300E+00 1.14450427E+00 1.14450551E+00 1.14450677E+00 1.14450807E+00 1.14450946E+00 1.14451096E+00 1.14451260E+00 1.14451440E+00 1.14451640E+00 1.14451861E+00 1.14452107E+00 1.14452380E+00 1.14452683E+00 1.14453018E+00 1.14453388E+00 1.14453794E+00 1.14454241E+00 1.14454728E+00 1.14455258E+00 1.14455831E+00 1.14456449E+00 1.14457110E+00 1.14457814E+00 1.14458558E+00 1.14459337E+00 1.14460146E+00 1.14460976E+00 1.14461817E+00 1.14462653E+00 1.14463470E+00 1.14464239E+00 1.14464939E+00 1.14465529E+00 1.14465978E+00 1.14466225E+00 1.14466226E+00 1.14465893E+00 1.14465162E+00 1.14463922E+00 1.14462082E+00 1.14459483E+00 1.14456009E+00 1.14451448E+00 1.14445645E+00 1.14438323E+00 1.14429283E+00 1.14418160E+00 1.14404702E+00 1.14388455E+00 1.14369092E+00 1.14346027E+00 1.14318866E+00 1.14286882E+00 1.14249574E+00 1.14206066E+00 1.14155756E+00 1.14097566E+00 1.14030774E+00 1.13954113E+00 1.13866735E+00 1.13767101E+00 1.13654254E+00 1.13526369E+00 1.13382330E+00 1.13220246E+00 1.13038724E+00 1.12835349E+00 1.12608791E+00 1.12356577E+00 1.12076979E+00 1.11769884E+00 1.11431434E+00 1.11095276E+00 1.10729535E+00 1.10379271E+00 1.10003180E+00 1.09647989E+00 1.09270531E+00 1.08917452E+00 1.08544889E+00 1.08198413E+00 1.07837026E+00 1.07504139E+00 1.07157612E+00 1.06839791E+00 1.06512289E+00 1.06214527E+00 1.05907222E+00 1.05627581E+00 1.05340469E+00 1.05080673E+00 1.04816435E+00 1.04578848E+00 1.04336311E+00 1.04100887E+00 1.03860063E+00 1.03614820E+00 1.03367459E+00 1.03117321E+00 1.02860766E+00 1.02599159E+00 1.02336245E+00 1.02071912E+00 1.01798932E+00 1.01518049E+00 1.01239739E+00 1.00971827E+00 1.00706946E+00 1.00390587E+00 1.00000000E+00
