# curve 5 (die wall), step =      500, time =   2.00000000E+02
# N1 = tau_xx - tau_yy = G ( c_xx - c_yy ),  G =  2.0000E-01  (polymer part only)
#              x               y        pressure            c_xy        gammadot            c_xx            c_yy              N1
 -1.00000000E+01  1.00000000E+00  8.25415846E+00 -9.77238756E-01  4.01844674E-01  2.91674775E+00  9.90700975E-01  3.85209355E-01
 -9.95040609E+00  1.00000000E+00  8.21466439E+00 -9.76909089E-01  4.01838186E-01  2.91626139E+00  9.90605973E-01  3.85131084E-01
 -9.90081218E+00  1.00000000E+00  8.17517031E+00 -9.76579476E-01  4.01829044E-01  2.91577515E+00  9.90511015E-01  3.85052827E-01
 -9.85121827E+00  1.00000000E+00  8.13597696E+00 -9.76836237E-01  4.01832515E-01  2.91632458E+00  9.90573965E-01  3.85150123E-01
 -9.80162437E+00  1.00000000E+00  8.09678360E+00 -9.77093045E-01  4.01869887E-01  2.91687412E+00  9.90636938E-01  3.85247437E-01
 -9.75203046E+00  1.00000000E+00  8.05743047E+00 -9.77020479E-01  4.01842903E-01  2.91647250E+00  9.90630608E-01  3.85168379E-01
 -9.70243655E+00  1.00000000E+00  8.01807735E+00 -9.76947921E-01  4.01807232E-01  2.91607094E+00  9.90624279E-01  3.85089331E-01
 -9.65284264E+00  1.00000000E+00  7.97879397E+00 -9.77107767E-01  4.01823703E-01  2.91623857E+00  9.90720937E-01  3.85103527E-01
 -9.60324873E+00  1.00000000E+00  7.93951060E+00 -9.77267629E-01  4.01792687E-01  2.91640622E+00  9.90817609E-01  3.85117723E-01
 -9.55365482E+00  1.00000000E+00  7.90033399E+00 -9.77465528E-01  4.01759801E-01  2.91687156E+00  9.90854121E-01  3.85203487E-01
 -9.50406091E+00  1.00000000E+00  7.86115738E+00 -9.77663457E-01  4.01787233E-01  2.91733697E+00  9.90890647E-01  3.85289265E-01
 -9.45446701E+00  1.00000000E+00  7.82165123E+00 -9.77303060E-01  4.01730664E-01  2.91674965E+00  9.90779829E-01  3.85193965E-01
 -9.40487310E+00  1.00000000E+00  7.78214508E+00 -9.76942736E-01  4.01733191E-01  2.91616249E+00  9.90669061E-01  3.85098685E-01
 -9.35527919E+00  1.00000000E+00  7.74296524E+00 -9.77476026E-01  4.01768717E-01  2.91669878E+00  9.90834610E-01  3.85172834E-01
 -9.30568528E+00  1.00000000E+00  7.70378539E+00 -9.78009409E-01  4.01781981E-01  2.91723529E+00  9.91000283E-01  3.85247001E-01
 -9.25609137E+00  1.00000000E+00  7.66446234E+00 -9.77637982E-01  4.01762234E-01  2.91720031E+00  9.90842135E-01  3.85271635E-01
 -9.20649746E+00  1.00000000E+00  7.62513929E+00 -9.77266560E-01  4.01809005E-01  2.91716543E+00  9.90684055E-01  3.85296276E-01
 -9.15690355E+00  1.00000000E+00  7.58579362E+00 -9.77217002E-01  4.01785307E-01  2.91668347E+00  9.90703147E-01  3.85196065E-01
 -9.10730965E+00  1.00000000E+00  7.54644795E+00 -9.77167447E-01  4.01771712E-01  2.91620159E+00  9.90722238E-01  3.85095871E-01
 -9.05771574E+00  1.00000000E+00  7.50718497E+00 -9.77245847E-01  4.01819341E-01  2.91675700E+00  9.90682172E-01  3.85214966E-01
 -9.00812183E+00  1.00000000E+00  7.46792199E+00 -9.77324258E-01  4.01874387E-01  2.91731252E+00  9.90642109E-01  3.85334082E-01
 -8.95852792E+00  1.00000000E+00  7.42862951E+00 -9.77293307E-01  4.01849603E-01  2.91689024E+00  9.90692773E-01  3.85239494E-01
 -8.90893401E+00  1.00000000E+00  7.38933703E+00 -9.77262359E-01  4.01799444E-01  2.91646804E+00  9.90743439E-01  3.85144920E-01
 -8.85934010E+00  1.00000000E+00  7.35004209E+00 -9.77277243E-01  4.01822388E-01  2.91679688E+00  9.90718492E-01  3.85215678E-01
 -8.80974619E+00  1.00000000E+00  7.31074715E+00 -9.77292127E-01  4.01855396E-01  2.91712577E+00  9.90693545E-01  3.85286445E-01
 -8.76015229E+00  1.00000000E+00  7.27140597E+00 -9.77194466E-01  4.01819684E-01  2.91665562E+00  9.90684304E-01  3.85194264E-01
 -8.71055838E+00  1.00000000E+00  7.23206479E+00 -9.77096817E-01  4.01793461E-01  2.91618555E+00  9.90675066E-01  3.85102098E-01
 -8.66096447E+00  1.00000000E+00  7.19279920E+00 -9.76972025E-01  4.01818748E-01  2.91624587E+00  9.90628213E-01  3.85123531E-01
 -8.61137056E+00  1.00000000E+00  7.15353361E+00 -9.76847228E-01  4.01846428E-01  2.91630620E+00  9.90581368E-01  3.85144966E-01
 -8.56177665E+00  1.00000000E+00  7.11421457E+00 -9.76916731E-01  4.01832524E-01  2.91630826E+00  9.90604483E-01  3.85140756E-01
 -8.51218274E+00  1.00000000E+00  7.07489552E+00 -9.76986234E-01  4.01815042E-01  2.91631034E+00  9.90627600E-01  3.85136547E-01
 -8.46258884E+00  1.00000000E+00  7.03563275E+00 -9.77376158E-01  4.01823430E-01  2.91673567E+00  9.90777073E-01  3.85191719E-01
 -8.41299493E+00  1.00000000E+00  6.99636997E+00 -9.77766146E-01  4.01806963E-01  2.91716112E+00  9.90926611E-01  3.85246902E-01
 -8.36340102E+00  1.00000000E+00  6.95703443E+00 -9.77274400E-01  4.01774398E-01  2.91679319E+00  9.90736593E-01  3.85211320E-01
 -8.31380711E+00  1.00000000E+00  6.91769890E+00 -9.76782723E-01  4.01823946E-01  2.91642543E+00  9.90546682E-01  3.85175750E-01
 -8.26421320E+00  1.00000000E+00  6.87839053E+00 -9.76901956E-01  4.01813434E-01  2.91630091E+00  9.90604289E-01  3.85139324E-01
 -8.21461929E+00  1.00000000E+00  6.83908217E+00 -9.77021182E-01  4.01800279E-01  2.91617641E+00  9.90661904E-01  3.85102902E-01
 -8.16502538E+00  1.00000000E+00  6.79985240E+00 -9.77425027E-01  4.01816555E-01  2.91673666E+00  9.90806108E-01  3.85186111E-01
 -8.11543148E+00  1.00000000E+00  6.76062263E+00 -9.77828955E-01  4.01786076E-01  2.91729707E+00  9.90950377E-01  3.85269338E-01
 -8.06583757E+00  1.00000000E+00  6.72123919E+00 -9.77346759E-01  4.01761572E-01  2.91686185E+00  9.90762138E-01  3.85219941E-01
 -8.01624366E+00  1.00000000E+00  6.68185575E+00 -9.76864645E-01  4.01808560E-01  2.91642679E+00  9.90574000E-01  3.85170558E-01
 -7.96664975E+00  1.00000000E+00  6.64257272E+00 -9.76961866E-01  4.01798706E-01  2.91637102E+00  9.90620656E-01  3.85150072E-01
 -7.91705584E+00  1.00000000E+00  6.60328968E+00 -9.77059086E-01  4.01800802E-01  2.91631525E+00  9.90667317E-01  3.85129587E-01
 -7.86746193E+00  1.00000000E+00  6.56403874E+00 -9.77414808E-01  4.01826683E-01  2.91680629E+00  9.90771875E-01  3.85206883E-01
 -7.81786802E+00  1.00000000E+00  6.52478781E+00 -9.77770589E-01  4.01832181E-01  2.91729745E+00  9.90876486E-01  3.85284193E-01
 -7.76827412E+00  1.00000000E+00  6.48545536E+00 -9.77300469E-01  4.01797425E-01  2.91691783E+00  9.90714887E-01  3.85240588E-01
 -7.71868021E+00  1.00000000E+00  6.44612291E+00 -9.76830410E-01  4.01836940E-01  2.91653836E+00  9.90553386E-01  3.85196995E-01
 -7.66908630E+00  1.00000000E+00  6.40679757E+00 -9.76918219E-01  4.01820965E-01  2.91636803E+00  9.90595339E-01  3.85154538E-01
 -7.61949239E+00  1.00000000E+00  6.36747223E+00 -9.77006020E-01  4.01801080E-01  2.91619773E+00  9.90637297E-01  3.85112086E-01
 -7.56989848E+00  1.00000000E+00  6.32825467E+00 -9.77432500E-01  4.01819654E-01  2.91675964E+00  9.90801672E-01  3.85191593E-01
 -7.52030457E+00  1.00000000E+00  6.28903711E+00 -9.77859073E-01  4.01790023E-01  2.91732171E+00  9.90966121E-01  3.85271117E-01
 -7.47071066E+00  1.00000000E+00  6.24964652E+00 -9.77356032E-01  4.01761857E-01  2.91685490E+00  9.90770275E-01  3.85216926E-01
 -7.42111676E+00  1.00000000E+00  6.21025593E+00 -9.76853084E-01  4.01809720E-01  2.91638828E+00  9.90574539E-01  3.85162749E-01
 -7.37152285E+00  1.00000000E+00  6.17097426E+00 -9.76952398E-01  4.01798474E-01  2.91635062E+00  9.90618701E-01  3.85146383E-01
 -7.32192894E+00  1.00000000E+00  6.13169258E+00 -9.77051710E-01  4.01799756E-01  2.91631296E+00  9.90662868E-01  3.85130018E-01
 -7.27233503E+00  1.00000000E+00  6.09244007E+00 -9.77419639E-01  4.01826642E-01  2.91681310E+00  9.90775264E-01  3.85207567E-01
 -7.22274112E+00  1.00000000E+00  6.05318756E+00 -9.77787630E-01  4.01830540E-01  2.91731337E+00  9.90887714E-01  3.85285131E-01
 -7.17314721E+00  1.00000000E+00  6.01385282E+00 -9.77305926E-01  4.01793249E-01  2.91691799E+00  9.90720585E-01  3.85239480E-01
 -7.12355330E+00  1.00000000E+00  5.97451809E+00 -9.76824288E-01  4.01832989E-01  2.91652277E+00  9.90553558E-01  3.85193842E-01
 -7.07395940E+00  1.00000000E+00  5.93519563E+00 -9.76913871E-01  4.01818182E-01  2.91635655E+00  9.90595069E-01  3.85152296E-01
 -7.02436549E+00  1.00000000E+00  5.89587317E+00 -9.77003447E-01  4.01800226E-01  2.91619035E+00  9.90636585E-01  3.85110753E-01
 -6.97477158E+00  1.00000000E+00  5.85665607E+00 -9.77434956E-01  4.01819384E-01  2.91676130E+00  9.90803487E-01  3.85191563E-01
 -6.92517767E+00  1.00000000E+00  5.81743896E+00 -9.77866559E-01  4.01788879E-01  2.91733243E+00  9.90970465E-01  3.85272392E-01
 -6.87558376E+00  1.00000000E+00  5.77805027E+00 -9.77369665E-01  4.01759784E-01  2.91686517E+00  9.90779625E-01  3.85217109E-01
 -6.82598985E+00  1.00000000E+00  5.73866159E+00 -9.76872861E-01  4.01806930E-01  2.91639809E+00  9.90588893E-01  3.85161840E-01
 -6.77639594E+00  1.00000000E+00  5.69937791E+00 -9.76959617E-01  4.01793418E-01  2.91633947E+00  9.90626627E-01  3.85142569E-01
 -6.72680204E+00  1.00000000E+00  5.66009424E+00 -9.77046371E-01  4.01794340E-01  2.91628086E+00  9.90664366E-01  3.85123300E-01
 -6.67720813E+00  1.00000000E+00  5.62084226E+00 -9.77415287E-01  4.01825384E-01  2.91680469E+00  9.90771652E-01  3.85206608E-01
 -6.62761422E+00  1.00000000E+00  5.58159028E+00 -9.77784269E-01  4.01834308E-01  2.91732866E+00  9.90878993E-01  3.85289932E-01
 -6.57802031E+00  1.00000000E+00  5.54225581E+00 -9.77307739E-01  4.01795042E-01  2.91692800E+00  9.90718146E-01  3.85241970E-01
 -6.52842640E+00  1.00000000E+00  5.50292134E+00 -9.76831274E-01  4.01832950E-01  2.91652750E+00  9.90557398E-01  3.85194021E-01
 -6.47883249E+00  1.00000000E+00  5.46359782E+00 -9.76917877E-01  4.01817539E-01  2.91635734E+00  9.90597292E-01  3.85152010E-01
 -6.42923858E+00  1.00000000E+00  5.42427430E+00 -9.77004472E-01  4.01799694E-01  2.91618720E+00  9.90637189E-01  3.85110002E-01
 -6.37964468E+00  1.00000000E+00  5.38505632E+00 -9.77429007E-01  4.01819345E-01  2.91675855E+00  9.90798356E-01  3.85192040E-01
 -6.33005077E+00  1.00000000E+00  5.34583834E+00 -9.77853634E-01  4.01791407E-01  2.91733007E+00  9.90959595E-01  3.85274096E-01
 -6.28045686E+00  1.00000000E+00  5.30644858E+00 -9.77352708E-01  4.01763568E-01  2.91686340E+00  9.90765646E-01  3.85219550E-01
 -6.23086295E+00  1.00000000E+00  5.26705882E+00 -9.76851873E-01  4.01811060E-01  2.91639691E+00  9.90571806E-01  3.85165020E-01
 -6.18126904E+00  1.00000000E+00  5.22777660E+00 -9.76954441E-01  4.01799491E-01  2.91636126E+00  9.90617858E-01  3.85148680E-01
 -6.13167513E+00  1.00000000E+00  5.18849438E+00 -9.77057007E-01  4.01800088E-01  2.91632563E+00  9.90663916E-01  3.85132342E-01
 -6.08208123E+00  1.00000000E+00  5.14924072E+00 -9.77416705E-01  4.01826184E-01  2.91680453E+00  9.90774825E-01  3.85205942E-01
 -6.03248732E+00  1.00000000E+00  5.10998706E+00 -9.77776462E-01  4.01829087E-01  2.91728356E+00  9.90885786E-01  3.85279555E-01
 -5.98289341E+00  1.00000000E+00  5.07065444E+00 -9.77305176E-01  4.01793228E-01  2.91691028E+00  9.90721092E-01  3.85237837E-01
 -5.93329950E+00  1.00000000E+00  5.03132181E+00 -9.76833951E-01  4.01834006E-01  2.91653715E+00  9.90556496E-01  3.85196131E-01
 -5.88370559E+00  1.00000000E+00  4.99199560E+00 -9.76925844E-01  4.01818671E-01  2.91636362E+00  9.90602766E-01  3.85152171E-01
 -5.83411168E+00  1.00000000E+00  4.95266938E+00 -9.77017728E-01  4.01798880E-01  2.91619013E+00  9.90649042E-01  3.85108217E-01
 -5.78451777E+00  1.00000000E+00  4.91345427E+00 -9.77432014E-01  4.01814015E-01  2.91674882E+00  9.90803994E-01  3.85188966E-01
 -5.73492387E+00  1.00000000E+00  4.87423915E+00 -9.77846387E-01  4.01784364E-01  2.91730768E+00  9.90959016E-01  3.85269732E-01
 -5.68532996E+00  1.00000000E+00  4.83484261E+00 -9.77303178E-01  4.01766116E-01  2.91680821E+00  9.90742638E-01  3.85213114E-01
 -5.63573605E+00  1.00000000E+00  4.79544606E+00 -9.76760078E-01  4.01820701E-01  2.91630896E+00  9.90526389E-01  3.85156514E-01
 -5.58614214E+00  1.00000000E+00  4.75617422E+00 -9.76882313E-01  4.01812287E-01  2.91634736E+00  9.90576655E-01  3.85154141E-01
 -5.53654823E+00  1.00000000E+00  4.71690238E+00 -9.77004550E-01  4.01811585E-01  2.91638577E+00  9.90626927E-01  3.85151769E-01
 -5.48695432E+00  1.00000000E+00  4.67763671E+00 -9.77377734E-01  4.01828531E-01  2.91678898E+00  9.90767064E-01  3.85204383E-01
 -5.43736041E+00  1.00000000E+00  4.63837104E+00 -9.77750976E-01  4.01814701E-01  2.91719229E+00  9.90907259E-01  3.85257007E-01
 -5.38776651E+00  1.00000000E+00  4.59903958E+00 -9.77267375E-01  4.01782333E-01  2.91682357E+00  9.90723865E-01  3.85219940E-01
 -5.33817260E+00  1.00000000E+00  4.55970813E+00 -9.76783842E-01  4.01829990E-01  2.91645500E+00  9.90540576E-01  3.85182885E-01
 -5.28857869E+00  1.00000000E+00  4.52039921E+00 -9.76901930E-01  4.01818239E-01  2.91632198E+00  9.90599661E-01  3.85144463E-01
 -5.23898478E+00  1.00000000E+00  4.48109029E+00 -9.77020011E-01  4.01803819E-01  2.91618898E+00  9.90658754E-01  3.85106045E-01
 -5.18939087E+00  1.00000000E+00  4.44186110E+00 -9.77419769E-01  4.01820127E-01  2.91676555E+00  9.90795913E-01  3.85193927E-01
 -5.13979696E+00  1.00000000E+00  4.40263191E+00 -9.77819610E-01  4.01794338E-01  2.91734228E+00  9.90933136E-01  3.85281828E-01
 -5.09020305E+00  1.00000000E+00  4.36322019E+00 -9.77285386E-01  4.01780989E-01  2.91680593E+00  9.90728318E-01  3.85215523E-01
 -5.04060915E+00  1.00000000E+00  4.32380846E+00 -9.76751273E-01  4.01826882E-01  2.91626981E+00  9.90523624E-01  3.85149237E-01
 -4.99101524E+00  1.00000000E+00  4.28458005E+00 -9.76905368E-01  4.01810703E-01  2.91635536E+00  9.90594986E-01  3.85152075E-01
 -4.94142133E+00  1.00000000E+00  4.24535164E+00 -9.77059469E-01  4.01813190E-01  2.91644093E+00  9.90666360E-01  3.85154914E-01
 -4.89182742E+00  1.00000000E+00  4.20606800E+00 -9.77315432E-01  4.01814707E-01  2.91669020E+00  9.90758924E-01  3.85186255E-01
 -4.84223351E+00  1.00000000E+00  4.16678436E+00 -9.77571418E-01  4.01803692E-01  2.91693951E+00  9.90851516E-01  3.85217599E-01
 -4.79263960E+00  1.00000000E+00  4.12743892E+00 -9.77236292E-01  4.01775890E-01  2.91666937E+00  9.90732518E-01  3.85187371E-01
 -4.74304569E+00  1.00000000E+00  4.08809349E+00 -9.76901198E-01  4.01804927E-01  2.91639931E+00  9.90613569E-01  3.85157149E-01
 -4.69345179E+00  1.00000000E+00  4.04878520E+00 -9.76975990E-01  4.01793020E-01  2.91633060E+00  9.90636244E-01  3.85138871E-01
 -4.64385788E+00  1.00000000E+00  4.00947691E+00 -9.77050779E-01  4.01782662E-01  2.91626190E+00  9.90658923E-01  3.85120595E-01
 -4.59426397E+00  1.00000000E+00  3.97025825E+00 -9.77511474E-01  4.01811656E-01  2.91682067E+00  9.90841266E-01  3.85195880E-01
 -4.54467006E+00  1.00000000E+00  3.93103959E+00 -9.77972269E-01  4.01792327E-01  2.91737961E+00  9.91023699E-01  3.85271182E-01
 -4.49507615E+00  1.00000000E+00  3.89175571E+00 -9.78025887E-01  4.01772068E-01  2.91759037E+00  9.91003713E-01  3.85317332E-01
 -4.44548224E+00  1.00000000E+00  3.85247184E+00 -9.78079507E-01  4.01799185E-01  2.91780115E+00  9.90983729E-01  3.85363483E-01
 -4.39588833E+00  1.00000000E+00  3.81304945E+00 -9.77305330E-01  4.01737327E-01  2.91688110E+00  9.90731935E-01  3.85229834E-01
 -4.34629443E+00  1.00000000E+00  3.77362707E+00 -9.76531401E-01  4.01742304E-01  2.91596157E+00  9.90480392E-01  3.85096235E-01
 -4.29670052E+00  1.00000000E+00  3.73439717E+00 -9.77106852E-01  4.01786926E-01  2.91658538E+00  9.90679861E-01  3.85181103E-01
 -4.24710661E+00  1.00000000E+00  3.69516726E+00 -9.77682433E-01  4.01829951E-01  2.91720945E+00  9.90879471E-01  3.85265995E-01
 -4.19751270E+00  1.00000000E+00  3.65581107E+00 -9.77117326E-01  4.01778488E-01  2.91668907E+00  9.90661796E-01  3.85205454E-01
 -4.14791879E+00  1.00000000E+00  3.61645489E+00 -9.76552333E-01  4.01827728E-01  2.91616892E+00  9.90444261E-01  3.85144932E-01
 -4.09832488E+00  1.00000000E+00  3.57722258E+00 -9.76840491E-01  4.01812291E-01  2.91637324E+00  9.90581654E-01  3.85158318E-01
 -4.04873097E+00  1.00000000E+00  3.53799028E+00 -9.77128678E-01  4.01813272E-01  2.91657762E+00  9.90719086E-01  3.85171707E-01
 -3.99913707E+00  1.00000000E+00  3.49860272E+00 -9.77062371E-01  4.01792581E-01  2.91627414E+00  9.90701133E-01  3.85114601E-01
 -3.94954316E+00  1.00000000E+00  3.45921517E+00 -9.76996069E-01  4.01746904E-01  2.91597068E+00  9.90683181E-01  3.85057501E-01
 -3.89994925E+00  1.00000000E+00  3.42007109E+00 -9.77624149E-01  4.01787071E-01  2.91699905E+00  9.90885741E-01  3.85222662E-01
 -3.85035534E+00  1.00000000E+00  3.38092701E+00 -9.78252456E-01  4.01790796E-01  2.91802787E+00  9.91088455E-01  3.85387883E-01
 -3.80076143E+00  1.00000000E+00  3.34149510E+00 -9.77635532E-01  4.01751483E-01  2.91750738E+00  9.90826864E-01  3.85336104E-01
 -3.75116752E+00  1.00000000E+00  3.30206320E+00 -9.77018744E-01  4.01804171E-01  2.91698717E+00  9.90565443E-01  3.85284345E-01
 -3.70157361E+00  1.00000000E+00  3.26275694E+00 -9.77304693E-01  4.01802280E-01  2.91705855E+00  9.90673550E-01  3.85277001E-01
 -3.65197971E+00  1.00000000E+00  3.22345068E+00 -9.77590648E-01  4.01829800E-01  2.91713000E+00  9.90781696E-01  3.85269661E-01
 -3.60238580E+00  1.00000000E+00  3.18417139E+00 -9.77463053E-01  4.01821736E-01  2.91681522E+00  9.90754364E-01  3.85212171E-01
 -3.55279189E+00  1.00000000E+00  3.14489209E+00 -9.77335472E-01  4.01798785E-01  2.91650047E+00  9.90727037E-01  3.85154688E-01
 -3.50319798E+00  1.00000000E+00  3.10559418E+00 -9.77196656E-01  4.01831774E-01  2.91650131E+00  9.90683929E-01  3.85163476E-01
 -3.45360407E+00  1.00000000E+00  3.06629627E+00 -9.77057838E-01  4.01836662E-01  2.91650216E+00  9.90640830E-01  3.85172266E-01
 -3.40401016E+00  1.00000000E+00  3.02709006E+00 -9.77566718E-01  4.01825517E-01  2.91712550E+00  9.90834222E-01  3.85258256E-01
 -3.35441626E+00  1.00000000E+00  2.98788386E+00 -9.78075720E-01  4.01806358E-01  2.91774906E+00  9.91027723E-01  3.85344268E-01
 -3.30482235E+00  1.00000000E+00  2.94849603E+00 -9.77447483E-01  4.01763719E-01  2.91708381E+00  9.90795243E-01  3.85257713E-01
 -3.25522844E+00  1.00000000E+00  2.90910820E+00 -9.76819404E-01  4.01798883E-01  2.91641886E+00  9.90562931E-01  3.85171186E-01
 -3.20563453E+00  1.00000000E+00  2.86976104E+00 -9.76816609E-01  4.01788952E-01  2.91611519E+00  9.90565463E-01  3.85109945E-01
 -3.15604062E+00  1.00000000E+00  2.83041389E+00 -9.76813810E-01  4.01793216E-01  2.91581155E+00  9.90567995E-01  3.85048711E-01
 -3.10644671E+00  1.00000000E+00  2.79116341E+00 -9.76851945E-01  4.01808409E-01  2.91603329E+00  9.90609612E-01  3.85084735E-01
 -3.05685280E+00  1.00000000E+00  2.75191293E+00 -9.76890080E-01  4.01795392E-01  2.91625504E+00  9.90651230E-01  3.85120762E-01
 -3.00725890E+00  1.00000000E+00  2.71269337E+00 -9.77383526E-01  4.01793779E-01  2.91682080E+00  9.90817575E-01  3.85200644E-01
 -2.95766499E+00  1.00000000E+00  2.67347382E+00 -9.77877070E-01  4.01776009E-01  2.91738675E+00  9.90984023E-01  3.85280545E-01
 -2.90807108E+00  1.00000000E+00  2.63403726E+00 -9.77331827E-01  4.01740962E-01  2.91689393E+00  9.90775310E-01  3.85223723E-01
 -2.85847717E+00  1.00000000E+00  2.59460071E+00 -9.76786687E-01  4.01764446E-01  2.91640131E+00  9.90566726E-01  3.85166918E-01
 -2.80888326E+00  1.00000000E+00  2.55545780E+00 -9.77559768E-01  4.01781900E-01  2.91714972E+00  9.90839466E-01  3.85262050E-01
 -2.75928935E+00  1.00000000E+00  2.51631489E+00 -9.78333059E-01  4.01789163E-01  2.91789856E+00  9.91112464E-01  3.85357220E-01
 -2.70969544E+00  1.00000000E+00  2.47692596E+00 -9.77904261E-01  4.01764833E-01  2.91748247E+00  9.90928759E-01  3.85310742E-01
 -2.66010154E+00  1.00000000E+00  2.43753703E+00 -9.77475538E-01  4.01812969E-01  2.91706651E+00  9.90745135E-01  3.85264274E-01
 -2.61050763E+00  1.00000000E+00  2.39822004E+00 -9.77176039E-01  4.01778059E-01  2.91670488E+00  9.90656702E-01  3.85209635E-01
 -2.56091372E+00  1.00000000E+00  2.35890305E+00 -9.76876575E-01  4.01820586E-01  2.91634333E+00  9.90568308E-01  3.85155004E-01
 -2.51131981E+00  1.00000000E+00  2.31956803E+00 -9.76916836E-01  4.01824372E-01  2.91634990E+00  9.90583679E-01  3.85153244E-01
 -2.46172590E+00  1.00000000E+00  2.28023301E+00 -9.76957097E-01  4.01815162E-01  2.91635648E+00  9.90599052E-01  3.85151485E-01
 -2.41213199E+00  1.00000000E+00  2.24102058E+00 -9.77401870E-01  4.01828659E-01  2.91686675E+00  9.90770331E-01  3.85219284E-01
 -2.36253808E+00  1.00000000E+00  2.20180815E+00 -9.77846731E-01  4.01817055E-01  2.91737719E+00  9.90941694E-01  3.85287098E-01
 -2.31294418E+00  1.00000000E+00  2.16246967E+00 -9.77289370E-01  4.01783595E-01  2.91685808E+00  9.90728177E-01  3.85225981E-01
 -2.26335027E+00  1.00000000E+00  2.12313118E+00 -9.76732120E-01  4.01815807E-01  2.91633920E+00  9.90514794E-01  3.85164882E-01
 -2.21375636E+00  1.00000000E+00  2.08377931E+00 -9.76806377E-01  4.01815100E-01  2.91618384E+00  9.90557671E-01  3.85125234E-01
 -2.16416245E+00  1.00000000E+00  2.04442744E+00 -9.76880629E-01  4.01810174E-01  2.91602850E+00  9.90600552E-01  3.85085590E-01
 -2.11456854E+00  1.00000000E+00  2.00519628E+00 -9.77115392E-01  4.01819359E-01  2.91649370E+00  9.90675091E-01  3.85163723E-01
 -2.06497463E+00  1.00000000E+00  1.96596513E+00 -9.77350193E-01  4.01835802E-01  2.91695899E+00  9.90749649E-01  3.85241868E-01
 -2.01538072E+00  1.00000000E+00  1.92663899E+00 -9.77272346E-01  4.01795293E-01  2.91653337E+00  9.90763493E-01  3.85153975E-01
 -1.96578682E+00  1.00000000E+00  1.88731284E+00 -9.77194507E-01  4.01736721E-01  2.91610781E+00  9.90777338E-01  3.85066094E-01
 -1.91619291E+00  1.00000000E+00  1.84803372E+00 -9.77241895E-01  4.01774007E-01  2.91656509E+00  9.90740201E-01  3.85164978E-01
 -1.86659900E+00  1.00000000E+00  1.80875459E+00 -9.77289287E-01  4.01822156E-01  2.91702246E+00  9.90703066E-01  3.85263878E-01
 -1.81700509E+00  1.00000000E+00  1.76938565E+00 -9.77192153E-01  4.01779292E-01  2.91645309E+00  9.90710807E-01  3.85148456E-01
 -1.76741118E+00  1.00000000E+00  1.73001671E+00 -9.77095032E-01  4.01741890E-01  2.91588383E+00  9.90718550E-01  3.85033056E-01
 -1.71781727E+00  1.00000000E+00  1.69076803E+00 -9.76963453E-01  4.01753102E-01  2.91595094E+00  9.90651565E-01  3.85059876E-01
 -1.66822336E+00  1.00000000E+00  1.65151935E+00 -9.76831870E-01  4.01767399E-01  2.91601808E+00  9.90584589E-01  3.85086698E-01
 -1.61862946E+00  1.00000000E+00  1.61217420E+00 -9.76772142E-01  4.01735755E-01  2.91550294E+00  9.90610289E-01  3.84978530E-01
 -1.56903555E+00  1.00000000E+00  1.57282905E+00 -9.76712421E-01  4.01683435E-01  2.91498790E+00  9.90635990E-01  3.84870382E-01
 -1.51944164E+00  1.00000000E+00  1.53370721E+00 -9.77063213E-01  4.01643588E-01  2.91527746E+00  9.90840602E-01  3.84887372E-01
 -1.46984773E+00  1.00000000E+00  1.49458538E+00 -9.77414065E-01  4.01571226E-01  2.91556711E+00  9.91045277E-01  3.84904367E-01
 -1.42025382E+00  1.00000000E+00  1.45516947E+00 -9.76722604E-01  4.01461716E-01  2.91445876E+00  9.90820861E-01  3.84727580E-01
 -1.37065991E+00  1.00000000E+00  1.41575357E+00 -9.76031414E-01  4.01446988E-01  2.91335094E+00  9.90596632E-01  3.84550861E-01
 -1.32106600E+00  1.00000000E+00  1.37657544E+00 -9.76267358E-01  4.01403766E-01  2.91304951E+00  9.90729264E-01  3.84464049E-01
 -1.27147210E+00  1.00000000E+00  1.33739731E+00 -9.76503276E-01  4.01344150E-01  2.91274820E+00  9.90861930E-01  3.84377253E-01
 -1.22187819E+00  1.00000000E+00  1.29820599E+00 -9.76218562E-01  4.01253315E-01  2.91199212E+00  9.90824745E-01  3.84233475E-01
 -1.17228428E+00  1.00000000E+00  1.25901467E+00 -9.75933914E-01  4.01191995E-01  2.91123624E+00  9.90787590E-01  3.84089730E-01
 -1.12269037E+00  1.00000000E+00  1.21993272E+00 -9.75669569E-01  4.01084175E-01  2.91018723E+00  9.90790953E-01  3.83879255E-01
 -1.07309646E+00  1.00000000E+00  1.18085077E+00 -9.75405303E-01  4.00966367E-01  2.90913860E+00  9.90794339E-01  3.83668851E-01
 -1.02350255E+00  1.00000000E+00  1.14194765E+00 -9.75148600E-01  4.00864330E-01  2.90821113E+00  9.90827428E-01  3.83476741E-01
 -9.73908645E-01  1.00000000E+00  1.10304453E+00 -9.74891965E-01  4.00778435E-01  2.90728397E+00  9.90860548E-01  3.83284684E-01
 -9.24314736E-01  1.00000000E+00  1.06429010E+00 -9.74629055E-01  4.00689929E-01  2.90660081E+00  9.90785904E-01  3.83162982E-01
 -8.74720828E-01  1.00000000E+00  1.02553567E+00 -9.74366203E-01  4.00592149E-01  2.90591783E+00  9.90711283E-01  3.83041309E-01
 -8.25312107E-01  1.00000000E+00  9.87323000E-01 -9.74359284E-01  4.00587268E-01  2.90601096E+00  9.90735890E-01  3.83055015E-01
 -7.75903387E-01  1.00000000E+00  9.49110328E-01 -9.74352362E-01  4.00648447E-01  2.90610410E+00  9.90760498E-01  3.83068721E-01
 -7.30665613E-01  1.00000000E+00  9.14518502E-01 -9.74878673E-01  4.00874893E-01  2.90781943E+00  9.90757867E-01  3.83412312E-01
 -6.85427839E-01  1.00000000E+00  8.79926677E-01 -9.75405250E-01  4.01129069E-01  2.90953575E+00  9.90755342E-01  3.83756083E-01
 -6.45465100E-01  1.00000000E+00  8.49967184E-01 -9.76195568E-01  4.01594631E-01  2.91348817E+00  9.90560840E-01  3.84585465E-01
 -6.05502361E-01  1.00000000E+00  8.20007692E-01 -9.76986752E-01  4.02138530E-01  2.91744600E+00  9.90366613E-01  3.85415877E-01
 -5.70199545E-01  1.00000000E+00  7.94097989E-01 -9.78647340E-01  4.02920020E-01  2.92463763E+00  9.90260793E-01  3.86875367E-01
 -5.34896729E-01  1.00000000E+00  7.68188287E-01 -9.80311284E-01  4.03837603E-01  2.93184701E+00  9.90155862E-01  3.88338230E-01
 -5.03710456E-01  1.00000000E+00  7.45834720E-01 -9.83461795E-01  4.04994147E-01  2.94368879E+00  9.90237985E-01  3.90690160E-01
 -4.72524184E-01  1.00000000E+00  7.23481154E-01 -9.86623071E-01  4.06287260E-01  2.95557819E+00  9.90323214E-01  3.93050995E-01
 -4.44974441E-01  1.00000000E+00  7.04702839E-01 -9.90875958E-01  4.08004996E-01  2.97197161E+00  9.90285724E-01  3.96337178E-01
 -4.17424698E-01  1.00000000E+00  6.85924524E-01 -9.95148693E-01  4.09945804E-01  2.98845561E+00  9.90254147E-01  3.99640292E-01
 -3.93087440E-01  1.00000000E+00  6.69815917E-01 -1.00053601E+00  4.12042686E-01  3.00963330E+00  9.90394419E-01  4.03847777E-01
 -3.68750182E-01  1.00000000E+00  6.53707310E-01 -1.00595537E+00  4.14532594E-01  3.03096066E+00  9.90543219E-01  4.08083489E-01
 -3.47250809E-01  1.00000000E+00  6.40240985E-01 -1.01185833E+00  4.17486916E-01  3.05846029E+00  9.89651512E-01  4.13761755E-01
 -3.25751437E-01  1.00000000E+00  6.26774660E-01 -1.01780498E+00  4.20820559E-01  3.08621052E+00  9.88772651E-01  4.19487574E-01
 -3.06759035E-01  1.00000000E+00  6.15922674E-01 -1.02731569E+00  4.24358028E-01  3.12263274E+00  9.89251498E-01  4.26676248E-01
 -2.87766633E-01  1.00000000E+00  6.05070687E-01 -1.03692163E+00  4.28169284E-01  3.15948322E+00  9.89756114E-01  4.33945422E-01
 -2.70988873E-01  1.00000000E+00  5.96169452E-01 -1.04580556E+00  4.32545346E-01  3.20045085E+00  9.88791739E-01  4.42331823E-01
 -2.54211113E-01  1.00000000E+00  5.87268217E-01 -1.05478376E+00  4.37259304E-01  3.24195170E+00  9.87853320E-01  4.50819676E-01
 -2.39389755E-01  1.00000000E+00  5.80473722E-01 -1.06650570E+00  4.42415607E-01  3.29259520E+00  9.87602745E-01  4.60998490E-01
 -2.24568396E-01  1.00000000E+00  5.73679228E-01 -1.07837947E+00  4.47853342E-01  3.34403014E+00  9.87390922E-01  4.71327844E-01
 -2.11472015E-01  1.00000000E+00  5.68651707E-01 -1.09229202E+00  4.53765393E-01  3.40483909E+00  9.87234877E-01  4.83520842E-01
 -1.98375634E-01  1.00000000E+00  5.63624186E-01 -1.10641434E+00  4.59953385E-01  3.46675478E+00  9.87130590E-01  4.95924839E-01
 -1.85977157E-01  1.00000000E+00  5.60575797E-01 -1.12381052E+00  4.67299641E-01  3.54458777E+00  9.86905247E-01  5.11536504E-01
 -1.73578680E-01  1.00000000E+00  5.57527408E-01 -1.14152986E+00  4.75145227E-01  3.62417140E+00  9.86757569E-01  5.27482766E-01
 -1.61180203E-01  1.00000000E+00  5.54746147E-01 -1.16125321E+00  4.85134069E-01  3.72265368E+00  9.85153636E-01  5.47500008E-01
 -1.48781726E-01  1.00000000E+00  5.51964885E-01 -1.18141084E+00  4.95717934E-01  3.82383351E+00  9.83651456E-01  5.68036410E-01
 -1.36383248E-01  1.00000000E+00  5.55910024E-01 -1.21212301E+00  5.09399384E-01  3.98156914E+00  9.81977590E-01  5.99918309E-01
 -1.23984771E-01  1.00000000E+00  5.59855164E-01 -1.24385378E+00  5.24664046E-01  4.14587354E+00  9.80517128E-01  6.33071283E-01
 -1.11586294E-01  1.00000000E+00  5.55495704E-01 -1.28544338E+00  5.45042657E-01  4.34774636E+00  9.80564375E-01  6.73436396E-01
 -9.91878171E-02  1.00000000E+00  5.51136245E-01 -1.32870560E+00  5.66132776E-01  4.55948976E+00  9.80970132E-01  7.15703926E-01
 -8.67893400E-02  1.00000000E+00  5.86616469E-01 -1.34586000E+00  5.99768851E-01  4.91730796E+00  9.51497324E-01  7.93162126E-01
 -7.43908628E-02  1.00000000E+00  6.22096693E-01 -1.36352041E+00  6.40271898E-01  5.30652990E+00  9.22700080E-01  8.76765964E-01
 -6.19923857E-02  1.00000000E+00  5.47152552E-01 -1.38014882E+00  6.78962953E-01  5.48696538E+00  9.16238167E-01  9.14145442E-01
 -4.95939085E-02  1.00000000E+00  4.72208410E-01 -1.39709769E+00  7.03328538E-01  5.67387524E+00  9.09827693E-01  9.52809509E-01
 -3.71954314E-02  1.00000000E+00  1.03696309E+00 -1.99990810E+00  7.75805938E-01  7.86283706E+00  1.03592869E+00  1.36538167E+00
 -2.47969543E-02  1.00000000E+00  1.60171777E+00 -2.83249851E+00  9.23997211E-01  1.09036401E+01  1.22680166E+00  1.93536768E+00
 -1.23984771E-02  1.00000000E+00  6.65606398E-01  8.39323772E-01  1.73655345E+00  1.15073953E+01  5.87780620E-01  2.18392294E+00
  0.00000000E+00  1.00000000E+00 -2.70504970E-01  6.47166833E+00  3.73268564E+00  1.92451682E+01  2.53262043E+00  3.34250956E+00
