# curve 5 (die wall), step =      800, time =   3.20000000E+02
# N1 = tau_xx - tau_yy = G ( c_xx - c_yy ),  G =  6.6667E-02  (polymer part only)
#              x               y        pressure            c_xy        gammadot            c_xx            c_yy              N1
 -1.00000000E+01  1.00000000E+00  7.07518659E+00 -1.86251022E+00  4.21527040E-01  9.23036624E+00  8.25298298E-01  5.60337863E-01
 -9.95040609E+00  1.00000000E+00  7.04188255E+00 -1.86200132E+00  4.21579995E-01  9.22641172E+00  8.25266621E-01  5.60076340E-01
 -9.90081218E+00  1.00000000E+00  7.00857850E+00 -1.86149258E+00  4.21620123E-01  9.22245892E+00  8.25234958E-01  5.59814931E-01
 -9.85121827E+00  1.00000000E+00  6.97550373E+00 -1.86187224E+00  4.21595881E-01  9.22637280E+00  8.25258862E-01  5.60074262E-01
 -9.80162437E+00  1.00000000E+00  6.94242896E+00 -1.86225198E+00  4.21550791E-01  9.23028839E+00  8.25282762E-01  5.60333709E-01
 -9.75203046E+00  1.00000000E+00  6.90907295E+00 -1.86176879E+00  4.21530526E-01  9.22779270E+00  8.25148398E-01  5.60176287E-01
 -9.70243655E+00  1.00000000E+00  6.87571694E+00 -1.86128574E+00  4.21562000E-01  9.22529769E+00  8.25014061E-01  5.60018908E-01
 -9.65284264E+00  1.00000000E+00  6.84254670E+00 -1.86234786E+00  4.21554348E-01  9.22765100E+00  8.25360011E-01  5.60152733E-01
 -9.60324873E+00  1.00000000E+00  6.80937647E+00 -1.86341037E+00  4.21453352E-01  9.23000510E+00  8.25706149E-01  5.60286597E-01
 -9.55365482E+00  1.00000000E+00  6.77636495E+00 -1.86369362E+00  4.21386143E-01  9.23577258E+00  8.25624204E-01  5.60676558E-01
 -9.50406091E+00  1.00000000E+00  6.74335343E+00 -1.86397681E+00  4.21289771E-01  9.24154397E+00  8.25542233E-01  5.61066782E-01
 -9.45446701E+00  1.00000000E+00  6.70980861E+00 -1.86303038E+00  4.21304103E-01  9.23518870E+00  8.25450425E-01  5.60649218E-01
 -9.40487310E+00  1.00000000E+00  6.67626378E+00 -1.86208448E+00  4.21350635E-01  9.22883782E+00  8.25358683E-01  5.60231943E-01
 -9.35527919E+00  1.00000000E+00  6.64317088E+00 -1.86316534E+00  4.21387588E-01  9.23445454E+00  8.25422551E-01  5.60602132E-01
 -9.30568528E+00  1.00000000E+00  6.61007797E+00 -1.86424682E+00  4.21375798E-01  9.24007466E+00  8.25486576E-01  5.60972539E-01
 -9.25609137E+00  1.00000000E+00  6.57693478E+00 -1.86381209E+00  4.21386846E-01  9.23833722E+00  8.25480314E-01  5.60857127E-01
 -9.20649746E+00  1.00000000E+00  6.54379160E+00 -1.86337743E+00  4.21431659E-01  9.23660011E+00  8.25474091E-01  5.60741734E-01
 -9.15690355E+00  1.00000000E+00  6.51043328E+00 -1.86280584E+00  4.21441563E-01  9.23386296E+00  8.25325336E-01  5.60569175E-01
 -9.10730965E+00  1.00000000E+00  6.47707496E+00 -1.86223442E+00  4.21487601E-01  9.23112663E+00  8.25176620E-01  5.60396667E-01
 -9.05771574E+00  1.00000000E+00  6.44391924E+00 -1.86214571E+00  4.21565788E-01  9.23247053E+00  8.25035623E-01  5.60495660E-01
 -9.00812183E+00  1.00000000E+00  6.41076353E+00 -1.86205700E+00  4.21624280E-01  9.23381468E+00  8.24894646E-01  5.60594669E-01
 -8.95852792E+00  1.00000000E+00  6.37753482E+00 -1.86234428E+00  4.21609472E-01  9.23220391E+00  8.25086421E-01  5.60474499E-01
 -8.90893401E+00  1.00000000E+00  6.34430611E+00 -1.86263151E+00  4.21586650E-01  9.23059358E+00  8.25278228E-01  5.60354357E-01
 -8.85934010E+00  1.00000000E+00  6.31119615E+00 -1.86282256E+00  4.21586241E-01  9.23284022E+00  8.25311702E-01  5.60501902E-01
 -8.80974619E+00  1.00000000E+00  6.27808618E+00 -1.86301362E+00  4.21531140E-01  9.23508744E+00  8.25345174E-01  5.60649485E-01
 -8.76015229E+00  1.00000000E+00  6.24473380E+00 -1.86260492E+00  4.21500818E-01  9.23222792E+00  8.25266309E-01  5.60464108E-01
 -8.71055838E+00  1.00000000E+00  6.21138142E+00 -1.86219632E+00  4.21532995E-01  9.22936930E+00  8.25187454E-01  5.60278789E-01
 -8.66096447E+00  1.00000000E+00  6.17825786E+00 -1.86203493E+00  4.21546619E-01  9.22735122E+00  8.25252909E-01  5.60139888E-01
 -8.61137056E+00  1.00000000E+00  6.14513430E+00 -1.86187355E+00  4.21530920E-01  9.22533361E+00  8.25318373E-01  5.60001016E-01
 -8.56177665E+00  1.00000000E+00  6.11190310E+00 -1.86222245E+00  4.21537668E-01  9.22665393E+00  8.25386083E-01  5.60084523E-01
 -8.51218274E+00  1.00000000E+00  6.07867190E+00 -1.86257140E+00  4.21524614E-01  9.22797444E+00  8.25453808E-01  5.60168042E-01
 -8.46258884E+00  1.00000000E+00  6.04545240E+00 -1.86313649E+00  4.21476937E-01  9.23372684E+00  8.25417261E-01  5.60553972E-01
 -8.41299493E+00  1.00000000E+00  6.01223289E+00 -1.86370179E+00  4.21403224E-01  9.23948295E+00  8.25380723E-01  5.60940148E-01
 -8.36340102E+00  1.00000000E+00  5.97902336E+00 -1.86264931E+00  4.21445337E-01  9.23351685E+00  8.25291451E-01  5.60548360E-01
 -8.31380711E+00  1.00000000E+00  5.94581382E+00 -1.86159745E+00  4.21482674E-01  9.22755460E+00  8.25202299E-01  5.60156820E-01
 -8.26421320E+00  1.00000000E+00  5.91254449E+00 -1.86191214E+00  4.21496444E-01  9.22769421E+00  8.25263809E-01  5.60162027E-01
 -8.21461929E+00  1.00000000E+00  5.87927517E+00 -1.86222682E+00  4.21519257E-01  9.22783387E+00  8.25325339E-01  5.60167235E-01
 -8.16502538E+00  1.00000000E+00  5.84612823E+00 -1.86327033E+00  4.21504381E-01  9.23432909E+00  8.25452312E-01  5.60591785E-01
 -8.11543148E+00  1.00000000E+00  5.81298129E+00 -1.86431447E+00  4.21401727E-01  9.24082889E+00  8.25579373E-01  5.61016635E-01
 -8.06583757E+00  1.00000000E+00  5.77969154E+00 -1.86301815E+00  4.21392854E-01  9.23476853E+00  8.25373663E-01  5.60626325E-01
 -8.01624366E+00  1.00000000E+00  5.74640178E+00 -1.86172267E+00  4.21447332E-01  9.22871215E+00  8.25168141E-01  5.60236268E-01
 -7.96664975E+00  1.00000000E+00  5.71322754E+00 -1.86209209E+00  4.21489203E-01  9.22877410E+00  8.25280374E-01  5.60232915E-01
 -7.91705584E+00  1.00000000E+00  5.68005329E+00 -1.86246151E+00  4.21523060E-01  9.22883610E+00  8.25392631E-01  5.60229565E-01
 -7.86746193E+00  1.00000000E+00  5.64684603E+00 -1.86291251E+00  4.21537235E-01  9.23375362E+00  8.25266235E-01  5.60565826E-01
 -7.81786802E+00  1.00000000E+00  5.61363877E+00 -1.86336369E+00  4.21530231E-01  9.23867385E+00  8.25139886E-01  5.60902264E-01
 -7.76827412E+00  1.00000000E+00  5.58042626E+00 -1.86240175E+00  4.21554886E-01  9.23332020E+00  8.25102546E-01  5.60547843E-01
 -7.71868021E+00  1.00000000E+00  5.54721375E+00 -1.86144032E+00  4.21570383E-01  9.22796964E+00  8.25065330E-01  5.60193621E-01
 -7.66908630E+00  1.00000000E+00  5.51394561E+00 -1.86172805E+00  4.21561897E-01  9.22797243E+00  8.25134616E-01  5.60189188E-01
 -7.61949239E+00  1.00000000E+00  5.48067747E+00 -1.86201577E+00  4.21556340E-01  9.22797527E+00  8.25203917E-01  5.60184757E-01
 -7.56989848E+00  1.00000000E+00  5.44755918E+00 -1.86338711E+00  4.21534130E-01  9.23435400E+00  8.25471552E-01  5.60592163E-01
 -7.52030457E+00  1.00000000E+00  5.41444089E+00 -1.86475939E+00  4.21411486E-01  9.24073715E+00  8.25739393E-01  5.60999851E-01
 -7.47071066E+00  1.00000000E+00  5.38113254E+00 -1.86328858E+00  4.21391238E-01  9.23453085E+00  8.25481939E-01  5.60603261E-01
 -7.42111676E+00  1.00000000E+00  5.34782419E+00 -1.86181878E+00  4.21443379E-01  9.22832877E+00  8.25224744E-01  5.60206935E-01
 -7.37152285E+00  1.00000000E+00  5.31463999E+00 -1.86212358E+00  4.21478287E-01  9.22834781E+00  8.25313102E-01  5.60202314E-01
 -7.32192894E+00  1.00000000E+00  5.28145579E+00 -1.86242838E+00  4.21508762E-01  9.22836690E+00  8.25401477E-01  5.60197695E-01
 -7.27233503E+00  1.00000000E+00  5.24823783E+00 -1.86284828E+00  4.21521567E-01  9.23352249E+00  8.25261255E-01  5.60550749E-01
 -7.22274112E+00  1.00000000E+00  5.21501987E+00 -1.86326834E+00  4.21509397E-01  9.23868108E+00  8.25121074E-01  5.60904000E-01
 -7.17314721E+00  1.00000000E+00  5.18181271E+00 -1.86231067E+00  4.21541016E-01  9.23321727E+00  8.25084018E-01  5.60542217E-01
 -7.12355330E+00  1.00000000E+00  5.14860555E+00 -1.86135352E+00  4.21561811E-01  9.22775670E+00  8.25047080E-01  5.60180641E-01
 -7.07395940E+00  1.00000000E+00  5.11534053E+00 -1.86165343E+00  4.21558836E-01  9.22786182E+00  8.25112829E-01  5.60183266E-01
 -7.02436549E+00  1.00000000E+00  5.08207550E+00 -1.86195334E+00  4.21558566E-01  9.22796699E+00  8.25178595E-01  5.60185893E-01
 -6.97477158E+00  1.00000000E+00  5.04896429E+00 -1.86345340E+00  4.21532184E-01  9.23447950E+00  8.25497813E-01  5.60598779E-01
 -6.92517767E+00  1.00000000E+00  5.01585307E+00 -1.86495455E+00  4.21395038E-01  9.24099665E+00  8.25817291E-01  5.61011957E-01
 -6.87558376E+00  1.00000000E+00  4.98255590E+00 -1.86352356E+00  4.21366601E-01  9.23486347E+00  8.25575127E-01  5.60619223E-01
 -6.82598985E+00  1.00000000E+00  4.94925872E+00 -1.86209353E+00  4.21414725E-01  9.22873440E+00  8.25333207E-01  5.60226747E-01
 -6.77639594E+00  1.00000000E+00  4.91605384E+00 -1.86217322E+00  4.21450777E-01  9.22845885E+00  8.25342034E-01  5.60207788E-01
 -6.72680204E+00  1.00000000E+00  4.88284895E+00 -1.86225291E+00  4.21490824E-01  9.22818331E+00  8.25350863E-01  5.60188830E-01
 -6.67720813E+00  1.00000000E+00  4.84962882E+00 -1.86267349E+00  4.21523188E-01  9.23327575E+00  8.25200197E-01  5.60538371E-01
 -6.62761422E+00  1.00000000E+00  4.81640868E+00 -1.86309425E+00  4.21530735E-01  9.23837112E+00  8.25049580E-01  5.60888103E-01
 -6.57802031E+00  1.00000000E+00  4.78320540E+00 -1.86221350E+00  4.21559105E-01  9.23314092E+00  8.25036691E-01  5.60540282E-01
 -6.52842640E+00  1.00000000E+00  4.75000211E+00 -1.86133321E+00  4.21579013E-01  9.22791368E+00  8.25023907E-01  5.60192652E-01
 -6.47883249E+00  1.00000000E+00  4.71674322E+00 -1.86165655E+00  4.21575551E-01  9.22810279E+00  8.25096279E-01  5.60200434E-01
 -6.42923858E+00  1.00000000E+00  4.68348433E+00 -1.86197990E+00  4.21574354E-01  9.22829194E+00  8.25168670E-01  5.60208218E-01
 -6.37964468E+00  1.00000000E+00  4.65036868E+00 -1.86338998E+00  4.21550615E-01  9.23450618E+00  8.25453641E-01  5.60603502E-01
 -6.33005077E+00  1.00000000E+00  4.61725303E+00 -1.86480104E+00  4.21427261E-01  9.24072463E+00  8.25738840E-01  5.60999053E-01
 -6.28045686E+00  1.00000000E+00  4.58394138E+00 -1.86328921E+00  4.21402575E-01  9.23450528E+00  8.25471789E-01  5.60602233E-01
 -6.23086295E+00  1.00000000E+00  4.55062974E+00 -1.86177842E+00  4.21450392E-01  9.22829019E+00  8.25205018E-01  5.60205678E-01
 -6.18126904E+00  1.00000000E+00  4.51744765E+00 -1.86213968E+00  4.21481431E-01  9.22837080E+00  8.25314093E-01  5.60203781E-01
 -6.13167513E+00  1.00000000E+00  4.48426555E+00 -1.86250094E+00  4.21507598E-01  9.22845148E+00  8.25423191E-01  5.60201886E-01
 -6.08208123E+00  1.00000000E+00  4.45104534E+00 -1.86287188E+00  4.21517177E-01  9.23353125E+00  8.25274352E-01  5.60550460E-01
 -6.03248732E+00  1.00000000E+00  4.41782513E+00 -1.86324296E+00  4.21501809E-01  9.23861395E+00  8.25125547E-01  5.60899227E-01
 -5.98289341E+00  1.00000000E+00  4.38461070E+00 -1.86232943E+00  4.21533590E-01  9.23320262E+00  8.25099536E-01  5.60540206E-01
 -5.93329950E+00  1.00000000E+00  4.35139626E+00 -1.86141638E+00  4.21553044E-01  9.22779446E+00  8.25073632E-01  5.60181389E-01
 -5.88370559E+00  1.00000000E+00  4.31813577E+00 -1.86174891E+00  4.21545746E-01  9.22782040E+00  8.25158601E-01  5.60177453E-01
 -5.83411168E+00  1.00000000E+00  4.28487528E+00 -1.86208143E+00  4.21539783E-01  9.22784639E+00  8.25243591E-01  5.60173520E-01
 -5.78451777E+00  1.00000000E+00  4.25177892E+00 -1.86339905E+00  4.21512884E-01  9.23441938E+00  8.25477868E-01  5.60596101E-01
 -5.73492387E+00  1.00000000E+00  4.21868255E+00 -1.86471758E+00  4.21402023E-01  9.24099706E+00  8.25712324E-01  5.61018983E-01
 -5.68532996E+00  1.00000000E+00  4.18532090E+00 -1.86284758E+00  4.21414742E-01  9.23379359E+00  8.25332921E-01  5.60564045E-01
 -5.63573605E+00  1.00000000E+00  4.15195925E+00 -1.86097913E+00  4.21490276E-01  9.22659588E+00  8.24953957E-01  5.60109461E-01
 -5.58614214E+00  1.00000000E+00  4.11882693E+00 -1.86188935E+00  4.21529786E-01  9.22763670E+00  8.25237582E-01  5.60159941E-01
 -5.53654823E+00  1.00000000E+00  4.08569460E+00 -1.86279972E+00  4.21537742E-01  9.22867790E+00  8.25521353E-01  5.60210436E-01
 -5.48695432E+00  1.00000000E+00  4.05245483E+00 -1.86313833E+00  4.21504859E-01  9.23384468E+00  8.25395286E-01  5.60563293E-01
 -5.43736041E+00  1.00000000E+00  4.01921506E+00 -1.86347702E+00  4.21441474E-01  9.23901453E+00  8.25269230E-01  5.60916354E-01
 -5.38776651E+00  1.00000000E+00  3.98602408E+00 -1.86251126E+00  4.21484419E-01  9.23336162E+00  8.25212881E-01  5.60543250E-01
 -5.33817260E+00  1.00000000E+00  3.95283310E+00 -1.86154603E+00  4.21515799E-01  9.22771217E+00  8.25156637E-01  5.60170369E-01
 -5.28857869E+00  1.00000000E+00  3.91956687E+00 -1.86189306E+00  4.21523938E-01  9.22786022E+00  8.25236069E-01  5.60174944E-01
 -5.23898478E+00  1.00000000E+00  3.88630064E+00 -1.86224008E+00  4.21540468E-01  9.22800834E+00  8.25315524E-01  5.60179521E-01
 -5.18939087E+00  1.00000000E+00  3.85315632E+00 -1.86325514E+00  4.21524149E-01  9.23470357E+00  8.25422071E-01  5.60618767E-01
 -5.13979696E+00  1.00000000E+00  3.82001200E+00 -1.86427081E+00  4.21433584E-01  9.24140369E+00  8.25528695E-01  5.61058333E-01
 -5.09020305E+00  1.00000000E+00  3.78665237E+00 -1.86260841E+00  4.21448281E-01  9.23371704E+00  8.25242123E-01  5.60564995E-01
 -5.04060915E+00  1.00000000E+00  3.75329274E+00 -1.86094739E+00  4.21506310E-01  9.22603681E+00  8.24955858E-01  5.60072064E-01
 -4.99101524E+00  1.00000000E+00  3.72024592E+00 -1.86194420E+00  4.21508775E-01  9.22762240E+00  8.25266946E-01  5.60157030E-01
 -4.94142133E+00  1.00000000E+00  3.68719910E+00 -1.86294126E+00  4.21482294E-01  9.22920850E+00  8.25578204E-01  5.60242020E-01
 -4.89182742E+00  1.00000000E+00  3.65393106E+00 -1.86325808E+00  4.21457204E-01  9.23281134E+00  8.25528936E-01  5.60485493E-01
 -4.84223351E+00  1.00000000E+00  3.62066303E+00 -1.86357497E+00  4.21409350E-01  9.23641563E+00  8.25479673E-01  5.60729064E-01
 -4.79263960E+00  1.00000000E+00  3.58740309E+00 -1.86272898E+00  4.21422560E-01  9.23223716E+00  8.25375636E-01  5.60457435E-01
 -4.74304569E+00  1.00000000E+00  3.55414316E+00 -1.86188335E+00  4.21457786E-01  9.22806058E+00  8.25271680E-01  5.60185927E-01
 -4.69345179E+00  1.00000000E+00  3.52091061E+00 -1.86195616E+00  4.21473399E-01  9.22863010E+00  8.25222803E-01  5.60227153E-01
 -4.64385788E+00  1.00000000E+00  3.48767807E+00 -1.86202897E+00  4.21512720E-01  9.22919966E+00  8.25173934E-01  5.60268382E-01
 -4.59426397E+00  1.00000000E+00  3.45456133E+00 -1.86364305E+00  4.21525331E-01  9.23545336E+00  8.25516812E-01  5.60662437E-01
 -4.54467006E+00  1.00000000E+00  3.42144459E+00 -1.86525831E+00  4.21429646E-01  9.24171140E+00  8.25860016E-01  5.61056759E-01
 -4.49507615E+00  1.00000000E+00  3.38820347E+00 -1.86472737E+00  4.21400900E-01  9.24355848E+00  8.25547300E-01  5.61200745E-01
 -4.44548224E+00  1.00000000E+00  3.35496235E+00 -1.86419635E+00  4.21402012E-01  9.24540627E+00  8.25234680E-01  5.61344773E-01
 -4.39588833E+00  1.00000000E+00  3.32171102E+00 -1.86257736E+00  4.21413746E-01  9.23622201E+00  8.25115276E-01  5.60740449E-01
 -4.34629443E+00  1.00000000E+00  3.28845969E+00 -1.86095985E+00  4.21491596E-01  9.22704686E+00  8.24996166E-01  5.60136713E-01
 -4.29670052E+00  1.00000000E+00  3.25521387E+00 -1.86197112E+00  4.21532433E-01  9.23275902E+00  8.25061920E-01  5.60513140E-01
 -4.24710661E+00  1.00000000E+00  3.22196806E+00 -1.86298295E+00  4.21492169E-01  9.23847472E+00  8.25127794E-01  5.60889795E-01
 -4.19751270E+00  1.00000000E+00  3.18875196E+00 -1.86198632E+00  4.21519389E-01  9.23184545E+00  8.25072652E-01  5.60451520E-01
 -4.14791879E+00  1.00000000E+00  3.15553587E+00 -1.86099029E+00  4.21590297E-01  9.22522096E+00  8.25017600E-01  5.60013557E-01
 -4.09832488E+00  1.00000000E+00  3.12241454E+00 -1.86200224E+00  4.21541832E-01  9.22848076E+00  8.25299031E-01  5.60212115E-01
 -4.04873097E+00  1.00000000E+00  3.08929321E+00 -1.86301462E+00  4.21430690E-01  9.23174180E+00  8.25580608E-01  5.60410746E-01
 -3.99913707E+00  1.00000000E+00  3.05589848E+00 -1.86238894E+00  4.21442279E-01  9.23019223E+00  8.25341321E-01  5.60323394E-01
 -3.94954316E+00  1.00000000E+00  3.02250376E+00 -1.86176341E+00  4.21495754E-01  9.22864298E+00  8.25102110E-01  5.60236058E-01
 -3.89994925E+00  1.00000000E+00  2.98950730E+00 -1.86364506E+00  4.21496028E-01  9.23877916E+00  8.25393695E-01  5.60892365E-01
 -3.85035534E+00  1.00000000E+00  2.95651084E+00 -1.86552864E+00  4.21392716E-01  9.24892647E+00  8.25685621E-01  5.61549390E-01
 -3.80076143E+00  1.00000000E+00  2.92317784E+00 -1.86362902E+00  4.21372936E-01  9.24168276E+00  8.25330552E-01  5.61090147E-01
 -3.75116752E+00  1.00000000E+00  2.88984485E+00 -1.86173095E+00  4.21429371E-01  9.23444488E+00  8.24975943E-01  5.60631262E-01
 -3.70157361E+00  1.00000000E+00  2.85658134E+00 -1.86205900E+00  4.21455943E-01  9.23558613E+00  8.24958837E-01  5.60708486E-01
 -3.65197971E+00  1.00000000E+00  2.82331784E+00 -1.86238707E+00  4.21483033E-01  9.23672753E+00  8.24941764E-01  5.60785718E-01
 -3.60238580E+00  1.00000000E+00  2.79002523E+00 -1.86215602E+00  4.21529423E-01  9.23397501E+00  8.24915488E-01  5.60603968E-01
 -3.55279189E+00  1.00000000E+00  2.75673263E+00 -1.86192498E+00  4.21605278E-01  9.23122335E+00  8.24889209E-01  5.60422276E-01
 -3.50319798E+00  1.00000000E+00  2.72368139E+00 -1.86263364E+00  4.21652380E-01  9.23069692E+00  8.25238922E-01  5.60363867E-01
 -3.45360407E+00  1.00000000E+00  2.69063016E+00 -1.86334233E+00  4.21635210E-01  9.23017083E+00  8.25588773E-01  5.60305471E-01
 -3.40401016E+00  1.00000000E+00  2.65744348E+00 -1.86406829E+00  4.21556847E-01  9.23816630E+00  8.25570258E-01  5.60839736E-01
 -3.35441626E+00  1.00000000E+00  2.62425680E+00 -1.86479455E+00  4.21396711E-01  9.24616896E+00  8.25551728E-01  5.61374482E-01
 -3.30482235E+00  1.00000000E+00  2.59100494E+00 -1.86294301E+00  4.21369693E-01  9.23744663E+00  8.25277132E-01  5.60811300E-01
 -3.25522844E+00  1.00000000E+00  2.55775309E+00 -1.86109318E+00  4.21414194E-01  9.22873255E+00  8.25002925E-01  5.60248641E-01
 -3.20563453E+00  1.00000000E+00  2.52438856E+00 -1.86110127E+00  4.21479162E-01  9.22654691E+00  8.24997258E-01  5.60103310E-01
 -3.15604062E+00  1.00000000E+00  2.49102404E+00 -1.86110928E+00  4.21544512E-01  9.22436188E+00  8.24991593E-01  5.59958019E-01
 -3.10644671E+00  1.00000000E+00  2.45795198E+00 -1.86209197E+00  4.21562033E-01  9.22586376E+00  8.25379708E-01  5.60032270E-01
 -3.05685280E+00  1.00000000E+00  2.42487993E+00 -1.86307497E+00  4.21484589E-01  9.22736610E+00  8.25768021E-01  5.60106539E-01
 -3.00725890E+00  1.00000000E+00  2.39168712E+00 -1.86369191E+00  4.21446522E-01  9.23541667E+00  8.25640660E-01  5.60651734E-01
 -2.95766499E+00  1.00000000E+00  2.35849431E+00 -1.86430910E+00  4.21350824E-01  9.24347461E+00  8.25513304E-01  5.61197420E-01
 -2.90807108E+00  1.00000000E+00  2.32512652E+00 -1.86308916E+00  4.21356873E-01  9.23651836E+00  8.25419551E-01  5.60739920E-01
 -2.85847717E+00  1.00000000E+00  2.29175872E+00 -1.86187005E+00  4.21404137E-01  9.22956733E+00  8.25325962E-01  5.60282758E-01
 -2.80888326E+00  1.00000000E+00  2.25878992E+00 -1.86350010E+00  4.21392544E-01  9.23865877E+00  8.25438290E-01  5.60881365E-01
 -2.75928935E+00  1.00000000E+00  2.22582112E+00 -1.86513164E+00  4.21361029E-01  9.24775914E+00  8.25550929E-01  5.61480547E-01
 -2.70969544E+00  1.00000000E+00  2.19242254E+00 -1.86336531E+00  4.21413291E-01  9.24247707E+00  8.25069161E-01  5.61160527E-01
 -2.66010154E+00  1.00000000E+00  2.15902396E+00 -1.86160020E+00  4.21532552E-01  9.23719830E+00  8.24587843E-01  5.60840697E-01
 -2.61050763E+00  1.00000000E+00  2.12577556E+00 -1.86163154E+00  4.21570243E-01  9.23284372E+00  8.24818445E-01  5.60535018E-01
 -2.56091372E+00  1.00000000E+00  2.09252716E+00 -1.86166278E+00  4.21624420E-01  9.22849151E+00  8.25049075E-01  5.60229496E-01
 -2.51131981E+00  1.00000000E+00  2.05936259E+00 -1.86207303E+00  4.21638225E-01  9.22895362E+00  8.25186533E-01  5.60251139E-01
 -2.46172590E+00  1.00000000E+00  2.02619803E+00 -1.86248331E+00  4.21620092E-01  9.22941580E+00  8.25324022E-01  5.60272786E-01
 -2.41213199E+00  1.00000000E+00  1.99303557E+00 -1.86339596E+00  4.21577217E-01  9.23541870E+00  8.25419508E-01  5.60666613E-01
 -2.36253808E+00  1.00000000E+00  1.95987310E+00 -1.86430911E+00  4.21462941E-01  9.24142552E+00  8.25515057E-01  5.61060697E-01
 -2.31294418E+00  1.00000000E+00  1.92663703E+00 -1.86304446E+00  4.21467698E-01  9.23490573E+00  8.25364049E-01  5.60636112E-01
 -2.26335027E+00  1.00000000E+00  1.89340095E+00 -1.86178065E+00  4.21507269E-01  9.22839054E+00  8.25213217E-01  5.60211821E-01
 -2.21375636E+00  1.00000000E+00  1.86009986E+00 -1.86184477E+00  4.21514315E-01  9.22685902E+00  8.25262024E-01  5.60106466E-01
 -2.16416245E+00  1.00000000E+00  1.82679876E+00 -1.86190885E+00  4.21522802E-01  9.22532781E+00  8.25310831E-01  5.60001132E-01
 -2.11456854E+00  1.00000000E+00  1.79370253E+00 -1.86244580E+00  4.21530212E-01  9.23027200E+00  8.25331254E-01  5.60329383E-01
 -2.06497463E+00  1.00000000E+00  1.76060630E+00 -1.86298292E+00  4.21494967E-01  9.23521890E+00  8.25351680E-01  5.60657814E-01
 -2.01538072E+00  1.00000000E+00  1.72725098E+00 -1.86264906E+00  4.21465235E-01  9.23293777E+00  8.25292461E-01  5.60509688E-01
 -1.96578682E+00  1.00000000E+00  1.69389566E+00 -1.86231526E+00  4.21482348E-01  9.23065722E+00  8.25233250E-01  5.60361598E-01
 -1.91619291E+00  1.00000000E+00  1.66078190E+00 -1.86276342E+00  4.21528441E-01  9.23390398E+00  8.25296241E-01  5.60573849E-01
 -1.86659900E+00  1.00000000E+00  1.62766814E+00 -1.86321169E+00  4.21505136E-01  9.23715190E+00  8.25359242E-01  5.60786177E-01
 -1.81700509E+00  1.00000000E+00  1.59426210E+00 -1.86268104E+00  4.21468328E-01  9.23352164E+00  8.25267810E-01  5.60550256E-01
 -1.76741118E+00  1.00000000E+00  1.56085607E+00 -1.86215056E+00  4.21483172E-01  9.22989283E+00  8.25176395E-01  5.60314429E-01
 -1.71781727E+00  1.00000000E+00  1.52775473E+00 -1.86181692E+00  4.21470913E-01  9.22882779E+00  8.25118181E-01  5.60247308E-01
 -1.66822336E+00  1.00000000E+00  1.49465339E+00 -1.86148333E+00  4.21424532E-01  9.22776290E+00  8.25059982E-01  5.60180194E-01
 -1.61862946E+00  1.00000000E+00  1.46133802E+00 -1.86144646E+00  4.21408762E-01  9.22524231E+00  8.25120860E-01  5.60008097E-01
 -1.56903555E+00  1.00000000E+00  1.42802265E+00 -1.86140955E+00  4.21395797E-01  9.22272250E+00  8.25181733E-01  5.59836051E-01
 -1.51944164E+00  1.00000000E+00  1.39502040E+00 -1.86311347E+00  4.21228346E-01  9.22865127E+00  8.25727692E-01  5.60194905E-01
 -1.46984773E+00  1.00000000E+00  1.36201814E+00 -1.86481873E+00  4.20909531E-01  9.23458400E+00  8.26274096E-01  5.60553994E-01
 -1.42025382E+00  1.00000000E+00  1.32869904E+00 -1.86281439E+00  4.20770722E-01  9.22441373E+00  8.25988421E-01  5.59895021E-01
 -1.37065991E+00  1.00000000E+00  1.29537994E+00 -1.86081216E+00  4.20689123E-01  9.21425465E+00  8.25703172E-01  5.59236765E-01
 -1.32106600E+00  1.00000000E+00  1.26215845E+00 -1.86093458E+00  4.20567705E-01  9.21397622E+00  8.25725874E-01  5.59216690E-01
 -1.27147210E+00  1.00000000E+00  1.22893697E+00 -1.86105699E+00  4.20401842E-01  9.21369781E+00  8.25748580E-01  5.59196615E-01
 -1.22187819E+00  1.00000000E+00  1.19583579E+00 -1.86056032E+00  4.20209657E-01  9.20743205E+00  8.25881152E-01  5.58770060E-01
 -1.17228428E+00  1.00000000E+00  1.16273462E+00 -1.86006383E+00  4.19987897E-01  9.20117074E+00  8.26013752E-01  5.58343799E-01
 -1.12269037E+00  1.00000000E+00  1.12972028E+00 -1.85947927E+00  4.19715107E-01  9.19349700E+00  8.26159938E-01  5.57822471E-01
 -1.07309646E+00  1.00000000E+00  1.09670594E+00 -1.85889494E+00  4.19423222E-01  9.18582998E+00  8.26306144E-01  5.57301589E-01
 -1.02350255E+00  1.00000000E+00  1.06397063E+00 -1.85824479E+00  4.18987835E-01  9.17611598E+00  8.26644843E-01  5.56631409E-01
 -9.73908645E-01  1.00000000E+00  1.03123532E+00 -1.85759506E+00  4.18512944E-01  9.16641280E+00  8.26983713E-01  5.55961939E-01
 -9.24314736E-01  1.00000000E+00  9.98652542E-01 -1.85653046E+00  4.18026778E-01  9.15654887E+00  8.27099238E-01  5.55296642E-01
 -8.74720828E-01  1.00000000E+00  9.66069764E-01 -1.85546670E+00  4.17512940E-01  9.14669579E+00  8.27214879E-01  5.54632061E-01
 -8.25312107E-01  1.00000000E+00  9.34229790E-01 -1.85412304E+00  4.16831887E-01  9.13015073E+00  8.27623049E-01  5.53501846E-01
 -7.75903387E-01  1.00000000E+00  9.02389817E-01 -1.85278090E+00  4.16199360E-01  9.11363688E+00  8.28031539E-01  5.52373689E-01
 -7.30665613E-01  1.00000000E+00  8.73739382E-01 -1.85177337E+00  4.15810613E-01  9.10264424E+00  8.28206422E-01  5.51629188E-01
 -6.85427839E-01  1.00000000E+00  8.45088946E-01 -1.85076660E+00  4.15341974E-01  9.09166534E+00  8.28381393E-01  5.50885596E-01
 -6.45465100E-01  1.00000000E+00  8.20571195E-01 -1.84923831E+00  4.14986839E-01  9.08268302E+00  8.28238171E-01  5.50296323E-01
 -6.05502361E-01  1.00000000E+00  7.96053444E-01 -1.84771137E+00  4.14698510E-01  9.07370956E+00  8.28095179E-01  5.49707626E-01
 -5.70199545E-01  1.00000000E+00  7.75365149E-01 -1.84638276E+00  4.14490273E-01  9.06650616E+00  8.27985708E-01  5.49234697E-01
 -5.34896729E-01  1.00000000E+00  7.54676855E-01 -1.84505513E+00  4.14437651E-01  9.05930846E+00  8.27876443E-01  5.48762135E-01
 -5.03710456E-01  1.00000000E+00  7.37133341E-01 -1.84685942E+00  4.14493548E-01  9.06332366E+00  8.28379744E-01  5.48996261E-01
 -4.72524184E-01  1.00000000E+00  7.19589828E-01 -1.84866473E+00  4.14618925E-01  9.06734117E+00  8.28883559E-01  5.49230508E-01
 -4.44974441E-01  1.00000000E+00  7.05399307E-01 -1.85177224E+00  4.15332499E-01  9.08705677E+00  8.29032506E-01  5.50534951E-01
 -4.17424698E-01  1.00000000E+00  6.91208786E-01 -1.85488564E+00  4.16079011E-01  9.10681529E+00  8.29182450E-01  5.51842189E-01
 -3.93087440E-01  1.00000000E+00  6.79512050E-01 -1.85551116E+00  4.16688981E-01  9.12283491E+00  8.28608840E-01  5.52948404E-01
 -3.68750182E-01  1.00000000E+00  6.67815315E-01 -1.85613661E+00  4.17940837E-01  9.13888526E+00  8.28035389E-01  5.54056658E-01
 -3.47250809E-01  1.00000000E+00  6.58581947E-01 -1.85650698E+00  4.19651591E-01  9.17493103E+00  8.26029303E-01  5.56593448E-01
 -3.25751437E-01  1.00000000E+00  6.49348579E-01 -1.85687499E+00  4.21726953E-01  9.21113684E+00  8.24026348E-01  5.59140699E-01
 -3.06759035E-01  1.00000000E+00  6.42672855E-01 -1.86529561E+00  4.23796932E-01  9.26296866E+00  8.24597348E-01  5.62558088E-01
 -2.87766633E-01  1.00000000E+00  6.35997131E-01 -1.87375820E+00  4.26130465E-01  9.31509219E+00  8.25175454E-01  5.65994449E-01
 -2.70988873E-01  1.00000000E+00  6.31211765E-01 -1.87686688E+00  4.29080158E-01  9.37856045E+00  8.22821444E-01  5.70382600E-01
 -2.54211113E-01  1.00000000E+00  6.26426399E-01 -1.87998313E+00  4.32247151E-01  9.44249323E+00  8.20472590E-01  5.74801376E-01
 -2.39389755E-01  1.00000000E+00  6.23651297E-01 -1.88638268E+00  4.35636631E-01  9.51608484E+00  8.19109582E-01  5.79798350E-01
 -2.24568396E-01  1.00000000E+00  6.20876194E-01 -1.89281375E+00  4.39277030E-01  9.59027086E+00  8.17751233E-01  5.84834642E-01
 -2.11472015E-01  1.00000000E+00  6.19968545E-01 -1.90295282E+00  4.43232346E-01  9.68184006E+00  8.16921048E-01  5.90994601E-01
 -1.98375634E-01  1.00000000E+00  6.19060896E-01 -1.91316426E+00  4.47325932E-01  9.77429987E+00  8.16100734E-01  5.97213275E-01
 -1.85977157E-01  1.00000000E+00  6.20471449E-01 -1.92632635E+00  4.52300936E-01  9.89232608E+00  8.15163487E-01  6.05144173E-01
 -1.73578680E-01  1.00000000E+00  6.21882002E-01 -1.93960785E+00  4.57572820E-01  1.00118026E+01  8.14242116E-01  6.13170697E-01
 -1.61180203E-01  1.00000000E+00  6.24259699E-01 -1.94842862E+00  4.64452201E-01  1.01536513E+01  8.10397476E-01  6.22883588E-01
 -1.48781726E-01  1.00000000E+00  6.26637395E-01 -1.95730843E+00  4.71586594E-01  1.02976225E+01  8.06569403E-01  6.32736872E-01
 -1.36383248E-01  1.00000000E+00  6.36325685E-01 -1.97639472E+00  4.80473257E-01  1.05084253E+01  8.03617350E-01  6.46987195E-01
 -1.23984771E-01  1.00000000E+00  6.46013975E-01 -1.99574077E+00  4.90272393E-01  1.07236692E+01  8.00699556E-01  6.61531309E-01
 -1.11586294E-01  1.00000000E+00  6.50747945E-01 -2.03188309E+00  5.03189199E-01  1.09564779E+01  8.03087766E-01  6.76892678E-01
 -9.91878171E-02  1.00000000E+00  6.55481915E-01 -2.06873305E+00  5.14571479E-01  1.11943385E+01  8.05595158E-01  6.92582890E-01
 -8.67893400E-02  1.00000000E+00  6.97937121E-01 -1.90717362E+00  5.31252512E-01  1.12924462E+01  7.46983723E-01  7.03030834E-01
 -7.43908628E-02  1.00000000E+00  7.40392328E-01 -1.74545104E+00  5.53522297E-01  1.14052196E+01  6.93088184E-01  7.14142097E-01
 -6.19923857E-02  1.00000000E+00  7.04069629E-01 -1.59930224E+00  5.63904372E-01  1.09487252E+01  6.68681592E-01  6.85336237E-01
 -4.95939085E-02  1.00000000E+00  6.67746931E-01 -1.45992848E+00  5.31993463E-01  1.05135089E+01  6.46967946E-01  6.57769396E-01
 -3.71954314E-02  1.00000000E+00  1.31716528E+00 -4.06541111E+00  5.01581942E-01  1.52751602E+01  1.44587766E+00  9.21952172E-01
 -2.47969543E-02  1.00000000E+00  1.96658363E+00 -8.61050355E+00  5.77367960E-01  2.39620746E+01  3.37015725E+00  1.37279449E+00
 -1.23984771E-02  1.00000000E+00  9.00043832E-01  1.90040854E+00  1.42099940E+00  1.34988430E+01  7.88131049E-01  8.47380797E-01
  0.00000000E+00  1.00000000E+00 -1.66495968E-01  1.96531276E+01  4.75531757E+00  3.34263697E+01  1.17784410E+01  1.44319525E+00
