   1.15649054E+00   1.15649055E+00   1.15649057E+00   1.15649061E+00   1.15649067E+00   1.15649075E+00   1.15649086E+00   1.15649099E+00   1.15649115E+00   1.15649135E+00   1.15649158E+00   1.15649187E+00   1.15649221E+00   1.15649261E+00   1.15649308E+00   1.15649364E+00   1.15649429E+00   1.15649506E+00   1.15649596E+00   1.15649699E+00   1.15649819E+00   1.15649957E+00   1.15650116E+00   1.15650299E+00   1.15650507E+00   1.15650744E+00   1.15651012E+00   1.15651317E+00   1.15651659E+00   1.15652043E+00   1.15652473E+00   1.15652954E+00   1.15653490E+00   1.15654084E+00   1.15654739E+00   1.15655462E+00   1.15656255E+00   1.15657120E+00   1.15658059E+00   1.15659078E+00   1.15660172E+00   1.15661341E+00   1.15662585E+00   1.15663902E+00   1.15665283E+00   1.15666712E+00   1.15668180E+00   1.15669667E+00   1.15671151E+00   1.15672589E+00   1.15673952E+00   1.15675186E+00   1.15676245E+00   1.15677041E+00   1.15677516E+00   1.15677541E+00   1.15677017E+00   1.15675774E+00   1.15673686E+00   1.15670524E+00   1.15666129E+00   1.15660191E+00   1.15652455E+00   1.15642427E+00   1.15629876E+00   1.15614411E+00   1.15595572E+00   1.15572565E+00   1.15544992E+00   1.15511947E+00   1.15472833E+00   1.15426576E+00   1.15372385E+00   1.15308781E+00   1.15235009E+00   1.15149508E+00   1.15051067E+00   1.14937542E+00   1.14807976E+00   1.14660438E+00   1.14493164E+00   1.14302902E+00   1.14088568E+00   1.13847712E+00   1.13577199E+00   1.13275275E+00   1.12939737E+00   1.12594564E+00   1.12213228E+00   1.11825225E+00   1.11402832E+00   1.10982147E+00   1.10529069E+00   1.10081091E+00   1.09600669E+00   1.09125387E+00   1.08622278E+00   1.08134328E+00   1.07616529E+00   1.07110360E+00   1.06581315E+00   1.06076216E+00   1.05541145E+00   1.04991570E+00   1.04421061E+00   1.03828029E+00   1.03205533E+00   1.02578165E+00   1.01937276E+00   1.01106169E+00   1.00000000E+00
   1.13428929E+00   1.13428929E+00   1.13428930E+00   1.13428932E+00   1.13428935E+00   1.13428939E+00   1.13428945E+00   1.13428953E+00   1.13428962E+00   1.13428974E+00   1.13428988E+00   1.13429006E+00   1.13429027E+00   1.13429052E+00   1.13429083E+00   1.13429119E+00   1.13429162E+00   1.13429213E+00   1.13429274E+00   1.13429344E+00   1.13429427E+00   1.13429523E+00   1.13429634E+00   1.13429764E+00   1.13429913E+00   1.13430084E+00   1.13430279E+00   1.13430502E+00   1.13430755E+00   1.13431042E+00   1.13431365E+00   1.13431730E+00   1.13432139E+00   1.13432595E+00   1.13433103E+00   1.13433669E+00   1.13434294E+00   1.13434981E+00   1.13435733E+00   1.13436556E+00   1.13437449E+00   1.13438412E+00   1.13439447E+00   1.13440557E+00   1.13441733E+00   1.13442968E+00   1.13444257E+00   1.13445587E+00   1.13446942E+00   1.13448292E+00   1.13449619E+00   1.13450882E+00   1.13452049E+00   1.13453052E+00   1.13453848E+00   1.13454339E+00   1.13454447E+00   1.13454039E+00   1.13453015E+00   1.13451195E+00   1.13448451E+00   1.13444531E+00   1.13439227E+00   1.13432128E+00   1.13423045E+00   1.13411666E+00   1.13397595E+00   1.13380161E+00   1.13359031E+00   1.13333433E+00   1.13302852E+00   1.13266359E+00   1.13223267E+00   1.13172296E+00   1.13112778E+00   1.13043334E+00   1.12962897E+00   1.12869583E+00   1.12762507E+00   1.12639898E+00   1.12500227E+00   1.12340660E+00   1.12160100E+00   1.11956222E+00   1.11726410E+00   1.11469126E+00   1.11182092E+00   1.10885646E+00   1.10557466E+00   1.10223114E+00   1.09858335E+00   1.09494312E+00   1.09101592E+00   1.08712634E+00   1.08295554E+00   1.07883434E+00   1.07446771E+00   1.07022953E+00   1.06573758E+00   1.06135248E+00   1.05676871E+00   1.05239375E+00   1.04777149E+00   1.04304098E+00   1.03813425E+00   1.03303650E+00   1.02769041E+00   1.02231549E+00   1.01685496E+00   1.00969092E+00   1.00000000E+00
   1.11971297E+00   1.11971297E+00   1.11971297E+00   1.11971298E+00   1.11971300E+00   1.11971303E+00   1.11971307E+00   1.11971312E+00   1.11971318E+00   1.11971326E+00   1.11971336E+00   1.11971348E+00   1.11971363E+00   1.11971382E+00   1.11971404E+00   1.11971430E+00   1.11971462E+00   1.11971500E+00   1.11971546E+00   1.11971600E+00   1.11971662E+00   1.11971737E+00   1.11971823E+00   1.11971924E+00   1.11972041E+00   1.11972176E+00   1.11972331E+00   1.11972510E+00   1.11972713E+00   1.11972945E+00   1.11973206E+00   1.11973504E+00   1.11973839E+00   1.11974215E+00   1.11974636E+00   1.11975106E+00   1.11975629E+00   1.11976206E+00   1.11976841E+00   1.11977540E+00   1.11978303E+00   1.11979129E+00   1.11980023E+00   1.11980987E+00   1.11982017E+00   1.11983105E+00   1.11984250E+00   1.11985443E+00   1.11986673E+00   1.11987913E+00   1.11989151E+00   1.11990356E+00   1.11991501E+00   1.11992530E+00   1.11993410E+00   1.11994057E+00   1.11994409E+00   1.11994351E+00   1.11993801E+00   1.11992606E+00   1.11990657E+00   1.11987739E+00   1.11983670E+00   1.11978090E+00   1.11970841E+00   1.11961655E+00   1.11950181E+00   1.11935824E+00   1.11918296E+00   1.11896910E+00   1.11871207E+00   1.11840354E+00   1.11803735E+00   1.11760206E+00   1.11709160E+00   1.11649342E+00   1.11579790E+00   1.11498798E+00   1.11405542E+00   1.11298373E+00   1.11175924E+00   1.11035649E+00   1.10876462E+00   1.10696141E+00   1.10492410E+00   1.10263903E+00   1.10008335E+00   1.09743684E+00   1.09450321E+00   1.09151255E+00   1.08824525E+00   1.08498068E+00   1.08145524E+00   1.07796043E+00   1.07421371E+00   1.07051590E+00   1.06659621E+00   1.06279049E+00   1.05876103E+00   1.05483240E+00   1.05072651E+00   1.04680929E+00   1.04267954E+00   1.03846462E+00   1.03409477E+00   1.02955506E+00   1.02479594E+00   1.02002132E+00   1.01519316E+00   1.00878665E+00   1.00000000E+00
   1.14831819E+00   1.14831820E+00   1.14831823E+00   1.14831827E+00   1.14831834E+00   1.14831843E+00   1.14831855E+00   1.14831869E+00   1.14831887E+00   1.14831908E+00   1.14831934E+00   1.14831964E+00   1.14832000E+00   1.14832043E+00   1.14832094E+00   1.14832153E+00   1.14832222E+00   1.14832302E+00   1.14832395E+00   1.14832503E+00   1.14832626E+00   1.14832769E+00   1.14832931E+00   1.14833116E+00   1.14833326E+00   1.14833565E+00   1.14833833E+00   1.14834136E+00   1.14834475E+00   1.14834855E+00   1.14835277E+00   1.14835747E+00   1.14836266E+00   1.14836839E+00   1.14837467E+00   1.14838154E+00   1.14838903E+00   1.14839712E+00   1.14840585E+00   1.14841520E+00   1.14842516E+00   1.14843567E+00   1.14844671E+00   1.14845817E+00   1.14846996E+00   1.14848188E+00   1.14849378E+00   1.14850537E+00   1.14851638E+00   1.14852634E+00   1.14853489E+00   1.14854133E+00   1.14854514E+00   1.14854529E+00   1.14854108E+00   1.14853106E+00   1.14851417E+00   1.14848855E+00   1.14845276E+00   1.14840428E+00   1.14834122E+00   1.14826017E+00   1.14815872E+00   1.14803220E+00   1.14787765E+00   1.14768994E+00   1.14746467E+00   1.14719428E+00   1.14687434E+00   1.14649558E+00   1.14605182E+00   1.14553224E+00   1.14492930E+00   1.14422918E+00   1.14342341E+00   1.14249635E+00   1.14143723E+00   1.14022669E+00   1.13885320E+00   1.13729613E+00   1.13554098E+00   1.13356025E+00   1.13133916E+00   1.12885218E+00   1.12607886E+00   1.12301273E+00   1.11961703E+00   1.11612997E+00   1.11230676E+00   1.10845735E+00   1.10428687E+00   1.10014570E+00   1.09569938E+00   1.09131797E+00   1.08665009E+00   1.08207475E+00   1.07724234E+00   1.07255764E+00   1.06762268E+00   1.06284785E+00   1.05786622E+00   1.05310307E+00   1.04811521E+00   1.04308273E+00   1.03788465E+00   1.03250095E+00   1.02689370E+00   1.02125244E+00   1.01566821E+00   1.00886274E+00   1.00000000E+00
   1.13828178E+00   1.13828179E+00   1.13828181E+00   1.13828184E+00   1.13828189E+00   1.13828196E+00   1.13828205E+00   1.13828217E+00   1.13828231E+00   1.13828248E+00   1.13828268E+00   1.13828293E+00   1.13828322E+00   1.13828358E+00   1.13828399E+00   1.13828448E+00   1.13828505E+00   1.13828572E+00   1.13828650E+00   1.13828740E+00   1.13828845E+00   1.13828966E+00   1.13829104E+00   1.13829262E+00   1.13829443E+00   1.13829648E+00   1.13829881E+00   1.13830144E+00   1.13830440E+00   1.13830772E+00   1.13831142E+00   1.13831556E+00   1.13832016E+00   1.13832524E+00   1.13833083E+00   1.13833698E+00   1.13834370E+00   1.13835100E+00   1.13835890E+00   1.13836741E+00   1.13837651E+00   1.13838617E+00   1.13839637E+00   1.13840704E+00   1.13841809E+00   1.13842937E+00   1.13844075E+00   1.13845198E+00   1.13846285E+00   1.13847294E+00   1.13848194E+00   1.13848925E+00   1.13849441E+00   1.13849652E+00   1.13849495E+00   1.13848843E+00   1.13847601E+00   1.13845601E+00   1.13842716E+00   1.13838717E+00   1.13833434E+00   1.13826558E+00   1.13817869E+00   1.13806942E+00   1.13793503E+00   1.13777084E+00   1.13757280E+00   1.13733394E+00   1.13705015E+00   1.13671286E+00   1.13631627E+00   1.13585030E+00   1.13530795E+00   1.13467629E+00   1.13394732E+00   1.13310628E+00   1.13214314E+00   1.13103965E+00   1.12978474E+00   1.12835873E+00   1.12674822E+00   1.12492740E+00   1.12288155E+00   1.12058614E+00   1.11802292E+00   1.11518527E+00   1.11203665E+00   1.10879768E+00   1.10524409E+00   1.10166354E+00   1.09777902E+00   1.09391691E+00   1.08976669E+00   1.08567266E+00   1.08131047E+00   1.07703466E+00   1.07251342E+00   1.06812597E+00   1.06350622E+00   1.05903618E+00   1.05436706E+00   1.04989778E+00   1.04522649E+00   1.04052049E+00   1.03564989E+00   1.03059662E+00   1.02533766E+00   1.02004996E+00   1.01482494E+00   1.00841493E+00   1.00000000E+00
   1.13185070E+00   1.13185071E+00   1.13185073E+00   1.13185076E+00   1.13185080E+00   1.13185086E+00   1.13185094E+00   1.13185104E+00   1.13185115E+00   1.13185130E+00   1.13185148E+00   1.13185169E+00   1.13185195E+00   1.13185226E+00   1.13185262E+00   1.13185305E+00   1.13185356E+00   1.13185415E+00   1.13185485E+00   1.13185565E+00   1.13185659E+00   1.13185767E+00   1.13185891E+00   1.13186034E+00   1.13186197E+00   1.13186383E+00   1.13186593E+00   1.13186832E+00   1.13187101E+00   1.13187404E+00   1.13187743E+00   1.13188122E+00   1.13188544E+00   1.13189011E+00   1.13189526E+00   1.13190094E+00   1.13190715E+00   1.13191392E+00   1.13192126E+00   1.13192919E+00   1.13193769E+00   1.13194674E+00   1.13195631E+00   1.13196637E+00   1.13197681E+00   1.13198752E+00   1.13199838E+00   1.13200916E+00   1.13201967E+00   1.13202954E+00   1.13203848E+00   1.13204594E+00   1.13205150E+00   1.13205433E+00   1.13205386E+00   1.13204890E+00   1.13203857E+00   1.13202132E+00   1.13199596E+00   1.13196035E+00   1.13191291E+00   1.13185075E+00   1.13177179E+00   1.13167204E+00   1.13154893E+00   1.13139805E+00   1.13121557E+00   1.13099490E+00   1.13073216E+00   1.13041922E+00   1.13005055E+00   1.12961656E+00   1.12911061E+00   1.12852037E+00   1.12783817E+00   1.12704988E+00   1.12614592E+00   1.12510885E+00   1.12392795E+00   1.12258420E+00   1.12106496E+00   1.11934549E+00   1.11741127E+00   1.11523846E+00   1.11281013E+00   1.11011965E+00   1.10713094E+00   1.10405317E+00   1.10067479E+00   1.09726913E+00   1.09357119E+00   1.08989160E+00   1.08593527E+00   1.08202980E+00   1.07786755E+00   1.07378725E+00   1.06946963E+00   1.06527681E+00   1.06086227E+00   1.05659024E+00   1.05212470E+00   1.04784689E+00   1.04337941E+00   1.03888205E+00   1.03422170E+00   1.02938084E+00   1.02434417E+00   1.01928176E+00   1.01428536E+00   1.00812717E+00   1.00000000E+00
   1.14007704E+00   1.14007705E+00   1.14007708E+00   1.14007712E+00   1.14007719E+00   1.14007728E+00   1.14007740E+00   1.14007754E+00   1.14007772E+00   1.14007793E+00   1.14007818E+00   1.14007849E+00   1.14007884E+00   1.14007927E+00   1.14007976E+00   1.14008034E+00   1.14008101E+00   1.14008179E+00   1.14008269E+00   1.14008372E+00   1.14008491E+00   1.14008627E+00   1.14008781E+00   1.14008957E+00   1.14009156E+00   1.14009381E+00   1.14009633E+00   1.14009916E+00   1.14010233E+00   1.14010585E+00   1.14010976E+00   1.14011409E+00   1.14011885E+00   1.14012407E+00   1.14012977E+00   1.14013597E+00   1.14014267E+00   1.14014988E+00   1.14015758E+00   1.14016576E+00   1.14017439E+00   1.14018339E+00   1.14019270E+00   1.14020221E+00   1.14021179E+00   1.14022122E+00   1.14023032E+00   1.14023876E+00   1.14024625E+00   1.14025228E+00   1.14025645E+00   1.14025802E+00   1.14025642E+00   1.14025060E+00   1.14023978E+00   1.14022249E+00   1.14019766E+00   1.14016336E+00   1.14011811E+00   1.14005937E+00   1.13998522E+00   1.13989225E+00   1.13977805E+00   1.13963810E+00   1.13946937E+00   1.13926656E+00   1.13902548E+00   1.13873896E+00   1.13840244E+00   1.13800707E+00   1.13754688E+00   1.13701145E+00   1.13639354E+00   1.13568018E+00   1.13486307E+00   1.13392731E+00   1.13286279E+00   1.13165152E+00   1.13028228E+00   1.12873535E+00   1.12699740E+00   1.12504384E+00   1.12286026E+00   1.12042273E+00   1.11771380E+00   1.11473055E+00   1.11143519E+00   1.10805940E+00   1.10437082E+00   1.10067095E+00   1.09667181E+00   1.09270828E+00   1.08846233E+00   1.08428785E+00   1.07985222E+00   1.07551982E+00   1.07095063E+00   1.06652633E+00   1.06188207E+00   1.05740350E+00   1.05273523E+00   1.04827302E+00   1.04362857E+00   1.03897249E+00   1.03416616E+00   1.02920723E+00   1.02407783E+00   1.01889984E+00   1.01389629E+00   1.00793128E+00   1.00000000E+00
   1.13585538E+00   1.13585538E+00   1.13585541E+00   1.13585545E+00   1.13585551E+00   1.13585559E+00   1.13585570E+00   1.13585583E+00   1.13585599E+00   1.13585618E+00   1.13585641E+00   1.13585669E+00   1.13585702E+00   1.13585741E+00   1.13585786E+00   1.13585839E+00   1.13585901E+00   1.13585973E+00   1.13586057E+00   1.13586153E+00   1.13586263E+00   1.13586390E+00   1.13586534E+00   1.13586698E+00   1.13586884E+00   1.13587095E+00   1.13587332E+00   1.13587598E+00   1.13587896E+00   1.13588229E+00   1.13588598E+00   1.13589008E+00   1.13589459E+00   1.13589955E+00   1.13590497E+00   1.13591087E+00   1.13591727E+00   1.13592416E+00   1.13593155E+00   1.13593941E+00   1.13594771E+00   1.13595640E+00   1.13596542E+00   1.13597467E+00   1.13598401E+00   1.13599327E+00   1.13600227E+00   1.13601069E+00   1.13601828E+00   1.13602455E+00   1.13602913E+00   1.13603131E+00   1.13603057E+00   1.13602589E+00   1.13601657E+00   1.13600118E+00   1.13597872E+00   1.13594734E+00   1.13590565E+00   1.13585120E+00   1.13578216E+00   1.13569527E+00   1.13558822E+00   1.13545667E+00   1.13529769E+00   1.13510618E+00   1.13487814E+00   1.13460661E+00   1.13428723E+00   1.13391141E+00   1.13347338E+00   1.13296302E+00   1.13237335E+00   1.13169177E+00   1.13091019E+00   1.13001409E+00   1.12899367E+00   1.12783142E+00   1.12651631E+00   1.12502902E+00   1.12335672E+00   1.12147543E+00   1.11937077E+00   1.11701920E+00   1.11440422E+00   1.11152259E+00   1.10833663E+00   1.10507028E+00   1.10150009E+00   1.09791743E+00   1.09404227E+00   1.09019911E+00   1.08608041E+00   1.08202861E+00   1.07772281E+00   1.07351670E+00   1.06907793E+00   1.06477741E+00   1.06026384E+00   1.05591068E+00   1.05137023E+00   1.04702718E+00   1.04251112E+00   1.03798665E+00   1.03331037E+00   1.02848154E+00   1.02349004E+00   1.01845091E+00   1.01358705E+00   1.00776990E+00   1.00000000E+00
   1.13316471E+00   1.13316472E+00   1.13316474E+00   1.13316478E+00   1.13316484E+00   1.13316492E+00   1.13316501E+00   1.13316514E+00   1.13316529E+00   1.13316547E+00   1.13316569E+00   1.13316595E+00   1.13316626E+00   1.13316663E+00   1.13316706E+00   1.13316756E+00   1.13316815E+00   1.13316884E+00   1.13316963E+00   1.13317055E+00   1.13317160E+00   1.13317281E+00   1.13317418E+00   1.13317576E+00   1.13317754E+00   1.13317956E+00   1.13318183E+00   1.13318439E+00   1.13318725E+00   1.13319045E+00   1.13319400E+00   1.13319794E+00   1.13320229E+00   1.13320707E+00   1.13321230E+00   1.13321801E+00   1.13322420E+00   1.13323087E+00   1.13323802E+00   1.13324564E+00   1.13325371E+00   1.13326216E+00   1.13327094E+00   1.13327995E+00   1.13328909E+00   1.13329815E+00   1.13330699E+00   1.13331530E+00   1.13332283E+00   1.13332910E+00   1.13333378E+00   1.13333617E+00   1.13333577E+00   1.13333161E+00   1.13332297E+00   1.13330852E+00   1.13328726E+00   1.13325740E+00   1.13321759E+00   1.13316546E+00   1.13309922E+00   1.13301572E+00   1.13291270E+00   1.13278592E+00   1.13263255E+00   1.13244762E+00   1.13222720E+00   1.13196453E+00   1.13165532E+00   1.13129121E+00   1.13086652E+00   1.13037135E+00   1.12979890E+00   1.12913680E+00   1.12837710E+00   1.12750555E+00   1.12651258E+00   1.12538096E+00   1.12409983E+00   1.12265015E+00   1.12101939E+00   1.11918398E+00   1.11712961E+00   1.11483302E+00   1.11227821E+00   1.10946178E+00   1.10634629E+00   1.10315062E+00   1.09965680E+00   1.09614977E+00   1.09235481E+00   1.08858966E+00   1.08455342E+00   1.08058127E+00   1.07635943E+00   1.07223478E+00   1.06788037E+00   1.06366001E+00   1.05923048E+00   1.05495781E+00   1.05049971E+00   1.04623352E+00   1.04179908E+00   1.03735765E+00   1.03276420E+00   1.02801857E+00   1.02311443E+00   1.01816331E+00   1.01338796E+00   1.00766515E+00   1.00000000E+00
   1.27795440E+00   1.27795343E+00   1.27795171E+00   1.27795121E+00   1.27795142E+00   1.27795218E+00   1.27795345E+00   1.27795515E+00   1.27795726E+00   1.27795975E+00   1.27796253E+00   1.27796551E+00   1.27796880E+00   1.27797246E+00   1.27797636E+00   1.27798055E+00   1.27798517E+00   1.27799033E+00   1.27799610E+00   1.27800271E+00   1.27801019E+00   1.27801858E+00   1.27802794E+00   1.27803849E+00   1.27805044E+00   1.27806397E+00   1.27807927E+00   1.27809680E+00   1.27811669E+00   1.27813901E+00   1.27816377E+00   1.27819154E+00   1.27822305E+00   1.27825861E+00   1.27829796E+00   1.27834167E+00   1.27839033E+00   1.27844441E+00   1.27850423E+00   1.27857081E+00   1.27864454E+00   1.27872536E+00   1.27881303E+00   1.27890841E+00   1.27901311E+00   1.27912743E+00   1.27925015E+00   1.27938170E+00   1.27952296E+00   1.27967410E+00   1.27983482E+00   1.28000579E+00   1.28018702E+00   1.28037602E+00   1.28057012E+00   1.28076784E+00   1.28097108E+00   1.28117689E+00   1.28138033E+00   1.28157883E+00   1.28177195E+00   1.28195365E+00   1.28211404E+00   1.28224295E+00   1.28234304E+00   1.28241044E+00   1.28242816E+00   1.28237453E+00   1.28224176E+00   1.28201214E+00   1.28168209E+00   1.28123161E+00   1.28063142E+00   1.27985308E+00   1.27889496E+00   1.27772960E+00   1.27631786E+00   1.27461696E+00   1.27262906E+00   1.27032802E+00   1.26763840E+00   1.26447797E+00   1.26088304E+00   1.25682304E+00   1.25216459E+00   1.24686916E+00   1.24098865E+00   1.23494598E+00   1.22817552E+00   1.22120505E+00   1.21361926E+00   1.20607628E+00   1.19792283E+00   1.18982132E+00   1.18106341E+00   1.17233757E+00   1.16307890E+00   1.15406450E+00   1.14444161E+00   1.13499336E+00   1.12507504E+00   1.11551801E+00   1.10536029E+00   1.09488877E+00   1.08390154E+00   1.07242612E+00   1.06038899E+00   1.04781750E+00   1.03449678E+00   1.01875499E+00   1.00000000E+00
   1.21498917E+00   1.21498707E+00   1.21498314E+00   1.21498123E+00   1.21498052E+00   1.21498084E+00   1.21498208E+00   1.21498404E+00   1.21498666E+00   1.21498978E+00   1.21499324E+00   1.21499687E+00   1.21500073E+00   1.21500478E+00   1.21500889E+00   1.21501300E+00   1.21501725E+00   1.21502171E+00   1.21502638E+00   1.21503146E+00   1.21503692E+00   1.21504276E+00   1.21504902E+00   1.21505590E+00   1.21506355E+00   1.21507211E+00   1.21508172E+00   1.21509279E+00   1.21510542E+00   1.21511963E+00   1.21513540E+00   1.21515327E+00   1.21517392E+00   1.21519763E+00   1.21522414E+00   1.21525403E+00   1.21528784E+00   1.21532606E+00   1.21536901E+00   1.21541773E+00   1.21547264E+00   1.21553381E+00   1.21560117E+00   1.21567581E+00   1.21575934E+00   1.21585232E+00   1.21595395E+00   1.21606519E+00   1.21618706E+00   1.21632031E+00   1.21646506E+00   1.21662271E+00   1.21679372E+00   1.21697692E+00   1.21717083E+00   1.21737569E+00   1.21759365E+00   1.21782332E+00   1.21806169E+00   1.21830842E+00   1.21856356E+00   1.21882345E+00   1.21908159E+00   1.21933225E+00   1.21957759E+00   1.21981491E+00   1.22003199E+00   1.22021436E+00   1.22035625E+00   1.22044391E+00   1.22047391E+00   1.22043071E+00   1.22029237E+00   1.22003660E+00   1.21965902E+00   1.21913599E+00   1.21843701E+00   1.21752677E+00   1.21640158E+00   1.21503303E+00   1.21336317E+00   1.21132921E+00   1.20894812E+00   1.20618126E+00   1.20292836E+00   1.19915384E+00   1.19487927E+00   1.19039969E+00   1.18530900E+00   1.18000875E+00   1.17417181E+00   1.16829650E+00   1.16188188E+00   1.15545272E+00   1.14845916E+00   1.14145871E+00   1.13398484E+00   1.12666241E+00   1.11881611E+00   1.11108938E+00   1.10294695E+00   1.09506971E+00   1.08667891E+00   1.07803618E+00   1.06897773E+00   1.05951540E+00   1.04955522E+00   1.03913590E+00   1.02819330E+00   1.01536224E+00   1.00000000E+00
   1.17964533E+00   1.17964238E+00   1.17963677E+00   1.17963389E+00   1.17963264E+00   1.17963286E+00   1.17963436E+00   1.17963688E+00   1.17964028E+00   1.17964433E+00   1.17964880E+00   1.17965348E+00   1.17965838E+00   1.17966340E+00   1.17966839E+00   1.17967328E+00   1.17967817E+00   1.17968308E+00   1.17968802E+00   1.17969314E+00   1.17969840E+00   1.17970378E+00   1.17970931E+00   1.17971517E+00   1.17972150E+00   1.17972840E+00   1.17973599E+00   1.17974464E+00   1.17975444E+00   1.17976538E+00   1.17977745E+00   1.17979114E+00   1.17980708E+00   1.17982551E+00   1.17984619E+00   1.17986970E+00   1.17989651E+00   1.17992710E+00   1.17996175E+00   1.18000149E+00   1.18004669E+00   1.18009753E+00   1.18015397E+00   1.18021717E+00   1.18028862E+00   1.18036893E+00   1.18045759E+00   1.18055573E+00   1.18066434E+00   1.18078440E+00   1.18091620E+00   1.18106138E+00   1.18122058E+00   1.18139330E+00   1.18157864E+00   1.18177759E+00   1.18199224E+00   1.18222195E+00   1.18246480E+00   1.18272152E+00   1.18299228E+00   1.18327469E+00   1.18356419E+00   1.18385738E+00   1.18415607E+00   1.18445836E+00   1.18475481E+00   1.18503503E+00   1.18529443E+00   1.18552177E+00   1.18571384E+00   1.18585811E+00   1.18593713E+00   1.18593245E+00   1.18583861E+00   1.18563497E+00   1.18529637E+00   1.18479215E+00   1.18411602E+00   1.18323987E+00   1.18211633E+00   1.18069294E+00   1.17897599E+00   1.17692458E+00   1.17445784E+00   1.17154036E+00   1.16817734E+00   1.16459397E+00   1.16047375E+00   1.15614126E+00   1.15132125E+00   1.14642084E+00   1.14102799E+00   1.13558554E+00   1.12963520E+00   1.12365353E+00   1.11723378E+00   1.11091251E+00   1.10411821E+00   1.09740914E+00   1.09031506E+00   1.08343057E+00   1.07608639E+00   1.06852131E+00   1.06058667E+00   1.05228333E+00   1.04351809E+00   1.03434384E+00   1.02475805E+00   1.01352994E+00   1.00000000E+00
   1.22920637E+00   1.22920557E+00   1.22920422E+00   1.22920397E+00   1.22920434E+00   1.22920537E+00   1.22920710E+00   1.22920948E+00   1.22921246E+00   1.22921603E+00   1.22922016E+00   1.22922481E+00   1.22923003E+00   1.22923583E+00   1.22924220E+00   1.22924919E+00   1.22925686E+00   1.22926529E+00   1.22927450E+00   1.22928463E+00   1.22929574E+00   1.22930787E+00   1.22932110E+00   1.22933558E+00   1.22935141E+00   1.22936874E+00   1.22938763E+00   1.22940830E+00   1.22943083E+00   1.22945531E+00   1.22948178E+00   1.22951044E+00   1.22954156E+00   1.22957524E+00   1.22961134E+00   1.22965007E+00   1.22969153E+00   1.22973582E+00   1.22978287E+00   1.22983278E+00   1.22988554E+00   1.22994081E+00   1.22999824E+00   1.23005760E+00   1.23011908E+00   1.23018202E+00   1.23024538E+00   1.23030846E+00   1.23037075E+00   1.23043106E+00   1.23048815E+00   1.23054039E+00   1.23058657E+00   1.23062361E+00   1.23064914E+00   1.23065977E+00   1.23065422E+00   1.23062784E+00   1.23057619E+00   1.23049428E+00   1.23037867E+00   1.23022218E+00   1.23001807E+00   1.22975706E+00   1.22943475E+00   1.22904164E+00   1.22856779E+00   1.22799820E+00   1.22732506E+00   1.22653222E+00   1.22561178E+00   1.22454587E+00   1.22331766E+00   1.22190675E+00   1.22030366E+00   1.21848468E+00   1.21642888E+00   1.21410983E+00   1.21151561E+00   1.20861859E+00   1.20538861E+00   1.20178798E+00   1.19781359E+00   1.19343379E+00   1.18859956E+00   1.18332068E+00   1.17757226E+00   1.17176018E+00   1.16544305E+00   1.15914640E+00   1.15241537E+00   1.14581693E+00   1.13880075E+00   1.13195326E+00   1.12470614E+00   1.11765649E+00   1.11028078E+00   1.10319000E+00   1.09576192E+00   1.08862124E+00   1.08122984E+00   1.07420235E+00   1.06688032E+00   1.05953995E+00   1.05200793E+00   1.04427465E+00   1.03629398E+00   1.02822309E+00   1.02019908E+00   1.01106254E+00   1.00000000E+00
   1.19408472E+00   1.19408366E+00   1.19408178E+00   1.19408113E+00   1.19408116E+00   1.19408194E+00   1.19408350E+00   1.19408577E+00   1.19408871E+00   1.19409225E+00   1.19409636E+00   1.19410099E+00   1.19410615E+00   1.19411184E+00   1.19411804E+00   1.19412479E+00   1.19413214E+00   1.19414013E+00   1.19414881E+00   1.19415828E+00   1.19416858E+00   1.19417979E+00   1.19419198E+00   1.19420527E+00   1.19421978E+00   1.19423565E+00   1.19425295E+00   1.19427189E+00   1.19429258E+00   1.19431512E+00   1.19433960E+00   1.19436623E+00   1.19439526E+00   1.19442686E+00   1.19446098E+00   1.19449789E+00   1.19453770E+00   1.19458064E+00   1.19462672E+00   1.19467616E+00   1.19472904E+00   1.19478526E+00   1.19484470E+00   1.19490733E+00   1.19497338E+00   1.19504259E+00   1.19511433E+00   1.19518830E+00   1.19526416E+00   1.19534129E+00   1.19541889E+00   1.19549588E+00   1.19557155E+00   1.19564374E+00   1.19571086E+00   1.19577043E+00   1.19582143E+00   1.19586045E+00   1.19588426E+00   1.19588906E+00   1.19587192E+00   1.19582717E+00   1.19574981E+00   1.19563241E+00   1.19547095E+00   1.19525740E+00   1.19498378E+00   1.19463787E+00   1.19421294E+00   1.19369486E+00   1.19307590E+00   1.19234053E+00   1.19147522E+00   1.19046140E+00   1.18928902E+00   1.18793674E+00   1.18638716E+00   1.18461556E+00   1.18260902E+00   1.18034129E+00   1.17778801E+00   1.17491490E+00   1.17171246E+00   1.16814981E+00   1.16419007E+00   1.15983590E+00   1.15505431E+00   1.15018260E+00   1.14486385E+00   1.13953904E+00   1.13381355E+00   1.12816880E+00   1.12214148E+00   1.11623625E+00   1.10997134E+00   1.10386323E+00   1.09744796E+00   1.09125934E+00   1.08476839E+00   1.07851799E+00   1.07202741E+00   1.06583974E+00   1.05939392E+00   1.05293303E+00   1.04628546E+00   1.03943943E+00   1.03236808E+00   1.02522856E+00   1.01815043E+00   1.01000741E+00   1.00000000E+00
   1.17518043E+00   1.17517919E+00   1.17517698E+00   1.17517611E+00   1.17517597E+00   1.17517668E+00   1.17517825E+00   1.17518060E+00   1.17518368E+00   1.17518741E+00   1.17519173E+00   1.17519659E+00   1.17520200E+00   1.17520792E+00   1.17521435E+00   1.17522131E+00   1.17522884E+00   1.17523698E+00   1.17524577E+00   1.17525530E+00   1.17526562E+00   1.17527680E+00   1.17528892E+00   1.17530209E+00   1.17531642E+00   1.17533207E+00   1.17534910E+00   1.17536772E+00   1.17538803E+00   1.17541019E+00   1.17543426E+00   1.17546048E+00   1.17548909E+00   1.17552026E+00   1.17555402E+00   1.17559064E+00   1.17563026E+00   1.17567315E+00   1.17571935E+00   1.17576914E+00   1.17582264E+00   1.17587988E+00   1.17594082E+00   1.17600554E+00   1.17607429E+00   1.17614697E+00   1.17622316E+00   1.17630276E+00   1.17638551E+00   1.17647107E+00   1.17655883E+00   1.17664803E+00   1.17673816E+00   1.17682753E+00   1.17691495E+00   1.17699841E+00   1.17707702E+00   1.17714800E+00   1.17720875E+00   1.17725609E+00   1.17728742E+00   1.17729785E+00   1.17728325E+00   1.17723722E+00   1.17715599E+00   1.17703243E+00   1.17685955E+00   1.17662663E+00   1.17632756E+00   1.17594947E+00   1.17548483E+00   1.17491947E+00   1.17424156E+00   1.17343367E+00   1.17248578E+00   1.17137788E+00   1.17009437E+00   1.16861169E+00   1.16691673E+00   1.16498408E+00   1.16279217E+00   1.16030858E+00   1.15752113E+00   1.15439953E+00   1.15091245E+00   1.14705871E+00   1.14280257E+00   1.13844386E+00   1.13366956E+00   1.12887421E+00   1.12369779E+00   1.11857524E+00   1.11309004E+00   1.10770145E+00   1.10197404E+00   1.09638006E+00   1.09048986E+00   1.08479477E+00   1.07881529E+00   1.07304978E+00   1.06705028E+00   1.06132063E+00   1.05535146E+00   1.04936704E+00   1.04319812E+00   1.03683246E+00   1.03025339E+00   1.02361723E+00   1.01704887E+00   1.00943916E+00   1.00000000E+00
   1.17994328E+00   1.17994237E+00   1.17994060E+00   1.17993942E+00   1.17993845E+00   1.17993780E+00   1.17993749E+00   1.17993750E+00   1.17993778E+00   1.17993831E+00   1.17993905E+00   1.17993996E+00   1.17994104E+00   1.17994227E+00   1.17994362E+00   1.17994509E+00   1.17994669E+00   1.17994842E+00   1.17995027E+00   1.17995228E+00   1.17995444E+00   1.17995674E+00   1.17995920E+00   1.17996184E+00   1.17996468E+00   1.17996773E+00   1.17997099E+00   1.17997449E+00   1.17997824E+00   1.17998220E+00   1.17998634E+00   1.17999065E+00   1.17999522E+00   1.17999996E+00   1.18000475E+00   1.18000955E+00   1.18001430E+00   1.18001891E+00   1.18002321E+00   1.18002704E+00   1.18003028E+00   1.18003252E+00   1.18003346E+00   1.18003265E+00   1.18002999E+00   1.18002481E+00   1.18001636E+00   1.18000390E+00   1.17998684E+00   1.17996410E+00   1.17993467E+00   1.17989712E+00   1.17985042E+00   1.17979230E+00   1.17972114E+00   1.17963429E+00   1.17953043E+00   1.17940609E+00   1.17925833E+00   1.17908332E+00   1.17887825E+00   1.17863795E+00   1.17835804E+00   1.17803196E+00   1.17765582E+00   1.17722226E+00   1.17672499E+00   1.17615377E+00   1.17550272E+00   1.17476015E+00   1.17391949E+00   1.17296764E+00   1.17189378E+00   1.17068286E+00   1.16932625E+00   1.16780640E+00   1.16610952E+00   1.16421596E+00   1.16211457E+00   1.15978388E+00   1.15720527E+00   1.15435226E+00   1.15121577E+00   1.14777063E+00   1.14398929E+00   1.13988057E+00   1.13541014E+00   1.13089309E+00   1.12600359E+00   1.12114866E+00   1.11596029E+00   1.11087185E+00   1.10546616E+00   1.10019680E+00   1.09463233E+00   1.08923394E+00   1.08358433E+00   1.07815141E+00   1.07247507E+00   1.06703072E+00   1.06139231E+00   1.05603081E+00   1.05046802E+00   1.04491712E+00   1.03922227E+00   1.03338184E+00   1.02737410E+00   1.02131351E+00   1.01544628E+00   1.00867838E+00   1.00000000E+00
   1.16295949E+00   1.16295868E+00   1.16295717E+00   1.16295630E+00   1.16295573E+00   1.16295557E+00   1.16295584E+00   1.16295651E+00   1.16295754E+00   1.16295889E+00   1.16296054E+00   1.16296245E+00   1.16296462E+00   1.16296701E+00   1.16296962E+00   1.16297245E+00   1.16297550E+00   1.16297879E+00   1.16298232E+00   1.16298612E+00   1.16299020E+00   1.16299458E+00   1.16299927E+00   1.16300432E+00   1.16300975E+00   1.16301560E+00   1.16302190E+00   1.16302868E+00   1.16303599E+00   1.16304382E+00   1.16305220E+00   1.16306115E+00   1.16307074E+00   1.16308098E+00   1.16309181E+00   1.16310325E+00   1.16311529E+00   1.16312790E+00   1.16314102E+00   1.16315456E+00   1.16316848E+00   1.16318253E+00   1.16319654E+00   1.16321022E+00   1.16322349E+00   1.16323591E+00   1.16324699E+00   1.16325619E+00   1.16326303E+00   1.16326673E+00   1.16326656E+00   1.16326133E+00   1.16325028E+00   1.16323161E+00   1.16320406E+00   1.16316544E+00   1.16311450E+00   1.16304840E+00   1.16296480E+00   1.16286034E+00   1.16273251E+00   1.16257676E+00   1.16238952E+00   1.16216499E+00   1.16189947E+00   1.16158630E+00   1.16121995E+00   1.16079130E+00   1.16029491E+00   1.15971998E+00   1.15905992E+00   1.15830259E+00   1.15743858E+00   1.15645338E+00   1.15533818E+00   1.15407629E+00   1.15265540E+00   1.15105621E+00   1.14926719E+00   1.14726728E+00   1.14504018E+00   1.14256007E+00   1.13981500E+00   1.13678017E+00   1.13343297E+00   1.12977748E+00   1.12577633E+00   1.12171196E+00   1.11729810E+00   1.11290001E+00   1.10817958E+00   1.10353153E+00   1.09857901E+00   1.09373669E+00   1.08861336E+00   1.08363284E+00   1.07840513E+00   1.07336495E+00   1.06809329E+00   1.06302903E+00   1.05777097E+00   1.05276035E+00   1.04756238E+00   1.04237315E+00   1.03703495E+00   1.03154817E+00   1.02590151E+00   1.02020518E+00   1.01469926E+00   1.00829814E+00   1.00000000E+00
   1.15406762E+00   1.15406686E+00   1.15406547E+00   1.15406477E+00   1.15406444E+00   1.15406458E+00   1.15406522E+00   1.15406631E+00   1.15406782E+00   1.15406972E+00   1.15407196E+00   1.15407451E+00   1.15407737E+00   1.15408051E+00   1.15408392E+00   1.15408761E+00   1.15409158E+00   1.15409584E+00   1.15410040E+00   1.15410531E+00   1.15411056E+00   1.15411619E+00   1.15412222E+00   1.15412870E+00   1.15413566E+00   1.15414315E+00   1.15415121E+00   1.15415988E+00   1.15416921E+00   1.15417924E+00   1.15418998E+00   1.15420150E+00   1.15421386E+00   1.15422710E+00   1.15424119E+00   1.15425619E+00   1.15427209E+00   1.15428893E+00   1.15430666E+00   1.15432525E+00   1.15434469E+00   1.15436481E+00   1.15438549E+00   1.15440653E+00   1.15442785E+00   1.15444913E+00   1.15446999E+00   1.15448999E+00   1.15450873E+00   1.15452557E+00   1.15453987E+00   1.15455064E+00   1.15455719E+00   1.15455798E+00   1.15455192E+00   1.15453704E+00   1.15451217E+00   1.15447479E+00   1.15442281E+00   1.15435317E+00   1.15426349E+00   1.15414960E+00   1.15400828E+00   1.15383412E+00   1.15362360E+00   1.15337043E+00   1.15306947E+00   1.15271217E+00   1.15229335E+00   1.15180271E+00   1.15123375E+00   1.15057481E+00   1.14981718E+00   1.14894672E+00   1.14795464E+00   1.14682470E+00   1.14554528E+00   1.14409740E+00   1.14246947E+00   1.14064066E+00   1.13859566E+00   1.13630908E+00   1.13376791E+00   1.13094748E+00   1.12782722E+00   1.12440892E+00   1.12065443E+00   1.11682876E+00   1.11266547E+00   1.10850803E+00   1.10403488E+00   1.09962023E+00   1.09490815E+00   1.09029265E+00   1.08540324E+00   1.08064415E+00   1.07564067E+00   1.07080957E+00   1.06575289E+00   1.06089047E+00   1.05583507E+00   1.05101176E+00   1.04600783E+00   1.04101054E+00   1.03586241E+00   1.03056466E+00   1.02511097E+00   1.01960930E+00   1.01429671E+00   1.00809238E+00   1.00000000E+00
   1.34779482E+00   1.34777835E+00   1.34774656E+00   1.34772917E+00   1.34772098E+00   1.34772151E+00   1.34773008E+00   1.34774560E+00   1.34776733E+00   1.34779409E+00   1.34782479E+00   1.34785814E+00   1.34789434E+00   1.34793301E+00   1.34797327E+00   1.34801470E+00   1.34805790E+00   1.34810293E+00   1.34814971E+00   1.34819896E+00   1.34825066E+00   1.34830457E+00   1.34836068E+00   1.34841948E+00   1.34848177E+00   1.34854820E+00   1.34861922E+00   1.34869609E+00   1.34877895E+00   1.34886745E+00   1.34896158E+00   1.34906314E+00   1.34917433E+00   1.34929563E+00   1.34942581E+00   1.34956624E+00   1.34971866E+00   1.34988420E+00   1.35006329E+00   1.35025807E+00   1.35046896E+00   1.35069488E+00   1.35093510E+00   1.35119176E+00   1.35146870E+00   1.35176577E+00   1.35207934E+00   1.35240994E+00   1.35275978E+00   1.35312897E+00   1.35351614E+00   1.35392150E+00   1.35434423E+00   1.35477816E+00   1.35521785E+00   1.35566107E+00   1.35611198E+00   1.35656412E+00   1.35700751E+00   1.35743764E+00   1.35785467E+00   1.35824832E+00   1.35859975E+00   1.35889029E+00   1.35912603E+00   1.35930120E+00   1.35938896E+00   1.35935515E+00   1.35918987E+00   1.35887018E+00   1.35839291E+00   1.35773023E+00   1.35683808E+00   1.35567983E+00   1.35425866E+00   1.35253881E+00   1.35046623E+00   1.34798775E+00   1.34511230E+00   1.34181148E+00   1.33798300E+00   1.33351847E+00   1.32847896E+00   1.32283886E+00   1.31642658E+00   1.30920241E+00   1.30123984E+00   1.29312622E+00   1.28411684E+00   1.27491172E+00   1.26495569E+00   1.25512160E+00   1.24456170E+00   1.23412986E+00   1.22291603E+00   1.21179974E+00   1.20004579E+00   1.18864567E+00   1.17653097E+00   1.16468310E+00   1.15228491E+00   1.14037671E+00   1.12778258E+00   1.11484887E+00   1.10129809E+00   1.08719400E+00   1.07247948E+00   1.05710588E+00   1.04077599E+00   1.02188552E+00   1.00000000E+00
   1.26996171E+00   1.26993869E+00   1.26989387E+00   1.26986812E+00   1.26985458E+00   1.26985285E+00   1.26986185E+00   1.26988002E+00   1.26990621E+00   1.26993848E+00   1.26997553E+00   1.27001567E+00   1.27005875E+00   1.27010398E+00   1.27015042E+00   1.27019746E+00   1.27024545E+00   1.27029424E+00   1.27034370E+00   1.27039426E+00   1.27044582E+00   1.27049815E+00   1.27055130E+00   1.27060578E+00   1.27066220E+00   1.27072111E+00   1.27078288E+00   1.27084863E+00   1.27091852E+00   1.27099237E+00   1.27107027E+00   1.27115392E+00   1.27124514E+00   1.27134442E+00   1.27145099E+00   1.27156626E+00   1.27169168E+00   1.27182841E+00   1.27197698E+00   1.27213947E+00   1.27231649E+00   1.27250766E+00   1.27271281E+00   1.27293439E+00   1.27317554E+00   1.27343679E+00   1.27371600E+00   1.27401457E+00   1.27433446E+00   1.27467669E+00   1.27504073E+00   1.27542783E+00   1.27583812E+00   1.27626813E+00   1.27671480E+00   1.27717807E+00   1.27766118E+00   1.27816027E+00   1.27866905E+00   1.27918559E+00   1.27970949E+00   1.28023344E+00   1.28074537E+00   1.28123348E+00   1.28170048E+00   1.28214029E+00   1.28253401E+00   1.28285790E+00   1.28310326E+00   1.28324991E+00   1.28329262E+00   1.28320842E+00   1.28296457E+00   1.28252961E+00   1.28189917E+00   1.28104050E+00   1.27991222E+00   1.27846797E+00   1.27670500E+00   1.27458873E+00   1.27204227E+00   1.26898288E+00   1.26544132E+00   1.26137841E+00   1.25666771E+00   1.25127448E+00   1.24523072E+00   1.23896820E+00   1.23193675E+00   1.22469563E+00   1.21679192E+00   1.20890846E+00   1.20037695E+00   1.19189426E+00   1.18273683E+00   1.17363884E+00   1.16398208E+00   1.15457714E+00   1.14456485E+00   1.13476701E+00   1.12449539E+00   1.11460775E+00   1.10414721E+00   1.09343969E+00   1.08226171E+00   1.07065667E+00   1.05852781E+00   1.04585271E+00   1.03257119E+00   1.01747224E+00   1.00000000E+00
   1.22707340E+00   1.22704598E+00   1.22699238E+00   1.22696094E+00   1.22694379E+00   1.22694073E+00   1.22695035E+00   1.22697079E+00   1.22700059E+00   1.22703729E+00   1.22707945E+00   1.22712511E+00   1.22717389E+00   1.22722468E+00   1.22727655E+00   1.22732876E+00   1.22738149E+00   1.22743446E+00   1.22748751E+00   1.22754091E+00   1.22759452E+00   1.22764818E+00   1.22770194E+00   1.22775634E+00   1.22781188E+00   1.22786904E+00   1.22792817E+00   1.22799027E+00   1.22805555E+00   1.22812396E+00   1.22819564E+00   1.22827218E+00   1.22835509E+00   1.22844487E+00   1.22854107E+00   1.22864505E+00   1.22875801E+00   1.22888115E+00   1.22901496E+00   1.22916140E+00   1.22932114E+00   1.22949415E+00   1.22968054E+00   1.22988266E+00   1.23010316E+00   1.23034283E+00   1.23060038E+00   1.23087743E+00   1.23117569E+00   1.23149655E+00   1.23183987E+00   1.23220720E+00   1.23259908E+00   1.23301346E+00   1.23344842E+00   1.23390472E+00   1.23438497E+00   1.23488671E+00   1.23540566E+00   1.23594105E+00   1.23649225E+00   1.23705372E+00   1.23761704E+00   1.23817384E+00   1.23872525E+00   1.23926562E+00   1.23978045E+00   1.24025169E+00   1.24067159E+00   1.24102217E+00   1.24129752E+00   1.24147810E+00   1.24153768E+00   1.24144805E+00   1.24120184E+00   1.24076925E+00   1.24011605E+00   1.23919996E+00   1.23801311E+00   1.23652006E+00   1.23465825E+00   1.23235713E+00   1.22963144E+00   1.22643794E+00   1.22267519E+00   1.21830810E+00   1.21334748E+00   1.20814129E+00   1.20224695E+00   1.19613723E+00   1.18941968E+00   1.18266976E+00   1.17532316E+00   1.16798436E+00   1.16003675E+00   1.15212378E+00   1.14369788E+00   1.13546544E+00   1.12668843E+00   1.11809169E+00   1.10906335E+00   1.10035745E+00   1.09114584E+00   1.08173187E+00   1.07191332E+00   1.06171691E+00   1.05104410E+00   1.03990414E+00   1.02832158E+00   1.01522178E+00   1.00000000E+00
   1.27638366E+00   1.27637231E+00   1.27635080E+00   1.27633863E+00   1.27633095E+00   1.27632871E+00   1.27633208E+00   1.27634048E+00   1.27635331E+00   1.27636980E+00   1.27638945E+00   1.27641155E+00   1.27643593E+00   1.27646213E+00   1.27648977E+00   1.27651854E+00   1.27654850E+00   1.27657942E+00   1.27661109E+00   1.27664368E+00   1.27667709E+00   1.27671106E+00   1.27674558E+00   1.27678067E+00   1.27681647E+00   1.27685301E+00   1.27689022E+00   1.27692830E+00   1.27696718E+00   1.27700652E+00   1.27704609E+00   1.27708602E+00   1.27712683E+00   1.27716817E+00   1.27720917E+00   1.27724980E+00   1.27729012E+00   1.27732976E+00   1.27736812E+00   1.27740483E+00   1.27743949E+00   1.27747058E+00   1.27749698E+00   1.27751773E+00   1.27753316E+00   1.27754131E+00   1.27753950E+00   1.27752598E+00   1.27749983E+00   1.27745850E+00   1.27739943E+00   1.27731943E+00   1.27721637E+00   1.27708477E+00   1.27692047E+00   1.27671829E+00   1.27647709E+00   1.27618964E+00   1.27584895E+00   1.27544829E+00   1.27498378E+00   1.27444607E+00   1.27382522E+00   1.27310900E+00   1.27229316E+00   1.27136711E+00   1.27031889E+00   1.26912985E+00   1.26779194E+00   1.26628787E+00   1.26461057E+00   1.26274089E+00   1.26065866E+00   1.25834352E+00   1.25578853E+00   1.25296961E+00   1.24986341E+00   1.24644491E+00   1.24270581E+00   1.23862044E+00   1.23415458E+00   1.22927146E+00   1.22397835E+00   1.21824775E+00   1.21202261E+00   1.20532992E+00   1.19814893E+00   1.19098927E+00   1.18330222E+00   1.17572783E+00   1.16771771E+00   1.15994491E+00   1.15175572E+00   1.14383121E+00   1.13550804E+00   1.12747232E+00   1.11912362E+00   1.11115038E+00   1.10284889E+00   1.09491582E+00   1.08675125E+00   1.07902883E+00   1.07102536E+00   1.06304586E+00   1.05489821E+00   1.04657845E+00   1.03804392E+00   1.02944312E+00   1.02092555E+00   1.01138075E+00   1.00000000E+00
   1.22823784E+00   1.22822609E+00   1.22820377E+00   1.22819106E+00   1.22818313E+00   1.22818110E+00   1.22818506E+00   1.22819441E+00   1.22820850E+00   1.22822643E+00   1.22824773E+00   1.22827161E+00   1.22829783E+00   1.22832587E+00   1.22835539E+00   1.22838604E+00   1.22841781E+00   1.22845045E+00   1.22848382E+00   1.22851798E+00   1.22855287E+00   1.22858831E+00   1.22862434E+00   1.22866100E+00   1.22869840E+00   1.22873665E+00   1.22877571E+00   1.22881578E+00   1.22885690E+00   1.22889891E+00   1.22894172E+00   1.22898550E+00   1.22903064E+00   1.22907705E+00   1.22912423E+00   1.22917227E+00   1.22922123E+00   1.22927101E+00   1.22932128E+00   1.22937189E+00   1.22942268E+00   1.22947277E+00   1.22952149E+00   1.22956827E+00   1.22961330E+00   1.22965544E+00   1.22969303E+00   1.22972491E+00   1.22975035E+00   1.22976771E+00   1.22977523E+00   1.22977065E+00   1.22975251E+00   1.22971693E+00   1.22966109E+00   1.22958105E+00   1.22947551E+00   1.22933918E+00   1.22916711E+00   1.22895393E+00   1.22869611E+00   1.22838614E+00   1.22801700E+00   1.22757905E+00   1.22706786E+00   1.22647398E+00   1.22578809E+00   1.22499550E+00   1.22408893E+00   1.22305303E+00   1.22188016E+00   1.22055375E+00   1.21905830E+00   1.21737487E+00   1.21549462E+00   1.21339592E+00   1.21106020E+00   1.20846355E+00   1.20559515E+00   1.20243035E+00   1.19894282E+00   1.19509958E+00   1.19089766E+00   1.18630953E+00   1.18129413E+00   1.17586812E+00   1.16999987E+00   1.16410551E+00   1.15774879E+00   1.15145910E+00   1.14476952E+00   1.13824092E+00   1.13133277E+00   1.12462200E+00   1.11755522E+00   1.11071621E+00   1.10358316E+00   1.09674649E+00   1.08961736E+00   1.08279205E+00   1.07574429E+00   1.06905884E+00   1.06212793E+00   1.05521691E+00   1.04814134E+00   1.04089266E+00   1.03344655E+00   1.02595627E+00   1.01856109E+00   1.01017377E+00   1.00000000E+00
   1.20289193E+00   1.20287990E+00   1.20285704E+00   1.20284406E+00   1.20283616E+00   1.20283454E+00   1.20283929E+00   1.20284974E+00   1.20286522E+00   1.20288476E+00   1.20290787E+00   1.20293374E+00   1.20296206E+00   1.20299226E+00   1.20302403E+00   1.20305700E+00   1.20309110E+00   1.20312610E+00   1.20316184E+00   1.20319839E+00   1.20323566E+00   1.20327352E+00   1.20331204E+00   1.20335125E+00   1.20339129E+00   1.20343225E+00   1.20347416E+00   1.20351717E+00   1.20356140E+00   1.20360676E+00   1.20365324E+00   1.20370102E+00   1.20375041E+00   1.20380144E+00   1.20385380E+00   1.20390763E+00   1.20396298E+00   1.20401988E+00   1.20407812E+00   1.20413764E+00   1.20419840E+00   1.20425980E+00   1.20432139E+00   1.20438278E+00   1.20444411E+00   1.20450459E+00   1.20456305E+00   1.20461864E+00   1.20467072E+00   1.20471809E+00   1.20475939E+00   1.20479281E+00   1.20481723E+00   1.20482958E+00   1.20482765E+00   1.20480817E+00   1.20476985E+00   1.20470837E+00   1.20461979E+00   1.20449950E+00   1.20434424E+00   1.20414756E+00   1.20390379E+00   1.20360465E+00   1.20324581E+00   1.20281868E+00   1.20231526E+00   1.20172281E+00   1.20103463E+00   1.20023663E+00   1.19932115E+00   1.19827302E+00   1.19707900E+00   1.19572116E+00   1.19419011E+00   1.19246558E+00   1.19053124E+00   1.18836399E+00   1.18595216E+00   1.18327176E+00   1.18030001E+00   1.17700565E+00   1.17338136E+00   1.16939982E+00   1.16502707E+00   1.16027387E+00   1.15510478E+00   1.14988617E+00   1.14423943E+00   1.13863398E+00   1.13264839E+00   1.12678423E+00   1.12056054E+00   1.11449783E+00   1.10810061E+00   1.10189761E+00   1.09541063E+00   1.08917801E+00   1.08267067E+00   1.07643148E+00   1.06997448E+00   1.06383757E+00   1.05747309E+00   1.05112416E+00   1.04461133E+00   1.03792476E+00   1.03104992E+00   1.02414122E+00   1.01733150E+00   1.00954531E+00   1.00000000E+00
   1.20295378E+00   1.20294389E+00   1.20292297E+00   1.20290452E+00   1.20288529E+00   1.20286662E+00   1.20284883E+00   1.20283178E+00   1.20281518E+00   1.20279870E+00   1.20278210E+00   1.20276500E+00   1.20274730E+00   1.20272871E+00   1.20270901E+00   1.20268800E+00   1.20266564E+00   1.20264173E+00   1.20261611E+00   1.20258876E+00   1.20255959E+00   1.20252836E+00   1.20249503E+00   1.20245948E+00   1.20242169E+00   1.20238155E+00   1.20233894E+00   1.20229380E+00   1.20224603E+00   1.20219535E+00   1.20214157E+00   1.20208455E+00   1.20202442E+00   1.20196087E+00   1.20189340E+00   1.20182182E+00   1.20174602E+00   1.20166563E+00   1.20158025E+00   1.20148947E+00   1.20139301E+00   1.20128999E+00   1.20117976E+00   1.20106161E+00   1.20093548E+00   1.20080021E+00   1.20065444E+00   1.20049709E+00   1.20032747E+00   1.20014404E+00   1.19994534E+00   1.19972951E+00   1.19949527E+00   1.19923969E+00   1.19896057E+00   1.19865484E+00   1.19832140E+00   1.19795610E+00   1.19755524E+00   1.19711471E+00   1.19663177E+00   1.19610088E+00   1.19551676E+00   1.19487239E+00   1.19416415E+00   1.19338475E+00   1.19252763E+00   1.19158187E+00   1.19054188E+00   1.18939616E+00   1.18813889E+00   1.18675721E+00   1.18523945E+00   1.18357150E+00   1.18174598E+00   1.17974598E+00   1.17755721E+00   1.17516148E+00   1.17254940E+00   1.16970091E+00   1.16659606E+00   1.16321005E+00   1.15953828E+00   1.15555705E+00   1.15123563E+00   1.14659079E+00   1.14159009E+00   1.13658492E+00   1.13120893E+00   1.12591039E+00   1.12028804E+00   1.11480914E+00   1.10902082E+00   1.10340767E+00   1.09750559E+00   1.09180427E+00   1.08586248E+00   1.08016982E+00   1.07424067E+00   1.06857167E+00   1.06271953E+00   1.05716988E+00   1.05142508E+00   1.04570777E+00   1.03985812E+00   1.03387447E+00   1.02773608E+00   1.02155430E+00   1.01558021E+00   1.00873197E+00   1.00000000E+00
   1.17856788E+00   1.17855985E+00   1.17854318E+00   1.17852936E+00   1.17851569E+00   1.17850332E+00   1.17849246E+00   1.17848296E+00   1.17847453E+00   1.17846681E+00   1.17845961E+00   1.17845256E+00   1.17844554E+00   1.17843826E+00   1.17843058E+00   1.17842228E+00   1.17841333E+00   1.17840356E+00   1.17839287E+00   1.17838124E+00   1.17836859E+00   1.17835479E+00   1.17833983E+00   1.17832364E+00   1.17830622E+00   1.17828754E+00   1.17826752E+00   1.17824617E+00   1.17822344E+00   1.17819920E+00   1.17817335E+00   1.17814583E+00   1.17811673E+00   1.17808590E+00   1.17805307E+00   1.17801815E+00   1.17798105E+00   1.17794160E+00   1.17789955E+00   1.17785464E+00   1.17780672E+00   1.17775523E+00   1.17769978E+00   1.17763985E+00   1.17757535E+00   1.17750550E+00   1.17742945E+00   1.17734639E+00   1.17725570E+00   1.17715628E+00   1.17704707E+00   1.17692657E+00   1.17679380E+00   1.17664648E+00   1.17648299E+00   1.17630078E+00   1.17609861E+00   1.17587318E+00   1.17562164E+00   1.17534036E+00   1.17502676E+00   1.17467598E+00   1.17428391E+00   1.17384439E+00   1.17335379E+00   1.17280529E+00   1.17219321E+00   1.17150805E+00   1.17074445E+00   1.16989165E+00   1.16894345E+00   1.16788785E+00   1.16671502E+00   1.16541104E+00   1.16396773E+00   1.16236892E+00   1.16060214E+00   1.15864907E+00   1.15649919E+00   1.15413259E+00   1.15153237E+00   1.14867398E+00   1.14554819E+00   1.14213150E+00   1.13839968E+00   1.13436256E+00   1.12998351E+00   1.12557117E+00   1.12081103E+00   1.11609798E+00   1.11106979E+00   1.10614525E+00   1.10092243E+00   1.09583822E+00   1.09047827E+00   1.08528650E+00   1.07985601E+00   1.07463658E+00   1.06919151E+00   1.06397441E+00   1.05857218E+00   1.05343577E+00   1.04811725E+00   1.04281940E+00   1.03738216E+00   1.03180584E+00   1.02607987E+00   1.02031271E+00   1.01474778E+00   1.00831028E+00   1.00000000E+00
   1.16622818E+00   1.16622101E+00   1.16620639E+00   1.16619493E+00   1.16618416E+00   1.16617513E+00   1.16616802E+00   1.16616262E+00   1.16615865E+00   1.16615575E+00   1.16615371E+00   1.16615217E+00   1.16615097E+00   1.16614986E+00   1.16614869E+00   1.16614727E+00   1.16614553E+00   1.16614334E+00   1.16614060E+00   1.16613731E+00   1.16613340E+00   1.16612876E+00   1.16612341E+00   1.16611731E+00   1.16611046E+00   1.16610286E+00   1.16609447E+00   1.16608530E+00   1.16607536E+00   1.16606455E+00   1.16605284E+00   1.16604019E+00   1.16602668E+00   1.16601224E+00   1.16599670E+00   1.16598001E+00   1.16596210E+00   1.16594289E+00   1.16592219E+00   1.16589982E+00   1.16587569E+00   1.16584939E+00   1.16582064E+00   1.16578902E+00   1.16575442E+00   1.16571628E+00   1.16567393E+00   1.16562672E+00   1.16557408E+00   1.16551512E+00   1.16544896E+00   1.16537430E+00   1.16529029E+00   1.16519498E+00   1.16508702E+00   1.16496411E+00   1.16482504E+00   1.16466687E+00   1.16448719E+00   1.16428261E+00   1.16405069E+00   1.16378695E+00   1.16348779E+00   1.16314749E+00   1.16276250E+00   1.16232632E+00   1.16183371E+00   1.16127582E+00   1.16064747E+00   1.15993837E+00   1.15914224E+00   1.15824751E+00   1.15724520E+00   1.15612156E+00   1.15486823E+00   1.15346937E+00   1.15191333E+00   1.15018182E+00   1.14826400E+00   1.14613999E+00   1.14379417E+00   1.14120214E+00   1.13835289E+00   1.13522292E+00   1.13179067E+00   1.12806256E+00   1.12400076E+00   1.11989184E+00   1.11544670E+00   1.11103304E+00   1.10630946E+00   1.10166984E+00   1.09673798E+00   1.09192614E+00   1.08684502E+00   1.08191519E+00   1.07674815E+00   1.07177291E+00   1.06657729E+00   1.06159298E+00   1.05642313E+00   1.05150053E+00   1.04640205E+00   1.04132037E+00   1.03609629E+00   1.03073102E+00   1.02521883E+00   1.01966656E+00   1.01431384E+00   1.00808976E+00   1.00000000E+00
