1.27638366E+00
1.27637231E+00
1.27635080E+00
1.27633863E+00
1.27633095E+00
1.27632871E+00
1.27633208E+00
1.27634048E+00
1.27635331E+00
1.27636980E+00
1.27638945E+00
1.27641155E+00
1.27643593E+00
1.27646213E+00
1.27648977E+00
1.27651854E+00
1.27654850E+00
1.27657942E+00
1.27661109E+00
1.27664368E+00
1.27667709E+00
1.27671106E+00
1.27674558E+00
1.27678067E+00
1.27681647E+00
1.27685301E+00
1.27689022E+00
1.27692830E+00
1.27696718E+00
1.27700652E+00
1.27704609E+00
1.27708602E+00
1.27712683E+00
1.27716817E+00
1.27720917E+00
1.27724980E+00
1.27729012E+00
1.27732976E+00
1.27736812E+00
1.27740483E+00
1.27743949E+00
1.27747058E+00
1.27749698E+00
1.27751773E+00
1.27753316E+00
1.27754131E+00
1.27753950E+00
1.27752598E+00
1.27749983E+00
1.27745850E+00
1.27739943E+00
1.27731943E+00
1.27721637E+00
1.27708477E+00
1.27692047E+00
1.27671829E+00
1.27647709E+00
1.27618964E+00
1.27584895E+00
1.27544829E+00
1.27498378E+00
1.27444607E+00
1.27382522E+00
1.27310900E+00
1.27229316E+00
1.27136711E+00
1.27031889E+00
1.26912985E+00
1.26779194E+00
1.26628787E+00
1.26461057E+00
1.26274089E+00
1.26065866E+00
1.25834352E+00
1.25578853E+00
1.25296961E+00
1.24986341E+00
1.24644491E+00
1.24270581E+00
1.23862044E+00
1.23415458E+00
1.22927146E+00
1.22397835E+00
1.21824775E+00
1.21202261E+00
1.20532992E+00
1.19814893E+00
1.19098927E+00
1.18330222E+00
1.17572783E+00
1.16771771E+00
1.15994491E+00
1.15175572E+00
1.14383121E+00
1.13550804E+00
1.12747232E+00
1.11912362E+00
1.11115038E+00
1.10284889E+00
1.09491582E+00
1.08675125E+00
1.07902883E+00
1.07102536E+00
1.06304586E+00
1.05489821E+00
1.04657845E+00
1.03804392E+00
1.02944312E+00
1.02092555E+00
1.01138075E+00
1.00000000E+00
