1.20289193E+00
1.20287990E+00
1.20285704E+00
1.20284406E+00
1.20283616E+00
1.20283454E+00
1.20283929E+00
1.20284974E+00
1.20286522E+00
1.20288476E+00
1.20290787E+00
1.20293374E+00
1.20296206E+00
1.20299226E+00
1.20302403E+00
1.20305700E+00
1.20309110E+00
1.20312610E+00
1.20316184E+00
1.20319839E+00
1.20323566E+00
1.20327352E+00
1.20331204E+00
1.20335125E+00
1.20339129E+00
1.20343225E+00
1.20347416E+00
1.20351717E+00
1.20356140E+00
1.20360676E+00
1.20365324E+00
1.20370102E+00
1.20375041E+00
1.20380144E+00
1.20385380E+00
1.20390763E+00
1.20396298E+00
1.20401988E+00
1.20407812E+00
1.20413764E+00
1.20419840E+00
1.20425980E+00
1.20432139E+00
1.20438278E+00
1.20444411E+00
1.20450459E+00
1.20456305E+00
1.20461864E+00
1.20467072E+00
1.20471809E+00
1.20475939E+00
1.20479281E+00
1.20481723E+00
1.20482958E+00
1.20482765E+00
1.20480817E+00
1.20476985E+00
1.20470837E+00
1.20461979E+00
1.20449950E+00
1.20434424E+00
1.20414756E+00
1.20390379E+00
1.20360465E+00
1.20324581E+00
1.20281868E+00
1.20231526E+00
1.20172281E+00
1.20103463E+00
1.20023663E+00
1.19932115E+00
1.19827302E+00
1.19707900E+00
1.19572116E+00
1.19419011E+00
1.19246558E+00
1.19053124E+00
1.18836399E+00
1.18595216E+00
1.18327176E+00
1.18030001E+00
1.17700565E+00
1.17338136E+00
1.16939982E+00
1.16502707E+00
1.16027387E+00
1.15510478E+00
1.14988617E+00
1.14423943E+00
1.13863398E+00
1.13264839E+00
1.12678423E+00
1.12056054E+00
1.11449783E+00
1.10810061E+00
1.10189761E+00
1.09541063E+00
1.08917801E+00
1.08267067E+00
1.07643148E+00
1.06997448E+00
1.06383757E+00
1.05747309E+00
1.05112416E+00
1.04461133E+00
1.03792476E+00
1.03104992E+00
1.02414122E+00
1.01733150E+00
1.00954531E+00
1.00000000E+00
