1.27795440E+00
1.27795343E+00
1.27795171E+00
1.27795121E+00
1.27795142E+00
1.27795218E+00
1.27795345E+00
1.27795515E+00
1.27795726E+00
1.27795975E+00
1.27796253E+00
1.27796551E+00
1.27796880E+00
1.27797246E+00
1.27797636E+00
1.27798055E+00
1.27798517E+00
1.27799033E+00
1.27799610E+00
1.27800271E+00
1.27801019E+00
1.27801858E+00
1.27802794E+00
1.27803849E+00
1.27805044E+00
1.27806397E+00
1.27807927E+00
1.27809680E+00
1.27811669E+00
1.27813901E+00
1.27816377E+00
1.27819154E+00
1.27822305E+00
1.27825861E+00
1.27829796E+00
1.27834167E+00
1.27839033E+00
1.27844441E+00
1.27850423E+00
1.27857081E+00
1.27864454E+00
1.27872536E+00
1.27881303E+00
1.27890841E+00
1.27901311E+00
1.27912743E+00
1.27925015E+00
1.27938170E+00
1.27952296E+00
1.27967410E+00
1.27983482E+00
1.28000579E+00
1.28018702E+00
1.28037602E+00
1.28057012E+00
1.28076784E+00
1.28097108E+00
1.28117689E+00
1.28138033E+00
1.28157883E+00
1.28177195E+00
1.28195365E+00
1.28211404E+00
1.28224295E+00
1.28234304E+00
1.28241044E+00
1.28242816E+00
1.28237453E+00
1.28224176E+00
1.28201214E+00
1.28168209E+00
1.28123161E+00
1.28063142E+00
1.27985308E+00
1.27889496E+00
1.27772960E+00
1.27631786E+00
1.27461696E+00
1.27262906E+00
1.27032802E+00
1.26763840E+00
1.26447797E+00
1.26088304E+00
1.25682304E+00
1.25216459E+00
1.24686916E+00
1.24098865E+00
1.23494598E+00
1.22817552E+00
1.22120505E+00
1.21361926E+00
1.20607628E+00
1.19792283E+00
1.18982132E+00
1.18106341E+00
1.17233757E+00
1.16307890E+00
1.15406450E+00
1.14444161E+00
1.13499336E+00
1.12507504E+00
1.11551801E+00
1.10536029E+00
1.09488877E+00
1.08390154E+00
1.07242612E+00
1.06038899E+00
1.04781750E+00
1.03449678E+00
1.01875499E+00
1.00000000E+00
