1.22920637E+00
1.22920557E+00
1.22920422E+00
1.22920397E+00
1.22920434E+00
1.22920537E+00
1.22920710E+00
1.22920948E+00
1.22921246E+00
1.22921603E+00
1.22922016E+00
1.22922481E+00
1.22923003E+00
1.22923583E+00
1.22924220E+00
1.22924919E+00
1.22925686E+00
1.22926529E+00
1.22927450E+00
1.22928463E+00
1.22929574E+00
1.22930787E+00
1.22932110E+00
1.22933558E+00
1.22935141E+00
1.22936874E+00
1.22938763E+00
1.22940830E+00
1.22943083E+00
1.22945531E+00
1.22948178E+00
1.22951044E+00
1.22954156E+00
1.22957524E+00
1.22961134E+00
1.22965007E+00
1.22969153E+00
1.22973582E+00
1.22978287E+00
1.22983278E+00
1.22988554E+00
1.22994081E+00
1.22999824E+00
1.23005760E+00
1.23011908E+00
1.23018202E+00
1.23024538E+00
1.23030846E+00
1.23037075E+00
1.23043106E+00
1.23048815E+00
1.23054039E+00
1.23058657E+00
1.23062361E+00
1.23064914E+00
1.23065977E+00
1.23065422E+00
1.23062784E+00
1.23057619E+00
1.23049428E+00
1.23037867E+00
1.23022218E+00
1.23001807E+00
1.22975706E+00
1.22943475E+00
1.22904164E+00
1.22856779E+00
1.22799820E+00
1.22732506E+00
1.22653222E+00
1.22561178E+00
1.22454587E+00
1.22331766E+00
1.22190675E+00
1.22030366E+00
1.21848468E+00
1.21642888E+00
1.21410983E+00
1.21151561E+00
1.20861859E+00
1.20538861E+00
1.20178798E+00
1.19781359E+00
1.19343379E+00
1.18859956E+00
1.18332068E+00
1.17757226E+00
1.17176018E+00
1.16544305E+00
1.15914640E+00
1.15241537E+00
1.14581693E+00
1.13880075E+00
1.13195326E+00
1.12470614E+00
1.11765649E+00
1.11028078E+00
1.10319000E+00
1.09576192E+00
1.08862124E+00
1.08122984E+00
1.07420235E+00
1.06688032E+00
1.05953995E+00
1.05200793E+00
1.04427465E+00
1.03629398E+00
1.02822309E+00
1.02019908E+00
1.01106254E+00
1.00000000E+00
