1.21498917E+00
1.21498707E+00
1.21498314E+00
1.21498123E+00
1.21498052E+00
1.21498084E+00
1.21498208E+00
1.21498404E+00
1.21498666E+00
1.21498978E+00
1.21499324E+00
1.21499687E+00
1.21500073E+00
1.21500478E+00
1.21500889E+00
1.21501300E+00
1.21501725E+00
1.21502171E+00
1.21502638E+00
1.21503146E+00
1.21503692E+00
1.21504276E+00
1.21504902E+00
1.21505590E+00
1.21506355E+00
1.21507211E+00
1.21508172E+00
1.21509279E+00
1.21510542E+00
1.21511963E+00
1.21513540E+00
1.21515327E+00
1.21517392E+00
1.21519763E+00
1.21522414E+00
1.21525403E+00
1.21528784E+00
1.21532606E+00
1.21536901E+00
1.21541773E+00
1.21547264E+00
1.21553381E+00
1.21560117E+00
1.21567581E+00
1.21575934E+00
1.21585232E+00
1.21595395E+00
1.21606519E+00
1.21618706E+00
1.21632031E+00
1.21646506E+00
1.21662271E+00
1.21679372E+00
1.21697692E+00
1.21717083E+00
1.21737569E+00
1.21759365E+00
1.21782332E+00
1.21806169E+00
1.21830842E+00
1.21856356E+00
1.21882345E+00
1.21908159E+00
1.21933225E+00
1.21957759E+00
1.21981491E+00
1.22003199E+00
1.22021436E+00
1.22035625E+00
1.22044391E+00
1.22047391E+00
1.22043071E+00
1.22029237E+00
1.22003660E+00
1.21965902E+00
1.21913599E+00
1.21843701E+00
1.21752677E+00
1.21640158E+00
1.21503303E+00
1.21336317E+00
1.21132921E+00
1.20894812E+00
1.20618126E+00
1.20292836E+00
1.19915384E+00
1.19487927E+00
1.19039969E+00
1.18530900E+00
1.18000875E+00
1.17417181E+00
1.16829650E+00
1.16188188E+00
1.15545272E+00
1.14845916E+00
1.14145871E+00
1.13398484E+00
1.12666241E+00
1.11881611E+00
1.11108938E+00
1.10294695E+00
1.09506971E+00
1.08667891E+00
1.07803618E+00
1.06897773E+00
1.05951540E+00
1.04955522E+00
1.03913590E+00
1.02819330E+00
1.01536224E+00
1.00000000E+00
