1.16622818E+00
1.16622101E+00
1.16620639E+00
1.16619493E+00
1.16618416E+00
1.16617513E+00
1.16616802E+00
1.16616262E+00
1.16615865E+00
1.16615575E+00
1.16615371E+00
1.16615217E+00
1.16615097E+00
1.16614986E+00
1.16614869E+00
1.16614727E+00
1.16614553E+00
1.16614334E+00
1.16614060E+00
1.16613731E+00
1.16613340E+00
1.16612876E+00
1.16612341E+00
1.16611731E+00
1.16611046E+00
1.16610286E+00
1.16609447E+00
1.16608530E+00
1.16607536E+00
1.16606455E+00
1.16605284E+00
1.16604019E+00
1.16602668E+00
1.16601224E+00
1.16599670E+00
1.16598001E+00
1.16596210E+00
1.16594289E+00
1.16592219E+00
1.16589982E+00
1.16587569E+00
1.16584939E+00
1.16582064E+00
1.16578902E+00
1.16575442E+00
1.16571628E+00
1.16567393E+00
1.16562672E+00
1.16557408E+00
1.16551512E+00
1.16544896E+00
1.16537430E+00
1.16529029E+00
1.16519498E+00
1.16508702E+00
1.16496411E+00
1.16482504E+00
1.16466687E+00
1.16448719E+00
1.16428261E+00
1.16405069E+00
1.16378695E+00
1.16348779E+00
1.16314749E+00
1.16276250E+00
1.16232632E+00
1.16183371E+00
1.16127582E+00
1.16064747E+00
1.15993837E+00
1.15914224E+00
1.15824751E+00
1.15724520E+00
1.15612156E+00
1.15486823E+00
1.15346937E+00
1.15191333E+00
1.15018182E+00
1.14826400E+00
1.14613999E+00
1.14379417E+00
1.14120214E+00
1.13835289E+00
1.13522292E+00
1.13179067E+00
1.12806256E+00
1.12400076E+00
1.11989184E+00
1.11544670E+00
1.11103304E+00
1.10630946E+00
1.10166984E+00
1.09673798E+00
1.09192614E+00
1.08684502E+00
1.08191519E+00
1.07674815E+00
1.07177291E+00
1.06657729E+00
1.06159298E+00
1.05642313E+00
1.05150053E+00
1.04640205E+00
1.04132037E+00
1.03609629E+00
1.03073102E+00
1.02521883E+00
1.01966656E+00
1.01431384E+00
1.00808976E+00
1.00000000E+00
