1.13185070E+00
1.13185071E+00
1.13185073E+00
1.13185076E+00
1.13185080E+00
1.13185086E+00
1.13185094E+00
1.13185104E+00
1.13185115E+00
1.13185130E+00
1.13185148E+00
1.13185169E+00
1.13185195E+00
1.13185226E+00
1.13185262E+00
1.13185305E+00
1.13185356E+00
1.13185415E+00
1.13185485E+00
1.13185565E+00
1.13185659E+00
1.13185767E+00
1.13185891E+00
1.13186034E+00
1.13186197E+00
1.13186383E+00
1.13186593E+00
1.13186832E+00
1.13187101E+00
1.13187404E+00
1.13187743E+00
1.13188122E+00
1.13188544E+00
1.13189011E+00
1.13189526E+00
1.13190094E+00
1.13190715E+00
1.13191392E+00
1.13192126E+00
1.13192919E+00
1.13193769E+00
1.13194674E+00
1.13195631E+00
1.13196637E+00
1.13197681E+00
1.13198752E+00
1.13199838E+00
1.13200916E+00
1.13201967E+00
1.13202954E+00
1.13203848E+00
1.13204594E+00
1.13205150E+00
1.13205433E+00
1.13205386E+00
1.13204890E+00
1.13203857E+00
1.13202132E+00
1.13199596E+00
1.13196035E+00
1.13191291E+00
1.13185075E+00
1.13177179E+00
1.13167204E+00
1.13154893E+00
1.13139805E+00
1.13121557E+00
1.13099490E+00
1.13073216E+00
1.13041922E+00
1.13005055E+00
1.12961656E+00
1.12911061E+00
1.12852037E+00
1.12783817E+00
1.12704988E+00
1.12614592E+00
1.12510885E+00
1.12392795E+00
1.12258420E+00
1.12106496E+00
1.11934549E+00
1.11741127E+00
1.11523846E+00
1.11281013E+00
1.11011965E+00
1.10713094E+00
1.10405317E+00
1.10067479E+00
1.09726913E+00
1.09357119E+00
1.08989160E+00
1.08593527E+00
1.08202980E+00
1.07786755E+00
1.07378725E+00
1.06946963E+00
1.06527681E+00
1.06086227E+00
1.05659024E+00
1.05212470E+00
1.04784689E+00
1.04337941E+00
1.03888205E+00
1.03422170E+00
1.02938084E+00
1.02434417E+00
1.01928176E+00
1.01428536E+00
1.00812717E+00
1.00000000E+00
