1.13828178E+00
1.13828179E+00
1.13828181E+00
1.13828184E+00
1.13828189E+00
1.13828196E+00
1.13828205E+00
1.13828217E+00
1.13828231E+00
1.13828248E+00
1.13828268E+00
1.13828293E+00
1.13828322E+00
1.13828358E+00
1.13828399E+00
1.13828448E+00
1.13828505E+00
1.13828572E+00
1.13828650E+00
1.13828740E+00
1.13828845E+00
1.13828966E+00
1.13829104E+00
1.13829262E+00
1.13829443E+00
1.13829648E+00
1.13829881E+00
1.13830144E+00
1.13830440E+00
1.13830772E+00
1.13831142E+00
1.13831556E+00
1.13832016E+00
1.13832524E+00
1.13833083E+00
1.13833698E+00
1.13834370E+00
1.13835100E+00
1.13835890E+00
1.13836741E+00
1.13837651E+00
1.13838617E+00
1.13839637E+00
1.13840704E+00
1.13841809E+00
1.13842937E+00
1.13844075E+00
1.13845198E+00
1.13846285E+00
1.13847294E+00
1.13848194E+00
1.13848925E+00
1.13849441E+00
1.13849652E+00
1.13849495E+00
1.13848843E+00
1.13847601E+00
1.13845601E+00
1.13842716E+00
1.13838717E+00
1.13833434E+00
1.13826558E+00
1.13817869E+00
1.13806942E+00
1.13793503E+00
1.13777084E+00
1.13757280E+00
1.13733394E+00
1.13705015E+00
1.13671286E+00
1.13631627E+00
1.13585030E+00
1.13530795E+00
1.13467629E+00
1.13394732E+00
1.13310628E+00
1.13214314E+00
1.13103965E+00
1.12978474E+00
1.12835873E+00
1.12674822E+00
1.12492740E+00
1.12288155E+00
1.12058614E+00
1.11802292E+00
1.11518527E+00
1.11203665E+00
1.10879768E+00
1.10524409E+00
1.10166354E+00
1.09777902E+00
1.09391691E+00
1.08976669E+00
1.08567266E+00
1.08131047E+00
1.07703466E+00
1.07251342E+00
1.06812597E+00
1.06350622E+00
1.05903618E+00
1.05436706E+00
1.04989778E+00
1.04522649E+00
1.04052049E+00
1.03564989E+00
1.03059662E+00
1.02533766E+00
1.02004996E+00
1.01482494E+00
1.00841493E+00
1.00000000E+00
