1.11971297E+00
1.11971297E+00
1.11971297E+00
1.11971298E+00
1.11971300E+00
1.11971303E+00
1.11971307E+00
1.11971312E+00
1.11971318E+00
1.11971326E+00
1.11971336E+00
1.11971348E+00
1.11971363E+00
1.11971382E+00
1.11971404E+00
1.11971430E+00
1.11971462E+00
1.11971500E+00
1.11971546E+00
1.11971600E+00
1.11971662E+00
1.11971737E+00
1.11971823E+00
1.11971924E+00
1.11972041E+00
1.11972176E+00
1.11972331E+00
1.11972510E+00
1.11972713E+00
1.11972945E+00
1.11973206E+00
1.11973504E+00
1.11973839E+00
1.11974215E+00
1.11974636E+00
1.11975106E+00
1.11975629E+00
1.11976206E+00
1.11976841E+00
1.11977540E+00
1.11978303E+00
1.11979129E+00
1.11980023E+00
1.11980987E+00
1.11982017E+00
1.11983105E+00
1.11984250E+00
1.11985443E+00
1.11986673E+00
1.11987913E+00
1.11989151E+00
1.11990356E+00
1.11991501E+00
1.11992530E+00
1.11993410E+00
1.11994057E+00
1.11994409E+00
1.11994351E+00
1.11993801E+00
1.11992606E+00
1.11990657E+00
1.11987739E+00
1.11983670E+00
1.11978090E+00
1.11970841E+00
1.11961655E+00
1.11950181E+00
1.11935824E+00
1.11918296E+00
1.11896910E+00
1.11871207E+00
1.11840354E+00
1.11803735E+00
1.11760206E+00
1.11709160E+00
1.11649342E+00
1.11579790E+00
1.11498798E+00
1.11405542E+00
1.11298373E+00
1.11175924E+00
1.11035649E+00
1.10876462E+00
1.10696141E+00
1.10492410E+00
1.10263903E+00
1.10008335E+00
1.09743684E+00
1.09450321E+00
1.09151255E+00
1.08824525E+00
1.08498068E+00
1.08145524E+00
1.07796043E+00
1.07421371E+00
1.07051590E+00
1.06659621E+00
1.06279049E+00
1.05876103E+00
1.05483240E+00
1.05072651E+00
1.04680929E+00
1.04267954E+00
1.03846462E+00
1.03409477E+00
1.02955506E+00
1.02479594E+00
1.02002132E+00
1.01519316E+00
1.00878665E+00
1.00000000E+00
