1.15406762E+00
1.15406686E+00
1.15406547E+00
1.15406477E+00
1.15406444E+00
1.15406458E+00
1.15406522E+00
1.15406631E+00
1.15406782E+00
1.15406972E+00
1.15407196E+00
1.15407451E+00
1.15407737E+00
1.15408051E+00
1.15408392E+00
1.15408761E+00
1.15409158E+00
1.15409584E+00
1.15410040E+00
1.15410531E+00
1.15411056E+00
1.15411619E+00
1.15412222E+00
1.15412870E+00
1.15413566E+00
1.15414315E+00
1.15415121E+00
1.15415988E+00
1.15416921E+00
1.15417924E+00
1.15418998E+00
1.15420150E+00
1.15421386E+00
1.15422710E+00
1.15424119E+00
1.15425619E+00
1.15427209E+00
1.15428893E+00
1.15430666E+00
1.15432525E+00
1.15434469E+00
1.15436481E+00
1.15438549E+00
1.15440653E+00
1.15442785E+00
1.15444913E+00
1.15446999E+00
1.15448999E+00
1.15450873E+00
1.15452557E+00
1.15453987E+00
1.15455064E+00
1.15455719E+00
1.15455798E+00
1.15455192E+00
1.15453704E+00
1.15451217E+00
1.15447479E+00
1.15442281E+00
1.15435317E+00
1.15426349E+00
1.15414960E+00
1.15400828E+00
1.15383412E+00
1.15362360E+00
1.15337043E+00
1.15306947E+00
1.15271217E+00
1.15229335E+00
1.15180271E+00
1.15123375E+00
1.15057481E+00
1.14981718E+00
1.14894672E+00
1.14795464E+00
1.14682470E+00
1.14554528E+00
1.14409740E+00
1.14246947E+00
1.14064066E+00
1.13859566E+00
1.13630908E+00
1.13376791E+00
1.13094748E+00
1.12782722E+00
1.12440892E+00
1.12065443E+00
1.11682876E+00
1.11266547E+00
1.10850803E+00
1.10403488E+00
1.09962023E+00
1.09490815E+00
1.09029265E+00
1.08540324E+00
1.08064415E+00
1.07564067E+00
1.07080957E+00
1.06575289E+00
1.06089047E+00
1.05583507E+00
1.05101176E+00
1.04600783E+00
1.04101054E+00
1.03586241E+00
1.03056466E+00
1.02511097E+00
1.01960930E+00
1.01429671E+00
1.00809238E+00
1.00000000E+00
