1.14007704E+00
1.14007705E+00
1.14007708E+00
1.14007712E+00
1.14007719E+00
1.14007728E+00
1.14007740E+00
1.14007754E+00
1.14007772E+00
1.14007793E+00
1.14007818E+00
1.14007849E+00
1.14007884E+00
1.14007927E+00
1.14007976E+00
1.14008034E+00
1.14008101E+00
1.14008179E+00
1.14008269E+00
1.14008372E+00
1.14008491E+00
1.14008627E+00
1.14008781E+00
1.14008957E+00
1.14009156E+00
1.14009381E+00
1.14009633E+00
1.14009916E+00
1.14010233E+00
1.14010585E+00
1.14010976E+00
1.14011409E+00
1.14011885E+00
1.14012407E+00
1.14012977E+00
1.14013597E+00
1.14014267E+00
1.14014988E+00
1.14015758E+00
1.14016576E+00
1.14017439E+00
1.14018339E+00
1.14019270E+00
1.14020221E+00
1.14021179E+00
1.14022122E+00
1.14023032E+00
1.14023876E+00
1.14024625E+00
1.14025228E+00
1.14025645E+00
1.14025802E+00
1.14025642E+00
1.14025060E+00
1.14023978E+00
1.14022249E+00
1.14019766E+00
1.14016336E+00
1.14011811E+00
1.14005937E+00
1.13998522E+00
1.13989225E+00
1.13977805E+00
1.13963810E+00
1.13946937E+00
1.13926656E+00
1.13902548E+00
1.13873896E+00
1.13840244E+00
1.13800707E+00
1.13754688E+00
1.13701145E+00
1.13639354E+00
1.13568018E+00
1.13486307E+00
1.13392731E+00
1.13286279E+00
1.13165152E+00
1.13028228E+00
1.12873535E+00
1.12699740E+00
1.12504384E+00
1.12286026E+00
1.12042273E+00
1.11771380E+00
1.11473055E+00
1.11143519E+00
1.10805940E+00
1.10437082E+00
1.10067095E+00
1.09667181E+00
1.09270828E+00
1.08846233E+00
1.08428785E+00
1.07985222E+00
1.07551982E+00
1.07095063E+00
1.06652633E+00
1.06188207E+00
1.05740350E+00
1.05273523E+00
1.04827302E+00
1.04362857E+00
1.03897249E+00
1.03416616E+00
1.02920723E+00
1.02407783E+00
1.01889984E+00
1.01389629E+00
1.00793128E+00
1.00000000E+00
