1.17964533E+00
1.17964238E+00
1.17963677E+00
1.17963389E+00
1.17963264E+00
1.17963286E+00
1.17963436E+00
1.17963688E+00
1.17964028E+00
1.17964433E+00
1.17964880E+00
1.17965348E+00
1.17965838E+00
1.17966340E+00
1.17966839E+00
1.17967328E+00
1.17967817E+00
1.17968308E+00
1.17968802E+00
1.17969314E+00
1.17969840E+00
1.17970378E+00
1.17970931E+00
1.17971517E+00
1.17972150E+00
1.17972840E+00
1.17973599E+00
1.17974464E+00
1.17975444E+00
1.17976538E+00
1.17977745E+00
1.17979114E+00
1.17980708E+00
1.17982551E+00
1.17984619E+00
1.17986970E+00
1.17989651E+00
1.17992710E+00
1.17996175E+00
1.18000149E+00
1.18004669E+00
1.18009753E+00
1.18015397E+00
1.18021717E+00
1.18028862E+00
1.18036893E+00
1.18045759E+00
1.18055573E+00
1.18066434E+00
1.18078440E+00
1.18091620E+00
1.18106138E+00
1.18122058E+00
1.18139330E+00
1.18157864E+00
1.18177759E+00
1.18199224E+00
1.18222195E+00
1.18246480E+00
1.18272152E+00
1.18299228E+00
1.18327469E+00
1.18356419E+00
1.18385738E+00
1.18415607E+00
1.18445836E+00
1.18475481E+00
1.18503503E+00
1.18529443E+00
1.18552177E+00
1.18571384E+00
1.18585811E+00
1.18593713E+00
1.18593245E+00
1.18583861E+00
1.18563497E+00
1.18529637E+00
1.18479215E+00
1.18411602E+00
1.18323987E+00
1.18211633E+00
1.18069294E+00
1.17897599E+00
1.17692458E+00
1.17445784E+00
1.17154036E+00
1.16817734E+00
1.16459397E+00
1.16047375E+00
1.15614126E+00
1.15132125E+00
1.14642084E+00
1.14102799E+00
1.13558554E+00
1.12963520E+00
1.12365353E+00
1.11723378E+00
1.11091251E+00
1.10411821E+00
1.09740914E+00
1.09031506E+00
1.08343057E+00
1.07608639E+00
1.06852131E+00
1.06058667E+00
1.05228333E+00
1.04351809E+00
1.03434384E+00
1.02475805E+00
1.01352994E+00
1.00000000E+00
