1.13316471E+00
1.13316472E+00
1.13316474E+00
1.13316478E+00
1.13316484E+00
1.13316492E+00
1.13316501E+00
1.13316514E+00
1.13316529E+00
1.13316547E+00
1.13316569E+00
1.13316595E+00
1.13316626E+00
1.13316663E+00
1.13316706E+00
1.13316756E+00
1.13316815E+00
1.13316884E+00
1.13316963E+00
1.13317055E+00
1.13317160E+00
1.13317281E+00
1.13317418E+00
1.13317576E+00
1.13317754E+00
1.13317956E+00
1.13318183E+00
1.13318439E+00
1.13318725E+00
1.13319045E+00
1.13319400E+00
1.13319794E+00
1.13320229E+00
1.13320707E+00
1.13321230E+00
1.13321801E+00
1.13322420E+00
1.13323087E+00
1.13323802E+00
1.13324564E+00
1.13325371E+00
1.13326216E+00
1.13327094E+00
1.13327995E+00
1.13328909E+00
1.13329815E+00
1.13330699E+00
1.13331530E+00
1.13332283E+00
1.13332910E+00
1.13333378E+00
1.13333617E+00
1.13333577E+00
1.13333161E+00
1.13332297E+00
1.13330852E+00
1.13328726E+00
1.13325740E+00
1.13321759E+00
1.13316546E+00
1.13309922E+00
1.13301572E+00
1.13291270E+00
1.13278592E+00
1.13263255E+00
1.13244762E+00
1.13222720E+00
1.13196453E+00
1.13165532E+00
1.13129121E+00
1.13086652E+00
1.13037135E+00
1.12979890E+00
1.12913680E+00
1.12837710E+00
1.12750555E+00
1.12651258E+00
1.12538096E+00
1.12409983E+00
1.12265015E+00
1.12101939E+00
1.11918398E+00
1.11712961E+00
1.11483302E+00
1.11227821E+00
1.10946178E+00
1.10634629E+00
1.10315062E+00
1.09965680E+00
1.09614977E+00
1.09235481E+00
1.08858966E+00
1.08455342E+00
1.08058127E+00
1.07635943E+00
1.07223478E+00
1.06788037E+00
1.06366001E+00
1.05923048E+00
1.05495781E+00
1.05049971E+00
1.04623352E+00
1.04179908E+00
1.03735765E+00
1.03276420E+00
1.02801857E+00
1.02311443E+00
1.01816331E+00
1.01338796E+00
1.00766515E+00
1.00000000E+00
