1.17856788E+00
1.17855985E+00
1.17854318E+00
1.17852936E+00
1.17851569E+00
1.17850332E+00
1.17849246E+00
1.17848296E+00
1.17847453E+00
1.17846681E+00
1.17845961E+00
1.17845256E+00
1.17844554E+00
1.17843826E+00
1.17843058E+00
1.17842228E+00
1.17841333E+00
1.17840356E+00
1.17839287E+00
1.17838124E+00
1.17836859E+00
1.17835479E+00
1.17833983E+00
1.17832364E+00
1.17830622E+00
1.17828754E+00
1.17826752E+00
1.17824617E+00
1.17822344E+00
1.17819920E+00
1.17817335E+00
1.17814583E+00
1.17811673E+00
1.17808590E+00
1.17805307E+00
1.17801815E+00
1.17798105E+00
1.17794160E+00
1.17789955E+00
1.17785464E+00
1.17780672E+00
1.17775523E+00
1.17769978E+00
1.17763985E+00
1.17757535E+00
1.17750550E+00
1.17742945E+00
1.17734639E+00
1.17725570E+00
1.17715628E+00
1.17704707E+00
1.17692657E+00
1.17679380E+00
1.17664648E+00
1.17648299E+00
1.17630078E+00
1.17609861E+00
1.17587318E+00
1.17562164E+00
1.17534036E+00
1.17502676E+00
1.17467598E+00
1.17428391E+00
1.17384439E+00
1.17335379E+00
1.17280529E+00
1.17219321E+00
1.17150805E+00
1.17074445E+00
1.16989165E+00
1.16894345E+00
1.16788785E+00
1.16671502E+00
1.16541104E+00
1.16396773E+00
1.16236892E+00
1.16060214E+00
1.15864907E+00
1.15649919E+00
1.15413259E+00
1.15153237E+00
1.14867398E+00
1.14554819E+00
1.14213150E+00
1.13839968E+00
1.13436256E+00
1.12998351E+00
1.12557117E+00
1.12081103E+00
1.11609798E+00
1.11106979E+00
1.10614525E+00
1.10092243E+00
1.09583822E+00
1.09047827E+00
1.08528650E+00
1.07985601E+00
1.07463658E+00
1.06919151E+00
1.06397441E+00
1.05857218E+00
1.05343577E+00
1.04811725E+00
1.04281940E+00
1.03738216E+00
1.03180584E+00
1.02607987E+00
1.02031271E+00
1.01474778E+00
1.00831028E+00
1.00000000E+00
