1.34779482E+00
1.34777835E+00
1.34774656E+00
1.34772917E+00
1.34772098E+00
1.34772151E+00
1.34773008E+00
1.34774560E+00
1.34776733E+00
1.34779409E+00
1.34782479E+00
1.34785814E+00
1.34789434E+00
1.34793301E+00
1.34797327E+00
1.34801470E+00
1.34805790E+00
1.34810293E+00
1.34814971E+00
1.34819896E+00
1.34825066E+00
1.34830457E+00
1.34836068E+00
1.34841948E+00
1.34848177E+00
1.34854820E+00
1.34861922E+00
1.34869609E+00
1.34877895E+00
1.34886745E+00
1.34896158E+00
1.34906314E+00
1.34917433E+00
1.34929563E+00
1.34942581E+00
1.34956624E+00
1.34971866E+00
1.34988420E+00
1.35006329E+00
1.35025807E+00
1.35046896E+00
1.35069488E+00
1.35093510E+00
1.35119176E+00
1.35146870E+00
1.35176577E+00
1.35207934E+00
1.35240994E+00
1.35275978E+00
1.35312897E+00
1.35351614E+00
1.35392150E+00
1.35434423E+00
1.35477816E+00
1.35521785E+00
1.35566107E+00
1.35611198E+00
1.35656412E+00
1.35700751E+00
1.35743764E+00
1.35785467E+00
1.35824832E+00
1.35859975E+00
1.35889029E+00
1.35912603E+00
1.35930120E+00
1.35938896E+00
1.35935515E+00
1.35918987E+00
1.35887018E+00
1.35839291E+00
1.35773023E+00
1.35683808E+00
1.35567983E+00
1.35425866E+00
1.35253881E+00
1.35046623E+00
1.34798775E+00
1.34511230E+00
1.34181148E+00
1.33798300E+00
1.33351847E+00
1.32847896E+00
1.32283886E+00
1.31642658E+00
1.30920241E+00
1.30123984E+00
1.29312622E+00
1.28411684E+00
1.27491172E+00
1.26495569E+00
1.25512160E+00
1.24456170E+00
1.23412986E+00
1.22291603E+00
1.21179974E+00
1.20004579E+00
1.18864567E+00
1.17653097E+00
1.16468310E+00
1.15228491E+00
1.14037671E+00
1.12778258E+00
1.11484887E+00
1.10129809E+00
1.08719400E+00
1.07247948E+00
1.05710588E+00
1.04077599E+00
1.02188552E+00
1.00000000E+00
