1.22823784E+00
1.22822609E+00
1.22820377E+00
1.22819106E+00
1.22818313E+00
1.22818110E+00
1.22818506E+00
1.22819441E+00
1.22820850E+00
1.22822643E+00
1.22824773E+00
1.22827161E+00
1.22829783E+00
1.22832587E+00
1.22835539E+00
1.22838604E+00
1.22841781E+00
1.22845045E+00
1.22848382E+00
1.22851798E+00
1.22855287E+00
1.22858831E+00
1.22862434E+00
1.22866100E+00
1.22869840E+00
1.22873665E+00
1.22877571E+00
1.22881578E+00
1.22885690E+00
1.22889891E+00
1.22894172E+00
1.22898550E+00
1.22903064E+00
1.22907705E+00
1.22912423E+00
1.22917227E+00
1.22922123E+00
1.22927101E+00
1.22932128E+00
1.22937189E+00
1.22942268E+00
1.22947277E+00
1.22952149E+00
1.22956827E+00
1.22961330E+00
1.22965544E+00
1.22969303E+00
1.22972491E+00
1.22975035E+00
1.22976771E+00
1.22977523E+00
1.22977065E+00
1.22975251E+00
1.22971693E+00
1.22966109E+00
1.22958105E+00
1.22947551E+00
1.22933918E+00
1.22916711E+00
1.22895393E+00
1.22869611E+00
1.22838614E+00
1.22801700E+00
1.22757905E+00
1.22706786E+00
1.22647398E+00
1.22578809E+00
1.22499550E+00
1.22408893E+00
1.22305303E+00
1.22188016E+00
1.22055375E+00
1.21905830E+00
1.21737487E+00
1.21549462E+00
1.21339592E+00
1.21106020E+00
1.20846355E+00
1.20559515E+00
1.20243035E+00
1.19894282E+00
1.19509958E+00
1.19089766E+00
1.18630953E+00
1.18129413E+00
1.17586812E+00
1.16999987E+00
1.16410551E+00
1.15774879E+00
1.15145910E+00
1.14476952E+00
1.13824092E+00
1.13133277E+00
1.12462200E+00
1.11755522E+00
1.11071621E+00
1.10358316E+00
1.09674649E+00
1.08961736E+00
1.08279205E+00
1.07574429E+00
1.06905884E+00
1.06212793E+00
1.05521691E+00
1.04814134E+00
1.04089266E+00
1.03344655E+00
1.02595627E+00
1.01856109E+00
1.01017377E+00
1.00000000E+00
