1.13428929E+00
1.13428929E+00
1.13428930E+00
1.13428932E+00
1.13428935E+00
1.13428939E+00
1.13428945E+00
1.13428953E+00
1.13428962E+00
1.13428974E+00
1.13428988E+00
1.13429006E+00
1.13429027E+00
1.13429052E+00
1.13429083E+00
1.13429119E+00
1.13429162E+00
1.13429213E+00
1.13429274E+00
1.13429344E+00
1.13429427E+00
1.13429523E+00
1.13429634E+00
1.13429764E+00
1.13429913E+00
1.13430084E+00
1.13430279E+00
1.13430502E+00
1.13430755E+00
1.13431042E+00
1.13431365E+00
1.13431730E+00
1.13432139E+00
1.13432595E+00
1.13433103E+00
1.13433669E+00
1.13434294E+00
1.13434981E+00
1.13435733E+00
1.13436556E+00
1.13437449E+00
1.13438412E+00
1.13439447E+00
1.13440557E+00
1.13441733E+00
1.13442968E+00
1.13444257E+00
1.13445587E+00
1.13446942E+00
1.13448292E+00
1.13449619E+00
1.13450882E+00
1.13452049E+00
1.13453052E+00
1.13453848E+00
1.13454339E+00
1.13454447E+00
1.13454039E+00
1.13453015E+00
1.13451195E+00
1.13448451E+00
1.13444531E+00
1.13439227E+00
1.13432128E+00
1.13423045E+00
1.13411666E+00
1.13397595E+00
1.13380161E+00
1.13359031E+00
1.13333433E+00
1.13302852E+00
1.13266359E+00
1.13223267E+00
1.13172296E+00
1.13112778E+00
1.13043334E+00
1.12962897E+00
1.12869583E+00
1.12762507E+00
1.12639898E+00
1.12500227E+00
1.12340660E+00
1.12160100E+00
1.11956222E+00
1.11726410E+00
1.11469126E+00
1.11182092E+00
1.10885646E+00
1.10557466E+00
1.10223114E+00
1.09858335E+00
1.09494312E+00
1.09101592E+00
1.08712634E+00
1.08295554E+00
1.07883434E+00
1.07446771E+00
1.07022953E+00
1.06573758E+00
1.06135248E+00
1.05676871E+00
1.05239375E+00
1.04777149E+00
1.04304098E+00
1.03813425E+00
1.03303650E+00
1.02769041E+00
1.02231549E+00
1.01685496E+00
1.00969092E+00
1.00000000E+00
