1.17518043E+00
1.17517919E+00
1.17517698E+00
1.17517611E+00
1.17517597E+00
1.17517668E+00
1.17517825E+00
1.17518060E+00
1.17518368E+00
1.17518741E+00
1.17519173E+00
1.17519659E+00
1.17520200E+00
1.17520792E+00
1.17521435E+00
1.17522131E+00
1.17522884E+00
1.17523698E+00
1.17524577E+00
1.17525530E+00
1.17526562E+00
1.17527680E+00
1.17528892E+00
1.17530209E+00
1.17531642E+00
1.17533207E+00
1.17534910E+00
1.17536772E+00
1.17538803E+00
1.17541019E+00
1.17543426E+00
1.17546048E+00
1.17548909E+00
1.17552026E+00
1.17555402E+00
1.17559064E+00
1.17563026E+00
1.17567315E+00
1.17571935E+00
1.17576914E+00
1.17582264E+00
1.17587988E+00
1.17594082E+00
1.17600554E+00
1.17607429E+00
1.17614697E+00
1.17622316E+00
1.17630276E+00
1.17638551E+00
1.17647107E+00
1.17655883E+00
1.17664803E+00
1.17673816E+00
1.17682753E+00
1.17691495E+00
1.17699841E+00
1.17707702E+00
1.17714800E+00
1.17720875E+00
1.17725609E+00
1.17728742E+00
1.17729785E+00
1.17728325E+00
1.17723722E+00
1.17715599E+00
1.17703243E+00
1.17685955E+00
1.17662663E+00
1.17632756E+00
1.17594947E+00
1.17548483E+00
1.17491947E+00
1.17424156E+00
1.17343367E+00
1.17248578E+00
1.17137788E+00
1.17009437E+00
1.16861169E+00
1.16691673E+00
1.16498408E+00
1.16279217E+00
1.16030858E+00
1.15752113E+00
1.15439953E+00
1.15091245E+00
1.14705871E+00
1.14280257E+00
1.13844386E+00
1.13366956E+00
1.12887421E+00
1.12369779E+00
1.11857524E+00
1.11309004E+00
1.10770145E+00
1.10197404E+00
1.09638006E+00
1.09048986E+00
1.08479477E+00
1.07881529E+00
1.07304978E+00
1.06705028E+00
1.06132063E+00
1.05535146E+00
1.04936704E+00
1.04319812E+00
1.03683246E+00
1.03025339E+00
1.02361723E+00
1.01704887E+00
1.00943916E+00
1.00000000E+00
