1.26996171E+00
1.26993869E+00
1.26989387E+00
1.26986812E+00
1.26985458E+00
1.26985285E+00
1.26986185E+00
1.26988002E+00
1.26990621E+00
1.26993848E+00
1.26997553E+00
1.27001567E+00
1.27005875E+00
1.27010398E+00
1.27015042E+00
1.27019746E+00
1.27024545E+00
1.27029424E+00
1.27034370E+00
1.27039426E+00
1.27044582E+00
1.27049815E+00
1.27055130E+00
1.27060578E+00
1.27066220E+00
1.27072111E+00
1.27078288E+00
1.27084863E+00
1.27091852E+00
1.27099237E+00
1.27107027E+00
1.27115392E+00
1.27124514E+00
1.27134442E+00
1.27145099E+00
1.27156626E+00
1.27169168E+00
1.27182841E+00
1.27197698E+00
1.27213947E+00
1.27231649E+00
1.27250766E+00
1.27271281E+00
1.27293439E+00
1.27317554E+00
1.27343679E+00
1.27371600E+00
1.27401457E+00
1.27433446E+00
1.27467669E+00
1.27504073E+00
1.27542783E+00
1.27583812E+00
1.27626813E+00
1.27671480E+00
1.27717807E+00
1.27766118E+00
1.27816027E+00
1.27866905E+00
1.27918559E+00
1.27970949E+00
1.28023344E+00
1.28074537E+00
1.28123348E+00
1.28170048E+00
1.28214029E+00
1.28253401E+00
1.28285790E+00
1.28310326E+00
1.28324991E+00
1.28329262E+00
1.28320842E+00
1.28296457E+00
1.28252961E+00
1.28189917E+00
1.28104050E+00
1.27991222E+00
1.27846797E+00
1.27670500E+00
1.27458873E+00
1.27204227E+00
1.26898288E+00
1.26544132E+00
1.26137841E+00
1.25666771E+00
1.25127448E+00
1.24523072E+00
1.23896820E+00
1.23193675E+00
1.22469563E+00
1.21679192E+00
1.20890846E+00
1.20037695E+00
1.19189426E+00
1.18273683E+00
1.17363884E+00
1.16398208E+00
1.15457714E+00
1.14456485E+00
1.13476701E+00
1.12449539E+00
1.11460775E+00
1.10414721E+00
1.09343969E+00
1.08226171E+00
1.07065667E+00
1.05852781E+00
1.04585271E+00
1.03257119E+00
1.01747224E+00
1.00000000E+00
