1.17994328E+00
1.17994237E+00
1.17994060E+00
1.17993942E+00
1.17993845E+00
1.17993780E+00
1.17993749E+00
1.17993750E+00
1.17993778E+00
1.17993831E+00
1.17993905E+00
1.17993996E+00
1.17994104E+00
1.17994227E+00
1.17994362E+00
1.17994509E+00
1.17994669E+00
1.17994842E+00
1.17995027E+00
1.17995228E+00
1.17995444E+00
1.17995674E+00
1.17995920E+00
1.17996184E+00
1.17996468E+00
1.17996773E+00
1.17997099E+00
1.17997449E+00
1.17997824E+00
1.17998220E+00
1.17998634E+00
1.17999065E+00
1.17999522E+00
1.17999996E+00
1.18000475E+00
1.18000955E+00
1.18001430E+00
1.18001891E+00
1.18002321E+00
1.18002704E+00
1.18003028E+00
1.18003252E+00
1.18003346E+00
1.18003265E+00
1.18002999E+00
1.18002481E+00
1.18001636E+00
1.18000390E+00
1.17998684E+00
1.17996410E+00
1.17993467E+00
1.17989712E+00
1.17985042E+00
1.17979230E+00
1.17972114E+00
1.17963429E+00
1.17953043E+00
1.17940609E+00
1.17925833E+00
1.17908332E+00
1.17887825E+00
1.17863795E+00
1.17835804E+00
1.17803196E+00
1.17765582E+00
1.17722226E+00
1.17672499E+00
1.17615377E+00
1.17550272E+00
1.17476015E+00
1.17391949E+00
1.17296764E+00
1.17189378E+00
1.17068286E+00
1.16932625E+00
1.16780640E+00
1.16610952E+00
1.16421596E+00
1.16211457E+00
1.15978388E+00
1.15720527E+00
1.15435226E+00
1.15121577E+00
1.14777063E+00
1.14398929E+00
1.13988057E+00
1.13541014E+00
1.13089309E+00
1.12600359E+00
1.12114866E+00
1.11596029E+00
1.11087185E+00
1.10546616E+00
1.10019680E+00
1.09463233E+00
1.08923394E+00
1.08358433E+00
1.07815141E+00
1.07247507E+00
1.06703072E+00
1.06139231E+00
1.05603081E+00
1.05046802E+00
1.04491712E+00
1.03922227E+00
1.03338184E+00
1.02737410E+00
1.02131351E+00
1.01544628E+00
1.00867838E+00
1.00000000E+00
