1.22707340E+00
1.22704598E+00
1.22699238E+00
1.22696094E+00
1.22694379E+00
1.22694073E+00
1.22695035E+00
1.22697079E+00
1.22700059E+00
1.22703729E+00
1.22707945E+00
1.22712511E+00
1.22717389E+00
1.22722468E+00
1.22727655E+00
1.22732876E+00
1.22738149E+00
1.22743446E+00
1.22748751E+00
1.22754091E+00
1.22759452E+00
1.22764818E+00
1.22770194E+00
1.22775634E+00
1.22781188E+00
1.22786904E+00
1.22792817E+00
1.22799027E+00
1.22805555E+00
1.22812396E+00
1.22819564E+00
1.22827218E+00
1.22835509E+00
1.22844487E+00
1.22854107E+00
1.22864505E+00
1.22875801E+00
1.22888115E+00
1.22901496E+00
1.22916140E+00
1.22932114E+00
1.22949415E+00
1.22968054E+00
1.22988266E+00
1.23010316E+00
1.23034283E+00
1.23060038E+00
1.23087743E+00
1.23117569E+00
1.23149655E+00
1.23183987E+00
1.23220720E+00
1.23259908E+00
1.23301346E+00
1.23344842E+00
1.23390472E+00
1.23438497E+00
1.23488671E+00
1.23540566E+00
1.23594105E+00
1.23649225E+00
1.23705372E+00
1.23761704E+00
1.23817384E+00
1.23872525E+00
1.23926562E+00
1.23978045E+00
1.24025169E+00
1.24067159E+00
1.24102217E+00
1.24129752E+00
1.24147810E+00
1.24153768E+00
1.24144805E+00
1.24120184E+00
1.24076925E+00
1.24011605E+00
1.23919996E+00
1.23801311E+00
1.23652006E+00
1.23465825E+00
1.23235713E+00
1.22963144E+00
1.22643794E+00
1.22267519E+00
1.21830810E+00
1.21334748E+00
1.20814129E+00
1.20224695E+00
1.19613723E+00
1.18941968E+00
1.18266976E+00
1.17532316E+00
1.16798436E+00
1.16003675E+00
1.15212378E+00
1.14369788E+00
1.13546544E+00
1.12668843E+00
1.11809169E+00
1.10906335E+00
1.10035745E+00
1.09114584E+00
1.08173187E+00
1.07191332E+00
1.06171691E+00
1.05104410E+00
1.03990414E+00
1.02832158E+00
1.01522178E+00
1.00000000E+00
