1.14831819E+00
1.14831820E+00
1.14831823E+00
1.14831827E+00
1.14831834E+00
1.14831843E+00
1.14831855E+00
1.14831869E+00
1.14831887E+00
1.14831908E+00
1.14831934E+00
1.14831964E+00
1.14832000E+00
1.14832043E+00
1.14832094E+00
1.14832153E+00
1.14832222E+00
1.14832302E+00
1.14832395E+00
1.14832503E+00
1.14832626E+00
1.14832769E+00
1.14832931E+00
1.14833116E+00
1.14833326E+00
1.14833565E+00
1.14833833E+00
1.14834136E+00
1.14834475E+00
1.14834855E+00
1.14835277E+00
1.14835747E+00
1.14836266E+00
1.14836839E+00
1.14837467E+00
1.14838154E+00
1.14838903E+00
1.14839712E+00
1.14840585E+00
1.14841520E+00
1.14842516E+00
1.14843567E+00
1.14844671E+00
1.14845817E+00
1.14846996E+00
1.14848188E+00
1.14849378E+00
1.14850537E+00
1.14851638E+00
1.14852634E+00
1.14853489E+00
1.14854133E+00
1.14854514E+00
1.14854529E+00
1.14854108E+00
1.14853106E+00
1.14851417E+00
1.14848855E+00
1.14845276E+00
1.14840428E+00
1.14834122E+00
1.14826017E+00
1.14815872E+00
1.14803220E+00
1.14787765E+00
1.14768994E+00
1.14746467E+00
1.14719428E+00
1.14687434E+00
1.14649558E+00
1.14605182E+00
1.14553224E+00
1.14492930E+00
1.14422918E+00
1.14342341E+00
1.14249635E+00
1.14143723E+00
1.14022669E+00
1.13885320E+00
1.13729613E+00
1.13554098E+00
1.13356025E+00
1.13133916E+00
1.12885218E+00
1.12607886E+00
1.12301273E+00
1.11961703E+00
1.11612997E+00
1.11230676E+00
1.10845735E+00
1.10428687E+00
1.10014570E+00
1.09569938E+00
1.09131797E+00
1.08665009E+00
1.08207475E+00
1.07724234E+00
1.07255764E+00
1.06762268E+00
1.06284785E+00
1.05786622E+00
1.05310307E+00
1.04811521E+00
1.04308273E+00
1.03788465E+00
1.03250095E+00
1.02689370E+00
1.02125244E+00
1.01566821E+00
1.00886274E+00
1.00000000E+00
