1.16295949E+00
1.16295868E+00
1.16295717E+00
1.16295630E+00
1.16295573E+00
1.16295557E+00
1.16295584E+00
1.16295651E+00
1.16295754E+00
1.16295889E+00
1.16296054E+00
1.16296245E+00
1.16296462E+00
1.16296701E+00
1.16296962E+00
1.16297245E+00
1.16297550E+00
1.16297879E+00
1.16298232E+00
1.16298612E+00
1.16299020E+00
1.16299458E+00
1.16299927E+00
1.16300432E+00
1.16300975E+00
1.16301560E+00
1.16302190E+00
1.16302868E+00
1.16303599E+00
1.16304382E+00
1.16305220E+00
1.16306115E+00
1.16307074E+00
1.16308098E+00
1.16309181E+00
1.16310325E+00
1.16311529E+00
1.16312790E+00
1.16314102E+00
1.16315456E+00
1.16316848E+00
1.16318253E+00
1.16319654E+00
1.16321022E+00
1.16322349E+00
1.16323591E+00
1.16324699E+00
1.16325619E+00
1.16326303E+00
1.16326673E+00
1.16326656E+00
1.16326133E+00
1.16325028E+00
1.16323161E+00
1.16320406E+00
1.16316544E+00
1.16311450E+00
1.16304840E+00
1.16296480E+00
1.16286034E+00
1.16273251E+00
1.16257676E+00
1.16238952E+00
1.16216499E+00
1.16189947E+00
1.16158630E+00
1.16121995E+00
1.16079130E+00
1.16029491E+00
1.15971998E+00
1.15905992E+00
1.15830259E+00
1.15743858E+00
1.15645338E+00
1.15533818E+00
1.15407629E+00
1.15265540E+00
1.15105621E+00
1.14926719E+00
1.14726728E+00
1.14504018E+00
1.14256007E+00
1.13981500E+00
1.13678017E+00
1.13343297E+00
1.12977748E+00
1.12577633E+00
1.12171196E+00
1.11729810E+00
1.11290001E+00
1.10817958E+00
1.10353153E+00
1.09857901E+00
1.09373669E+00
1.08861336E+00
1.08363284E+00
1.07840513E+00
1.07336495E+00
1.06809329E+00
1.06302903E+00
1.05777097E+00
1.05276035E+00
1.04756238E+00
1.04237315E+00
1.03703495E+00
1.03154817E+00
1.02590151E+00
1.02020518E+00
1.01469926E+00
1.00829814E+00
1.00000000E+00
