1.13585538E+00
1.13585538E+00
1.13585541E+00
1.13585545E+00
1.13585551E+00
1.13585559E+00
1.13585570E+00
1.13585583E+00
1.13585599E+00
1.13585618E+00
1.13585641E+00
1.13585669E+00
1.13585702E+00
1.13585741E+00
1.13585786E+00
1.13585839E+00
1.13585901E+00
1.13585973E+00
1.13586057E+00
1.13586153E+00
1.13586263E+00
1.13586390E+00
1.13586534E+00
1.13586698E+00
1.13586884E+00
1.13587095E+00
1.13587332E+00
1.13587598E+00
1.13587896E+00
1.13588229E+00
1.13588598E+00
1.13589008E+00
1.13589459E+00
1.13589955E+00
1.13590497E+00
1.13591087E+00
1.13591727E+00
1.13592416E+00
1.13593155E+00
1.13593941E+00
1.13594771E+00
1.13595640E+00
1.13596542E+00
1.13597467E+00
1.13598401E+00
1.13599327E+00
1.13600227E+00
1.13601069E+00
1.13601828E+00
1.13602455E+00
1.13602913E+00
1.13603131E+00
1.13603057E+00
1.13602589E+00
1.13601657E+00
1.13600118E+00
1.13597872E+00
1.13594734E+00
1.13590565E+00
1.13585120E+00
1.13578216E+00
1.13569527E+00
1.13558822E+00
1.13545667E+00
1.13529769E+00
1.13510618E+00
1.13487814E+00
1.13460661E+00
1.13428723E+00
1.13391141E+00
1.13347338E+00
1.13296302E+00
1.13237335E+00
1.13169177E+00
1.13091019E+00
1.13001409E+00
1.12899367E+00
1.12783142E+00
1.12651631E+00
1.12502902E+00
1.12335672E+00
1.12147543E+00
1.11937077E+00
1.11701920E+00
1.11440422E+00
1.11152259E+00
1.10833663E+00
1.10507028E+00
1.10150009E+00
1.09791743E+00
1.09404227E+00
1.09019911E+00
1.08608041E+00
1.08202861E+00
1.07772281E+00
1.07351670E+00
1.06907793E+00
1.06477741E+00
1.06026384E+00
1.05591068E+00
1.05137023E+00
1.04702718E+00
1.04251112E+00
1.03798665E+00
1.03331037E+00
1.02848154E+00
1.02349004E+00
1.01845091E+00
1.01358705E+00
1.00776990E+00
1.00000000E+00
