1.19408472E+00
1.19408366E+00
1.19408178E+00
1.19408113E+00
1.19408116E+00
1.19408194E+00
1.19408350E+00
1.19408577E+00
1.19408871E+00
1.19409225E+00
1.19409636E+00
1.19410099E+00
1.19410615E+00
1.19411184E+00
1.19411804E+00
1.19412479E+00
1.19413214E+00
1.19414013E+00
1.19414881E+00
1.19415828E+00
1.19416858E+00
1.19417979E+00
1.19419198E+00
1.19420527E+00
1.19421978E+00
1.19423565E+00
1.19425295E+00
1.19427189E+00
1.19429258E+00
1.19431512E+00
1.19433960E+00
1.19436623E+00
1.19439526E+00
1.19442686E+00
1.19446098E+00
1.19449789E+00
1.19453770E+00
1.19458064E+00
1.19462672E+00
1.19467616E+00
1.19472904E+00
1.19478526E+00
1.19484470E+00
1.19490733E+00
1.19497338E+00
1.19504259E+00
1.19511433E+00
1.19518830E+00
1.19526416E+00
1.19534129E+00
1.19541889E+00
1.19549588E+00
1.19557155E+00
1.19564374E+00
1.19571086E+00
1.19577043E+00
1.19582143E+00
1.19586045E+00
1.19588426E+00
1.19588906E+00
1.19587192E+00
1.19582717E+00
1.19574981E+00
1.19563241E+00
1.19547095E+00
1.19525740E+00
1.19498378E+00
1.19463787E+00
1.19421294E+00
1.19369486E+00
1.19307590E+00
1.19234053E+00
1.19147522E+00
1.19046140E+00
1.18928902E+00
1.18793674E+00
1.18638716E+00
1.18461556E+00
1.18260902E+00
1.18034129E+00
1.17778801E+00
1.17491490E+00
1.17171246E+00
1.16814981E+00
1.16419007E+00
1.15983590E+00
1.15505431E+00
1.15018260E+00
1.14486385E+00
1.13953904E+00
1.13381355E+00
1.12816880E+00
1.12214148E+00
1.11623625E+00
1.10997134E+00
1.10386323E+00
1.09744796E+00
1.09125934E+00
1.08476839E+00
1.07851799E+00
1.07202741E+00
1.06583974E+00
1.05939392E+00
1.05293303E+00
1.04628546E+00
1.03943943E+00
1.03236808E+00
1.02522856E+00
1.01815043E+00
1.01000741E+00
1.00000000E+00
