1.20295378E+00
1.20294389E+00
1.20292297E+00
1.20290452E+00
1.20288529E+00
1.20286662E+00
1.20284883E+00
1.20283178E+00
1.20281518E+00
1.20279870E+00
1.20278210E+00
1.20276500E+00
1.20274730E+00
1.20272871E+00
1.20270901E+00
1.20268800E+00
1.20266564E+00
1.20264173E+00
1.20261611E+00
1.20258876E+00
1.20255959E+00
1.20252836E+00
1.20249503E+00
1.20245948E+00
1.20242169E+00
1.20238155E+00
1.20233894E+00
1.20229380E+00
1.20224603E+00
1.20219535E+00
1.20214157E+00
1.20208455E+00
1.20202442E+00
1.20196087E+00
1.20189340E+00
1.20182182E+00
1.20174602E+00
1.20166563E+00
1.20158025E+00
1.20148947E+00
1.20139301E+00
1.20128999E+00
1.20117976E+00
1.20106161E+00
1.20093548E+00
1.20080021E+00
1.20065444E+00
1.20049709E+00
1.20032747E+00
1.20014404E+00
1.19994534E+00
1.19972951E+00
1.19949527E+00
1.19923969E+00
1.19896057E+00
1.19865484E+00
1.19832140E+00
1.19795610E+00
1.19755524E+00
1.19711471E+00
1.19663177E+00
1.19610088E+00
1.19551676E+00
1.19487239E+00
1.19416415E+00
1.19338475E+00
1.19252763E+00
1.19158187E+00
1.19054188E+00
1.18939616E+00
1.18813889E+00
1.18675721E+00
1.18523945E+00
1.18357150E+00
1.18174598E+00
1.17974598E+00
1.17755721E+00
1.17516148E+00
1.17254940E+00
1.16970091E+00
1.16659606E+00
1.16321005E+00
1.15953828E+00
1.15555705E+00
1.15123563E+00
1.14659079E+00
1.14159009E+00
1.13658492E+00
1.13120893E+00
1.12591039E+00
1.12028804E+00
1.11480914E+00
1.10902082E+00
1.10340767E+00
1.09750559E+00
1.09180427E+00
1.08586248E+00
1.08016982E+00
1.07424067E+00
1.06857167E+00
1.06271953E+00
1.05716988E+00
1.05142508E+00
1.04570777E+00
1.03985812E+00
1.03387447E+00
1.02773608E+00
1.02155430E+00
1.01558021E+00
1.00873197E+00
1.00000000E+00
