1.15649054E+00
1.15649055E+00
1.15649057E+00
1.15649061E+00
1.15649067E+00
1.15649075E+00
1.15649086E+00
1.15649099E+00
1.15649115E+00
1.15649135E+00
1.15649158E+00
1.15649187E+00
1.15649221E+00
1.15649261E+00
1.15649308E+00
1.15649364E+00
1.15649429E+00
1.15649506E+00
1.15649596E+00
1.15649699E+00
1.15649819E+00
1.15649957E+00
1.15650116E+00
1.15650299E+00
1.15650507E+00
1.15650744E+00
1.15651012E+00
1.15651317E+00
1.15651659E+00
1.15652043E+00
1.15652473E+00
1.15652954E+00
1.15653490E+00
1.15654084E+00
1.15654739E+00
1.15655462E+00
1.15656255E+00
1.15657120E+00
1.15658059E+00
1.15659078E+00
1.15660172E+00
1.15661341E+00
1.15662585E+00
1.15663902E+00
1.15665283E+00
1.15666712E+00
1.15668180E+00
1.15669667E+00
1.15671151E+00
1.15672589E+00
1.15673952E+00
1.15675186E+00
1.15676245E+00
1.15677041E+00
1.15677516E+00
1.15677541E+00
1.15677017E+00
1.15675774E+00
1.15673686E+00
1.15670524E+00
1.15666129E+00
1.15660191E+00
1.15652455E+00
1.15642427E+00
1.15629876E+00
1.15614411E+00
1.15595572E+00
1.15572565E+00
1.15544992E+00
1.15511947E+00
1.15472833E+00
1.15426576E+00
1.15372385E+00
1.15308781E+00
1.15235009E+00
1.15149508E+00
1.15051067E+00
1.14937542E+00
1.14807976E+00
1.14660438E+00
1.14493164E+00
1.14302902E+00
1.14088568E+00
1.13847712E+00
1.13577199E+00
1.13275275E+00
1.12939737E+00
1.12594564E+00
1.12213228E+00
1.11825225E+00
1.11402832E+00
1.10982147E+00
1.10529069E+00
1.10081091E+00
1.09600669E+00
1.09125387E+00
1.08622278E+00
1.08134328E+00
1.07616529E+00
1.07110360E+00
1.06581315E+00
1.06076216E+00
1.05541145E+00
1.04991570E+00
1.04421061E+00
1.03828029E+00
1.03205533E+00
1.02578165E+00
1.01937276E+00
1.01106169E+00
1.00000000E+00
