# curve 5 (die wall), step =      900, time =   3.60000000E+02
# N1 = tau_xx - tau_yy = G ( c_xx - c_yy ),  G =  6.6667E-02  (polymer part only)
#              x               y        pressure            c_xy        gammadot            c_xx            c_yy              N1
 -1.00000000E+01  1.00000000E+00  8.00658929E+00 -2.54048237E+00  4.10950745E-01  1.47253919E+01  9.35782336E-01  9.19307305E-01
 -9.95040609E+00  1.00000000E+00  7.96901458E+00 -2.53896946E+00  4.10983219E-01  1.47165195E+01  9.35521911E-01  9.18733172E-01
 -9.90081218E+00  1.00000000E+00  7.93143988E+00 -2.53745743E+00  4.11009145E-01  1.47076524E+01  9.35261634E-01  9.18159386E-01
 -9.85121827E+00  1.00000000E+00  7.89464498E+00 -2.53893428E+00  4.11004777E-01  1.47171839E+01  9.35533971E-01  9.18776664E-01
 -9.80162437E+00  1.00000000E+00  7.85785008E+00 -2.54041200E+00  4.10999479E-01  1.47267216E+01  9.35806437E-01  9.19394346E-01
 -9.75203046E+00  1.00000000E+00  7.82041046E+00 -2.53888447E+00  4.10930172E-01  1.47206608E+01  9.35410779E-01  9.19016667E-01
 -9.70243655E+00  1.00000000E+00  7.78297084E+00 -2.53735770E+00  4.10921495E-01  1.47146025E+01  9.35015341E-01  9.18639146E-01
 -9.65284264E+00  1.00000000E+00  7.74585402E+00 -2.54022338E+00  4.10930296E-01  1.47183833E+01  9.35929727E-01  9.18830237E-01
 -9.60324873E+00  1.00000000E+00  7.70873720E+00 -2.54309048E+00  4.10756980E-01  1.47221667E+01  9.36845131E-01  9.19021438E-01
 -9.55365482E+00  1.00000000E+00  7.67215061E+00 -2.54284874E+00  4.10633812E-01  1.47336334E+01  9.36525779E-01  9.19807176E-01
 -9.50406091E+00  1.00000000E+00  7.63556402E+00 -2.54260600E+00  4.10568968E-01  1.47451106E+01  9.36206411E-01  9.20593612E-01
 -9.45446701E+00  1.00000000E+00  7.59755230E+00 -2.54086933E+00  4.10512077E-01  1.47323428E+01  9.35988602E-01  9.19756947E-01
 -9.40487310E+00  1.00000000E+00  7.55954059E+00 -2.53913394E+00  4.10567500E-01  1.47195861E+01  9.35770935E-01  9.18921012E-01
 -9.35527919E+00  1.00000000E+00  7.52273316E+00 -2.54088548E+00  4.10659063E-01  1.47287405E+01  9.35934492E-01  9.19520402E-01
 -9.30568528E+00  1.00000000E+00  7.48592572E+00 -2.54263810E+00  4.10677509E-01  1.47379007E+01  9.36098311E-01  9.20120156E-01
 -9.25609137E+00  1.00000000E+00  7.44887627E+00 -2.54205719E+00  4.10670965E-01  1.47369262E+01  9.36027456E-01  9.20059918E-01
 -9.20649746E+00  1.00000000E+00  7.41182681E+00 -2.54147630E+00  4.10770206E-01  1.47359519E+01  9.35956645E-01  9.19999686E-01
 -9.15690355E+00  1.00000000E+00  7.37432875E+00 -2.53988610E+00  4.10749884E-01  1.47290197E+01  9.35581756E-01  9.19562527E-01
 -9.10730965E+00  1.00000000E+00  7.33683068E+00 -2.53829676E+00  4.10798541E-01  1.47220907E+01  9.35207085E-01  9.19125577E-01
 -9.05771574E+00  1.00000000E+00  7.29976281E+00 -2.53850603E+00  4.10969898E-01  1.47266091E+01  9.35038241E-01  9.19438058E-01
 -9.00812183E+00  1.00000000E+00  7.26269495E+00 -2.53871535E+00  4.11120823E-01  1.47311289E+01  9.34869434E-01  9.19750634E-01
 -8.95852792E+00  1.00000000E+00  7.22555109E+00 -2.53940418E+00  4.11062666E-01  1.47272678E+01  9.35254750E-01  9.19467537E-01
 -8.90893401E+00  1.00000000E+00  7.18840724E+00 -2.54009280E+00  4.10967499E-01  1.47234082E+01  9.35640179E-01  9.19184538E-01
 -8.85934010E+00  1.00000000E+00  7.15144555E+00 -2.54068689E+00  4.11023140E-01  1.47296962E+01  9.35713565E-01  9.19598842E-01
 -8.80974619E+00  1.00000000E+00  7.11448386E+00 -2.54128111E+00  4.11004498E-01  1.47359869E+01  9.35786950E-01  9.20013330E-01
 -8.76015229E+00  1.00000000E+00  7.07710569E+00 -2.54034828E+00  4.10893177E-01  1.47294172E+01  9.35634862E-01  9.19585491E-01
 -8.71055838E+00  1.00000000E+00  7.03972751E+00 -2.53941581E+00  4.10861028E-01  1.47228505E+01  9.35482817E-01  9.19157845E-01
 -8.66096447E+00  1.00000000E+00  7.00269902E+00 -2.53906055E+00  4.10886086E-01  1.47192142E+01  9.35505085E-01  9.18913941E-01
 -8.61137056E+00  1.00000000E+00  6.96567052E+00 -2.53870535E+00  4.10911620E-01  1.47155788E+01  9.35527361E-01  9.18670097E-01
 -8.56177665E+00  1.00000000E+00  6.92843127E+00 -2.53953978E+00  4.10925905E-01  1.47181061E+01  9.35717554E-01  9.18825906E-01
 -8.51218274E+00  1.00000000E+00  6.89119201E+00 -2.54037438E+00  4.10889212E-01  1.47206340E+01  9.35907814E-01  9.18981743E-01
 -8.46258884E+00  1.00000000E+00  6.85415514E+00 -2.54153185E+00  4.10847735E-01  1.47308559E+01  9.36017309E-01  9.19655907E-01
 -8.41299493E+00  1.00000000E+00  6.81711827E+00 -2.54268992E+00  4.10761331E-01  1.47410850E+01  9.36126841E-01  9.20330546E-01
 -8.36340102E+00  1.00000000E+00  6.77991770E+00 -2.54075579E+00  4.10725213E-01  1.47311895E+01  9.35829036E-01  9.19690696E-01
 -8.31380711E+00  1.00000000E+00  6.74271714E+00 -2.53882299E+00  4.10815954E-01  1.47213006E+01  9.35531509E-01  9.19051272E-01
 -8.26421320E+00  1.00000000E+00  6.70535086E+00 -2.53891001E+00  4.10817688E-01  1.47196653E+01  9.35548156E-01  9.18941145E-01
 -8.21461929E+00  1.00000000E+00  6.66798458E+00 -2.53899698E+00  4.10835828E-01  1.47180303E+01  9.35564805E-01  9.18831034E-01
 -8.16502538E+00  1.00000000E+00  6.63110802E+00 -2.54143953E+00  4.10848093E-01  1.47301127E+01  9.36048248E-01  9.19604300E-01
 -8.11543148E+00  1.00000000E+00  6.59423146E+00 -2.54388422E+00  4.10688316E-01  1.47422052E+01  9.36532144E-01  9.20378202E-01
 -8.06583757E+00  1.00000000E+00  6.55688179E+00 -2.54085621E+00  4.10627240E-01  1.47317649E+01  9.35842597E-01  9.19728153E-01
 -8.01624366E+00  1.00000000E+00  6.51953211E+00 -2.53783080E+00  4.10764943E-01  1.47213326E+01  9.35153893E-01  9.19078583E-01
 -7.96664975E+00  1.00000000E+00  6.48231577E+00 -2.53872222E+00  4.10836680E-01  1.47206470E+01  9.35433617E-01  9.19014225E-01
 -7.91705584E+00  1.00000000E+00  6.44509942E+00 -2.53961359E+00  4.10897271E-01  1.47199617E+01  9.35713443E-01  9.18949886E-01
 -7.86746193E+00  1.00000000E+00  6.40810191E+00 -2.54049599E+00  4.10957315E-01  1.47293750E+01  9.35619588E-01  9.19583692E-01
 -7.81786802E+00  1.00000000E+00  6.37110440E+00 -2.54137881E+00  4.10972001E-01  1.47387943E+01  9.35525794E-01  9.20217904E-01
 -7.76827412E+00  1.00000000E+00  6.33390237E+00 -2.53977027E+00  4.10951233E-01  1.47305576E+01  9.35347961E-01  9.19680643E-01
 -7.71868021E+00  1.00000000E+00  6.29670033E+00 -2.53816262E+00  4.11030190E-01  1.47223255E+01  9.35170340E-01  9.19143678E-01
 -7.66908630E+00  1.00000000E+00  6.25934393E+00 -2.53843004E+00  4.11000005E-01  1.47212637E+01  9.35246495E-01  9.19067816E-01
 -7.61949239E+00  1.00000000E+00  6.22198753E+00 -2.53869741E+00  4.10961686E-01  1.47202021E+01  9.35322661E-01  9.18991964E-01
 -7.56989848E+00  1.00000000E+00  6.18519722E+00 -2.54211548E+00  4.10949133E-01  1.47320260E+01  9.36163617E-01  9.19724156E-01
 -7.52030457E+00  1.00000000E+00  6.14840690E+00 -2.54553698E+00  4.10733585E-01  1.47438601E+01  9.37005678E-01  9.20456960E-01
 -7.47071066E+00  1.00000000E+00  6.11102788E+00 -2.54190933E+00  4.10626604E-01  1.47327804E+01  9.36156976E-01  9.19774892E-01
 -7.42111676E+00  1.00000000E+00  6.07364885E+00 -2.53828509E+00  4.10749823E-01  1.47217101E+01  9.35309535E-01  9.19093374E-01
 -7.37152285E+00  1.00000000E+00  6.03640322E+00 -2.53887573E+00  4.10803449E-01  1.47203515E+01  9.35507167E-01  9.18989624E-01
 -7.32192894E+00  1.00000000E+00  5.99915760E+00 -2.53946628E+00  4.10856843E-01  1.47189933E+01  9.35704846E-01  9.18885895E-01
 -7.27233503E+00  1.00000000E+00  5.96213857E+00 -2.54027465E+00  4.10922041E-01  1.47287309E+01  9.35587405E-01  9.19542898E-01
 -7.22274112E+00  1.00000000E+00  5.92511955E+00 -2.54108338E+00  4.10934956E-01  1.47384751E+01  9.35470008E-01  9.20200339E-01
 -7.17314721E+00  1.00000000E+00  5.88791837E+00 -2.53949228E+00  4.10928620E-01  1.47299170E+01  9.35295660E-01  9.19641426E-01
 -7.12355330E+00  1.00000000E+00  5.85071718E+00 -2.53790210E+00  4.11016747E-01  1.47213640E+01  9.35121509E-01  9.19082832E-01
 -7.07395940E+00  1.00000000E+00  5.81336312E+00 -2.53821324E+00  4.10994733E-01  1.47205122E+01  9.35199444E-01  9.19020851E-01
 -7.02436549E+00  1.00000000E+00  5.77600906E+00 -2.53852433E+00  4.10962842E-01  1.47196605E+01  9.35277392E-01  9.18958877E-01
 -6.97477158E+00  1.00000000E+00  5.73924007E+00 -2.54228076E+00  4.10941922E-01  1.47317623E+01  9.36236132E-01  9.19701747E-01
 -6.92517767E+00  1.00000000E+00  5.70247109E+00 -2.54604115E+00  4.10699854E-01  1.47438752E+01  9.37196254E-01  9.20445263E-01
 -6.87558376E+00  1.00000000E+00  5.66512283E+00 -2.54247546E+00  4.10578257E-01  1.47331188E+01  9.36362827E-01  9.19783728E-01
 -6.82598985E+00  1.00000000E+00  5.62777457E+00 -2.53891302E+00  4.10694347E-01  1.47223713E+01  9.35530621E-01  9.19122714E-01
 -6.77639594E+00  1.00000000E+00  5.59047421E+00 -2.53890793E+00  4.10750935E-01  1.47201878E+01  9.35547555E-01  9.18976016E-01
 -6.72680204E+00  1.00000000E+00  5.55317385E+00 -2.53890280E+00  4.10823893E-01  1.47180046E+01  9.35564488E-01  9.18829342E-01
 -6.67720813E+00  1.00000000E+00  5.51614170E+00 -2.53968998E+00  4.10925496E-01  1.47277344E+01  9.35416948E-01  9.19487828E-01
 -6.62761422E+00  1.00000000E+00  5.47910954E+00 -2.54047751E+00  4.10974033E-01  1.47374707E+01  9.35269468E-01  9.20146751E-01
 -6.57802031E+00  1.00000000E+00  5.44191908E+00 -2.53914889E+00  4.10972763E-01  1.47295961E+01  9.35166306E-01  9.19628655E-01
 -6.52842640E+00  1.00000000E+00  5.40472862E+00 -2.53782096E+00  4.11062792E-01  1.47217257E+01  9.35063284E-01  9.19110831E-01
 -6.47883249E+00  1.00000000E+00  5.36739469E+00 -2.53824918E+00  4.11038886E-01  1.47213238E+01  9.35169622E-01  9.19076943E-01
 -6.42923858E+00  1.00000000E+00  5.33006076E+00 -2.53867737E+00  4.11001439E-01  1.47209219E+01  9.35275983E-01  9.19043061E-01
 -6.37964468E+00  1.00000000E+00  5.29328260E+00 -2.54219692E+00  4.10983040E-01  1.47325360E+01  9.36152017E-01  9.19758933E-01
 -6.33005077E+00  1.00000000E+00  5.25650444E+00 -2.54571998E+00  4.10761873E-01  1.47441602E+01  9.37029244E-01  9.20475399E-01
 -6.28045686E+00  1.00000000E+00  5.21911462E+00 -2.54199099E+00  4.10646517E-01  1.47330491E+01  9.36157188E-01  9.19792794E-01
 -6.23086295E+00  1.00000000E+00  5.18172480E+00 -2.53826552E+00  4.10762807E-01  1.47219477E+01  9.35286471E-01  9.19110747E-01
 -6.18126904E+00  1.00000000E+00  5.14449319E+00 -2.53898444E+00  4.10807977E-01  1.47207459E+01  9.35524897E-01  9.19014734E-01
 -6.13167513E+00  1.00000000E+00  5.10726158E+00 -2.53970328E+00  4.10852695E-01  1.47195445E+01  9.35763392E-01  9.18918742E-01
 -6.08208123E+00  1.00000000E+00  5.07022318E+00 -2.54033725E+00  4.10911828E-01  1.47287871E+01  9.35614488E-01  9.19544840E-01
 -6.03248732E+00  1.00000000E+00  5.03318478E+00 -2.54097144E+00  4.10920167E-01  1.47380357E+01  9.35465613E-01  9.20171337E-01
 -5.98289341E+00  1.00000000E+00  4.99598010E+00 -2.53947162E+00  4.10911688E-01  1.47294877E+01  9.35315761E-01  9.19611465E-01
 -5.93329950E+00  1.00000000E+00  4.95877542E+00 -2.53797266E+00  4.10995286E-01  1.47209448E+01  9.35166079E-01  9.19051913E-01
 -5.88370559E+00  1.00000000E+00  4.92143722E+00 -2.53835831E+00  4.10967309E-01  1.47198733E+01  9.35280209E-01  9.18972875E-01
 -5.83411168E+00  1.00000000E+00  4.88409902E+00 -2.53874390E+00  4.10931061E-01  1.47188021E+01  9.35394359E-01  9.18893848E-01
 -5.78451777E+00  1.00000000E+00  4.84735450E+00 -2.54194606E+00  4.10914175E-01  1.47312986E+01  9.36132465E-01  9.19677746E-01
 -5.73492387E+00  1.00000000E+00  4.81060997E+00 -2.54515144E+00  4.10721589E-01  1.47438063E+01  9.36871481E-01  9.20462322E-01
 -5.68532996E+00  1.00000000E+00  4.77307879E+00 -2.54083272E+00  4.10677485E-01  1.47307482E+01  9.35835840E-01  9.19660821E-01
 -5.63573605E+00  1.00000000E+00  4.73554761E+00 -2.53651884E+00  4.10836370E-01  1.47177033E+01  9.34802002E-01  9.18860085E-01
 -5.58614214E+00  1.00000000E+00  4.69846708E+00 -2.53856767E+00  4.10879636E-01  1.47192916E+01  9.35402064E-01  9.18925967E-01
 -5.53654823E+00  1.00000000E+00  4.66138654E+00 -2.54061690E+00  4.10884425E-01  1.47208812E+01  9.36002626E-01  9.18991902E-01
 -5.48695432E+00  1.00000000E+00  4.62429937E+00 -2.54119326E+00  4.10887105E-01  1.47301206E+01  9.35895442E-01  9.19615013E-01
 -5.43736041E+00  1.00000000E+00  4.58721219E+00 -2.54176973E+00  4.10835933E-01  1.47393662E+01  9.35788250E-01  9.20238528E-01
 -5.38776651E+00  1.00000000E+00  4.55005204E+00 -2.54023212E+00  4.10818475E-01  1.47307233E+01  9.35602926E-01  9.19674694E-01
 -5.33817260E+00  1.00000000E+00  4.51289188E+00 -2.53869539E+00  4.10906041E-01  1.47220856E+01  9.35417773E-01  9.19111186E-01
 -5.28857869E+00  1.00000000E+00  4.47555263E+00 -2.53898115E+00  4.10896290E-01  1.47210001E+01  9.35495838E-01  9.19033620E-01
 -5.23898478E+00  1.00000000E+00  4.43821337E+00 -2.53926686E+00  4.10898550E-01  1.47199149E+01  9.35573914E-01  9.18956063E-01
 -5.18939087E+00  1.00000000E+00  4.40133877E+00 -2.54157179E+00  4.10907040E-01  1.47324304E+01  9.35998485E-01  9.19762128E-01
 -5.13979696E+00  1.00000000E+00  4.36446417E+00 -2.54387872E+00  4.10763614E-01  1.47449566E+01  9.36423428E-01  9.20568879E-01
 -5.09020305E+00  1.00000000E+00  4.32693849E+00 -2.54014080E+00  4.10723591E-01  1.47304339E+01  9.35614825E-01  9.19654604E-01
 -5.04060915E+00  1.00000000E+00  4.28941280E+00 -2.53640717E+00  4.10847880E-01  1.47159261E+01  9.34807441E-01  9.18741246E-01
 -4.99101524E+00  1.00000000E+00  4.25253542E+00 -2.53885445E+00  4.10835051E-01  1.47187577E+01  9.35533311E-01  9.18881624E-01
 -4.94142133E+00  1.00000000E+00  4.21565804E+00 -2.54130257E+00  4.10796590E-01  1.47215911E+01  9.36259889E-01  9.19022082E-01
 -4.89182742E+00  1.00000000E+00  4.17850940E+00 -2.54182033E+00  4.10771901E-01  1.47284299E+01  9.36220734E-01  9.19480611E-01
 -4.84223351E+00  1.00000000E+00  4.14136075E+00 -2.54233820E+00  4.10712481E-01  1.47352720E+01  9.36181576E-01  9.19939359E-01
 -4.79263960E+00  1.00000000E+00  4.10408846E+00 -2.54064070E+00  4.10689834E-01  1.47277181E+01  9.35882380E-01  9.19455712E-01
 -4.74304569E+00  1.00000000E+00  4.06681616E+00 -2.53894414E+00  4.10779886E-01  1.47201681E+01  9.35583416E-01  9.18972313E-01
 -4.69345179E+00  1.00000000E+00  4.02949146E+00 -2.53845407E+00  4.10808170E-01  1.47203733E+01  9.35333658E-01  9.19002646E-01
 -4.64385788E+00  1.00000000E+00  3.99216675E+00 -2.53796405E+00  4.10887875E-01  1.47205787E+01  9.35083960E-01  9.19032981E-01
 -4.59426397E+00  1.00000000E+00  3.95524152E+00 -2.54216632E+00  4.10967243E-01  1.47325650E+01  9.36141018E-01  9.19761601E-01
 -4.54467006E+00  1.00000000E+00  3.91831628E+00 -2.54637306E+00  4.10821671E-01  1.47445629E+01  9.37199839E-01  9.20490873E-01
 -4.49507615E+00  1.00000000E+00  3.88135528E+00 -2.54488578E+00  4.10752759E-01  1.47502240E+01  9.36495631E-01  9.20915228E-01
 -4.44548224E+00  1.00000000E+00  3.84439428E+00 -2.54339786E+00  4.10784732E-01  1.47558893E+01  9.35791844E-01  9.21339829E-01
 -4.39588833E+00  1.00000000E+00  3.80684661E+00 -2.53951028E+00  4.10676442E-01  1.47362800E+01  9.35238878E-01  9.20069411E-01
 -4.34629443E+00  1.00000000E+00  3.76929894E+00 -2.53562799E+00  4.10766792E-01  1.47166971E+01  9.34687069E-01  9.18800667E-01
 -4.29670052E+00  1.00000000E+00  3.73220794E+00 -2.53803230E+00  4.10894526E-01  1.47267294E+01  9.35082387E-01  9.19443132E-01
 -4.24710661E+00  1.00000000E+00  3.69511694E+00 -2.54043838E+00  4.10926583E-01  1.47367687E+01  9.35478196E-01  9.20086035E-01
 -4.19751270E+00  1.00000000E+00  3.65792140E+00 -2.53903495E+00  4.10860866E-01  1.47268248E+01  9.35317754E-01  9.19433803E-01
 -4.14791879E+00  1.00000000E+00  3.62072586E+00 -2.53763236E+00  4.10973493E-01  1.47168876E+01  9.35157414E-01  9.18782012E-01
 -4.09832488E+00  1.00000000E+00  3.58381830E+00 -2.53976460E+00  4.10874973E-01  1.47235690E+01  9.35727726E-01  9.19189421E-01
 -4.04873097E+00  1.00000000E+00  3.54691074E+00 -2.54189812E+00  4.10764746E-01  1.47302539E+01  9.36298498E-01  9.19597026E-01
 -3.99913707E+00  1.00000000E+00  3.50927072E+00 -2.54006660E+00  4.10787402E-01  1.47260080E+01  9.35735836E-01  9.19351475E-01
 -3.94954316E+00  1.00000000E+00  3.47163070E+00 -2.53823591E+00  4.10818581E-01  1.47217637E+01  9.35173565E-01  9.19106009E-01
 -3.89994925E+00  1.00000000E+00  3.43506601E+00 -2.54236749E+00  4.10896958E-01  1.47407771E+01  9.36014874E-01  9.20317483E-01
 -3.85035534E+00  1.00000000E+00  3.39850132E+00 -2.54650492E+00  4.10786994E-01  1.47598155E+01  9.36857544E-01  9.21530530E-01
 -3.80076143E+00  1.00000000E+00  3.36102131E+00 -2.54212152E+00  4.10669563E-01  1.47476969E+01  9.35822411E-01  9.20791635E-01
 -3.75116752E+00  1.00000000E+00  3.32354130E+00 -2.53774268E+00  4.10787878E-01  1.47355904E+01  9.34789164E-01  9.20053417E-01
 -3.70157361E+00  1.00000000E+00  3.28625154E+00 -2.53817297E+00  4.10812800E-01  1.47355432E+01  9.34812504E-01  9.20048716E-01
 -3.65197971E+00  1.00000000E+00  3.24896177E+00 -2.53860321E+00  4.10904901E-01  1.47354961E+01  9.34835882E-01  9.20044017E-01
 -3.60238580E+00  1.00000000E+00  3.21170220E+00 -2.53833262E+00  4.10976196E-01  1.47298314E+01  9.34819745E-01  9.19667443E-01
 -3.55279189E+00  1.00000000E+00  3.17444262E+00 -2.53806197E+00  4.11038442E-01  1.47241690E+01  9.34803596E-01  9.19291026E-01
 -3.50319798E+00  1.00000000E+00  3.13743135E+00 -2.54018402E+00  4.11131510E-01  1.47247053E+01  9.35551462E-01  9.19276923E-01
 -3.45360407E+00  1.00000000E+00  3.10042008E+00 -2.54230651E+00  4.11091339E-01  1.47252430E+01  9.36299950E-01  9.19262873E-01
 -3.40401016E+00  1.00000000E+00  3.06359546E+00 -2.54410247E+00  4.10976980E-01  1.47413301E+01  9.36532645E-01  9.20319832E-01
 -3.35441626E+00  1.00000000E+00  3.02677085E+00 -2.54589979E+00  4.10754904E-01  1.47574350E+01  9.36765418E-01  9.21377972E-01
 -3.30482235E+00  1.00000000E+00  2.98944529E+00 -2.54149740E+00  4.10589294E-01  1.47403466E+01  9.35890629E-01  9.20297065E-01
 -3.25522844E+00  1.00000000E+00  2.95211974E+00 -2.53710082E+00  4.10670429E-01  1.47232790E+01  9.35017514E-01  9.19217430E-01
 -3.20563453E+00  1.00000000E+00  2.91462230E+00 -2.53661696E+00  4.10759763E-01  1.47167456E+01  9.34889699E-01  9.18790393E-01
 -3.15604062E+00  1.00000000E+00  2.87712486E+00 -2.53613310E+00  4.10871839E-01  1.47102153E+01  9.34761892E-01  9.18363557E-01
 -3.10644671E+00  1.00000000E+00  2.84015522E+00 -2.53912911E+00  4.10929430E-01  1.47144578E+01  9.35714688E-01  9.18582874E-01
 -3.05685280E+00  1.00000000E+00  2.80318558E+00 -2.54212674E+00  4.10811110E-01  1.47187034E+01  9.36668592E-01  9.18802319E-01
 -3.00725890E+00  1.00000000E+00  2.76629519E+00 -2.54327370E+00  4.10785751E-01  1.47348684E+01  9.36586149E-01  9.19885480E-01
 -2.95766499E+00  1.00000000E+00  2.72940480E+00 -2.54442113E+00  4.10649514E-01  1.47510518E+01  9.36503658E-01  9.20969876E-01
 -2.90807108E+00  1.00000000E+00  2.69172617E+00 -2.54142675E+00  4.10581806E-01  1.47378025E+01  9.35996538E-01  9.20120400E-01
 -2.85847717E+00  1.00000000E+00  2.65404753E+00 -2.53843527E+00  4.10661647E-01  1.47245654E+01  9.35490148E-01  9.19271686E-01
 -2.80888326E+00  1.00000000E+00  2.61748604E+00 -2.54179587E+00  4.10697998E-01  1.47403205E+01  9.35997790E-01  9.20288181E-01
 -2.75928935E+00  1.00000000E+00  2.58092456E+00 -2.54516024E+00  4.10716639E-01  1.47560927E+01  9.36506338E-01  9.21305756E-01
 -2.70969544E+00  1.00000000E+00  2.54343232E+00 -2.54092039E+00  4.10760934E-01  1.47461530E+01  9.35329262E-01  9.20721585E-01
 -2.66010154E+00  1.00000000E+00  2.50594008E+00 -2.53668466E+00  4.10977754E-01  1.47362224E+01  9.34154122E-01  9.20137888E-01
 -2.61050763E+00  1.00000000E+00  2.46860160E+00 -2.53659144E+00  4.10970853E-01  1.47267360E+01  9.34422943E-01  9.19487539E-01
 -2.56091372E+00  1.00000000E+00  2.43126312E+00 -2.53649793E+00  4.11101683E-01  1.47172564E+01  9.34691764E-01  9.18837642E-01
 -2.51131981E+00  1.00000000E+00  2.39411616E+00 -2.53826120E+00  4.11138654E-01  1.47201702E+01  9.35158522E-01  9.19000781E-01
 -2.46172590E+00  1.00000000E+00  2.35696920E+00 -2.54002496E+00  4.11105926E-01  1.47230853E+01  9.35625620E-01  9.19163976E-01
 -2.41213199E+00  1.00000000E+00  2.32013038E+00 -2.54242809E+00  4.11061818E-01  1.47349272E+01  9.36123734E-01  9.19920230E-01
 -2.36253808E+00  1.00000000E+00  2.28329157E+00 -2.54483328E+00  4.10878069E-01  1.47467787E+01  9.36622293E-01  9.20677094E-01
 -2.31294418E+00  1.00000000E+00  2.24606173E+00 -2.54198190E+00  4.10770581E-01  1.47357554E+01  9.36068948E-01  9.19979095E-01
 -2.26335027E+00  1.00000000E+00  2.20883188E+00 -2.53913293E+00  4.10813749E-01  1.47247407E+01  9.35516308E-01  9.19281626E-01
 -2.21375636E+00  1.00000000E+00  2.17141506E+00 -2.53865504E+00  4.10824696E-01  1.47200134E+01  9.35430421E-01  9.18972199E-01
 -2.16416245E+00  1.00000000E+00  2.13399825E+00 -2.53817724E+00  4.10871949E-01  1.47152877E+01  9.35344540E-01  9.18662874E-01
 -2.11456854E+00  1.00000000E+00  2.09710778E+00 -2.53994983E+00  4.10938018E-01  1.47256761E+01  9.35667775E-01  9.19333890E-01
 -2.06497463E+00  1.00000000E+00  2.06021732E+00 -2.54172365E+00  4.10930736E-01  1.47360719E+01  9.35991215E-01  9.20005382E-01
 -2.01538072E+00  1.00000000E+00  2.02280706E+00 -2.54068290E+00  4.10850459E-01  1.47309164E+01  9.35771209E-01  9.19676348E-01
 -1.96578682E+00  1.00000000E+00  1.98539681E+00 -2.53964255E+00  4.10809475E-01  1.47257627E+01  9.35551286E-01  9.19347429E-01
 -1.91619291E+00  1.00000000E+00  1.94839737E+00 -2.54069930E+00  4.10939530E-01  1.47336422E+01  9.35693677E-01  9.19863236E-01
 -1.86659900E+00  1.00000000E+00  1.91139793E+00 -2.54175652E+00  4.10980987E-01  1.47415259E+01  9.35836119E-01  9.20379321E-01
 -1.81700509E+00  1.00000000E+00  1.87389789E+00 -2.54035427E+00  4.10878432E-01  1.47332526E+01  9.35566666E-01  9.19845728E-01
 -1.76741118E+00  1.00000000E+00  1.83639786E+00 -2.53895278E+00  4.10850945E-01  1.47249839E+01  9.35297343E-01  9.19312436E-01
 -1.71781727E+00  1.00000000E+00  1.79937359E+00 -2.53803174E+00  4.10879721E-01  1.47227244E+01  9.35063089E-01  9.19177420E-01
 -1.66822336E+00  1.00000000E+00  1.76234933E+00 -2.53711089E+00  4.10896036E-01  1.47204653E+01  9.34828922E-01  9.19042427E-01
 -1.61862946E+00  1.00000000E+00  1.72490427E+00 -2.53748184E+00  4.10886572E-01  1.47146015E+01  9.35081515E-01  9.18634666E-01
 -1.56903555E+00  1.00000000E+00  1.68745922E+00 -2.53785240E+00  4.10818543E-01  1.47087406E+01  9.35334135E-01  9.18227098E-01
 -1.51944164E+00  1.00000000E+00  1.65090124E+00 -2.54234570E+00  4.10566276E-01  1.47195801E+01  9.36756314E-01  9.18854922E-01
 -1.46984773E+00  1.00000000E+00  1.61434325E+00 -2.54684421E+00  4.10112084E-01  1.47304301E+01  9.38180911E-01  9.19483281E-01
 -1.42025382E+00  1.00000000E+00  1.57689097E+00 -2.54213799E+00  4.09734663E-01  1.47089519E+01  9.37312285E-01  9.18109309E-01
 -1.37065991E+00  1.00000000E+00  1.53943869E+00 -2.53743920E+00  4.09590495E-01  1.46875056E+01  9.36445416E-01  9.16737344E-01
 -1.32106600E+00  1.00000000E+00  1.50204434E+00 -2.53589829E+00  4.09444758E-01  1.46794495E+01  9.36120796E-01  9.16221912E-01
 -1.27147210E+00  1.00000000E+00  1.46464998E+00 -2.53435826E+00  4.09328026E-01  1.46713978E+01  9.35796354E-01  9.15706763E-01
 -1.22187819E+00  1.00000000E+00  1.42751800E+00 -2.53308305E+00  4.09049999E-01  1.46521410E+01  9.35995562E-01  9.14409694E-01
 -1.17228428E+00  1.00000000E+00  1.39038601E+00 -2.53180847E+00  4.08779996E-01  1.46329105E+01  9.36194744E-01  9.13114385E-01
 -1.12269037E+00  1.00000000E+00  1.35332392E+00 -2.53051674E+00  4.08371420E-01  1.46096032E+01  9.36512713E-01  9.11539363E-01
 -1.07309646E+00  1.00000000E+00  1.31626182E+00 -2.52922539E+00  4.07897151E-01  1.45863349E+01  9.36830611E-01  9.09966954E-01
 -1.02350255E+00  1.00000000E+00  1.27967594E+00 -2.52756169E+00  4.07183624E-01  1.45554888E+01  9.37433337E-01  9.07870362E-01
 -9.73908645E-01  1.00000000E+00  1.24309005E+00 -2.52589906E+00  4.06428331E-01  1.45247114E+01  9.38036240E-01  9.05778341E-01
 -9.24314736E-01  1.00000000E+00  1.20658556E+00 -2.52316538E+00  4.05592522E-01  1.44899727E+01  9.38377003E-01  9.03439714E-01
 -8.74720828E-01  1.00000000E+00  1.17008107E+00 -2.52043540E+00  4.04642032E-01  1.44553198E+01  9.38717990E-01  9.01106786E-01
 -8.25312107E-01  1.00000000E+00  1.13454534E+00 -2.51334611E+00  4.03346503E-01  1.43920371E+01  9.38500970E-01  8.96902411E-01
 -7.75903387E-01  1.00000000E+00  1.09900961E+00 -2.50628039E+00  4.02320000E-01  1.43290345E+01  9.38285921E-01  8.92716574E-01
 -7.30665613E-01  1.00000000E+00  1.06686093E+00 -2.50154191E+00  4.01592659E-01  1.42782637E+01  9.38376888E-01  8.89325786E-01
 -6.85427839E-01  1.00000000E+00  1.03471225E+00 -2.49681410E+00  4.00739575E-01  1.42276767E+01  9.38468290E-01  8.85947228E-01
 -6.45465100E-01  1.00000000E+00  1.00759488E+00 -2.49300159E+00  3.99789331E-01  1.41799565E+01  9.38808322E-01  8.82743215E-01
 -6.05502361E-01  1.00000000E+00  9.80477517E-01 -2.48919588E+00  3.98835678E-01  1.41324016E+01  9.39148479E-01  8.79550209E-01
 -5.70199545E-01  1.00000000E+00  9.58096805E-01 -2.48407064E+00  3.97847074E-01  1.40819077E+01  9.39201750E-01  8.76180398E-01
 -5.34896729E-01  1.00000000E+00  9.35716094E-01 -2.47895824E+00  3.96992310E-01  1.40315973E+01  9.39255925E-01  8.72822760E-01
 -5.03710456E-01  1.00000000E+00  9.16949710E-01 -2.47794209E+00  3.96137241E-01  1.39941147E+01  9.40250417E-01  8.70257616E-01
 -4.72524184E-01  1.00000000E+00  8.98183326E-01 -2.47692384E+00  3.95346328E-01  1.39567411E+01  9.41244989E-01  8.67699738E-01
 -4.44974441E-01  1.00000000E+00  8.82947405E-01 -2.47747850E+00  3.95275697E-01  1.39559859E+01  9.41424385E-01  8.67637433E-01
 -4.17424698E-01  1.00000000E+00  8.67711485E-01 -2.47803311E+00  3.95226824E-01  1.39552309E+01  9.41603824E-01  8.67575139E-01
 -3.93087440E-01  1.00000000E+00  8.55747669E-01 -2.47482624E+00  3.94977091E-01  1.39423296E+01  9.40945178E-01  8.66758965E-01
 -3.68750182E-01  1.00000000E+00  8.43783854E-01 -2.47162269E+00  3.95312753E-01  1.39294407E+01  9.40287440E-01  8.65943553E-01
 -3.47250809E-01  1.00000000E+00  8.34663276E-01 -2.47085736E+00  3.96182957E-01  1.39577601E+01  9.38727226E-01  8.67935523E-01
 -3.25751437E-01  1.00000000E+00  8.25542697E-01 -2.47008877E+00  3.97271663E-01  1.39861468E+01  9.37168508E-01  8.69931886E-01
 -3.06759035E-01  1.00000000E+00  8.19729628E-01 -2.48027480E+00  3.98347782E-01  1.40444206E+01  9.38647586E-01  8.73718201E-01
 -2.87766633E-01  1.00000000E+00  8.13916560E-01 -2.49050213E+00  3.99513391E-01  1.41029372E+01  9.40133861E-01  8.77520222E-01
 -2.70988873E-01  1.00000000E+00  8.10120191E-01 -2.49385992E+00  4.01246128E-01  1.41821946E+01  9.38265103E-01  8.82928632E-01
 -2.54211113E-01  1.00000000E+00  8.06323823E-01 -2.49721830E+00  4.03137673E-01  1.42619282E+01  9.36397354E-01  8.88368720E-01
 -2.39389755E-01  1.00000000E+00  8.04993653E-01 -2.50595705E+00  4.05145296E-01  1.43592513E+01  9.36056842E-01  8.94879631E-01
 -2.24568396E-01  1.00000000E+00  8.03663484E-01 -2.51473246E+00  4.07264690E-01  1.44572549E+01  9.35717759E-01  9.01435808E-01
 -2.11472015E-01  1.00000000E+00  8.04728396E-01 -2.52907440E+00  4.09560333E-01  1.45803847E+01  9.36416933E-01  9.09597852E-01
 -1.98375634E-01  1.00000000E+00  8.05793307E-01 -2.54351148E+00  4.11801990E-01  1.47045724E+01  9.37124457E-01  9.17829862E-01
 -1.85977157E-01  1.00000000E+00  8.09542581E-01 -2.56034048E+00  4.14496513E-01  1.48527490E+01  9.37940753E-01  9.27653883E-01
 -1.73578680E-01  1.00000000E+00  8.13291855E-01 -2.57729896E+00  4.17205895E-01  1.50024335E+01  9.38767441E-01  9.37577739E-01
 -1.61180203E-01  1.00000000E+00  8.19117633E-01 -2.59096358E+00  4.20636611E-01  1.51762266E+01  9.37557066E-01  9.49244637E-01
 -1.48781726E-01  1.00000000E+00  8.24943411E-01 -2.60471306E+00  4.23791919E-01  1.53520960E+01  9.36348717E-01  9.61049821E-01
 -1.36383248E-01  1.00000000E+00  8.36756018E-01 -2.63916213E+00  4.26720111E-01  1.55165875E+01  9.43231028E-01  9.71557099E-01
 -1.23984771E-01  1.00000000E+00  8.48568625E-01 -2.67401320E+00  4.28291415E-01  1.56828643E+01  9.50203211E-01  9.82177405E-01
 -1.11586294E-01  1.00000000E+00  8.62860845E-01 -2.72688182E+00  4.28150633E-01  1.56591867E+01  9.71019479E-01  9.79211150E-01
 -9.91878171E-02  1.00000000E+00  8.77153064E-01 -2.77992846E+00  4.20887214E-01  1.56365678E+01  9.92255091E-01  9.76287514E-01
 -8.67893400E-02  1.00000000E+00  9.22546125E-01 -2.42218445E+00  3.98456849E-01  1.41433744E+01  9.35213604E-01  8.80544056E-01
 -7.43908628E-02  1.00000000E+00  9.67939186E-01 -2.10078766E+00  3.75332926E-01  1.27971910E+01  8.88436950E-01  7.93916935E-01
 -6.19923857E-02  1.00000000E+00  1.06483040E+00 -2.01388962E+00  3.32400589E-01  1.06641397E+01  9.60890532E-01  6.46883279E-01
 -4.95939085E-02  1.00000000E+00  1.16172162E+00 -1.93210466E+00  2.34523483E-01  8.90543135E+00  1.03797108E+00  5.24497352E-01
 -3.71954314E-02  1.00000000E+00  2.07205591E+00 -4.25000826E+00  1.81205163E-01  1.14699656E+01  2.06467234E+00  6.27019550E-01
 -2.47969543E-02  1.00000000E+00  2.98239020E+00 -7.82569782E+00  2.85804748E-01  1.61887266E+01  4.13691808E+00  8.03453900E-01
 -1.23984771E-02  1.00000000E+00  1.51358722E+00  2.11933803E+00  1.03778207E+00  8.28340848E+00  1.60854060E+00  4.44991192E-01
  0.00000000E+00  1.00000000E+00  4.47842454E-02  3.32442112E+01  6.99266932E+00  4.05221827E+01  2.76093965E+01  8.60852410E-01
