# curve 5 (die wall), step =     1000, time =   8.00000000E+02
# N1 = tau_xx - tau_yy = G ( c_xx - c_yy ),  G =  1.2000E+00  (polymer part only)
#              x               y        pressure            c_xy        gammadot            c_xx            c_yy              N1
 -3.00000000E+00  1.00000000E+00  2.66586493E+00 -3.00037477E-01  4.00001214E-01  1.17986081E+00  1.00004981E+00  2.15773194E-01
 -2.95108291E+00  1.00000000E+00  2.62668691E+00 -3.00047416E-01  4.00004509E-01  1.17986384E+00  1.00005360E+00  2.15772291E-01
 -2.90216582E+00  1.00000000E+00  2.58750889E+00 -3.00057356E-01  4.00009532E-01  1.17986688E+00  1.00005739E+00  2.15771388E-01
 -2.85324873E+00  1.00000000E+00  2.54838387E+00 -3.00057215E-01  4.00000093E-01  1.17982676E+00  1.00006939E+00  2.15708845E-01
 -2.80433164E+00  1.00000000E+00  2.50925885E+00 -3.00057075E-01  3.99983661E-01  1.17978665E+00  1.00008140E+00  2.15646303E-01
 -2.75541455E+00  1.00000000E+00  2.47011202E+00 -3.00041422E-01  3.99994732E-01  1.17985357E+00  1.00005518E+00  2.15758067E-01
 -2.70649746E+00  1.00000000E+00  2.43096519E+00 -3.00025769E-01  3.99997071E-01  1.17992050E+00  1.00002897E+00  2.15869836E-01
 -2.65758037E+00  1.00000000E+00  2.39184166E+00 -3.00032378E-01  3.99995530E-01  1.17989648E+00  1.00003924E+00  2.15828691E-01
 -2.60866328E+00  1.00000000E+00  2.35271813E+00 -3.00038988E-01  4.00000139E-01  1.17987246E+00  1.00004950E+00  2.15787547E-01
 -2.55974619E+00  1.00000000E+00  2.31357664E+00 -3.00031172E-01  3.99995884E-01  1.17990829E+00  1.00003554E+00  2.15847308E-01
 -2.51082911E+00  1.00000000E+00  2.27443515E+00 -3.00023356E-01  4.00011154E-01  1.17994413E+00  1.00002157E+00  2.15907070E-01
 -2.46191202E+00  1.00000000E+00  2.23530686E+00 -3.00029549E-01  4.00000346E-01  1.17990715E+00  1.00003540E+00  2.15846098E-01
 -2.41299493E+00  1.00000000E+00  2.19617856E+00 -3.00035742E-01  3.99988777E-01  1.17987017E+00  1.00004923E+00  2.15785128E-01
 -2.36407784E+00  1.00000000E+00  2.15703925E+00 -3.00025235E-01  3.99996762E-01  1.17991346E+00  1.00003143E+00  2.15858437E-01
 -2.31516075E+00  1.00000000E+00  2.11789993E+00 -3.00014728E-01  4.00005625E-01  1.17995676E+00  1.00001364E+00  2.15931748E-01
 -2.26624366E+00  1.00000000E+00  2.07876361E+00 -3.00030524E-01  4.00002513E-01  1.17991256E+00  1.00003349E+00  2.15854888E-01
 -2.21732657E+00  1.00000000E+00  2.03962729E+00 -3.00046320E-01  4.00005493E-01  1.17986836E+00  1.00005334E+00  2.15778030E-01
 -2.16840948E+00  1.00000000E+00  2.00050766E+00 -3.00044988E-01  3.99998239E-01  1.17985032E+00  1.00005787E+00  2.15750942E-01
 -2.11949239E+00  1.00000000E+00  1.96138803E+00 -3.00043655E-01  3.99983451E-01  1.17983228E+00  1.00006240E+00  2.15723853E-01
 -2.07057530E+00  1.00000000E+00  1.92223496E+00 -3.00045191E-01  3.99990356E-01  1.17983434E+00  1.00006226E+00  2.15726492E-01
 -2.02165821E+00  1.00000000E+00  1.88308189E+00 -3.00046726E-01  4.00000050E-01  1.17983640E+00  1.00006212E+00  2.15729131E-01
 -1.97274112E+00  1.00000000E+00  1.84396699E+00 -3.00045964E-01  3.99982904E-01  1.17979732E+00  1.00007381E+00  2.15668208E-01
 -1.92382403E+00  1.00000000E+00  1.80485209E+00 -3.00045203E-01  3.99961567E-01  1.17975824E+00  1.00008550E+00  2.15607287E-01
 -1.87490694E+00  1.00000000E+00  1.76570925E+00 -3.00022940E-01  3.99960809E-01  1.17981385E+00  1.00006104E+00  2.15703372E-01
 -1.82598985E+00  1.00000000E+00  1.72656641E+00 -3.00000677E-01  3.99956356E-01  1.17986947E+00  1.00003659E+00  2.15799460E-01
 -1.77707276E+00  1.00000000E+00  1.68744682E+00 -3.00010241E-01  3.99953981E-01  1.17982236E+00  1.00005348E+00  2.15722651E-01
 -1.72815567E+00  1.00000000E+00  1.64832724E+00 -3.00019806E-01  3.99954501E-01  1.17977525E+00  1.00007038E+00  2.15645845E-01
 -1.67923858E+00  1.00000000E+00  1.60918036E+00 -3.00000571E-01  3.99928801E-01  1.17979175E+00  1.00005757E+00  2.15681010E-01
 -1.63032150E+00  1.00000000E+00  1.57003348E+00 -2.99981336E-01  3.99924686E-01  1.17980824E+00  1.00004476E+00  2.15716176E-01
 -1.58140441E+00  1.00000000E+00  1.53095043E+00 -2.99972886E-01  3.99897229E-01  1.17976288E+00  1.00005791E+00  2.15645969E-01
 -1.53248732E+00  1.00000000E+00  1.49186739E+00 -2.99964437E-01  3.99875678E-01  1.17971753E+00  1.00007106E+00  2.15575763E-01
 -1.48357023E+00  1.00000000E+00  1.45275211E+00 -2.99943420E-01  3.99851203E-01  1.17969756E+00  1.00007089E+00  2.15551993E-01
 -1.43465314E+00  1.00000000E+00  1.41363683E+00 -2.99922404E-01  3.99820963E-01  1.17967758E+00  1.00007073E+00  2.15528222E-01
 -1.38573605E+00  1.00000000E+00  1.37453830E+00 -2.99884306E-01  3.99782682E-01  1.17968556E+00  1.00005299E+00  2.15559083E-01
 -1.33681896E+00  1.00000000E+00  1.33543976E+00 -2.99846208E-01  3.99761725E-01  1.17969353E+00  1.00003525E+00  2.15589943E-01
 -1.28790187E+00  1.00000000E+00  1.29639814E+00 -2.99824618E-01  3.99719462E-01  1.17964817E+00  1.00004081E+00  2.15528822E-01
 -1.23898478E+00  1.00000000E+00  1.25735651E+00 -2.99803028E-01  3.99675460E-01  1.17960280E+00  1.00004638E+00  2.15467703E-01
 -1.19006769E+00  1.00000000E+00  1.21835753E+00 -2.99775317E-01  3.99638299E-01  1.17955438E+00  1.00005439E+00  2.15399984E-01
 -1.14115060E+00  1.00000000E+00  1.17935855E+00 -2.99747607E-01  3.99604487E-01  1.17950596E+00  1.00006241E+00  2.15332267E-01
 -1.09223351E+00  1.00000000E+00  1.14045776E+00 -2.99732055E-01  3.99569000E-01  1.17945947E+00  1.00007141E+00  2.15265668E-01
 -1.04331642E+00  1.00000000E+00  1.10155697E+00 -2.99716504E-01  3.99531195E-01  1.17941297E+00  1.00008042E+00  2.15199071E-01
 -9.94399333E-01  1.00000000E+00  1.06276104E+00 -2.99695042E-01  3.99523112E-01  1.17945689E+00  1.00005602E+00  2.15281052E-01
 -9.45482243E-01  1.00000000E+00  1.02396511E+00 -2.99673581E-01  3.99529485E-01  1.17950082E+00  1.00003162E+00  2.15363034E-01
 -8.96565154E-01  1.00000000E+00  9.85369174E-01 -2.99744135E-01  3.99602311E-01  1.17954607E+00  1.00004878E+00  2.15396754E-01
 -8.47648064E-01  1.00000000E+00  9.46773233E-01 -2.99814692E-01  3.99702406E-01  1.17959134E+00  1.00006594E+00  2.15430474E-01
 -7.99501858E-01  1.00000000E+00  9.09091443E-01 -2.99978808E-01  3.99873448E-01  1.17978854E+00  1.00008086E+00  2.15649213E-01
 -7.51355652E-01  1.00000000E+00  8.71409653E-01 -3.00142948E-01  4.00143811E-01  1.17998578E+00  1.00009579E+00  2.15867982E-01
 -7.08111109E-01  1.00000000E+00  8.37907986E-01 -3.00465116E-01  4.00486538E-01  1.18041817E+00  1.00007357E+00  2.16413523E-01
 -6.64866566E-01  1.00000000E+00  8.04406319E-01 -3.00787372E-01  4.01028808E-01  1.18085078E+00  1.00005143E+00  2.16959210E-01
 -6.26599939E-01  1.00000000E+00  7.75103187E-01 -3.01379797E-01  4.01725165E-01  1.18150447E+00  1.00009520E+00  2.17691119E-01
 -5.88333313E-01  1.00000000E+00  7.45800055E-01 -3.01972493E-01  4.02527758E-01  1.18215873E+00  1.00013927E+00  2.18423355E-01
 -5.54471587E-01  1.00000000E+00  7.20380153E-01 -3.02799282E-01  4.03643301E-01  1.18330202E+00  1.00002349E+00  2.19934229E-01
 -5.20609860E-01  1.00000000E+00  6.94960252E-01 -3.03626638E-01  4.04869928E-01  1.18444676E+00  9.99908354E-01  2.21446088E-01
 -4.90645977E-01  1.00000000E+00  6.72798796E-01 -3.04865678E-01  4.06298137E-01  1.18579563E+00  1.00005818E+00  2.22884949E-01
 -4.60682095E-01  1.00000000E+00  6.50637341E-01 -3.06105943E-01  4.07911532E-01  1.18714695E+00  1.00020928E+00  2.24325206E-01
 -4.34167380E-01  1.00000000E+00  6.31734126E-01 -3.07617296E-01  4.10014973E-01  1.18921336E+00  1.00002087E+00  2.27030985E-01
 -4.07652666E-01  1.00000000E+00  6.12830911E-01 -3.09130532E-01  4.12288445E-01  1.19128453E+00  9.99834563E-01  2.29739964E-01
 -3.84190072E-01  1.00000000E+00  5.96391352E-01 -3.11116715E-01  4.14691712E-01  1.19361057E+00  9.99971093E-01  2.32367368E-01
 -3.60727478E-01  1.00000000E+00  5.79951793E-01 -3.13106115E-01  4.17346495E-01  1.19594336E+00  1.00011093E+00  2.34998920E-01
 -3.39965684E-01  1.00000000E+00  5.66066502E-01 -3.15463342E-01  4.20572866E-01  1.19905765E+00  9.99976837E-01  2.38896981E-01
 -3.19203889E-01  1.00000000E+00  5.52181211E-01 -3.17825189E-01  4.23967729E-01  1.20218294E+00  9.99847631E-01  2.42802370E-01
 -3.00831998E-01  1.00000000E+00  5.40519614E-01 -3.20860282E-01  4.27699377E-01  1.20590136E+00  9.99995508E-01  2.47087020E-01
 -2.82460107E-01  1.00000000E+00  5.28858016E-01 -3.23903036E-01  4.31714535E-01  1.20963624E+00  1.00015108E+00  2.51382195E-01
 -2.66203017E-01  1.00000000E+00  5.18999161E-01 -3.27267631E-01  4.36308638E-01  1.21427524E+00  9.99935746E-01  2.57207393E-01
 -2.49945927E-01  1.00000000E+00  5.09140305E-01 -3.30641941E-01  4.41106736E-01  1.21893759E+00  9.99730303E-01  2.63048744E-01
 -2.35560203E-01  1.00000000E+00  5.01356006E-01 -3.34677946E-01  4.46172975E-01  1.22419152E+00  9.99862223E-01  2.69195162E-01
 -2.21174479E-01  1.00000000E+00  4.93571707E-01 -3.38728013E-01  4.51635869E-01  1.22947631E+00  1.00000763E+00  2.75362424E-01
 -2.08421419E-01  1.00000000E+00  4.86958504E-01 -3.43511979E-01  4.57742096E-01  1.23594728E+00  1.00003860E+00  2.83090416E-01
 -1.95668358E-01  1.00000000E+00  4.80345302E-01 -3.48315904E-01  4.64156110E-01  1.24246335E+00  1.00008859E+00  2.90849708E-01
 -1.83439085E-01  1.00000000E+00  4.75448875E-01 -3.53799944E-01  4.71722917E-01  1.25066817E+00  9.99712343E-01  3.01146994E-01
 -1.71209813E-01  1.00000000E+00  4.70552449E-01 -3.59311489E-01  4.79698078E-01  1.25894021E+00  9.99361810E-01  3.11494074E-01
 -1.58980541E-01  1.00000000E+00  4.65864642E-01 -3.67075934E-01  4.89390959E-01  1.26959630E+00  9.99861003E-01  3.23682360E-01
 -1.46751268E-01  1.00000000E+00  4.61176835E-01 -3.74894857E-01  4.99479649E-01  1.28037010E+00  1.00040803E+00  3.35954488E-01
 -1.34521996E-01  1.00000000E+00  4.61186906E-01 -3.84596853E-01  5.12867967E-01  1.29667017E+00  9.99407911E-01  3.56714716E-01
 -1.22292724E-01  1.00000000E+00  4.61196978E-01 -3.94392354E-01  5.27294105E-01  1.31321138E+00  9.98487800E-01  3.77668295E-01
 -1.10063451E-01  1.00000000E+00  4.53319233E-01 -4.10588624E-01  5.46796461E-01  1.33538925E+00  1.00086348E+00  4.01430922E-01
 -9.78341789E-02  1.00000000E+00  4.45441489E-01 -4.27024794E-01  5.65528117E-01  1.35805381E+00  1.00343526E+00  4.25542265E-01
 -8.56049065E-02  1.00000000E+00  4.76789307E-01 -4.44710500E-01  5.94715599E-01  1.40358707E+00  9.95421669E-01  4.89798476E-01
 -7.33756342E-02  1.00000000E+00  5.08137125E-01 -4.62820240E-01  6.29897841E-01  1.45067950E+00  9.87762916E-01  5.55499895E-01
 -6.11463618E-02  1.00000000E+00  4.28426881E-01 -5.00200912E-01  6.72978027E-01  1.48891508E+00  1.00394035E+00  5.81969675E-01
 -4.89170895E-02  1.00000000E+00  3.48716637E-01 -5.38706361E-01  6.96604940E-01  1.52885227E+00  1.02115177E+00  6.09240605E-01
 -3.66878171E-02  1.00000000E+00  8.03766798E-01 -6.60294113E-01  7.78578572E-01  1.74932753E+00  1.04067945E+00  8.50377693E-01
 -2.44585447E-02  1.00000000E+00  1.25881696E+00 -7.97199249E-01  9.31375203E-01  2.00459696E+00  1.06938263E+00  1.12225719E+00
 -1.22292724E-02  1.00000000E+00  4.15307113E-01 -3.89756856E-01  1.68672049E+00  2.91666133E+00  6.69365078E-01  2.69675550E+00
  0.00000000E+00  1.00000000E+00 -4.28202733E-01  1.38455179E-01  2.91082640E+00  4.67182542E+00  4.64154269E-01  5.04920538E+00
