-8.05562720E-01
-8.05562008E-01
-8.05561536E-01
-8.05559190E-01
-8.05554576E-01
-8.05550042E-01
-8.05545563E-01
-8.05543331E-01
-8.05580396E-01
-8.05579056E-01
-8.05578164E-01
-8.05573742E-01
-8.05565096E-01
-8.05556788E-01
-8.05548804E-01
-8.05544922E-01
-8.05609636E-01
-8.05607262E-01
-8.05605676E-01
-8.05597778E-01
-8.05582346E-01
-8.05567696E-01
-8.05553962E-01
-8.05547427E-01
-8.06360886E-01
-8.06328800E-01
-8.06306786E-01
-8.06193968E-01
-8.05981026E-01
-8.05801818E-01
-8.05655942E-01
-8.05594624E-01
-8.08156482E-01
-8.08064830E-01
-8.07992196E-01
-8.07557206E-01
-8.06739714E-01
-8.06178276E-01
-8.05799582E-01
-8.05655068E-01
-8.10633538E-01
-8.10849588E-01
-8.10870736E-01
-8.10137740E-01
-8.07978242E-01
-8.06675616E-01
-8.05961050E-01
-8.05719556E-01
-8.09259014E-01
-8.11249856E-01
-8.12198804E-01
-8.13454570E-01
-8.09953868E-01
-8.07344196E-01
-8.06140730E-01
-8.05788786E-01
