2.64031870E+00 2.24894708E+00 1.85760287E+00 1.42726110E+00 1.03725489E+00
2.63858695E+00 2.24721707E+00 1.85587321E+00 1.42553119E+00 1.03552487E+00
2.63743252E+00 2.24606380E+00 1.85472018E+00 1.42437798E+00 1.03437159E+00
2.63166171E+00 2.24029877E+00 1.84895630E+00 1.41861324E+00 1.02860650E+00
2.62013192E+00 2.22878047E+00 1.83744019E+00 1.40709539E+00 1.01708802E+00
2.60862593E+00 2.21728591E+00 1.82594767E+00 1.39560112E+00 1.00559322E+00
2.59714679E+00 2.20581815E+00 1.81448178E+00 1.38413351E+00 9.94125203E-01
2.59141538E+00 2.20009241E+00 1.80875691E+00 1.37840780E+00 9.88399357E-01
2.67028370E+00 2.27884760E+00 1.88749313E+00 1.45716434E+00 1.06717434E+00
2.66763343E+00 2.27620112E+00 1.88484738E+00 1.45451800E+00 1.06452735E+00
2.66586493E+00 2.27443515E+00 1.88308189E+00 1.45275211E+00 1.06276104E+00
2.65700515E+00 2.26558793E+00 1.87423706E+00 1.44390522E+00 1.05391215E+00
2.63922183E+00 2.24782964E+00 1.85648332E+00 1.42614716E+00 1.03615033E+00
2.62139329E+00 2.23002606E+00 1.83868400E+00 1.40834328E+00 1.01834271E+00
2.60354896E+00 2.21220669E+00 1.82086853E+00 1.39052319E+00 1.00051870E+00
2.59462192E+00 2.20329213E+00 1.81195577E+00 1.38160812E+00 9.91601619E-01
2.70049087E+00 2.30896771E+00 1.91760077E+00 1.48728301E+00 1.09730913E+00
2.69697081E+00 2.30545415E+00 1.91408841E+00 1.48376994E+00 1.09379476E+00
2.69461810E+00 2.30310577E+00 1.91174083E+00 1.48142187E+00 1.09144586E+00
2.68278957E+00 2.29129886E+00 1.89993782E+00 1.46961619E+00 1.07963646E+00
2.65886431E+00 2.26741677E+00 1.87606321E+00 1.44573536E+00 1.05574915E+00
2.63466950E+00 2.24326519E+00 1.85191865E+00 1.42158373E+00 1.03159099E+00
2.61027175E+00 2.21891085E+00 1.82757066E+00 1.39722826E+00 1.00722814E+00
2.59800453E+00 2.20666540E+00 1.81532808E+00 1.38498191E+00 9.94977708E-01
2.91206765E+00 2.51964169E+00 2.12815936E+00 1.69742782E+00 1.30727237E+00
2.90394932E+00 2.51154483E+00 2.12007416E+00 1.68938003E+00 1.29920972E+00
2.89848778E+00 2.50609841E+00 2.11463481E+00 1.68396386E+00 1.29378809E+00
2.87049338E+00 2.47818871E+00 2.08675377E+00 1.65617989E+00 1.26601287E+00
2.81021946E+00 2.41812079E+00 2.02672339E+00 1.59627372E+00 1.20619043E+00
2.74337627E+00 2.35151651E+00 1.96014625E+00 1.52976166E+00 1.13974915E+00
2.66895696E+00 2.27735888E+00 1.88601017E+00 1.45565429E+00 1.06566940E+00
2.62846224E+00 2.23700234E+00 1.84566173E+00 1.41531104E+00 1.02532133E+00
3.07777330E+00 2.68497412E+00 2.29314184E+00 1.86044333E+00 1.46964749E+00
3.06495092E+00 2.67214505E+00 2.28038530E+00 1.84791616E+00 1.45690329E+00
3.05657643E+00 2.66377162E+00 2.27205383E+00 1.83973172E+00 1.44861589E+00
3.01554861E+00 2.62278833E+00 2.23121654E+00 1.79952034E+00 1.40828959E+00
2.93212235E+00 2.53956804E+00 2.14811782E+00 1.71716861E+00 1.32647278E+00
2.83946665E+00 2.44723048E+00 2.05583256E+00 1.62525074E+00 1.23501083E+00
2.72806919E+00 2.33624550E+00 1.94488610E+00 1.51447651E+00 1.12445473E+00
2.66113489E+00 2.26955264E+00 1.87820800E+00 1.44783898E+00 1.05785405E+00
3.23437115E+00 2.84260734E+00 2.44972761E+00 2.01313343E+00 1.62252426E+00
3.21884620E+00 2.82657256E+00 2.43391583E+00 1.99786928E+00 1.60607387E+00
3.20816391E+00 2.81566943E+00 2.42315644E+00 1.98748599E+00 1.59507879E+00
3.15159708E+00 2.75869974E+00 2.36673665E+00 1.93281150E+00 1.53919685E+00
3.03555357E+00 2.64274524E+00 2.25118852E+00 1.81940035E+00 1.42728041E+00
2.91958750E+00 2.52709639E+00 2.13564912E+00 1.70478839E+00 1.31405246E+00
2.78178487E+00 2.38977562E+00 1.99839643E+00 1.56792287E+00 1.17780862E+00
2.69356959E+00 2.30187773E+00 1.91052548E+00 1.48013663E+00 1.09014125E+00
3.35859529E+00 2.97803655E+00 2.58351623E+00 2.14112336E+00 1.75390435E+00
3.34430133E+00 2.95947774E+00 2.56516098E+00 2.12378692E+00 1.73402210E+00
3.33416336E+00 2.94719180E+00 2.55306738E+00 2.11240708E+00 1.72105871E+00
3.27745207E+00 2.88542272E+00 2.49246662E+00 2.05518415E+00 1.65893493E+00
3.13757770E+00 2.74460247E+00 2.35285307E+00 1.91982281E+00 1.52508286E+00
2.99025477E+00 2.59758462E+00 2.20607136E+00 1.77484904E+00 1.38326207E+00
2.82909041E+00 2.43692702E+00 2.04552095E+00 1.61497513E+00 1.22471453E+00
2.72438483E+00 2.33259335E+00 1.94123086E+00 1.51082068E+00 1.12079920E+00
