# curve 5 (die wall), step =      600, time =   2.40000000E+02
# N1 = tau_xx - tau_yy = G ( c_xx - c_yy ),  G =  5.0000E-02  (polymer part only)
#              x               y        pressure            c_xy        gammadot            c_xx            c_yy              N1
 -1.00000000E+01  1.00000000E+00  6.51767203E+00 -1.96214187E+00  4.23167970E-01  8.70026105E+00  9.99975342E-01  3.85014285E-01
 -9.95040609E+00  1.00000000E+00  6.48698456E+00 -1.96189682E+00  4.23216312E-01  8.69769571E+00  9.99996995E-01  3.84884936E-01
 -9.90081218E+00  1.00000000E+00  6.45629708E+00 -1.96165181E+00  4.23251606E-01  8.69513116E+00  1.00001865E+00  3.84755626E-01
 -9.85121827E+00  1.00000000E+00  6.42562179E+00 -1.96171065E+00  4.23233659E-01  8.69716185E+00  1.00000451E+00  3.84857867E-01
 -9.80162437E+00  1.00000000E+00  6.39494651E+00 -1.96176945E+00  4.23192466E-01  8.69919308E+00  9.99990378E-01  3.84960135E-01
 -9.75203046E+00  1.00000000E+00  6.36416734E+00 -1.96176135E+00  4.23192424E-01  8.69842260E+00  9.99920282E-01  3.84925116E-01
 -9.70243655E+00  1.00000000E+00  6.33338818E+00 -1.96175323E+00  4.23220915E-01  8.69765221E+00  9.99850198E-01  3.84890100E-01
 -9.65284264E+00  1.00000000E+00  6.30269837E+00 -1.96213375E+00  4.23202839E-01  8.69896445E+00  1.00001146E+00  3.84947649E-01
 -9.60324873E+00  1.00000000E+00  6.27200856E+00 -1.96251434E+00  4.23153026E-01  8.70027690E+00  1.00017276E+00  3.85005207E-01
 -9.55365482E+00  1.00000000E+00  6.24134644E+00 -1.96273159E+00  4.23124864E-01  8.70375460E+00  1.00018309E+00  3.85178575E-01
 -9.50406091E+00  1.00000000E+00  6.21068432E+00 -1.96294882E+00  4.23050238E-01  8.70723382E+00  1.00019340E+00  3.85352021E-01
 -9.45446701E+00  1.00000000E+00  6.17986573E+00 -1.96244291E+00  4.23095702E-01  8.70327290E+00  1.00013379E+00  3.85156956E-01
 -9.40487310E+00  1.00000000E+00  6.14904715E+00 -1.96193715E+00  4.23127393E-01  8.69931383E+00  1.00007418E+00  3.84961983E-01
 -9.35527919E+00  1.00000000E+00  6.11836379E+00 -1.96277286E+00  4.23132566E-01  8.70421879E+00  1.00009260E+00  3.85206309E-01
 -9.30568528E+00  1.00000000E+00  6.08768044E+00 -1.96360899E+00  4.23108802E-01  8.70912651E+00  1.00011111E+00  3.85450770E-01
 -9.25609137E+00  1.00000000E+00  6.05700682E+00 -1.96309354E+00  4.23123139E-01  8.70632377E+00  1.00015746E+00  3.85308315E-01
 -9.20649746E+00  1.00000000E+00  6.02633320E+00 -1.96257824E+00  4.23140419E-01  8.70352193E+00  1.00020387E+00  3.85165903E-01
 -9.15690355E+00  1.00000000E+00  5.99556006E+00 -1.96246181E+00  4.23162521E-01  8.70265368E+00  1.00008763E+00  3.85128302E-01
 -9.10730965E+00  1.00000000E+00  5.96478692E+00 -1.96234539E+00  4.23194663E-01  8.70178552E+00  9.99971410E-01  3.85090705E-01
 -9.05771574E+00  1.00000000E+00  5.93410746E+00 -1.96221556E+00  4.23218475E-01  8.70206442E+00  9.99907095E-01  3.85107866E-01
 -9.00812183E+00  1.00000000E+00  5.90342799E+00 -1.96208572E+00  4.23227359E-01  8.70234335E+00  9.99842784E-01  3.85125028E-01
 -8.95852792E+00  1.00000000E+00  5.87268657E+00 -1.96227501E+00  4.23224885E-01  8.70154310E+00  9.99927127E-01  3.85080799E-01
 -8.90893401E+00  1.00000000E+00  5.84194516E+00 -1.96246427E+00  4.23227832E-01  8.70074299E+00  1.00001148E+00  3.85036576E-01
 -8.85934010E+00  1.00000000E+00  5.81127536E+00 -1.96241383E+00  4.23214599E-01  8.70152732E+00  1.00005048E+00  3.85073842E-01
 -8.80974619E+00  1.00000000E+00  5.78060556E+00 -1.96236335E+00  4.23167432E-01  8.70231175E+00  1.00008948E+00  3.85111113E-01
 -8.76015229E+00  1.00000000E+00  5.74982132E+00 -1.96232710E+00  4.23171570E-01  8.70124689E+00  1.00002586E+00  3.85061051E-01
 -8.71055838E+00  1.00000000E+00  5.71903708E+00 -1.96229083E+00  4.23211662E-01  8.70018219E+00  9.99962248E-01  3.85010997E-01
 -8.66096447E+00  1.00000000E+00  5.68836791E+00 -1.96200545E+00  4.23211237E-01  8.69832476E+00  1.00000283E+00  3.84916096E-01
 -8.61137056E+00  1.00000000E+00  5.65769874E+00 -1.96172012E+00  4.23186315E-01  8.69646772E+00  1.00004343E+00  3.84821215E-01
 -8.56177665E+00  1.00000000E+00  5.62698501E+00 -1.96201115E+00  4.23195609E-01  8.69757613E+00  1.00009697E+00  3.84873958E-01
 -8.51218274E+00  1.00000000E+00  5.59627128E+00 -1.96230221E+00  4.23194787E-01  8.69868467E+00  1.00015053E+00  3.84926707E-01
 -8.46258884E+00  1.00000000E+00  5.56552665E+00 -1.96260022E+00  4.23156680E-01  8.70284067E+00  1.00007667E+00  3.85138200E-01
 -8.41299493E+00  1.00000000E+00  5.53478201E+00 -1.96289826E+00  4.23113188E-01  8.70699879E+00  1.00000281E+00  3.85349799E-01
 -8.36340102E+00  1.00000000E+00  5.50408637E+00 -1.96216829E+00  4.23171778E-01  8.70209197E+00  9.99996963E-01  3.85104750E-01
 -8.31380711E+00  1.00000000E+00  5.47339073E+00 -1.96143866E+00  4.23179601E-01  8.69718794E+00  9.99991160E-01  3.84859839E-01
 -8.26421320E+00  1.00000000E+00  5.44265869E+00 -1.96183863E+00  4.23192382E-01  8.69814571E+00  1.00003313E+00  3.84905629E-01
 -8.21461929E+00  1.00000000E+00  5.41192665E+00 -1.96223864E+00  4.23204006E-01  8.69910361E+00  1.00007514E+00  3.84951424E-01
 -8.16502538E+00  1.00000000E+00  5.38120590E+00 -1.96273538E+00  4.23181057E-01  8.70345226E+00  1.00010836E+00  3.85167195E-01
 -8.11543148E+00  1.00000000E+00  5.35048516E+00 -1.96323226E+00  4.23128134E-01  8.70780316E+00  1.00014158E+00  3.85383079E-01
 -8.06583757E+00  1.00000000E+00  5.31975276E+00 -1.96247640E+00  4.23139706E-01  8.70310554E+00  1.00007917E+00  3.85151318E-01
 -8.01624366E+00  1.00000000E+00  5.28902035E+00 -1.96172088E+00  4.23149899E-01  8.69841046E+00  1.00001680E+00  3.84919683E-01
 -7.96664975E+00  1.00000000E+00  5.25835083E+00 -1.96199067E+00  4.23174233E-01  8.69898040E+00  1.00005998E+00  3.84946021E-01
 -7.91705584E+00  1.00000000E+00  5.22768131E+00 -1.96226048E+00  4.23190119E-01  8.69955039E+00  1.00010317E+00  3.84972361E-01
 -7.86746193E+00  1.00000000E+00  5.19694046E+00 -1.96260448E+00  4.23184311E-01  8.70314854E+00  1.00000324E+00  3.85157265E-01
 -7.81786802E+00  1.00000000E+00  5.16619961E+00 -1.96294857E+00  4.23173901E-01  8.70674823E+00  9.99903332E-01  3.85342245E-01
 -7.76827412E+00  1.00000000E+00  5.13548835E+00 -1.96218081E+00  4.23209801E-01  8.70207474E+00  9.99915574E-01  3.85107958E-01
 -7.71868021E+00  1.00000000E+00  5.10477709E+00 -1.96141341E+00  4.23201573E-01  8.69740377E+00  9.99927893E-01  3.84873794E-01
 -7.66908630E+00  1.00000000E+00  5.07404935E+00 -1.96176470E+00  4.23202197E-01  8.69815521E+00  9.99963078E-01  3.84909606E-01
 -7.61949239E+00  1.00000000E+00  5.04332162E+00 -1.96211600E+00  4.23201627E-01  8.69890673E+00  9.99998287E-01  3.84945422E-01
 -7.56989848E+00  1.00000000E+00  5.01261150E+00 -1.96275905E+00  4.23180709E-01  8.70321808E+00  1.00010407E+00  3.85155701E-01
 -7.52030457E+00  1.00000000E+00  4.98190139E+00 -1.96340234E+00  4.23125270E-01  8.70753160E+00  1.00020986E+00  3.85366087E-01
 -7.47071066E+00  1.00000000E+00  4.95115944E+00 -1.96259243E+00  4.23137672E-01  8.70284700E+00  1.00013114E+00  3.85135793E-01
 -7.42111676E+00  1.00000000E+00  4.92041748E+00 -1.96178289E+00  4.23150210E-01  8.69816493E+00  1.00005247E+00  3.84905623E-01
 -7.37152285E+00  1.00000000E+00  4.88974335E+00 -1.96202601E+00  4.23172708E-01  8.69877902E+00  1.00008225E+00  3.84934839E-01
 -7.32192894E+00  1.00000000E+00  4.85906921E+00 -1.96226915E+00  4.23187686E-01  8.69939317E+00  1.00011203E+00  3.84964057E-01
 -7.27233503E+00  1.00000000E+00  4.82832273E+00 -1.96256839E+00  4.23178758E-01  8.70311483E+00  9.99994631E-01  3.85156010E-01
 -7.22274112E+00  1.00000000E+00  4.79757626E+00 -1.96286771E+00  4.23164472E-01  8.70683818E+00  9.99877244E-01  3.85348047E-01
 -7.17314721E+00  1.00000000E+00  4.76687268E+00 -1.96210993E+00  4.23204816E-01  8.70208952E+00  9.99892664E-01  3.85109843E-01
 -7.12355330E+00  1.00000000E+00  4.73616910E+00 -1.96135250E+00  4.23199429E-01  8.69734346E+00  9.99908156E-01  3.84871765E-01
 -7.07395940E+00  1.00000000E+00  4.70544350E+00 -1.96171054E+00  4.23203641E-01  8.69815616E+00  9.99940981E-01  3.84910759E-01
 -7.02436549E+00  1.00000000E+00  4.67471790E+00 -1.96206860E+00  4.23206674E-01  8.69896895E+00  9.99973831E-01  3.84949756E-01
 -6.97477158E+00  1.00000000E+00  4.64400880E+00 -1.96277374E+00  4.23183152E-01  8.70332703E+00  1.00011234E+00  3.85160734E-01
 -6.92517767E+00  1.00000000E+00  4.61329970E+00 -1.96347916E+00  4.23119853E-01  8.70768731E+00  1.00025089E+00  3.85371821E-01
 -6.87558376E+00  1.00000000E+00  4.58256221E+00 -1.96270960E+00  4.23127715E-01  8.70302244E+00  1.00019182E+00  3.85141531E-01
 -6.82598985E+00  1.00000000E+00  4.55182471E+00 -1.96194039E+00  4.23136914E-01  8.69836008E+00  1.00013280E+00  3.84911364E-01
 -6.77639594E+00  1.00000000E+00  4.52114393E+00 -1.96205827E+00  4.23159395E-01  8.69889146E+00  1.00010399E+00  3.84939374E-01
 -6.72680204E+00  1.00000000E+00  4.49046316E+00 -1.96217615E+00  4.23178925E-01  8.69942288E+00  1.00007518E+00  3.84967385E-01
 -6.67720813E+00  1.00000000E+00  4.45971587E+00 -1.96249252E+00  4.23179834E-01  8.70307693E+00  9.99956461E-01  3.85156024E-01
 -6.62761422E+00  1.00000000E+00  4.42896857E+00 -1.96280899E+00  4.23174608E-01  8.70673259E+00  9.99837761E-01  3.85344742E-01
 -6.57802031E+00  1.00000000E+00  4.39826434E+00 -1.96207181E+00  4.23210608E-01  8.70209556E+00  9.99863706E-01  3.85111593E-01
 -6.52842640E+00  1.00000000E+00  4.36756010E+00 -1.96133497E+00  4.23204679E-01  8.69746100E+00  9.99889725E-01  3.84878564E-01
 -6.47883249E+00  1.00000000E+00  4.33683737E+00 -1.96170128E+00  4.23209051E-01  8.69828296E+00  9.99926490E-01  3.84917824E-01
 -6.42923858E+00  1.00000000E+00  4.30611463E+00 -1.96206762E+00  4.23212393E-01  8.69910502E+00  9.99963281E-01  3.84957087E-01
 -6.37964468E+00  1.00000000E+00  4.27540599E+00 -1.96276898E+00  4.23189977E-01  8.70329467E+00  1.00009527E+00  3.85159970E-01
 -6.33005077E+00  1.00000000E+00  4.24469735E+00 -1.96347062E+00  4.23132152E-01  8.70748634E+00  1.00022729E+00  3.85362952E-01
 -6.28045686E+00  1.00000000E+00  4.21395183E+00 -1.96261691E+00  4.23141509E-01  8.70280084E+00  1.00013371E+00  3.85133357E-01
 -6.23086295E+00  1.00000000E+00  4.18320630E+00 -1.96176361E+00  4.23151613E-01  8.69811787E+00  1.00004020E+00  3.84903884E-01
 -6.18126904E+00  1.00000000E+00  4.15253197E+00 -1.96203381E+00  4.23172770E-01  8.69876133E+00  1.00008202E+00  3.84933966E-01
 -6.13167513E+00  1.00000000E+00  4.12185764E+00 -1.96230404E+00  4.23186593E-01  8.69940485E+00  1.00012386E+00  3.84964050E-01
 -6.08208123E+00  1.00000000E+00  4.09111152E+00 -1.96256849E+00  4.23177354E-01  8.70312724E+00  9.99997096E-01  3.85156507E-01
 -6.03248732E+00  1.00000000E+00  4.06036541E+00 -1.96283300E+00  4.23163086E-01  8.70685132E+00  9.99870350E-01  3.85349049E-01
 -5.98289341E+00  1.00000000E+00  4.02965629E+00 -1.96211301E+00  4.23204805E-01  8.70215490E+00  9.99896849E-01  3.85112903E-01
 -5.93329950E+00  1.00000000E+00  3.99894717E+00 -1.96139335E+00  4.23198651E-01  8.69746103E+00  9.99923414E-01  3.84876881E-01
 -5.88370559E+00  1.00000000E+00  3.96822386E+00 -1.96177009E+00  4.23199524E-01  8.69823472E+00  9.99968984E-01  3.84913287E-01
 -5.83411168E+00  1.00000000E+00  3.93750055E+00 -1.96214685E+00  4.23197891E-01  8.69900851E+00  1.00001458E+00  3.84949696E-01
 -5.78451777E+00  1.00000000E+00  3.90680162E+00 -1.96279229E+00  4.23172610E-01  8.70340661E+00  1.00011725E+00  3.85164468E-01
 -5.73492387E+00  1.00000000E+00  3.87610269E+00 -1.96343796E+00  4.23121714E-01  8.70780698E+00  1.00021993E+00  3.85379352E-01
 -5.68532996E+00  1.00000000E+00  3.84534150E+00 -1.96236404E+00  4.23150002E-01  8.70248342E+00  1.00004008E+00  3.85122167E-01
 -5.63573605E+00  1.00000000E+00  3.81458031E+00 -1.96129072E+00  4.23174249E-01  8.69716311E+00  9.99860348E-01  3.84865138E-01
 -5.58614214E+00  1.00000000E+00  3.78391840E+00 -1.96186447E+00  4.23202405E-01  8.69811731E+00  1.00003402E+00  3.84904165E-01
 -5.53654823E+00  1.00000000E+00  3.75325649E+00 -1.96243829E+00  4.23207809E-01  8.69907168E+00  1.00020774E+00  3.84943197E-01
 -5.48695432E+00  1.00000000E+00  3.72250184E+00 -1.96263065E+00  4.23171237E-01  8.70288477E+00  1.00008004E+00  3.85140236E-01
 -5.43736041E+00  1.00000000E+00  3.69174719E+00 -1.96282302E+00  4.23126340E-01  8.70669968E+00  9.99952342E-01  3.85337367E-01
 -5.38776651E+00  1.00000000E+00  3.66105641E+00 -1.96211645E+00  4.23183266E-01  8.70189894E+00  9.99961348E-01  3.85096879E-01
 -5.33817260E+00  1.00000000E+00  3.63036563E+00 -1.96141020E+00  4.23187754E-01  8.69710086E+00  9.99970403E-01  3.84856523E-01
 -5.28857869E+00  1.00000000E+00  3.59963412E+00 -1.96182007E+00  4.23198194E-01  8.69802407E+00  1.00002140E+00  3.84900134E-01
 -5.23898478E+00  1.00000000E+00  3.56890261E+00 -1.96222997E+00  4.23207219E-01  8.69894740E+00  1.00007243E+00  3.84943749E-01
 -5.18939087E+00  1.00000000E+00  3.53818246E+00 -1.96271038E+00  4.23185201E-01  8.70341396E+00  1.00009443E+00  3.85165977E-01
 -5.13979696E+00  1.00000000E+00  3.50746231E+00 -1.96319091E+00  4.23141302E-01  8.70788290E+00  1.00011642E+00  3.85388324E-01
 -5.09020305E+00  1.00000000E+00  3.47670702E+00 -1.96223369E+00  4.23168290E-01  8.70238100E+00  9.99983271E-01  3.85119887E-01
 -5.04060915E+00  1.00000000E+00  3.44595172E+00 -1.96127698E+00  4.23184140E-01  8.69688260E+00  9.99850193E-01  3.84851620E-01
 -4.99101524E+00  1.00000000E+00  3.41532345E+00 -1.96184175E+00  4.23191372E-01  8.69810054E+00  1.00002740E+00  3.84903657E-01
 -4.94142133E+00  1.00000000E+00  3.38469517E+00 -1.96240661E+00  4.23175336E-01  8.69931870E+00  1.00020465E+00  3.84955702E-01
 -4.89182742E+00  1.00000000E+00  3.35392273E+00 -1.96262931E+00  4.23158701E-01  8.70203246E+00  1.00015293E+00  3.85093977E-01
 -4.84223351E+00  1.00000000E+00  3.32315028E+00 -1.96285203E+00  4.23129375E-01  8.70474712E+00  1.00010120E+00  3.85232296E-01
 -4.79263960E+00  1.00000000E+00  3.29242452E+00 -1.96226594E+00  4.23153708E-01  8.70146698E+00  1.00006170E+00  3.85070264E-01
 -4.74304569E+00  1.00000000E+00  3.26169877E+00 -1.96168005E+00  4.23162137E-01  8.69818808E+00  1.00002223E+00  3.84908293E-01
 -4.69345179E+00  1.00000000E+00  3.23099949E+00 -1.96190282E+00  4.23171223E-01  8.69912347E+00  1.00000635E+00  3.84955856E-01
 -4.64385788E+00  1.00000000E+00  3.20030021E+00 -1.96212562E+00  4.23188891E-01  8.70005897E+00  9.99990493E-01  3.85003424E-01
 -4.59426397E+00  1.00000000E+00  3.16960706E+00 -1.96294541E+00  4.23175668E-01  8.70425952E+00  1.00015594E+00  3.85205179E-01
 -4.54467006E+00  1.00000000E+00  3.13891391E+00 -1.96376555E+00  4.23117897E-01  8.70846210E+00  1.00032145E+00  3.85407033E-01
 -4.49507615E+00  1.00000000E+00  3.10815016E+00 -1.96356628E+00  4.23109195E-01  8.70953280E+00  1.00015144E+00  3.85469068E-01
 -4.44548224E+00  1.00000000E+00  3.07738641E+00 -1.96336698E+00  4.23095440E-01  8.71060371E+00  9.99981450E-01  3.85531113E-01
 -4.39588833E+00  1.00000000E+00  3.04671927E+00 -1.96235949E+00  4.23144346E-01  8.70388834E+00  9.99971022E-01  3.85195866E-01
 -4.34629443E+00  1.00000000E+00  3.01605212E+00 -1.96135262E+00  4.23202697E-01  8.69717819E+00  9.99960688E-01  3.84860875E-01
 -4.29670052E+00  1.00000000E+00  2.98528468E+00 -1.96193798E+00  4.23207886E-01  8.70168706E+00  9.99914849E-01  3.85088611E-01
 -4.24710661E+00  1.00000000E+00  2.95451724E+00 -1.96252358E+00  4.23153964E-01  8.70619831E+00  9.99869046E-01  3.85316463E-01
 -4.19751270E+00  1.00000000E+00  2.92381250E+00 -1.96180668E+00  4.23209124E-01  8.70076848E+00  9.99872756E-01  3.85044786E-01
 -4.14791879E+00  1.00000000E+00  2.89310776E+00 -1.96109010E+00  4.23244413E-01  8.69534210E+00  9.99876499E-01  3.84773280E-01
 -4.09832488E+00  1.00000000E+00  2.86240961E+00 -1.96165572E+00  4.23222716E-01  8.69764622E+00  1.00003881E+00  3.84880370E-01
 -4.04873097E+00  1.00000000E+00  2.83171147E+00 -1.96222149E+00  4.23139204E-01  8.69995096E+00  1.00020117E+00  3.84987490E-01
 -3.99913707E+00  1.00000000E+00  2.80095044E+00 -1.96210121E+00  4.23143089E-01  8.69976673E+00  1.00006478E+00  3.84985098E-01
 -3.94954316E+00  1.00000000E+00  2.77018940E+00 -1.96198095E+00  4.23184476E-01  8.69958252E+00  9.99928411E-01  3.84982705E-01
 -3.89994925E+00  1.00000000E+00  2.73953017E+00 -1.96288095E+00  4.23158237E-01  8.70615797E+00  1.00006193E+00  3.85304802E-01
 -3.85035534E+00  1.00000000E+00  2.70887094E+00 -1.96378142E+00  4.23096732E-01  8.71273849E+00  1.00019548E+00  3.85627150E-01
 -3.80076143E+00  1.00000000E+00  2.67812691E+00 -1.96275910E+00  4.23121454E-01  8.70703091E+00  1.00007571E+00  3.85347760E-01
 -3.75116752E+00  1.00000000E+00  2.64738287E+00 -1.96173737E+00  4.23141108E-01  8.70132707E+00  9.99956028E-01  3.85068552E-01
 -3.70157361E+00  1.00000000E+00  2.61664747E+00 -1.96213655E+00  4.23161391E-01  8.70330812E+00  9.99905006E-01  3.85170156E-01
 -3.65197971E+00  1.00000000E+00  2.58591208E+00 -1.96253581E+00  4.23157666E-01  8.70528962E+00  9.99854029E-01  3.85271779E-01
 -3.60238580E+00  1.00000000E+00  2.55515449E+00 -1.96240591E+00  4.23180647E-01  8.70371923E+00  9.99807285E-01  3.85195597E-01
 -3.55279189E+00  1.00000000E+00  2.52439690E+00 -1.96227602E+00  4.23237160E-01  8.70214914E+00  9.99760542E-01  3.85119430E-01
 -3.50319798E+00  1.00000000E+00  2.49378720E+00 -1.96246382E+00  4.23247634E-01  8.70071462E+00  1.00000743E+00  3.85035360E-01
 -3.45360407E+00  1.00000000E+00  2.46317751E+00 -1.96265162E+00  4.23233567E-01  8.69928043E+00  1.00025437E+00  3.84951303E-01
 -3.40401016E+00  1.00000000E+00  2.43240608E+00 -1.96295276E+00  4.23191565E-01  8.70459245E+00  1.00016741E+00  3.85221252E-01
 -3.35441626E+00  1.00000000E+00  2.40163465E+00 -1.96325386E+00  4.23103817E-01  8.70990801E+00  1.00008042E+00  3.85491379E-01
 -3.30482235E+00  1.00000000E+00  2.37092995E+00 -1.96229066E+00  4.23131012E-01  8.70392697E+00  9.99995277E-01  3.85196585E-01
 -3.25522844E+00  1.00000000E+00  2.34022524E+00 -1.96132800E+00  4.23149715E-01  8.69795006E+00  9.99910203E-01  3.84901993E-01
 -3.20563453E+00  1.00000000E+00  2.30945157E+00 -1.96154672E+00  4.23190558E-01  8.69777708E+00  9.99880230E-01  3.84894842E-01
 -3.15604062E+00  1.00000000E+00  2.27867790E+00 -1.96176539E+00  4.23221670E-01  8.69760413E+00  9.99850285E-01  3.84887692E-01
 -3.10644671E+00  1.00000000E+00  2.24803826E+00 -1.96197095E+00  4.23219523E-01  8.69742712E+00  1.00007800E+00  3.84867456E-01
 -3.05685280E+00  1.00000000E+00  2.21739862E+00 -1.96217652E+00  4.23177910E-01  8.69725012E+00  1.00030576E+00  3.84847218E-01
 -3.00725890E+00  1.00000000E+00  2.18664875E+00 -1.96261582E+00  4.23150215E-01  8.70295902E+00  1.00020042E+00  3.85137930E-01
 -2.95766499E+00  1.00000000E+00  2.15589889E+00 -1.96305521E+00  4.23096431E-01  8.70867192E+00  1.00009506E+00  3.85428843E-01
 -2.90807108E+00  1.00000000E+00  2.12516065E+00 -1.96239605E+00  4.23126644E-01  8.70347751E+00  1.00013106E+00  3.85167323E-01
 -2.85847717E+00  1.00000000E+00  2.09442241E+00 -1.96173719E+00  4.23146749E-01  8.69828627E+00  1.00016709E+00  3.84905959E-01
 -2.80888326E+00  1.00000000E+00  2.06379949E+00 -1.96280813E+00  4.23121835E-01  8.70557898E+00  1.00014696E+00  3.85271601E-01
 -2.75928935E+00  1.00000000E+00  2.03317657E+00 -1.96387979E+00  4.23086874E-01  8.71287787E+00  1.00012696E+00  3.85637545E-01
 -2.70969544E+00  1.00000000E+00  2.00236778E+00 -1.96293756E+00  4.23136723E-01  8.70922735E+00  9.99861638E-01  3.85468286E-01
 -2.66010154E+00  1.00000000E+00  1.97155899E+00 -1.96199574E+00  4.23192762E-01  8.70557838E+00  9.99596431E-01  3.85299098E-01
 -2.61050763E+00  1.00000000E+00  1.94084023E+00 -1.96197616E+00  4.23235096E-01  8.70237954E+00  9.99781703E-01  3.85129892E-01
 -2.56091372E+00  1.00000000E+00  1.91012147E+00 -1.96195654E+00  4.23251382E-01  8.69918205E+00  9.99966988E-01  3.84960753E-01
 -2.51131981E+00  1.00000000E+00  1.87944447E+00 -1.96207822E+00  4.23254371E-01  8.69914188E+00  1.00002686E+00  3.84955751E-01
 -2.46172590E+00  1.00000000E+00  1.84876748E+00 -1.96219991E+00  4.23243786E-01  8.69910172E+00  1.00008673E+00  3.84950750E-01
 -2.41213199E+00  1.00000000E+00  1.81803027E+00 -1.96263610E+00  4.23208482E-01  8.70333934E+00  1.00007897E+00  3.85163019E-01
 -2.36253808E+00  1.00000000E+00  1.78729307E+00 -1.96307240E+00  4.23142679E-01  8.70757910E+00  1.00007120E+00  3.85375395E-01
 -2.31294418E+00  1.00000000E+00  1.75657466E+00 -1.96236710E+00  4.23182455E-01  8.70254247E+00  1.00005243E+00  3.85124502E-01
 -2.26335027E+00  1.00000000E+00  1.72585626E+00 -1.96166212E+00  4.23204152E-01  8.69750878E+00  1.00003369E+00  3.84873754E-01
 -2.21375636E+00  1.00000000E+00  1.69511972E+00 -1.96186801E+00  4.23204245E-01  8.69740414E+00  1.00006164E+00  3.84867125E-01
 -2.16416245E+00  1.00000000E+00  1.66438317E+00 -1.96207388E+00  4.23195302E-01  8.69729953E+00  1.00008960E+00  3.84860496E-01
 -2.11456854E+00  1.00000000E+00  1.63370521E+00 -1.96214020E+00  4.23186038E-01  8.70007306E+00  1.00005044E+00  3.85001131E-01
 -2.06497463E+00  1.00000000E+00  1.60302725E+00 -1.96220644E+00  4.23159200E-01  8.70284760E+00  1.00001127E+00  3.85141817E-01
 -2.01538072E+00  1.00000000E+00  1.57224521E+00 -1.96221912E+00  4.23156692E-01  8.70194273E+00  9.99985959E-01  3.85097838E-01
 -1.96578682E+00  1.00000000E+00  1.54146317E+00 -1.96223178E+00  4.23186970E-01  8.70103798E+00  9.99960657E-01  3.85053866E-01
 -1.91619291E+00  1.00000000E+00  1.51078999E+00 -1.96232375E+00  4.23189822E-01  8.70230061E+00  1.00003274E+00  3.85113394E-01
 -1.86659900E+00  1.00000000E+00  1.48011681E+00 -1.96241571E+00  4.23147218E-01  8.70356344E+00  1.00010482E+00  3.85172931E-01
 -1.81700509E+00  1.00000000E+00  1.44930387E+00 -1.96232734E+00  4.23136148E-01  8.70198571E+00  1.00003288E+00  3.85097641E-01
 -1.76741118E+00  1.00000000E+00  1.41849094E+00 -1.96223895E+00  4.23151310E-01  8.70040829E+00  9.99960946E-01  3.85022367E-01
 -1.71781727E+00  1.00000000E+00  1.38784117E+00 -1.96194634E+00  4.23118303E-01  8.69921885E+00  9.99955856E-01  3.84963150E-01
 -1.66822336E+00  1.00000000E+00  1.35719140E+00 -1.96165377E+00  4.23057367E-01  8.69802956E+00  9.99950782E-01  3.84903939E-01
 -1.61862946E+00  1.00000000E+00  1.32644692E+00 -1.96168638E+00  4.23033889E-01  8.69683861E+00  9.99942714E-01  3.84844795E-01
 -1.56903555E+00  1.00000000E+00  1.29570245E+00 -1.96171895E+00  4.23022882E-01  8.69564787E+00  9.99934649E-01  3.84785661E-01
 -1.51944164E+00  1.00000000E+00  1.26502660E+00 -1.96229081E+00  4.22902373E-01  8.69902492E+00  1.00018479E+00  3.84942006E-01
 -1.46984773E+00  1.00000000E+00  1.23435074E+00 -1.96286283E+00  4.22692538E-01  8.70240330E+00  1.00043500E+00  3.85098415E-01
 -1.42025382E+00  1.00000000E+00  1.20363566E+00 -1.96181599E+00  4.22634226E-01  8.69578531E+00  1.00030202E+00  3.84774164E-01
 -1.37065991E+00  1.00000000E+00  1.17292057E+00 -1.96076978E+00  4.22557764E-01  8.68917240E+00  1.00016912E+00  3.84450164E-01
 -1.32106600E+00  1.00000000E+00  1.14224070E+00 -1.96109881E+00  4.22439655E-01  8.69065229E+00  1.00017559E+00  3.84523835E-01
 -1.27147210E+00  1.00000000E+00  1.11156084E+00 -1.96142789E+00  4.22256835E-01  8.69213243E+00  1.00018207E+00  3.84597518E-01
 -1.22187819E+00  1.00000000E+00  1.08097225E+00 -1.96098406E+00  4.22073982E-01  8.68811636E+00  1.00022256E+00  3.84394690E-01
 -1.17228428E+00  1.00000000E+00  1.05038365E+00 -1.96054038E+00  4.21848531E-01  8.68410222E+00  1.00026306E+00  3.84191958E-01
 -1.12269037E+00  1.00000000E+00  1.01989294E+00 -1.96014717E+00  4.21601600E-01  8.67974533E+00  1.00028563E+00  3.83972985E-01
 -1.07309646E+00  1.00000000E+00  9.89402224E-01 -1.95975405E+00  4.21338308E-01  8.67539075E+00  1.00030820E+00  3.83754127E-01
 -1.02350255E+00  1.00000000E+00  9.59106627E-01 -1.95903698E+00  4.20954470E-01  8.66892434E+00  1.00043561E+00  3.83424437E-01
 -9.73908645E-01  1.00000000E+00  9.28811030E-01 -1.95832030E+00  4.20542178E-01  8.66246290E+00  1.00056308E+00  3.83094991E-01
 -9.24314736E-01  1.00000000E+00  8.98725679E-01 -1.95759978E+00  4.20128924E-01  8.65717019E+00  1.00051935E+00  3.82832542E-01
 -8.74720828E-01  1.00000000E+00  8.68640328E-01 -1.95687958E+00  4.19699092E-01  8.65188076E+00  1.00047565E+00  3.82570255E-01
 -8.25312107E-01  1.00000000E+00  8.39168149E-01 -1.95604204E+00  4.19128178E-01  8.64194717E+00  1.00073307E+00  3.82060705E-01
 -7.75903387E-01  1.00000000E+00  8.09695970E-01 -1.95520503E+00  4.18559745E-01  8.63202560E+00  1.00099057E+00  3.81551752E-01
 -7.30665613E-01  1.00000000E+00  7.83240740E-01 -1.95459682E+00  4.18216173E-01  8.62626349E+00  1.00102375E+00  3.81261987E-01
 -6.85427839E-01  1.00000000E+00  7.56785511E-01 -1.95398884E+00  4.17773133E-01  8.62050536E+00  1.00105693E+00  3.80972421E-01
 -6.45465100E-01  1.00000000E+00  7.34077233E-01 -1.95263934E+00  4.17477923E-01  8.61578563E+00  1.00071900E+00  3.80753331E-01
 -6.05502361E-01  1.00000000E+00  7.11368955E-01 -1.95129063E+00  4.17251266E-01  8.61106854E+00  1.00038131E+00  3.80534362E-01
 -5.70199545E-01  1.00000000E+00  6.92101883E-01 -1.95023175E+00  4.17092022E-01  8.60686102E+00  1.00018656E+00  3.80333723E-01
 -5.34896729E-01  1.00000000E+00  6.72834811E-01 -1.94917339E+00  4.17103764E-01  8.60265558E+00  9.99991947E-01  3.80133181E-01
 -5.03710456E-01  1.00000000E+00  6.56480918E-01 -1.95092875E+00  4.17232037E-01  8.60654258E+00  1.00053339E+00  3.80300459E-01
 -4.72524184E-01  1.00000000E+00  6.40127025E-01 -1.95268510E+00  4.17447586E-01  8.61043177E+00  1.00107534E+00  3.80467822E-01
 -4.44974441E-01  1.00000000E+00  6.26882940E-01 -1.95593331E+00  4.18205302E-01  8.62373797E+00  1.00185950E+00  3.81093923E-01
 -4.17424698E-01  1.00000000E+00  6.13638856E-01 -1.95918657E+00  4.18936155E-01  8.63706482E+00  1.00264491E+00  3.81720996E-01
 -3.93087440E-01  1.00000000E+00  6.02613316E-01 -1.95965619E+00  4.19490931E-01  8.64620537E+00  1.00239203E+00  3.82190667E-01
 -3.68750182E-01  1.00000000E+00  5.91587776E-01 -1.96012576E+00  4.20746171E-01  8.65535651E+00  1.00213913E+00  3.82660869E-01
 -3.47250809E-01  1.00000000E+00  5.82852871E-01 -1.96017954E+00  4.22368124E-01  8.68002565E+00  1.00057200E+00  3.83972682E-01
 -3.25751437E-01  1.00000000E+00  5.74117966E-01 -1.96023081E+00  4.24416907E-01  8.70477612E+00  9.99006124E-01  3.85288500E-01
 -3.06759035E-01  1.00000000E+00  5.67578271E-01 -1.96772739E+00  4.26406654E-01  8.73659962E+00  1.00060675E+00  3.86799643E-01
 -2.87766633E-01  1.00000000E+00  5.61038576E-01 -1.97525107E+00  4.28733365E-01  8.76853975E+00  1.00221372E+00  3.88316302E-01
 -2.70988873E-01  1.00000000E+00  5.56314888E-01 -1.97779630E+00  4.31649268E-01  8.80979088E+00  1.00087939E+00  3.90445574E-01
 -2.54211113E-01  1.00000000E+00  5.51591200E-01 -1.98034504E+00  4.34766054E-01  8.85125113E+00  9.99545736E-01  3.92585270E-01
 -2.39389755E-01  1.00000000E+00  5.48609456E-01 -1.98587050E+00  4.38108407E-01  8.89712572E+00  9.99467591E-01  3.94882906E-01
 -2.24568396E-01  1.00000000E+00  5.45627712E-01 -1.99141536E+00  4.41730834E-01  8.94324419E+00  9.99390721E-01  3.97192673E-01
 -2.11472015E-01  1.00000000E+00  5.44313935E-01 -2.00007101E+00  4.45694934E-01  9.00135015E+00  9.99974241E-01  4.00068796E-01
 -1.98375634E-01  1.00000000E+00  5.43000159E-01 -2.00877110E+00  4.49862709E-01  9.05983733E+00  1.00056280E+00  4.02963726E-01
 -1.85977157E-01  1.00000000E+00  5.43439068E-01 -2.02200267E+00  4.54985219E-01  9.13476987E+00  1.00237746E+00  4.06619621E-01
 -1.73578680E-01  1.00000000E+00  5.43877977E-01 -2.03532918E+00  4.60390892E-01  9.21032293E+00  1.00420643E+00  4.10305825E-01
 -1.61180203E-01  1.00000000E+00  5.45805292E-01 -2.04263467E+00  4.67520265E-01  9.30351371E+00  1.00221679E+00  4.15064846E-01
 -1.48781726E-01  1.00000000E+00  5.47732606E-01 -2.04997264E+00  4.75003466E-01  9.39770257E+00  1.00022864E+00  4.19873697E-01
 -1.36383248E-01  1.00000000E+00  5.54337857E-01 -2.06662431E+00  4.84320158E-01  9.52960045E+00  1.00056984E+00  4.26451531E-01
 -1.23984771E-01  1.00000000E+00  5.60943108E-01 -2.08344209E+00  4.94660434E-01  9.66338654E+00  1.00092355E+00  4.33123149E-01
 -1.11586294E-01  1.00000000E+00  5.65670176E-01 -2.11596065E+00  5.09497363E-01  9.83074268E+00  1.00618685E+00  4.41227792E-01
 -9.91878171E-02  1.00000000E+00  5.70397244E-01 -2.14899992E+00  5.24124528E-01  1.00009936E+01  1.01154471E+00  4.49472445E-01
 -8.67893400E-02  1.00000000E+00  6.08324593E-01 -2.09224064E+00  5.46383056E-01  1.03189250E+01  9.71580774E-01  4.67367209E-01
 -7.43908628E-02  1.00000000E+00  6.46251942E-01 -2.03342476E+00  5.78222394E-01  1.06528463E+01  9.32807084E-01  4.86001961E-01
 -6.19923857E-02  1.00000000E+00  6.05230024E-01 -1.89544012E+00  6.15549033E-01  1.05741759E+01  8.84014854E-01  4.84508053E-01
 -4.95939085E-02  1.00000000E+00  5.64208107E-01 -1.76007047E+00  6.24572267E-01  1.05023549E+01  8.38485134E-01  4.83193486E-01
 -3.71954314E-02  1.00000000E+00  9.96386370E-01 -3.32405534E+00  6.64010629E-01  1.30181080E+01  1.36756405E+00  5.82527197E-01
 -2.47969543E-02  1.00000000E+00  1.42856463E+00 -5.51945487E+00  8.03651558E-01  1.67029308E+01  2.30230070E+00  7.20031507E-01
 -1.23984771E-02  1.00000000E+00  5.60527199E-01  8.88054767E-01  1.59790462E+00  1.26633861E+01  7.66260977E-01  5.94856257E-01
  0.00000000E+00  1.00000000E+00 -3.07510235E-01  9.44710274E+00  4.24454357E+00  2.11822270E+01  4.68286216E+00  8.24968243E-01
