# curve 5 (die wall), step =      200, time =   1.60000000E+02
# N1 = tau_xx - tau_yy = G ( c_xx - c_yy ),  G =  4.0000E-02  (polymer part only)
#              x               y        pressure            c_xy        gammadot            c_xx            c_yy              N1
 -3.00000000E+00  1.00000000E+00  2.72806919E+00 -2.00149111E+00  4.00084229E-01  9.00934678E+00  1.00000766E+00  3.20373565E-01
 -2.95108291E+00  1.00000000E+00  2.68862650E+00 -2.00186130E+00  4.00089675E-01  9.01121256E+00  1.00004961E+00  3.20446518E-01
 -2.90216582E+00  1.00000000E+00  2.64918381E+00 -2.00223156E+00  4.00088924E-01  9.01307873E+00  1.00009157E+00  3.20519487E-01
 -2.85324873E+00  1.00000000E+00  2.61007633E+00 -2.00198838E+00  4.00037768E-01  9.00980923E+00  1.00015585E+00  3.20386135E-01
 -2.80433164E+00  1.00000000E+00  2.57096884E+00 -2.00174524E+00  3.99980127E-01  9.00654100E+00  1.00022014E+00  3.20252835E-01
 -2.75541455E+00  1.00000000E+00  2.53181548E+00 -2.00137226E+00  4.00024444E-01  9.00581066E+00  1.00012308E+00  3.20227503E-01
 -2.70649746E+00  1.00000000E+00  2.49266212E+00 -2.00099932E+00  4.00025356E-01  9.00508040E+00  1.00002604E+00  3.20202174E-01
 -2.65758037E+00  1.00000000E+00  2.45352509E+00 -2.00133981E+00  4.00023278E-01  9.00683936E+00  1.00009360E+00  3.20269830E-01
 -2.60866328E+00  1.00000000E+00  2.41438806E+00 -2.00168036E+00  4.00026518E-01  9.00859866E+00  1.00016118E+00  3.20337500E-01
 -2.55974619E+00  1.00000000E+00  2.37531678E+00 -2.00183260E+00  3.99991508E-01  9.01063369E+00  1.00018321E+00  3.20418019E-01
 -2.51082911E+00  1.00000000E+00  2.33624550E+00 -2.00198484E+00  4.00017170E-01  9.01266921E+00  1.00020524E+00  3.20498559E-01
 -2.46191202E+00  1.00000000E+00  2.29700398E+00 -2.00131473E+00  3.99993601E-01  9.00885428E+00  1.00007240E+00  3.20351275E-01
 -2.41299493E+00  1.00000000E+00  2.25776247E+00 -2.00064487E+00  3.99985214E-01  9.00504097E+00  9.99939587E-01  3.20204055E-01
 -2.36407784E+00  1.00000000E+00  2.21869682E+00 -2.00093881E+00  4.00002985E-01  9.00652202E+00  1.00003755E+00  3.20259379E-01
 -2.31516075E+00  1.00000000E+00  2.17963118E+00 -2.00123280E+00  3.99996590E-01  9.00800331E+00  1.00013553E+00  3.20314711E-01
 -2.26624366E+00  1.00000000E+00  2.14049696E+00 -2.00186341E+00  3.99971965E-01  9.01141982E+00  1.00020401E+00  3.20448632E-01
 -2.21732657E+00  1.00000000E+00  2.10136274E+00 -2.00249423E+00  3.99974742E-01  9.01483762E+00  1.00027252E+00  3.20582604E-01
 -2.16840948E+00  1.00000000E+00  2.06217258E+00 -2.00199665E+00  3.99968680E-01  9.01190468E+00  1.00018120E+00  3.20468939E-01
 -2.11949239E+00  1.00000000E+00  2.02298242E+00 -2.00149919E+00  3.99951310E-01  9.00897269E+00  1.00008989E+00  3.20355312E-01
 -2.07057530E+00  1.00000000E+00  1.98393426E+00 -2.00271426E+00  3.99972410E-01  9.01573467E+00  1.00027397E+00  3.20618428E-01
 -2.02165821E+00  1.00000000E+00  1.94488610E+00 -2.00393012E+00  3.99978355E-01  9.02250174E+00  1.00045817E+00  3.20881743E-01
 -1.97274112E+00  1.00000000E+00  1.90566376E+00 -2.00291779E+00  3.99935338E-01  9.01733550E+00  1.00026764E+00  3.20682714E-01
 -1.92382403E+00  1.00000000E+00  1.86644142E+00 -2.00190598E+00  3.99912930E-01  9.01217222E+00  1.00007722E+00  3.20483800E-01
 -1.87490694E+00  1.00000000E+00  1.82734161E+00 -2.00162230E+00  3.99943518E-01  9.00943837E+00  1.00012920E+00  3.20372367E-01
 -1.82598985E+00  1.00000000E+00  1.78824179E+00 -2.00133868E+00  3.99949817E-01  9.00670537E+00  1.00018119E+00  3.20260967E-01
 -1.77707276E+00  1.00000000E+00  1.74915915E+00 -2.00231518E+00  3.99961011E-01  9.01261810E+00  1.00027767E+00  3.20493617E-01
 -1.72815567E+00  1.00000000E+00  1.71007650E+00 -2.00329222E+00  3.99951419E-01  9.01853472E+00  1.00037422E+00  3.20726420E-01
 -1.67923858E+00  1.00000000E+00  1.67087665E+00 -2.00305712E+00  3.99877313E-01  9.01745406E+00  1.00037114E+00  3.20683317E-01
 -1.63032150E+00  1.00000000E+00  1.63167680E+00 -2.00282205E+00  3.99876579E-01  9.01637353E+00  1.00036807E+00  3.20640218E-01
 -1.58140441E+00  1.00000000E+00  1.59268505E+00 -2.00256069E+00  3.99824118E-01  9.01236202E+00  1.00047588E+00  3.20475446E-01
 -1.53248732E+00  1.00000000E+00  1.55369331E+00 -2.00229936E+00  3.99798952E-01  9.00835244E+00  1.00058369E+00  3.20310750E-01
 -1.48357023E+00  1.00000000E+00  1.51447651E+00 -2.00090043E+00  3.99773664E-01  9.00393784E+00  1.00012032E+00  3.20152701E-01
 -1.43465314E+00  1.00000000E+00  1.47525971E+00 -1.99950231E+00  3.99795441E-01  8.99952551E+00  9.99657234E-01  3.19994731E-01
 -1.38573605E+00  1.00000000E+00  1.43620884E+00 -1.99985865E+00  3.99767283E-01  8.99822892E+00  9.99952764E-01  3.19931046E-01
 -1.33681896E+00  1.00000000E+00  1.39715798E+00 -2.00021498E+00  3.99732228E-01  8.99693268E+00  1.00024837E+00  3.19867373E-01
 -1.28790187E+00  1.00000000E+00  1.35805428E+00 -1.99962396E+00  3.99632449E-01  8.99317740E+00  1.00018002E+00  3.19719895E-01
 -1.23898478E+00  1.00000000E+00  1.31895059E+00 -1.99903314E+00  3.99535518E-01  8.98942370E+00  1.00011169E+00  3.19572480E-01
 -1.19006769E+00  1.00000000E+00  1.28004287E+00 -1.99970062E+00  3.99469479E-01  8.99165533E+00  1.00031114E+00  3.19653768E-01
 -1.14115060E+00  1.00000000E+00  1.24113515E+00 -2.00036828E+00  3.99399169E-01  8.99388752E+00  1.00051065E+00  3.19735075E-01
 -1.09223351E+00  1.00000000E+00  1.20217058E+00 -1.99912899E+00  3.99270015E-01  8.98672811E+00  1.00034606E+00  3.19455282E-01
 -1.04331642E+00  1.00000000E+00  1.16320600E+00 -1.99789056E+00  3.99157562E-01  8.97957441E+00  1.00018160E+00  3.19175713E-01
 -9.94399333E-01  1.00000000E+00  1.12445473E+00 -1.99716710E+00  3.99104527E-01  8.97455103E+00  1.00014302E+00  3.18976321E-01
 -9.45482243E-01  1.00000000E+00  1.08570346E+00 -1.99644395E+00  3.99035424E-01  8.96953050E+00  1.00010448E+00  3.18777041E-01
 -8.96565154E-01  1.00000000E+00  1.04718537E+00 -1.99683109E+00  3.98990009E-01  8.97061952E+00  1.00024519E+00  3.18814973E-01
 -8.47648064E-01  1.00000000E+00  1.00866728E+00 -1.99721829E+00  3.98925506E-01  8.97170869E+00  1.00038592E+00  3.18852911E-01
 -7.99501858E-01  1.00000000E+00  9.71174824E-01 -1.99724009E+00  3.98887208E-01  8.97126878E+00  1.00045947E+00  3.18832373E-01
 -7.51355652E-01  1.00000000E+00  9.33682366E-01 -1.99726190E+00  3.98943383E-01  8.97082890E+00  1.00053302E+00  3.18811835E-01
 -7.08111109E-01  1.00000000E+00  9.00329207E-01 -1.99734593E+00  3.99044220E-01  8.97426398E+00  1.00033266E+00  3.18957253E-01
 -6.64866566E-01  1.00000000E+00  8.66976048E-01 -1.99742996E+00  3.99341713E-01  8.97770053E+00  1.00013233E+00  3.19102728E-01
 -6.26599939E-01  1.00000000E+00  8.38022196E-01 -2.00000155E+00  3.99774123E-01  8.99319320E+00  1.00035722E+00  3.19713439E-01
 -5.88333313E-01  1.00000000E+00  8.09068344E-01 -2.00257690E+00  4.00272428E-01  9.00871269E+00  1.00058265E+00  3.20325202E-01
 -5.54471587E-01  1.00000000E+00  7.83992668E-01 -2.00348834E+00  4.01076403E-01  9.03486844E+00  9.99365301E-01  3.21420125E-01
 -5.20609860E-01  1.00000000E+00  7.58916992E-01 -2.00439940E+00  4.01991864E-01  9.06110825E+00  9.98148657E-01  3.22518384E-01
 -4.90645977E-01  1.00000000E+00  7.37337365E-01 -2.01316873E+00  4.03120931E-01  9.10787668E+00  9.99500943E-01  3.24335030E-01
 -4.60682095E-01  1.00000000E+00  7.15757739E-01 -2.02197863E+00  4.04334938E-01  9.15488638E+00  1.00086003E+00  3.26161054E-01
 -4.34167380E-01  1.00000000E+00  6.97404067E-01 -2.02512178E+00  4.05999231E-01  9.21128665E+00  9.98883960E-01  3.28496108E-01
 -4.07652666E-01  1.00000000E+00  6.79050396E-01 -2.02826981E+00  4.07861250E-01  9.26806256E+00  9.96909664E-01  3.30846116E-01
 -3.84190072E-01  1.00000000E+00  6.63422153E-01 -2.04229402E+00  4.09938881E-01  9.35817048E+00  9.98337159E-01  3.34393333E-01
 -3.60727478E-01  1.00000000E+00  6.47793911E-01 -2.05642910E+00  4.12103699E-01  9.44916015E+00  9.99777911E-01  3.37975289E-01
 -3.39965684E-01  1.00000000E+00  6.34773904E-01 -2.06630457E+00  4.14800956E-01  9.55014586E+00  9.98533768E-01  3.42064484E-01
 -3.19203889E-01  1.00000000E+00  6.21753897E-01 -2.07624220E+00  4.17697406E-01  9.65225295E+00  9.97293192E-01  3.46198390E-01
 -3.00831998E-01  1.00000000E+00  6.10996945E-01 -2.09510742E+00  4.21007026E-01  9.79245514E+00  9.98222756E-01  3.51769295E-01
 -2.82460107E-01  1.00000000E+00  6.00239993E-01 -2.11417838E+00  4.24444776E-01  9.93472287E+00  9.99170968E-01  3.57422076E-01
 -2.66203017E-01  1.00000000E+00  5.91543338E-01 -2.12771801E+00  4.28455129E-01  1.00857058E+01  9.97007396E-01  3.63547936E-01
 -2.49945927E-01  1.00000000E+00  5.82846682E-01 -2.14136980E+00  4.32769677E-01  1.02390828E+01  9.94849503E-01  3.69769333E-01
 -2.35560203E-01  1.00000000E+00  5.76162224E-01 -2.16996184E+00  4.37482211E-01  1.04557068E+01  9.96498044E-01  3.78368352E-01
 -2.21174479E-01  1.00000000E+00  5.69477766E-01 -2.19900732E+00  4.42276797E-01  1.06769764E+01  9.98185712E-01  3.87151626E-01
 -2.08421419E-01  1.00000000E+00  5.64487192E-01 -2.22768486E+00  4.47645654E-01  1.09099328E+01  9.98891269E-01  3.96441661E-01
 -1.95668358E-01  1.00000000E+00  5.59496618E-01 -2.25681707E+00  4.53226195E-01  1.11480579E+01  9.99633219E-01  4.05936989E-01
 -1.83439085E-01  1.00000000E+00  5.56331722E-01 -2.27853768E+00  4.59964967E-01  1.14173091E+01  9.95892897E-01  4.16856650E-01
 -1.71209813E-01  1.00000000E+00  5.53166825E-01 -2.30051049E+00  4.67232936E-01  1.16933642E+01  9.92158795E-01  4.28048216E-01
 -1.58980541E-01  1.00000000E+00  5.49704234E-01 -2.35325976E+00  4.76225140E-01  1.21150186E+01  9.95596228E-01  4.44776895E-01
 -1.46751268E-01  1.00000000E+00  5.46241643E-01 -2.40742392E+00  4.84983321E-01  1.25520739E+01  9.99143905E-01  4.62117199E-01
 -1.34521996E-01  1.00000000E+00  5.51426429E-01 -2.46685799E+00  4.96956910E-01  1.31366149E+01  9.97923451E-01  4.85547656E-01
 -1.22292724E-01  1.00000000E+00  5.56611216E-01 -2.52808537E+00  5.09498285E-01  1.37490373E+01  9.96793809E-01  5.10089740E-01
 -1.10063451E-01  1.00000000E+00  5.48691703E-01 -2.61741157E+00  5.26366556E-01  1.44920707E+01  1.00216430E+00  5.39596256E-01
 -9.78341789E-02  1.00000000E+00  5.40772189E-01 -2.71041103E+00  5.43324354E-01  1.52756861E+01  1.00783564E+00  5.70714020E-01
 -8.56049065E-02  1.00000000E+00  5.85426523E-01 -2.71089629E+00  5.75259419E-01  1.67272268E+01  9.60386025E-01  6.30673629E-01
 -7.33756342E-02  1.00000000E+00  6.30080858E-01 -2.70373570E+00  6.14798203E-01  1.83347689E+01  9.13434435E-01  6.96853379E-01
 -6.11463618E-02  1.00000000E+00  5.05346333E-01 -2.99962198E+00  6.36551956E-01  1.86791276E+01  9.99991363E-01  7.07165450E-01
 -4.89170895E-02  1.00000000E+00  3.80611809E-01 -3.30735632E+00  6.14338674E-01  1.90477827E+01  1.09566299E+00  7.18084787E-01
 -3.66878171E-02  1.00000000E+00  1.20059213E+00 -9.20346446E+00  6.01546012E-01  3.13427369E+01  3.18630424E+00  1.12625731E+00
 -2.44585447E-02  1.00000000E+00  2.02057246E+00 -2.14202708E+01  6.04401272E-01  5.57486547E+01  8.64560507E+00  1.88412198E+00
 -1.22292724E-02  1.00000000E+00  3.28109056E-01  2.28817725E+00  1.29174554E+00  3.31725849E+01  8.10212210E-01  1.29449491E+00
  0.00000000E+00  1.00000000E+00 -1.36435434E+00  3.52062955E+01  3.59797027E+00  7.72576177E+01  1.63053340E+01  2.43809135E+00
