# curve 5 (die wall), step =      100, time =   8.00000000E+01
# N1 = tau_xx - tau_yy = G ( c_xx - c_yy ),  G =  4.0000E-02  (polymer part only)
#              x               y        pressure            c_xy        gammadot            c_xx            c_yy              N1
 -3.00000000E+00  1.00000000E+00  2.72806881E+00 -2.00149116E+00  4.00084227E-01  9.00934054E+00  1.00000767E+00  3.20373314E-01
 -2.95108291E+00  1.00000000E+00  2.68862612E+00 -2.00186135E+00  4.00089673E-01  9.01120630E+00  1.00004962E+00  3.20446267E-01
 -2.90216582E+00  1.00000000E+00  2.64918343E+00 -2.00223160E+00  4.00088922E-01  9.01307245E+00  1.00009158E+00  3.20519235E-01
 -2.85324873E+00  1.00000000E+00  2.61007594E+00 -2.00198842E+00  4.00037766E-01  9.00980294E+00  1.00015586E+00  3.20385883E-01
 -2.80433164E+00  1.00000000E+00  2.57096846E+00 -2.00174527E+00  3.99980125E-01  9.00653470E+00  1.00022015E+00  3.20252582E-01
 -2.75541455E+00  1.00000000E+00  2.53181510E+00 -2.00137230E+00  4.00024442E-01  9.00580435E+00  1.00012309E+00  3.20227250E-01
 -2.70649746E+00  1.00000000E+00  2.49266174E+00 -2.00099935E+00  4.00025354E-01  9.00507408E+00  1.00002605E+00  3.20201921E-01
 -2.65758037E+00  1.00000000E+00  2.45352471E+00 -2.00133986E+00  4.00023277E-01  9.00683310E+00  1.00009361E+00  3.20269580E-01
 -2.60866328E+00  1.00000000E+00  2.41438768E+00 -2.00168042E+00  4.00026517E-01  9.00859246E+00  1.00016119E+00  3.20337251E-01
 -2.55974619E+00  1.00000000E+00  2.37531640E+00 -2.00183267E+00  3.99991507E-01  9.01062756E+00  1.00018322E+00  3.20417773E-01
 -2.51082911E+00  1.00000000E+00  2.33624511E+00 -2.00198492E+00  4.00017169E-01  9.01266315E+00  1.00020526E+00  3.20498316E-01
 -2.46191202E+00  1.00000000E+00  2.29700360E+00 -2.00131481E+00  3.99993600E-01  9.00884820E+00  1.00007241E+00  3.20351031E-01
 -2.41299493E+00  1.00000000E+00  2.25776209E+00 -2.00064494E+00  3.99985213E-01  9.00503487E+00  9.99939600E-01  3.20203811E-01
 -2.36407784E+00  1.00000000E+00  2.21869644E+00 -2.00093888E+00  4.00002983E-01  9.00651584E+00  1.00003757E+00  3.20259131E-01
 -2.31516075E+00  1.00000000E+00  2.17963079E+00 -2.00123286E+00  3.99996588E-01  9.00799706E+00  1.00013554E+00  3.20314461E-01
 -2.26624366E+00  1.00000000E+00  2.14049657E+00 -2.00186347E+00  3.99971964E-01  9.01141356E+00  1.00020402E+00  3.20448382E-01
 -2.21732657E+00  1.00000000E+00  2.10136235E+00 -2.00249429E+00  3.99974741E-01  9.01483136E+00  1.00027253E+00  3.20582353E-01
 -2.16840948E+00  1.00000000E+00  2.06217219E+00 -2.00199670E+00  3.99968679E-01  9.01189841E+00  1.00018121E+00  3.20468688E-01
 -2.11949239E+00  1.00000000E+00  2.02298204E+00 -2.00149925E+00  3.99951310E-01  9.00896642E+00  1.00008991E+00  3.20355061E-01
 -2.07057530E+00  1.00000000E+00  1.98393388E+00 -2.00271431E+00  3.99972409E-01  9.01572842E+00  1.00027398E+00  3.20618177E-01
 -2.02165821E+00  1.00000000E+00  1.94488572E+00 -2.00393018E+00  3.99978354E-01  9.02249549E+00  1.00045818E+00  3.20881492E-01
 -1.97274112E+00  1.00000000E+00  1.90566338E+00 -2.00291784E+00  3.99935336E-01  9.01732925E+00  1.00026766E+00  3.20682464E-01
 -1.92382403E+00  1.00000000E+00  1.86644104E+00 -2.00190604E+00  3.99912928E-01  9.01216596E+00  1.00007723E+00  3.20483549E-01
 -1.87490694E+00  1.00000000E+00  1.82734122E+00 -2.00162235E+00  3.99943516E-01  9.00943209E+00  1.00012921E+00  3.20372115E-01
 -1.82598985E+00  1.00000000E+00  1.78824141E+00 -2.00133872E+00  3.99949814E-01  9.00669907E+00  1.00018121E+00  3.20260715E-01
 -1.77707276E+00  1.00000000E+00  1.74915876E+00 -2.00231522E+00  3.99961009E-01  9.01261179E+00  1.00027768E+00  3.20493364E-01
 -1.72815567E+00  1.00000000E+00  1.71007612E+00 -2.00329226E+00  3.99951417E-01  9.01852840E+00  1.00037423E+00  3.20726167E-01
 -1.67923858E+00  1.00000000E+00  1.67087627E+00 -2.00305717E+00  3.99877312E-01  9.01744780E+00  1.00037115E+00  3.20683066E-01
 -1.63032150E+00  1.00000000E+00  1.63167642E+00 -2.00282211E+00  3.99876578E-01  9.01636732E+00  1.00036809E+00  3.20639969E-01
 -1.58140441E+00  1.00000000E+00  1.59268467E+00 -2.00256076E+00  3.99824116E-01  9.01235586E+00  1.00047590E+00  3.20475199E-01
 -1.53248732E+00  1.00000000E+00  1.55369292E+00 -2.00229944E+00  3.99798950E-01  9.00834631E+00  1.00058371E+00  3.20310504E-01
 -1.48357023E+00  1.00000000E+00  1.51447612E+00 -2.00090049E+00  3.99773661E-01  9.00393163E+00  1.00012033E+00  3.20152452E-01
 -1.43465314E+00  1.00000000E+00  1.47525932E+00 -1.99950235E+00  3.99795439E-01  8.99951921E+00  9.99657243E-01  3.19994479E-01
 -1.38573605E+00  1.00000000E+00  1.43620846E+00 -1.99985868E+00  3.99767281E-01  8.99822256E+00  9.99952772E-01  3.19930791E-01
 -1.33681896E+00  1.00000000E+00  1.39715759E+00 -2.00021501E+00  3.99732227E-01  8.99692625E+00  1.00024837E+00  3.19867115E-01
 -1.28790187E+00  1.00000000E+00  1.35805390E+00 -1.99962400E+00  3.99632448E-01  8.99317099E+00  1.00018003E+00  3.19719639E-01
 -1.23898478E+00  1.00000000E+00  1.31895020E+00 -1.99903319E+00  3.99535517E-01  8.98941731E+00  1.00011170E+00  3.19572224E-01
 -1.19006769E+00  1.00000000E+00  1.28004249E+00 -1.99970067E+00  3.99469479E-01  8.99164900E+00  1.00031115E+00  3.19653514E-01
 -1.14115060E+00  1.00000000E+00  1.24113477E+00 -2.00036834E+00  3.99399169E-01  8.99388125E+00  1.00051066E+00  3.19734824E-01
 -1.09223351E+00  1.00000000E+00  1.20217019E+00 -1.99912905E+00  3.99270014E-01  8.98672186E+00  1.00034607E+00  3.19455031E-01
 -1.04331642E+00  1.00000000E+00  1.16320562E+00 -1.99789062E+00  3.99157562E-01  8.97956817E+00  1.00018161E+00  3.19175463E-01
 -9.94399333E-01  1.00000000E+00  1.12445435E+00 -1.99716715E+00  3.99104526E-01  8.97454477E+00  1.00014303E+00  3.18976069E-01
 -9.45482243E-01  1.00000000E+00  1.08570308E+00 -1.99644400E+00  3.99035423E-01  8.96952421E+00  1.00010449E+00  3.18776789E-01
 -8.96565154E-01  1.00000000E+00  1.04718499E+00 -1.99683111E+00  3.98990007E-01  8.97061313E+00  1.00024520E+00  3.18814717E-01
 -8.47648064E-01  1.00000000E+00  1.00866690E+00 -1.99721829E+00  3.98925504E-01  8.97170219E+00  1.00038592E+00  3.18852651E-01
 -7.99501858E-01  1.00000000E+00  9.71174442E-01 -1.99724007E+00  3.98887207E-01  8.97126218E+00  1.00045946E+00  3.18832109E-01
 -7.51355652E-01  1.00000000E+00  9.33681984E-01 -1.99726186E+00  3.98943383E-01  8.97082220E+00  1.00053301E+00  3.18811568E-01
 -7.08111109E-01  1.00000000E+00  9.00328825E-01 -1.99734591E+00  3.99044224E-01  8.97425752E+00  1.00033265E+00  3.18956995E-01
 -6.64866566E-01  1.00000000E+00  8.66975666E-01 -1.99742995E+00  3.99341719E-01  8.97769431E+00  1.00013232E+00  3.19102480E-01
 -6.26599939E-01  1.00000000E+00  8.38021814E-01 -2.00000157E+00  3.99774130E-01  8.99318736E+00  1.00035721E+00  3.19713206E-01
 -5.88333313E-01  1.00000000E+00  8.09067962E-01 -2.00257694E+00  4.00272437E-01  9.00870724E+00  1.00058264E+00  3.20324984E-01
 -5.54471587E-01  1.00000000E+00  7.83992287E-01 -2.00348839E+00  4.01076414E-01  9.03486330E+00  9.99365285E-01  3.21419921E-01
 -5.20609860E-01  1.00000000E+00  7.58916612E-01 -2.00439945E+00  4.01991877E-01  9.06110343E+00  9.98148634E-01  3.22518192E-01
 -4.90645977E-01  1.00000000E+00  7.37336984E-01 -2.01316882E+00  4.03120949E-01  9.10787258E+00  9.99500916E-01  3.24334867E-01
 -4.60682095E-01  1.00000000E+00  7.15757356E-01 -2.02197874E+00  4.04334960E-01  9.15488300E+00  1.00086000E+00  3.26160920E-01
 -4.34167380E-01  1.00000000E+00  6.97403684E-01 -2.02512191E+00  4.05999255E-01  9.21128390E+00  9.98883919E-01  3.28495999E-01
 -4.07652666E-01  1.00000000E+00  6.79050012E-01 -2.02826997E+00  4.07861280E-01  9.26806045E+00  9.96909613E-01  3.30846033E-01
 -3.84190072E-01  1.00000000E+00  6.63421766E-01 -2.04229437E+00  4.09938922E-01  9.35817062E+00  9.98337135E-01  3.34393339E-01
 -3.60727478E-01  1.00000000E+00  6.47793520E-01 -2.05642965E+00  4.12103744E-01  9.44916257E+00  9.99777911E-01  3.37975386E-01
 -3.39965684E-01  1.00000000E+00  6.34773524E-01 -2.06630532E+00  4.14801002E-01  9.55015058E+00  9.98533793E-01  3.42064671E-01
 -3.19203889E-01  1.00000000E+00  6.21753528E-01 -2.07624314E+00  4.17697452E-01  9.65226002E+00  9.97293242E-01  3.46198671E-01
 -3.00831998E-01  1.00000000E+00  6.10996562E-01 -2.09510835E+00  4.21007075E-01  9.79246400E+00  9.98222771E-01  3.51769649E-01
 -2.82460107E-01  1.00000000E+00  6.00239595E-01 -2.11417930E+00  4.24444833E-01  9.93473358E+00  9.99170947E-01  3.57422505E-01
 -2.66203017E-01  1.00000000E+00  5.91542958E-01 -2.12771900E+00  4.28455188E-01  1.00857181E+01  9.97007389E-01  3.63548427E-01
 -2.49945927E-01  1.00000000E+00  5.82846321E-01 -2.14137088E+00  4.32769738E-01  1.02390967E+01  9.94849509E-01  3.69769888E-01
 -2.35560203E-01  1.00000000E+00  5.76161844E-01 -2.16996270E+00  4.37482279E-01  1.04557219E+01  9.96497961E-01  3.78368958E-01
 -2.21174479E-01  1.00000000E+00  5.69477367E-01 -2.19900798E+00  4.42276881E-01  1.06769927E+01  9.98185540E-01  3.87152285E-01
 -2.08421419E-01  1.00000000E+00  5.64486789E-01 -2.22768562E+00  4.47645755E-01  1.09099507E+01  9.98891103E-01  3.96442383E-01
 -1.95668358E-01  1.00000000E+00  5.59496210E-01 -2.25681793E+00  4.53226313E-01  1.11480775E+01  9.99633058E-01  4.05937779E-01
 -1.83439085E-01  1.00000000E+00  5.56331319E-01 -2.27853867E+00  4.59965104E-01  1.14173318E+01  9.95892722E-01  4.16857564E-01
 -1.71209813E-01  1.00000000E+00  5.53166427E-01 -2.30051162E+00  4.67233094E-01  1.16933901E+01  9.92158605E-01  4.28049260E-01
 -1.58980541E-01  1.00000000E+00  5.49703813E-01 -2.35326150E+00  4.76225346E-01  1.21150529E+01  9.95596097E-01  4.44778272E-01
 -1.46751268E-01  1.00000000E+00  5.46241198E-01 -2.40742632E+00  4.84983555E-01  1.25521172E+01  9.99143830E-01  4.62118933E-01
 -1.34521996E-01  1.00000000E+00  5.51426039E-01 -2.46686046E+00  4.96957167E-01  1.31366675E+01  9.97923256E-01  4.85549771E-01
 -1.22292724E-01  1.00000000E+00  5.56610880E-01 -2.52808790E+00  5.09498567E-01  1.37491002E+01  9.96793485E-01  5.10092269E-01
 -1.10063451E-01  1.00000000E+00  5.48691166E-01 -2.61741504E+00  5.26366925E-01  1.44921435E+01  1.00216411E+00  5.39599175E-01
 -9.78341789E-02  1.00000000E+00  5.40771453E-01 -2.71041552E+00  5.43324801E-01  1.52757697E+01  1.00783557E+00  5.70717364E-01
 -8.56049065E-02  1.00000000E+00  5.85426369E-01 -2.71090487E+00  5.75259883E-01  1.67273378E+01  9.60386973E-01  6.30678032E-01
 -7.33756342E-02  1.00000000E+00  6.30081286E-01 -2.70374855E+00  6.14798522E-01  1.83349117E+01  9.13436310E-01  6.96859016E-01
 -6.11463618E-02  1.00000000E+00  5.05346465E-01 -2.99960802E+00  6.36552711E-01  1.86791956E+01  9.99986566E-01  7.07168360E-01
 -4.89170895E-02  1.00000000E+00  3.80611644E-01 -3.30731267E+00  6.14340811E-01  1.90477705E+01  1.09564996E+00  7.18084820E-01
 -3.66878171E-02  1.00000000E+00  1.20058630E+00 -9.20327552E+00  6.01550212E-01  3.13424860E+01  3.18621499E+00  1.12625084E+00
 -2.44585447E-02  1.00000000E+00  2.02056095E+00 -2.14196421E+01  6.04407763E-01  5.57476923E+01  8.64526352E+00  1.88409715E+00
 -1.22292724E-02  1.00000000E+00  3.28104546E-01  2.28822555E+00  1.29175174E+00  3.31724265E+01  8.10214809E-01  1.29448847E+00
  0.00000000E+00  1.00000000E+00 -1.36435185E+00  3.52058395E+01  3.59796630E+00  7.72566868E+01  1.63051133E+01  2.43806294E+00
