# curve 5 (die wall), step =      400, time =   1.60000000E+02
# N1 = tau_xx - tau_yy = G ( c_xx - c_yy ),  G =  1.0000E-01  (polymer part only)
#              x               y        pressure            c_xy        gammadot            c_xx            c_yy              N1
 -1.00000000E+01  1.00000000E+00  7.08094453E+00 -1.28597225E+00  4.20945077E-01  4.80517966E+00  8.32140516E-01  3.97303914E-01
 -9.95040609E+00  1.00000000E+00  7.04726916E+00 -1.28560476E+00  4.20991671E-01  4.80359412E+00  8.32102398E-01  3.97149173E-01
 -9.90081218E+00  1.00000000E+00  7.01359378E+00 -1.28523737E+00  4.21028600E-01  4.80200911E+00  8.32064306E-01  3.96994481E-01
 -9.85121827E+00  1.00000000E+00  6.98004999E+00 -1.28547739E+00  4.21011261E-01  4.80336782E+00  8.32089200E-01  3.97127862E-01
 -9.80162437E+00  1.00000000E+00  6.94650619E+00 -1.28571747E+00  4.20975419E-01  4.80472691E+00  8.32114100E-01  3.97261281E-01
 -9.75203046E+00  1.00000000E+00  6.91280271E+00 -1.28562525E+00  4.20957636E-01  4.80405909E+00  8.32081608E-01  3.97197748E-01
 -9.70243655E+00  1.00000000E+00  6.87909923E+00 -1.28553304E+00  4.20973658E-01  4.80339136E+00  8.32049116E-01  3.97134224E-01
 -9.65284264E+00  1.00000000E+00  6.84550449E+00 -1.28587801E+00  4.20966532E-01  4.80414569E+00  8.32189225E-01  3.97195647E-01
 -9.60324873E+00  1.00000000E+00  6.81190974E+00 -1.28622305E+00  4.20900998E-01  4.80490016E+00  8.32329368E-01  3.97257079E-01
 -9.55365482E+00  1.00000000E+00  6.77837838E+00 -1.28647150E+00  4.20860012E-01  4.80681473E+00  8.32308574E-01  3.97450616E-01
 -9.50406091E+00  1.00000000E+00  6.74484701E+00 -1.28672001E+00  4.20796666E-01  4.80873009E+00  8.32287784E-01  3.97644230E-01
 -9.45446701E+00  1.00000000E+00  6.71104376E+00 -1.28619654E+00  4.20813489E-01  4.80640235E+00  8.32231160E-01  3.97417119E-01
 -9.40487310E+00  1.00000000E+00  6.67724050E+00 -1.28567330E+00  4.20847039E-01  4.80407573E+00  8.32174586E-01  3.97190114E-01
 -9.35527919E+00  1.00000000E+00  6.64369316E+00 -1.28646995E+00  4.20861529E-01  4.80664970E+00  8.32268892E-01  3.97438081E-01
 -9.30568528E+00  1.00000000E+00  6.61014583E+00 -1.28726700E+00  4.20834737E-01  4.80922508E+00  8.32363357E-01  3.97686172E-01
 -9.25609137E+00  1.00000000E+00  6.57654320E+00 -1.28674224E+00  4.20850214E-01  4.80806745E+00  8.32272680E-01  3.97579477E-01
 -9.20649746E+00  1.00000000E+00  6.54294057E+00 -1.28621760E+00  4.20890534E-01  4.80691014E+00  8.32182081E-01  3.97472806E-01
 -9.15690355E+00  1.00000000E+00  6.50924557E+00 -1.28612770E+00  4.20896396E-01  4.80608184E+00  8.32170530E-01  3.97391131E-01
 -9.10730965E+00  1.00000000E+00  6.47555057E+00 -1.28603781E+00  4.20921438E-01  4.80525370E+00  8.32158979E-01  3.97309472E-01
 -9.05771574E+00  1.00000000E+00  6.44197208E+00 -1.28600590E+00  4.20966115E-01  4.80590697E+00  8.32073431E-01  3.97383354E-01
 -9.00812183E+00  1.00000000E+00  6.40839360E+00 -1.28597398E+00  4.20991892E-01  4.80656036E+00  8.31987889E-01  3.97457248E-01
 -8.95852792E+00  1.00000000E+00  6.37474705E+00 -1.28603348E+00  4.20979029E-01  4.80592536E+00  8.32071041E-01  3.97385431E-01
 -8.90893401E+00  1.00000000E+00  6.34110050E+00 -1.28609298E+00  4.20969358E-01  4.80529046E+00  8.32154198E-01  3.97313626E-01
 -8.85934010E+00  1.00000000E+00  6.30752410E+00 -1.28609850E+00  4.20975263E-01  4.80582896E+00  8.32148667E-01  3.97368029E-01
 -8.80974619E+00  1.00000000E+00  6.27394770E+00 -1.28610401E+00  4.20945067E-01  4.80636752E+00  8.32143135E-01  3.97422439E-01
 -8.76015229E+00  1.00000000E+00  6.24024282E+00 -1.28598982E+00  4.20927805E-01  4.80551080E+00  8.32121255E-01  3.97338955E-01
 -8.71055838E+00  1.00000000E+00  6.20653793E+00 -1.28587563E+00  4.20956062E-01  4.80465424E+00  8.32099376E-01  3.97255487E-01
 -8.66096447E+00  1.00000000E+00  6.17296770E+00 -1.28568603E+00  4.20977457E-01  4.80386892E+00  8.32111804E-01  3.97175711E-01
 -8.61137056E+00  1.00000000E+00  6.13939747E+00 -1.28549647E+00  4.20972798E-01  4.80308372E+00  8.32124245E-01  3.97095948E-01
 -8.56177665E+00  1.00000000E+00  6.10577238E+00 -1.28568288E+00  4.20970770E-01  4.80354354E+00  8.32169649E-01  3.97137389E-01
 -8.51218274E+00  1.00000000E+00  6.07214728E+00 -1.28586931E+00  4.20958570E-01  4.80400341E+00  8.32215063E-01  3.97178835E-01
 -8.46258884E+00  1.00000000E+00  6.03850319E+00 -1.28630934E+00  4.20918305E-01  4.80621551E+00  8.32226525E-01  3.97398899E-01
 -8.41299493E+00  1.00000000E+00  6.00485911E+00 -1.28674955E+00  4.20851540E-01  4.80842864E+00  8.32238026E-01  3.97619061E-01
 -8.36340102E+00  1.00000000E+00  5.97122975E+00 -1.28602495E+00  4.20900469E-01  4.80595735E+00  8.32138748E-01  3.97381861E-01
 -8.31380711E+00  1.00000000E+00  5.93760040E+00 -1.28530070E+00  4.20934916E-01  4.80348735E+00  8.32039592E-01  3.97144776E-01
 -8.26421320E+00  1.00000000E+00  5.90397509E+00 -1.28558308E+00  4.20942301E-01  4.80378640E+00  8.32115563E-01  3.97167084E-01
 -8.21461929E+00  1.00000000E+00  5.87034978E+00 -1.28586548E+00  4.20950696E-01  4.80408551E+00  8.32191558E-01  3.97189395E-01
 -8.16502538E+00  1.00000000E+00  5.83674466E+00 -1.28642598E+00  4.20933506E-01  4.80653845E+00  8.32256804E-01  3.97428165E-01
 -8.11543148E+00  1.00000000E+00  5.80313953E+00 -1.28698674E+00  4.20858170E-01  4.80899264E+00  8.32322108E-01  3.97667053E-01
 -8.06583757E+00  1.00000000E+00  5.76945440E+00 -1.28623679E+00  4.20873826E-01  4.80650589E+00  8.32192685E-01  3.97431320E-01
 -8.01624366E+00  1.00000000E+00  5.73576926E+00 -1.28548721E+00  4.20917330E-01  4.80402043E+00  8.32063389E-01  3.97195704E-01
 -7.96664975E+00  1.00000000E+00  5.70219687E+00 -1.28572285E+00  4.20934483E-01  4.80420990E+00  8.32146073E-01  3.97206382E-01
 -7.91705584E+00  1.00000000E+00  5.66862448E+00 -1.28595850E+00  4.20945632E-01  4.80439939E+00  8.32228774E-01  3.97217062E-01
 -7.86746193E+00  1.00000000E+00  5.63498911E+00 -1.28632100E+00  4.20941581E-01  4.80643749E+00  8.32178981E-01  3.97425851E-01
 -7.81786802E+00  1.00000000E+00  5.60135374E+00 -1.28668363E+00  4.20916716E-01  4.80847647E+00  8.32129229E-01  3.97634724E-01
 -7.76827412E+00  1.00000000E+00  5.56771658E+00 -1.28599580E+00  4.20951057E-01  4.80610037E+00  8.32064210E-01  3.97403616E-01
 -7.71868021E+00  1.00000000E+00  5.53407941E+00 -1.28530828E+00  4.20969496E-01  4.80372547E+00  8.31999311E-01  3.97172615E-01
 -7.66908630E+00  1.00000000E+00  5.50045071E+00 -1.28555527E+00  4.20964286E-01  4.80391966E+00  8.32069445E-01  3.97185022E-01
 -7.61949239E+00  1.00000000E+00  5.46682201E+00 -1.28580226E+00  4.20958523E-01  4.80411389E+00  8.32139598E-01  3.97197430E-01
 -7.56989848E+00  1.00000000E+00  5.43323047E+00 -1.28643869E+00  4.20941020E-01  4.80650062E+00  8.32254021E-01  3.97424660E-01
 -7.52030457E+00  1.00000000E+00  5.39963894E+00 -1.28707542E+00  4.20861162E-01  4.80888854E+00  8.32368525E-01  3.97652001E-01
 -7.47071066E+00  1.00000000E+00  5.36594331E+00 -1.28628153E+00  4.20873696E-01  4.80637356E+00  8.32223392E-01  3.97415016E-01
 -7.42111676E+00  1.00000000E+00  5.33224768E+00 -1.28548804E+00  4.20918258E-01  4.80385992E+00  8.32078404E-01  3.97178151E-01
 -7.37152285E+00  1.00000000E+00  5.29867338E+00 -1.28572003E+00  4.20933054E-01  4.80408924E+00  8.32154856E-01  3.97193439E-01
 -7.32192894E+00  1.00000000E+00  5.26509908E+00 -1.28595203E+00  4.20943071E-01  4.80431860E+00  8.32231323E-01  3.97208728E-01
 -7.27233503E+00  1.00000000E+00  5.23145768E+00 -1.28631829E+00  4.20937405E-01  4.80642634E+00  8.32181876E-01  3.97424447E-01
 -7.22274112E+00  1.00000000E+00  5.19781628E+00 -1.28668470E+00  4.20907738E-01  4.80853501E+00  8.32132469E-01  3.97640254E-01
 -7.17314721E+00  1.00000000E+00  5.16418235E+00 -1.28598491E+00  4.20943309E-01  4.80611181E+00  8.32063418E-01  3.97404839E-01
 -7.12355330E+00  1.00000000E+00  5.13054843E+00 -1.28528544E+00  4.20963904E-01  4.80368983E+00  8.31994489E-01  3.97169534E-01
 -7.07395940E+00  1.00000000E+00  5.09692264E+00 -1.28553653E+00  4.20961717E-01  4.80390948E+00  8.32062708E-01  3.97184677E-01
 -7.02436549E+00  1.00000000E+00  5.06329685E+00 -1.28578762E+00  4.20959458E-01  4.80412916E+00  8.32130946E-01  3.97199821E-01
 -6.97477158E+00  1.00000000E+00  5.02970736E+00 -1.28645424E+00  4.20940596E-01  4.80654412E+00  8.32261390E-01  3.97428273E-01
 -6.92517767E+00  1.00000000E+00  4.99611786E+00 -1.28712119E+00  4.20854898E-01  4.80896030E+00  8.32391923E-01  3.97656837E-01
 -6.87558376E+00  1.00000000E+00  4.96242562E+00 -1.28634117E+00  4.20863963E-01  4.80644265E+00  8.32255501E-01  3.97418715E-01
 -6.82598985E+00  1.00000000E+00  4.92873339E+00 -1.28556154E+00  4.20906705E-01  4.80392635E+00  8.32119218E-01  3.97180713E-01
 -6.77639594E+00  1.00000000E+00  4.89515287E+00 -1.28574433E+00  4.20920908E-01  4.80410691E+00  8.32171525E-01  3.97193538E-01
 -6.72680204E+00  1.00000000E+00  4.86157234E+00 -1.28592713E+00  4.20934008E-01  4.80428748E+00  8.32223842E-01  3.97206364E-01
 -6.67720813E+00  1.00000000E+00  4.82793083E+00 -1.28629066E+00  4.20937356E-01  4.80640613E+00  8.32166518E-01  3.97423961E-01
 -6.62761422E+00  1.00000000E+00  4.79428932E+00 -1.28665432E+00  4.20917328E-01  4.80852572E+00  8.32109236E-01  3.97641649E-01
 -6.57802031E+00  1.00000000E+00  4.76065612E+00 -1.28597248E+00  4.20949089E-01  4.80613253E+00  8.32050038E-01  3.97408249E-01
 -6.52842640E+00  1.00000000E+00  4.72702293E+00 -1.28529095E+00  4.20968019E-01  4.80374053E+00  8.31990959E-01  3.97174958E-01
 -6.47883249E+00  1.00000000E+00  4.69339856E+00 -1.28554206E+00  4.20965645E-01  4.80396492E+00  8.32058784E-01  3.97190613E-01
 -6.42923858E+00  1.00000000E+00  4.65977420E+00 -1.28579319E+00  4.20963814E-01  4.80418934E+00  8.32126629E-01  3.97206271E-01
 -6.37964468E+00  1.00000000E+00  4.62618221E+00 -1.28643083E+00  4.20946738E-01  4.80653329E+00  8.32243156E-01  3.97429014E-01
 -6.33005077E+00  1.00000000E+00  4.59259022E+00 -1.28706877E+00  4.20868139E-01  4.80887839E+00  8.32359765E-01  3.97651863E-01
 -6.28045686E+00  1.00000000E+00  4.55889412E+00 -1.28627226E+00  4.20879071E-01  4.80636613E+00  8.32214798E-01  3.97415133E-01
 -6.23086295E+00  1.00000000E+00  4.52519802E+00 -1.28547614E+00  4.20921476E-01  4.80385521E+00  8.32069976E-01  3.97178523E-01
 -6.18126904E+00  1.00000000E+00  4.49162323E+00 -1.28572286E+00  4.20934719E-01  4.80409592E+00  8.32153763E-01  3.97194216E-01
 -6.13167513E+00  1.00000000E+00  4.45804843E+00 -1.28596959E+00  4.20942924E-01  4.80433667E+00  8.32237567E-01  3.97209910E-01
 -6.08208123E+00  1.00000000E+00  4.42440766E+00 -1.28632164E+00  4.20935737E-01  4.80641984E+00  8.32185384E-01  3.97423446E-01
 -6.03248732E+00  1.00000000E+00  4.39076688E+00 -1.28667383E+00  4.20904854E-01  4.80850393E+00  8.32133237E-01  3.97637069E-01
 -5.98289341E+00  1.00000000E+00  4.35712935E+00 -1.28599341E+00  4.20941662E-01  4.80611810E+00  8.32069210E-01  3.97404889E-01
 -5.93329950E+00  1.00000000E+00  4.32349181E+00 -1.28531330E+00  4.20962129E-01  4.80373346E+00  8.32005299E-01  3.97172816E-01
 -5.88370559E+00  1.00000000E+00  4.28986536E+00 -1.28557159E+00  4.20957579E-01  4.80392522E+00  8.32082079E-01  3.97184314E-01
 -5.83411168E+00  1.00000000E+00  4.25623890E+00 -1.28582989E+00  4.20951373E-01  4.80411701E+00  8.32158880E-01  3.97195813E-01
 -5.78451777E+00  1.00000000E+00  4.22265633E+00 -1.28644793E+00  4.20929881E-01  4.80653495E+00  8.32258803E-01  3.97427614E-01
 -5.73492387E+00  1.00000000E+00  4.18907377E+00 -1.28706625E+00  4.20854992E-01  4.80895410E+00  8.32358802E-01  3.97659529E-01
 -5.68532996E+00  1.00000000E+00  4.15536071E+00 -1.28613979E+00  4.20885251E-01  4.80617501E+00  8.32162879E-01  3.97401213E-01
 -5.63573605E+00  1.00000000E+00  4.12164766E+00 -1.28521386E+00  4.20942352E-01  4.80339758E+00  8.31967152E-01  3.97143043E-01
 -5.58614214E+00  1.00000000E+00  4.08809040E+00 -1.28558718E+00  4.20964407E-01  4.80384505E+00  8.32102413E-01  3.97174264E-01
 -5.53654823E+00  1.00000000E+00  4.05453315E+00 -1.28596054E+00  4.20967789E-01  4.80429261E+00  8.32237715E-01  3.97205490E-01
 -5.48695432E+00  1.00000000E+00  4.02087860E+00 -1.28632594E+00  4.20934724E-01  4.80633363E+00  8.32216622E-01  3.97411701E-01
 -5.43736041E+00  1.00000000E+00  3.98722405E+00 -1.28669147E+00  4.20869995E-01  4.80837553E+00  8.32195560E-01  3.97617997E-01
 -5.38776651E+00  1.00000000E+00  3.95360196E+00 -1.28598837E+00  4.20917703E-01  4.80594789E+00  8.32108856E-01  3.97383903E-01
 -5.33817260E+00  1.00000000E+00  3.91997987E+00 -1.28528560E+00  4.20948280E-01  4.80352149E+00  8.32022270E-01  3.97149922E-01
 -5.28857869E+00  1.00000000E+00  3.88635443E+00 -1.28557082E+00  4.20952795E-01  4.80379712E+00  8.32103750E-01  3.97169337E-01
 -5.23898478E+00  1.00000000E+00  3.85272899E+00 -1.28585606E+00  4.20958069E-01  4.80407281E+00  8.32185255E-01  3.97188755E-01
 -5.18939087E+00  1.00000000E+00  3.81912486E+00 -1.28641001E+00  4.20940465E-01  4.80657717E+00  8.32241811E-01  3.97433536E-01
 -5.13979696E+00  1.00000000E+00  3.78552073E+00 -1.28696423E+00  4.20872888E-01  4.80908284E+00  8.32298423E-01  3.97678442E-01
 -5.09020305E+00  1.00000000E+00  3.75180294E+00 -1.28607860E+00  4.20905404E-01  4.80615708E+00  8.32131165E-01  3.97402592E-01
 -5.04060915E+00  1.00000000E+00  3.71808515E+00 -1.28519350E+00  4.20952996E-01  4.80323312E+00  8.31964079E-01  3.97126904E-01
 -4.99101524E+00  1.00000000E+00  3.68457301E+00 -1.28559191E+00  4.20953521E-01  4.80383990E+00  8.32109008E-01  3.97173089E-01
 -4.94142133E+00  1.00000000E+00  3.65106087E+00 -1.28599038E+00  4.20936903E-01  4.80444680E+00  8.32253982E-01  3.97219282E-01
 -4.89182742E+00  1.00000000E+00  3.61739284E+00 -1.28627917E+00  4.20915439E-01  4.80581661E+00  8.32261710E-01  3.97355489E-01
 -4.84223351E+00  1.00000000E+00  3.58372480E+00 -1.28656803E+00  4.20874697E-01  4.80718680E+00  8.32269457E-01  3.97491734E-01
 -4.79263960E+00  1.00000000E+00  3.55006364E+00 -1.28604704E+00  4.20891496E-01  4.80550985E+00  8.32190363E-01  3.97331948E-01
 -4.74304569E+00  1.00000000E+00  3.51640247E+00 -1.28552622E+00  4.20915920E-01  4.80383349E+00  8.32111334E-01  3.97172216E-01
 -4.69345179E+00  1.00000000E+00  3.48279587E+00 -1.28570300E+00  4.20918351E-01  4.80420034E+00  8.32132602E-01  3.97206774E-01
 -4.64385788E+00  1.00000000E+00  3.44918927E+00 -1.28587979E+00  4.20928922E-01  4.80456722E+00  8.32153880E-01  3.97241334E-01
 -4.59426397E+00  1.00000000E+00  3.41561840E+00 -1.28661162E+00  4.20924942E-01  4.80691229E+00  8.32310357E-01  3.97460193E-01
 -4.54467006E+00  1.00000000E+00  3.38204753E+00 -1.28734380E+00  4.20851734E-01  4.80925852E+00  8.32466951E-01  3.97679157E-01
 -4.49507615E+00  1.00000000E+00  3.34837103E+00 -1.28725481E+00  4.20836050E-01  4.80992309E+00  8.32341365E-01  3.97758172E-01
 -4.44548224E+00  1.00000000E+00  3.31469453E+00 -1.28716582E+00  4.20827823E-01  4.81058778E+00  8.32215795E-01  3.97837199E-01
 -4.39588833E+00  1.00000000E+00  3.28106497E+00 -1.28613627E+00  4.20859382E-01  4.80692180E+00  8.32093487E-01  3.97482831E-01
 -4.34629443E+00  1.00000000E+00  3.24743541E+00 -1.28510745E+00  4.20926248E-01  4.80325862E+00  8.31971427E-01  3.97128719E-01
 -4.29670052E+00  1.00000000E+00  3.21379711E+00 -1.28582675E+00  4.20945267E-01  4.80576399E+00  8.32058441E-01  3.97370555E-01
 -4.24710661E+00  1.00000000E+00  3.18015882E+00 -1.28654639E+00  4.20898308E-01  4.80827068E+00  8.32145578E-01  3.97612511E-01
 -4.19751270E+00  1.00000000E+00  3.14652132E+00 -1.28575728E+00  4.20937819E-01  4.80544063E+00  8.32035745E-01  3.97340489E-01
 -4.14791879E+00  1.00000000E+00  3.11288381E+00 -1.28496861E+00  4.21003346E-01  4.80261225E+00  8.31926050E-01  3.97068620E-01
 -4.09832488E+00  1.00000000E+00  3.07931173E+00 -1.28548299E+00  4.20980967E-01  4.80376146E+00  8.32099217E-01  3.97166224E-01
 -4.04873097E+00  1.00000000E+00  3.04573965E+00 -1.28599751E+00  4.20903549E-01  4.80491098E+00  8.32272453E-01  3.97263853E-01
 -3.99913707E+00  1.00000000E+00  3.01202867E+00 -1.28587961E+00  4.20895777E-01  4.80453665E+00  8.32202578E-01  3.97233408E-01
 -3.94954316E+00  1.00000000E+00  2.97831769E+00 -1.28576172E+00  4.20914488E-01  4.80416236E+00  8.32132710E-01  3.97202965E-01
 -3.89994925E+00  1.00000000E+00  2.94480001E+00 -1.28667657E+00  4.20897994E-01  4.80795228E+00  8.32259171E-01  3.97569311E-01
 -3.85035534E+00  1.00000000E+00  2.91128232E+00 -1.28759207E+00  4.20818411E-01  4.81174519E+00  8.32385793E-01  3.97935940E-01
 -3.80076143E+00  1.00000000E+00  2.87757929E+00 -1.28661214E+00  4.20833853E-01  4.80882579E+00  8.32190371E-01  3.97663542E-01
 -3.75116752E+00  1.00000000E+00  2.84387626E+00 -1.28563280E+00  4.20883434E-01  4.80590821E+00  8.31995173E-01  3.97391304E-01
 -3.70157361E+00  1.00000000E+00  2.81023821E+00 -1.28600976E+00  4.20895663E-01  4.80679993E+00  8.32040270E-01  3.97475966E-01
 -3.65197971E+00  1.00000000E+00  2.77660016E+00 -1.28638679E+00  4.20896052E-01  4.80769183E+00  8.32085411E-01  3.97560642E-01
 -3.60238580E+00  1.00000000E+00  2.74293285E+00 -1.28622327E+00  4.20910169E-01  4.80679231E+00  8.32052793E-01  3.97473952E-01
 -3.55279189E+00  1.00000000E+00  2.70926554E+00 -1.28605978E+00  4.20956744E-01  4.80589297E+00  8.32020179E-01  3.97387279E-01
 -3.50319798E+00  1.00000000E+00  2.67574093E+00 -1.28606086E+00  4.20995102E-01  4.80531020E+00  8.32123249E-01  3.97318695E-01
 -3.45360407E+00  1.00000000E+00  2.64221632E+00 -1.28606194E+00  4.20998194E-01  4.80472751E+00  8.32226333E-01  3.97250117E-01
 -3.40401016E+00  1.00000000E+00  2.60858694E+00 -1.28663003E+00  4.20949167E-01  4.80759924E+00  8.32267735E-01  3.97533150E-01
 -3.35441626E+00  1.00000000E+00  2.57495757E+00 -1.28719841E+00  4.20839660E-01  4.81047269E+00  8.32309190E-01  3.97816350E-01
 -3.30482235E+00  1.00000000E+00  2.54129716E+00 -1.28621104E+00  4.20855525E-01  4.80721119E+00  8.32137101E-01  3.97507409E-01
 -3.25522844E+00  1.00000000E+00  2.50763674E+00 -1.28522430E+00  4.20901602E-01  4.80395194E+00  8.31965229E-01  3.97198671E-01
 -3.20563453E+00  1.00000000E+00  2.47394297E+00 -1.28534779E+00  4.20937007E-01  4.80355220E+00  8.31998883E-01  3.97155332E-01
 -3.15604062E+00  1.00000000E+00  2.44024920E+00 -1.28547125E+00  4.20970528E-01  4.80315254E+00  8.32032544E-01  3.97111999E-01
 -3.10644671E+00  1.00000000E+00  2.40671486E+00 -1.28564126E+00  4.20979964E-01  4.80332669E+00  8.32168694E-01  3.97115800E-01
 -3.05685280E+00  1.00000000E+00  2.37318053E+00 -1.28581129E+00  4.20935112E-01  4.80350087E+00  8.32304866E-01  3.97119600E-01
 -3.00725890E+00  1.00000000E+00  2.33955163E+00 -1.28639426E+00  4.20899950E-01  4.80643268E+00  8.32309160E-01  3.97412352E-01
 -2.95766499E+00  1.00000000E+00  2.30592272E+00 -1.28697754E+00  4.20823083E-01  4.80936629E+00  8.32313526E-01  3.97705277E-01
 -2.90807108E+00  1.00000000E+00  2.27222098E+00 -1.28624006E+00  4.20844325E-01  4.80669597E+00  8.32231189E-01  3.97446478E-01
 -2.85847717E+00  1.00000000E+00  2.23851924E+00 -1.28550295E+00  4.20882855E-01  4.80402713E+00  8.32148979E-01  3.97187815E-01
 -2.80888326E+00  1.00000000E+00  2.20503727E+00 -1.28658965E+00  4.20856301E-01  4.80784215E+00  8.32273163E-01  3.97556899E-01
 -2.75928935E+00  1.00000000E+00  2.17155530E+00 -1.28767716E+00  4.20799772E-01  4.81166022E+00  8.32397629E-01  3.97926259E-01
 -2.70969544E+00  1.00000000E+00  2.13780525E+00 -1.28686072E+00  4.20837104E-01  4.80971509E+00  8.32144916E-01  3.97757018E-01
 -2.66010154E+00  1.00000000E+00  2.10405521E+00 -1.28604465E+00  4.20910215E-01  4.80777084E+00  8.31892368E-01  3.97587847E-01
 -2.61050763E+00  1.00000000E+00  2.07042448E+00 -1.28582138E+00  4.20948563E-01  4.80606050E+00  8.31962351E-01  3.97409815E-01
 -2.56091372E+00  1.00000000E+00  2.03679375E+00 -1.28559818E+00  4.20991822E-01  4.80435078E+00  8.32032352E-01  3.97231843E-01
 -2.51131981E+00  1.00000000E+00  2.00319907E+00 -1.28570179E+00  4.21002277E-01  4.80434742E+00  8.32087392E-01  3.97226003E-01
 -2.46172590E+00  1.00000000E+00  1.96960440E+00 -1.28580540E+00  4.20992610E-01  4.80434408E+00  8.32142435E-01  3.97220164E-01
 -2.41213199E+00  1.00000000E+00  1.93599397E+00 -1.28636089E+00  4.20964271E-01  4.80661018E+00  8.32209564E-01  3.97440061E-01
 -2.36253808E+00  1.00000000E+00  1.90238354E+00 -1.28691661E+00  4.20882657E-01  4.80887735E+00  8.32276756E-01  3.97660059E-01
 -2.31294418E+00  1.00000000E+00  1.86873846E+00 -1.28612550E+00  4.20912623E-01  4.80626739E+00  8.32147827E-01  3.97411956E-01
 -2.26335027E+00  1.00000000E+00  1.83509339E+00 -1.28533481E+00  4.20959950E-01  4.80365886E+00  8.32019040E-01  3.97163982E-01
 -2.21375636E+00  1.00000000E+00  1.80143263E+00 -1.28550186E+00  4.20963695E-01  4.80338511E+00  8.32100549E-01  3.97128456E-01
 -2.16416245E+00  1.00000000E+00  1.76777187E+00 -1.28566891E+00  4.20957431E-01  4.80311141E+00  8.32182070E-01  3.97092934E-01
 -2.11456854E+00  1.00000000E+00  1.73421047E+00 -1.28591024E+00  4.20948150E-01  4.80474572E+00  8.32177582E-01  3.97256814E-01
 -2.06497463E+00  1.00000000E+00  1.70064907E+00 -1.28615163E+00  4.20915046E-01  4.80638060E+00  8.32173101E-01  3.97420750E-01
 -2.01538072E+00  1.00000000E+00  1.66694975E+00 -1.28608839E+00  4.20887182E-01  4.80565687E+00  8.32181561E-01  3.97347531E-01
 -1.96578682E+00  1.00000000E+00  1.63325043E+00 -1.28602515E+00  4.20891656E-01  4.80493326E+00  8.32190021E-01  3.97274324E-01
 -1.91619291E+00  1.00000000E+00  1.59968246E+00 -1.28611094E+00  4.20917128E-01  4.80587103E+00  8.32179023E-01  3.97369201E-01
 -1.86659900E+00  1.00000000E+00  1.56611449E+00 -1.28619673E+00  4.20900199E-01  4.80680900E+00  8.32168024E-01  3.97464097E-01
 -1.81700509E+00  1.00000000E+00  1.53237726E+00 -1.28605468E+00  4.20873991E-01  4.80565675E+00  8.32158875E-01  3.97349787E-01
 -1.76741118E+00  1.00000000E+00  1.49864003E+00 -1.28591265E+00  4.20883936E-01  4.80450479E+00  8.32149725E-01  3.97235507E-01
 -1.71781727E+00  1.00000000E+00  1.46509338E+00 -1.28569862E+00  4.20874980E-01  4.80411281E+00  8.32110078E-01  3.97200274E-01
 -1.66822336E+00  1.00000000E+00  1.43154672E+00 -1.28548460E+00  4.20833350E-01  4.80372088E+00  8.32070443E-01  3.97165044E-01
 -1.61862946E+00  1.00000000E+00  1.39788482E+00 -1.28545850E+00  4.20807124E-01  4.80285003E+00  8.32106844E-01  3.97074319E-01
 -1.56903555E+00  1.00000000E+00  1.36422292E+00 -1.28543240E+00  4.20793430E-01  4.80197936E+00  8.32143244E-01  3.96983612E-01
 -1.51944164E+00  1.00000000E+00  1.33071959E+00 -1.28608784E+00  4.20686992E-01  4.80388405E+00  8.32392413E-01  3.97149163E-01
 -1.46984773E+00  1.00000000E+00  1.29721625E+00 -1.28674356E+00  4.20479563E-01  4.80578951E+00  8.32641689E-01  3.97314782E-01
 -1.42025382E+00  1.00000000E+00  1.26353845E+00 -1.28570206E+00  4.20416295E-01  4.80196562E+00  8.32481881E-01  3.96948374E-01
 -1.37065991E+00  1.00000000E+00  1.22986064E+00 -1.28466133E+00  4.20379226E-01  4.79814477E+00  8.32322302E-01  3.96582247E-01
 -1.32106600E+00  1.00000000E+00  1.19631625E+00 -1.28508531E+00  4.20295797E-01  4.79880053E+00  8.32442199E-01  3.96635833E-01
 -1.27147210E+00  1.00000000E+00  1.16277185E+00 -1.28550935E+00  4.20159563E-01  4.79945642E+00  8.32562145E-01  3.96689428E-01
 -1.22187819E+00  1.00000000E+00  1.12927580E+00 -1.28518696E+00  4.20037863E-01  4.79756082E+00  8.32606793E-01  3.96495402E-01
 -1.17228428E+00  1.00000000E+00  1.09577974E+00 -1.28486468E+00  4.19900460E-01  4.79566596E+00  8.32651471E-01  3.96301449E-01
 -1.12269037E+00  1.00000000E+00  1.06238183E+00 -1.28455048E+00  4.19739818E-01  4.79340952E+00  8.32707406E-01  3.96070212E-01
 -1.07309646E+00  1.00000000E+00  1.02898392E+00 -1.28423640E+00  4.19579159E-01  4.79115417E+00  8.32763364E-01  3.95839081E-01
 -1.02350255E+00  1.00000000E+00  9.95783491E-01 -1.28389787E+00  4.19361393E-01  4.78846668E+00  8.32928293E-01  3.95553839E-01
 -9.73908645E-01  1.00000000E+00  9.62583066E-01 -1.28355951E+00  4.19126428E-01  4.78578074E+00  8.33093303E-01  3.95268744E-01
 -9.24314736E-01  1.00000000E+00  9.29540130E-01 -1.28308130E+00  4.18920547E-01  4.78374631E+00  8.33043177E-01  3.95070313E-01
 -8.74720828E-01  1.00000000E+00  8.96497194E-01 -1.28260328E+00  4.18717142E-01  4.78171273E+00  8.32993096E-01  3.94871963E-01
 -8.25312107E-01  1.00000000E+00  8.64048186E-01 -1.28240344E+00  4.18495107E-01  4.77888226E+00  8.33240669E-01  3.94564159E-01
 -7.75903387E-01  1.00000000E+00  8.31599177E-01 -1.28220370E+00  4.18306370E-01  4.77605358E+00  8.33488333E-01  3.94256525E-01
 -7.30665613E-01  1.00000000E+00  8.02316834E-01 -1.28228914E+00  4.18364281E-01  4.77620917E+00  8.33478944E-01  3.94273023E-01
 -6.85427839E-01  1.00000000E+00  7.73034490E-01 -1.28237459E+00  4.18406375E-01  4.77636477E+00  8.33469559E-01  3.94289521E-01
 -6.45465100E-01  1.00000000E+00  7.47772386E-01 -1.28220460E+00  4.18654150E-01  4.77840807E+00  8.33119537E-01  3.94528853E-01
 -6.05502361E-01  1.00000000E+00  7.22510283E-01 -1.28203459E+00  4.18995079E-01  4.78045251E+00  8.32769632E-01  3.94768288E-01
 -5.70199545E-01  1.00000000E+00  7.00857163E-01 -1.28237868E+00  4.19509365E-01  4.78501642E+00  8.32461933E-01  3.95255449E-01
 -5.34896729E-01  1.00000000E+00  6.79204043E-01 -1.28272299E+00  4.20185007E-01  4.78958502E+00  8.32154361E-01  3.95743066E-01
 -5.03710456E-01  1.00000000E+00  6.60601493E-01 -1.28482093E+00  4.21066472E-01  4.80069927E+00  8.32044052E-01  3.96865522E-01
 -4.72524184E-01  1.00000000E+00  6.41998942E-01 -1.28692301E+00  4.22080926E-01  4.81183938E+00  8.31934815E-01  3.97990456E-01
 -4.44974441E-01  1.00000000E+00  6.26616399E-01 -1.28995716E+00  4.23627136E-01  4.83021651E+00  8.31509913E-01  3.99870660E-01
 -4.17424698E-01  1.00000000E+00  6.11233857E-01 -1.29300092E+00  4.25335379E-01  4.84866457E+00  8.31087574E-01  4.01757700E-01
 -3.93087440E-01  1.00000000E+00  5.98225251E-01 -1.29564536E+00  4.26996805E-01  4.86757652E+00  8.30484370E-01  4.03709215E-01
 -3.68750182E-01  1.00000000E+00  5.85216646E-01 -1.29829795E+00  4.29236392E-01  4.88656401E+00  8.29883253E-01  4.05668076E-01
 -3.47250809E-01  1.00000000E+00  5.74503348E-01 -1.30057008E+00  4.31953344E-01  4.91531614E+00  8.27808878E-01  4.08750726E-01
 -3.25751437E-01  1.00000000E+00  5.63790050E-01 -1.30285262E+00  4.35071744E-01  4.94424916E+00  8.25741132E-01  4.11850803E-01
 -3.06759035E-01  1.00000000E+00  5.55377525E-01 -1.30967837E+00  4.38267832E-01  4.98148802E+00  8.25407106E-01  4.15608092E-01
 -2.87766633E-01  1.00000000E+00  5.46965001E-01 -1.31654768E+00  4.41810675E-01  5.01900835E+00  8.25083765E-01  4.19392459E-01
 -2.70988873E-01  1.00000000E+00  5.40351758E-01 -1.32080009E+00  4.45975226E-01  5.06210872E+00  8.22609230E-01  4.23949949E-01
 -2.54211113E-01  1.00000000E+00  5.33738515E-01 -1.32508077E+00  4.50429163E-01  5.10559798E+00  8.20147129E-01  4.28545085E-01
 -2.39389755E-01  1.00000000E+00  5.28972017E-01 -1.33154668E+00  4.55195857E-01  5.15545505E+00  8.18342995E-01  4.33711205E-01
 -2.24568396E-01  1.00000000E+00  5.24205519E-01 -1.33806250E+00  4.60288627E-01  5.20581231E+00  8.16553084E-01  4.38925922E-01
 -2.11472015E-01  1.00000000E+00  5.21053391E-01 -1.34626588E+00  4.65767916E-01  5.26531740E+00  8.14732971E-01  4.45058442E-01
 -1.98375634E-01  1.00000000E+00  5.17901263E-01 -1.35454445E+00  4.71537187E-01  5.32551734E+00  8.12933001E-01  4.51258434E-01
 -1.85977157E-01  1.00000000E+00  5.16527685E-01 -1.36558562E+00  4.78406710E-01  5.40118024E+00  8.11083060E-01  4.59009718E-01
 -1.73578680E-01  1.00000000E+00  5.15154107E-01 -1.37675417E+00  4.85720625E-01  5.47793584E+00  8.09265112E-01  4.66867073E-01
 -1.61180203E-01  1.00000000E+00  5.14562134E-01 -1.38563156E+00  4.95052985E-01  5.56950432E+00  8.04781916E-01  4.76472240E-01
 -1.48781726E-01  1.00000000E+00  5.13970161E-01 -1.39462049E+00  5.04887904E-01  5.66267773E+00  8.00341806E-01  4.86233592E-01
 -1.36383248E-01  1.00000000E+00  5.18878218E-01 -1.41017775E+00  5.17143056E-01  5.79841729E+00  7.95578543E-01  5.00283875E-01
 -1.23984771E-01  1.00000000E+00  5.23786275E-01 -1.42602058E+00  5.30861081E-01  5.93751849E+00  7.90894998E-01  5.14662349E-01
 -1.11586294E-01  1.00000000E+00  5.23350537E-01 -1.45051309E+00  5.49389713E-01  6.10125429E+00  7.88184337E-01  5.31306996E-01
 -9.91878171E-02  1.00000000E+00  5.22914798E-01 -1.47556598E+00  5.67911812E-01  6.26955299E+00  7.85606937E-01  5.48394605E-01
 -8.67893400E-02  1.00000000E+00  5.60062062E-01 -1.44320569E+00  5.96371183E-01  6.55807471E+00  7.47628199E-01  5.81044651E-01
 -7.43908628E-02  1.00000000E+00  5.97209326E-01 -1.40957791E+00  6.34247523E-01  6.86494260E+00  7.11004832E-01  6.15393777E-01
 -6.19923857E-02  1.00000000E+00  5.37850791E-01 -1.35040116E+00  6.73430922E-01  6.85504344E+00  6.89051925E-01  6.16599152E-01
 -4.95939085E-02  1.00000000E+00  4.78492256E-01 -1.29162586E+00  6.88373197E-01  6.84711775E+00  6.68019283E-01  6.17909847E-01
 -3.71954314E-02  1.00000000E+00  9.65703829E-01 -2.19097011E+00  7.44472415E-01  9.07695747E+00  8.94318180E-01  8.18263929E-01
 -2.47969543E-02  1.00000000E+00  1.45291540E+00 -3.44334134E+00  8.97056071E-01  1.21948020E+01  1.28283170E+00  1.09119703E+00
 -1.23984771E-02  1.00000000E+00  5.34274548E-01  9.43554491E-01  1.70745874E+00  1.02087158E+01  4.74567541E-01  9.73414824E-01
  0.00000000E+00  1.00000000E+00 -3.84366306E-01  7.20246666E+00  4.04862162E+00  1.73193352E+01  3.23363939E+00  1.40856958E+00
