# curve 5 (die wall), step =      200, time =   8.00000000E+01
# N1 = tau_xx - tau_yy = G ( c_xx - c_yy ),  G =  6.6667E-02  (polymer part only)
#              x               y        pressure            c_xy        gammadot            c_xx            c_yy              N1
 -1.00000000E+01  1.00000000E+00  6.59834587E+00 -1.53561760E+00  4.24081900E-01  6.97460343E+00  7.58599802E-01  4.14400242E-01
 -9.95040609E+00  1.00000000E+00  6.56714265E+00 -1.53531718E+00  4.24129151E-01  6.97218695E+00  7.58612724E-01  4.14238282E-01
 -9.90081218E+00  1.00000000E+00  6.53593942E+00 -1.53501685E+00  4.24165219E-01  6.96977132E+00  7.58625654E-01  4.14076378E-01
 -9.85121827E+00  1.00000000E+00  6.50482773E+00 -1.53518296E+00  4.24146314E-01  6.97199157E+00  7.58599128E-01  4.14226163E-01
 -9.80162437E+00  1.00000000E+00  6.47371604E+00 -1.53534909E+00  4.24106322E-01  6.97421257E+00  7.58572599E-01  4.14375998E-01
 -9.75203046E+00  1.00000000E+00  6.44245060E+00 -1.53519062E+00  4.24096513E-01  6.97295849E+00  7.58534635E-01  4.14294924E-01
 -9.70243655E+00  1.00000000E+00  6.41118516E+00 -1.53503218E+00  4.24124227E-01  6.97170465E+00  7.58496673E-01  4.14213865E-01
 -9.65284264E+00  1.00000000E+00  6.38003127E+00 -1.53553561E+00  4.24114151E-01  6.97314934E+00  7.58649883E-01  4.14299964E-01
 -9.60324873E+00  1.00000000E+00  6.34887739E+00 -1.53603916E+00  4.24048581E-01  6.97459436E+00  7.58803141E-01  4.14386081E-01
 -9.55365482E+00  1.00000000E+00  6.31779131E+00 -1.53627750E+00  4.24006938E-01  6.97804642E+00  7.58743488E-01  4.14620196E-01
 -9.50406091E+00  1.00000000E+00  6.28670522E+00 -1.53651586E+00  4.23928561E-01  6.98150031E+00  7.58683827E-01  4.14854432E-01
 -9.45446701E+00  1.00000000E+00  6.25534871E+00 -1.53593734E+00  4.23955519E-01  6.97763754E+00  7.58662884E-01  4.14598310E-01
 -9.40487310E+00  1.00000000E+00  6.22399220E+00 -1.53535909E+00  4.23991602E-01  6.97377692E+00  7.58641977E-01  4.14342330E-01
 -9.35527919E+00  1.00000000E+00  6.19287288E+00 -1.53617467E+00  4.24009241E-01  6.97771309E+00  7.58676253E-01  4.14602455E-01
 -9.30568528E+00  1.00000000E+00  6.16175355E+00 -1.53699068E+00  4.23991086E-01  6.98165147E+00  7.58710653E-01  4.14862721E-01
 -9.25609137E+00  1.00000000E+00  6.13061492E+00 -1.53655135E+00  4.24003666E-01  6.97998991E+00  7.58693742E-01  4.14753078E-01
 -9.20649746E+00  1.00000000E+00  6.09947628E+00 -1.53611212E+00  4.24031950E-01  6.97832875E+00  7.58676875E-01  4.14643458E-01
 -9.15690355E+00  1.00000000E+00  6.06821413E+00 -1.53587807E+00  4.24044463E-01  6.97688562E+00  7.58622682E-01  4.14550863E-01
 -9.10730965E+00  1.00000000E+00  6.03695198E+00 -1.53564407E+00  4.24078920E-01  6.97544280E+00  7.58568494E-01  4.14458287E-01
 -9.05771574E+00  1.00000000E+00  6.00581327E+00 -1.53556345E+00  4.24124888E-01  6.97610718E+00  7.58470014E-01  4.14509145E-01
 -9.00812183E+00  1.00000000E+00  5.97467457E+00 -1.53548283E+00  4.24154077E-01  6.97677166E+00  7.58371543E-01  4.14560007E-01
 -8.95852792E+00  1.00000000E+00  5.94347291E+00 -1.53562938E+00  4.24146412E-01  6.97581867E+00  7.58490877E-01  4.14488520E-01
 -8.90893401E+00  1.00000000E+00  5.91227126E+00 -1.53577590E+00  4.24138750E-01  6.97486589E+00  7.58610224E-01  4.14417044E-01
 -8.85934010E+00  1.00000000E+00  5.88114802E+00 -1.53582985E+00  4.24131415E-01  6.97598916E+00  7.58612820E-01  4.14491756E-01
 -8.80974619E+00  1.00000000E+00  5.85002478E+00 -1.53588379E+00  4.24083326E-01  6.97711262E+00  7.58615415E-01  4.14566481E-01
 -8.76015229E+00  1.00000000E+00  5.81875446E+00 -1.53570403E+00  4.24071529E-01  6.97556531E+00  7.58590028E-01  4.14465019E-01
 -8.71055838E+00  1.00000000E+00  5.78748414E+00 -1.53552430E+00  4.24106719E-01  6.97401835E+00  7.58564641E-01  4.14363581E-01
 -8.66096447E+00  1.00000000E+00  5.75636237E+00 -1.53536690E+00  4.24116543E-01  6.97270541E+00  7.58608392E-01  4.14273135E-01
 -8.61137056E+00  1.00000000E+00  5.72524060E+00 -1.53520952E+00  4.24098650E-01  6.97139272E+00  7.58652154E-01  4.14182705E-01
 -8.56177665E+00  1.00000000E+00  5.69405217E+00 -1.53543267E+00  4.24103037E-01  6.97224653E+00  7.58688729E-01  4.14237187E-01
 -8.51218274E+00  1.00000000E+00  5.66286374E+00 -1.53565586E+00  4.24096566E-01  6.97310045E+00  7.58725313E-01  4.14291676E-01
 -8.46258884E+00  1.00000000E+00  5.63165846E+00 -1.53603746E+00  4.24057454E-01  6.97681012E+00  7.58661323E-01  4.14543253E-01
 -8.41299493E+00  1.00000000E+00  5.60045318E+00 -1.53641919E+00  4.24001844E-01  6.98052183E+00  7.58597351E-01  4.14794965E-01
 -8.36340102E+00  1.00000000E+00  5.56928443E+00 -1.53568698E+00  4.24050101E-01  6.97650140E+00  7.58570574E-01  4.14528722E-01
 -8.31380711E+00  1.00000000E+00  5.53811568E+00 -1.53495514E+00  4.24071998E-01  6.97248328E+00  7.58543883E-01  4.14262626E-01
 -8.26421320E+00  1.00000000E+00  5.50691128E+00 -1.53525071E+00  4.24084110E-01  6.97286937E+00  7.58603241E-01  4.14284408E-01
 -8.21461929E+00  1.00000000E+00  5.47570689E+00 -1.53554629E+00  4.24100379E-01  6.97325551E+00  7.58662618E-01  4.14306193E-01
 -8.16502538E+00  1.00000000E+00  5.44454115E+00 -1.53615220E+00  4.24083326E-01  6.97734374E+00  7.58681621E-01  4.14577474E-01
 -8.11543148E+00  1.00000000E+00  5.41337541E+00 -1.53675841E+00  4.24013218E-01  6.98143438E+00  7.58700662E-01  4.14848915E-01
 -8.06583757E+00  1.00000000E+00  5.38215280E+00 -1.53595832E+00  4.24018154E-01  6.97741239E+00  7.58626964E-01  4.14585695E-01
 -8.01624366E+00  1.00000000E+00  5.35093018E+00 -1.53515866E+00  4.24047830E-01  6.97339271E+00  7.58553359E-01  4.14322623E-01
 -7.96664975E+00  1.00000000E+00  5.31979239E+00 -1.53541235E+00  4.24073762E-01  6.97361222E+00  7.58625580E-01  4.14332443E-01
 -7.91705584E+00  1.00000000E+00  5.28865460E+00 -1.53566605E+00  4.24093293E-01  6.97383177E+00  7.58697814E-01  4.14342264E-01
 -7.86746193E+00  1.00000000E+00  5.25745756E+00 -1.53599432E+00  4.24094740E-01  6.97696961E+00  7.58591136E-01  4.14558565E-01
 -7.81786802E+00  1.00000000E+00  5.22626052E+00 -1.53632272E+00  4.24084518E-01  6.98010890E+00  7.58484499E-01  4.14774960E-01
 -7.76827412E+00  1.00000000E+00  5.19508250E+00 -1.53561686E+00  4.24113606E-01  6.97639719E+00  7.58481133E-01  4.14527737E-01
 -7.71868021E+00  1.00000000E+00  5.16390448E+00 -1.53491135E+00  4.24116878E-01  6.97268744E+00  7.58477865E-01  4.14280639E-01
 -7.66908630E+00  1.00000000E+00  5.13270033E+00 -1.53516892E+00  4.24112584E-01  6.97291091E+00  7.58539252E-01  4.14291444E-01
 -7.61949239E+00  1.00000000E+00  5.10149617E+00 -1.53542649E+00  4.24110138E-01  6.97313441E+00  7.58600655E-01  4.14302250E-01
 -7.56989848E+00  1.00000000E+00  5.07034466E+00 -1.53618529E+00  4.24091064E-01  6.97716418E+00  7.58691557E-01  4.14564842E-01
 -7.52030457E+00  1.00000000E+00  5.03919315E+00 -1.53694449E+00  4.24012739E-01  6.98119629E+00  7.58782530E-01  4.14827584E-01
 -7.47071066E+00  1.00000000E+00  5.00795925E+00 -1.53607218E+00  4.24015143E-01  6.97715359E+00  7.58684660E-01  4.14564595E-01
 -7.42111676E+00  1.00000000E+00  4.97672535E+00 -1.53520035E+00  4.24045736E-01  6.97311323E+00  7.58586907E-01  4.14301755E-01
 -7.37152285E+00  1.00000000E+00  4.94558268E+00 -1.53542846E+00  4.24068572E-01  6.97336374E+00  7.58646252E-01  4.14314499E-01
 -7.32192894E+00  1.00000000E+00  4.91444001E+00 -1.53565658E+00  4.24086847E-01  6.97361428E+00  7.58705608E-01  4.14327244E-01
 -7.27233503E+00  1.00000000E+00  4.88323574E+00 -1.53596509E+00  4.24086408E-01  6.97689892E+00  7.58588087E-01  4.14554056E-01
 -7.22274112E+00  1.00000000E+00  4.85203146E+00 -1.53627372E+00  4.24071822E-01  6.98018517E+00  7.58470604E-01  4.14780971E-01
 -7.17314721E+00  1.00000000E+00  4.82085904E+00 -1.53556860E+00  4.24105189E-01  6.97640103E+00  7.58468203E-01  4.14528855E-01
 -7.12355330E+00  1.00000000E+00  4.78968663E+00 -1.53486383E+00  4.24111813E-01  6.97261894E+00  7.58465898E-01  4.14276869E-01
 -7.07395940E+00  1.00000000E+00  4.75848536E+00 -1.53512757E+00  4.24111586E-01  6.97289889E+00  7.58524112E-01  4.14291652E-01
 -7.02436549E+00  1.00000000E+00  4.72728408E+00 -1.53539131E+00  4.24113451E-01  6.97317889E+00  7.58582342E-01  4.14306437E-01
 -6.97477158E+00  1.00000000E+00  4.69613525E+00 -1.53621369E+00  4.24091870E-01  6.97728315E+00  7.58700720E-01  4.14572162E-01
 -6.92517767E+00  1.00000000E+00  4.66498642E+00 -1.53703652E+00  4.24004392E-01  6.98138982E+00  7.58819186E-01  4.14838043E-01
 -6.87558376E+00  1.00000000E+00  4.63375795E+00 -1.53619406E+00  4.24001519E-01  6.97736959E+00  7.58734798E-01  4.14575653E-01
 -6.82598985E+00  1.00000000E+00  4.60252948E+00 -1.53535205E+00  4.24028910E-01  6.97335167E+00  7.58650519E-01  4.14313410E-01
 -6.77639594E+00  1.00000000E+00  4.57137717E+00 -1.53546571E+00  4.24051711E-01  6.97346592E+00  7.58665379E-01  4.14320036E-01
 -6.72680204E+00  1.00000000E+00  4.54022485E+00 -1.53557936E+00  4.24075459E-01  6.97358017E+00  7.58680243E-01  4.14326662E-01
 -6.67720813E+00  1.00000000E+00  4.50902020E+00 -1.53589021E+00  4.24087432E-01  6.97681050E+00  7.58558248E-01  4.14550150E-01
 -6.62761422E+00  1.00000000E+00  4.47781554E+00 -1.53620118E+00  4.24085371E-01  6.98004237E+00  7.58436297E-01  4.14773738E-01
 -6.57802031E+00  1.00000000E+00  4.44664396E+00 -1.53552947E+00  4.24114590E-01  6.97637399E+00  7.58444989E-01  4.14528600E-01
 -6.52842640E+00  1.00000000E+00  4.41547237E+00 -1.53485808E+00  4.24120034E-01  6.97270754E+00  7.58453773E-01  4.14283584E-01
 -6.47883249E+00  1.00000000E+00  4.38427407E+00 -1.53512901E+00  4.24119449E-01  6.97300864E+00  7.58514608E-01  4.14299602E-01
 -6.42923858E+00  1.00000000E+00  4.35307577E+00 -1.53539995E+00  4.24121015E-01  6.97330978E+00  7.58575460E-01  4.14315622E-01
 -6.37964468E+00  1.00000000E+00  4.32192505E+00 -1.53618155E+00  4.24101382E-01  6.97722893E+00  7.58678691E-01  4.14570016E-01
 -6.33005077E+00  1.00000000E+00  4.29077434E+00 -1.53696355E+00  4.24022919E-01  6.98115027E+00  7.58782002E-01  4.14824551E-01
 -6.28045686E+00  1.00000000E+00  4.25953854E+00 -1.53606954E+00  4.24022123E-01  6.97710697E+00  7.58678712E-01  4.14561884E-01
 -6.23086295E+00  1.00000000E+00  4.22830274E+00 -1.53517603E+00  4.24049481E-01  6.97306601E+00  7.58575547E-01  4.14299364E-01
 -6.18126904E+00  1.00000000E+00  4.19715985E+00 -1.53543284E+00  4.24069988E-01  6.97334710E+00  7.58646259E-01  4.14313389E-01
 -6.13167513E+00  1.00000000E+00  4.16601695E+00 -1.53568965E+00  4.24085760E-01  6.97362823E+00  7.58716986E-01  4.14327416E-01
 -6.08208123E+00  1.00000000E+00  4.13481307E+00 -1.53597434E+00  4.24083582E-01  6.97689912E+00  7.58594729E-01  4.14553626E-01
 -6.03248732E+00  1.00000000E+00  4.10360920E+00 -1.53625912E+00  4.24067336E-01  6.98017162E+00  7.58472507E-01  4.14779941E-01
 -5.98289341E+00  1.00000000E+00  4.07243111E+00 -1.53558250E+00  4.24101712E-01  6.97643096E+00  7.58476990E-01  4.14530265E-01
 -5.93329950E+00  1.00000000E+00  4.04125302E+00 -1.53490620E+00  4.24107908E-01  6.97269230E+00  7.58481560E-01  4.14280716E-01
 -5.88370559E+00  1.00000000E+00  4.01005330E+00 -1.53518656E+00  4.24104629E-01  6.97293376E+00  7.58550919E-01  4.14292190E-01
 -5.83411168E+00  1.00000000E+00  3.97885358E+00 -1.53546692E+00  4.24101937E-01  6.97317527E+00  7.58620295E-01  4.14303665E-01
 -5.78451777E+00  1.00000000E+00  3.94771517E+00 -1.53621125E+00  4.24078823E-01  6.97729301E+00  7.58698469E-01  4.14572969E-01
 -5.73492387E+00  1.00000000E+00  3.91657676E+00 -1.53695597E+00  4.24007026E-01  6.98141318E+00  7.58776710E-01  4.14842431E-01
 -5.68532996E+00  1.00000000E+00  3.88531783E+00 -1.53584221E+00  4.24029377E-01  6.97677119E+00  7.58603891E-01  4.14544486E-01
 -5.63573605E+00  1.00000000E+00  3.85405889E+00 -1.53472918E+00  4.24075420E-01  6.97213230E+00  7.58431264E-01  4.14246735E-01
 -5.58614214E+00  1.00000000E+00  3.82293752E+00 -1.53526120E+00  4.24104852E-01  6.97284988E+00  7.58597120E-01  4.14283518E-01
 -5.53654823E+00  1.00000000E+00  3.79181616E+00 -1.53579329E+00  4.24111106E-01  6.97356764E+00  7.58763038E-01  4.14320307E-01
 -5.48695432E+00  1.00000000E+00  3.76059918E+00 -1.53606097E+00  4.24078171E-01  6.97692432E+00  7.58654442E-01  4.14551325E-01
 -5.43736041E+00  1.00000000E+00  3.72938220E+00 -1.53632872E+00  4.24025085E-01  6.98028270E+00  7.58545865E-01  4.14782455E-01
 -5.38776651E+00  1.00000000E+00  3.69822252E+00 -1.53562610E+00  4.24071753E-01  6.97638466E+00  7.58533079E-01  4.14523439E-01
 -5.33817260E+00  1.00000000E+00  3.66706284E+00 -1.53492384E+00  4.24088929E-01  6.97248879E+00  7.58520377E-01  4.14264561E-01
 -5.28857869E+00  1.00000000E+00  3.63585838E+00 -1.53522953E+00  4.24097299E-01  6.97284428E+00  7.58589236E-01  4.14283669E-01
 -5.23898478E+00  1.00000000E+00  3.60465392E+00 -1.53553523E+00  4.24109341E-01  6.97319981E+00  7.58658117E-01  4.14302780E-01
 -5.18939087E+00  1.00000000E+00  3.57348975E+00 -1.53613150E+00  4.24091571E-01  6.97740059E+00  7.58666546E-01  4.14582270E-01
 -5.13979696E+00  1.00000000E+00  3.54232557E+00 -1.53672806E+00  4.24030142E-01  6.98160393E+00  7.58675012E-01  4.14861928E-01
 -5.09020305E+00  1.00000000E+00  3.51106790E+00 -1.53571623E+00  4.24052921E-01  6.97671121E+00  7.58552958E-01  4.14543883E-01
 -5.04060915E+00  1.00000000E+00  3.47981023E+00 -1.53470507E+00  4.24088059E-01  6.97182192E+00  7.58431049E-01  4.14226058E-01
 -4.99101524E+00  1.00000000E+00  3.44873615E+00 -1.53526593E+00  4.24091795E-01  6.97284713E+00  7.58602893E-01  4.14282949E-01
 -4.94142133E+00  1.00000000E+00  3.41766207E+00 -1.53582689E+00  4.24072552E-01  6.97387257E+00  7.58774803E-01  4.14339851E-01
 -4.89182742E+00  1.00000000E+00  3.38642863E+00 -1.53607404E+00  4.24052183E-01  6.97620628E+00  7.58729590E-01  4.14498446E-01
 -4.84223351E+00  1.00000000E+00  3.35519520E+00 -1.53632124E+00  4.24015597E-01  6.97854079E+00  7.58684386E-01  4.14657094E-01
 -4.79263960E+00  1.00000000E+00  3.32398917E+00 -1.53576111E+00  4.24033992E-01  6.97582491E+00  7.58639264E-01  4.14479043E-01
 -4.74304569E+00  1.00000000E+00  3.29278313E+00 -1.53520117E+00  4.24053834E-01  6.97311008E+00  7.58594192E-01  4.14301059E-01
 -4.69345179E+00  1.00000000E+00  3.26160874E+00 -1.53534878E+00  4.24063393E-01  6.97364649E+00  7.58588147E-01  4.14337223E-01
 -4.64385788E+00  1.00000000E+00  3.23043436E+00 -1.53549640E+00  4.24086655E-01  6.97418294E+00  7.58582109E-01  4.14373389E-01
 -4.59426397E+00  1.00000000E+00  3.19929785E+00 -1.53640295E+00  4.24084844E-01  6.97808563E+00  7.58728192E-01  4.14623829E-01
 -4.54467006E+00  1.00000000E+00  3.16816135E+00 -1.53730999E+00  4.24015898E-01  6.98199051E+00  7.58874397E-01  4.14874408E-01
 -4.49507615E+00  1.00000000E+00  3.13693443E+00 -1.53707058E+00  4.23999223E-01  6.98299267E+00  7.58696242E-01  4.14953095E-01
 -4.44548224E+00  1.00000000E+00  3.10570750E+00 -1.53683114E+00  4.23992517E-01  6.98399508E+00  7.58518119E-01  4.15031798E-01
 -4.39588833E+00  1.00000000E+00  3.07454306E+00 -1.53577217E+00  4.24022500E-01  6.97815136E+00  7.58489473E-01  4.14644126E-01
 -4.34629443E+00  1.00000000E+00  3.04337861E+00 -1.53471400E+00  4.24084751E-01  6.97231252E+00  7.58461013E-01  4.14256767E-01
 -4.29670052E+00  1.00000000E+00  3.01215699E+00 -1.53537646E+00  4.24103392E-01  6.97612655E+00  7.58460626E-01  4.14511061E-01
 -4.24710661E+00  1.00000000E+00  2.98093536E+00 -1.53603924E+00  4.24059028E-01  6.97994265E+00  7.58460316E-01  4.14765489E-01
 -4.19751270E+00  1.00000000E+00  2.94975914E+00 -1.53530056E+00  4.24099242E-01  6.97539885E+00  7.58451593E-01  4.14463150E-01
 -4.14791879E+00  1.00000000E+00  2.91858292E+00 -1.53456230E+00  4.24149804E-01  6.97085801E+00  7.58442950E-01  4.14161004E-01
 -4.09832488E+00  1.00000000E+00  2.88744154E+00 -1.53517396E+00  4.24120973E-01  6.97293217E+00  7.58598714E-01  4.14288897E-01
 -4.04873097E+00  1.00000000E+00  2.85630016E+00 -1.53578581E+00  4.24032970E-01  6.97500697E+00  7.58754540E-01  4.14416829E-01
 -3.99913707E+00  1.00000000E+00  2.82502877E+00 -1.53554673E+00  4.24036938E-01  6.97432138E+00  7.58644670E-01  4.14378447E-01
 -3.94954316E+00  1.00000000E+00  2.79375737E+00 -1.53530768E+00  4.24078493E-01  6.97363585E+00  7.58534816E-01  4.14340069E-01
 -3.89994925E+00  1.00000000E+00  2.76268114E+00 -1.53638993E+00  4.24064902E-01  6.97996284E+00  7.58625820E-01  4.14755801E-01
 -3.85035534E+00  1.00000000E+00  2.73160490E+00 -1.53747303E+00  4.23988334E-01  6.98629557E+00  7.58716962E-01  4.15171907E-01
 -3.80076143E+00  1.00000000E+00  2.70036173E+00 -1.53631608E+00  4.23993393E-01  6.98141439E+00  7.58563118E-01  4.14856752E-01
 -3.75116752E+00  1.00000000E+00  2.66911856E+00 -1.53515991E+00  4.24028996E-01  6.97653664E+00  7.58409488E-01  4.14541810E-01
 -3.70157361E+00  1.00000000E+00  2.63790916E+00 -1.53549155E+00  4.24048878E-01  6.97768904E+00  7.58410132E-01  4.14618594E-01
 -3.65197971E+00  1.00000000E+00  2.60669976E+00 -1.53582323E+00  4.24056094E-01  6.97884163E+00  7.58410807E-01  4.14695388E-01
 -3.60238580E+00  1.00000000E+00  2.57547013E+00 -1.53567473E+00  4.24084572E-01  6.97722938E+00  7.58404011E-01  4.14588358E-01
 -3.55279189E+00  1.00000000E+00  2.54424049E+00 -1.53552623E+00  4.24144583E-01  6.97561752E+00  7.58397213E-01  4.14481354E-01
 -3.50319798E+00  1.00000000E+00  2.51317610E+00 -1.53577639E+00  4.24173809E-01  6.97489942E+00  7.58588784E-01  4.14420709E-01
 -3.45360407E+00  1.00000000E+00  2.48211170E+00 -1.53602655E+00  4.24164344E-01  6.97418148E+00  7.58780395E-01  4.14360072E-01
 -3.40401016E+00  1.00000000E+00  2.45090312E+00 -1.53646644E+00  4.24109771E-01  6.97909964E+00  7.58705719E-01  4.14692928E-01
 -3.35441626E+00  1.00000000E+00  2.41969453E+00 -1.53690649E+00  4.23996655E-01  6.98402144E+00  7.58631046E-01  4.15026026E-01
 -3.30482235E+00  1.00000000E+00  2.38850338E+00 -1.53582442E+00  4.24001742E-01  6.97859027E+00  7.58534252E-01  4.14670401E-01
 -3.25522844E+00  1.00000000E+00  2.35731222E+00 -1.53474311E+00  4.24031432E-01  6.97316332E+00  7.58437631E-01  4.14315046E-01
 -3.20563453E+00  1.00000000E+00  2.32604701E+00 -1.53485902E+00  4.24076116E-01  6.97225661E+00  7.58464835E-01  4.14252785E-01
 -3.15604062E+00  1.00000000E+00  2.29478180E+00 -1.53497488E+00  4.24118373E-01  6.97135009E+00  7.58492046E-01  4.14190536E-01
 -3.10644671E+00  1.00000000E+00  2.26369332E+00 -1.53536410E+00  4.24126907E-01  6.97195308E+00  7.58680326E-01  4.14218184E-01
 -3.05685280E+00  1.00000000E+00  2.23260484E+00 -1.53575339E+00  4.24075405E-01  6.97255616E+00  7.58868654E-01  4.14245834E-01
 -3.00725890E+00  1.00000000E+00  2.20140575E+00 -1.53622435E+00  4.24043971E-01  6.97758745E+00  7.58756917E-01  4.14588702E-01
 -2.95766499E+00  1.00000000E+00  2.17020667E+00 -1.53669552E+00  4.23975828E-01  6.98262253E+00  7.58645212E-01  4.14931821E-01
 -2.90807108E+00  1.00000000E+00  2.13895912E+00 -1.53593361E+00  4.23995966E-01  6.97817782E+00  7.58637347E-01  4.14636032E-01
 -2.85847717E+00  1.00000000E+00  2.10771158E+00 -1.53517212E+00  4.24028674E-01  6.97373594E+00  7.58629576E-01  4.14340424E-01
 -2.80888326E+00  1.00000000E+00  2.07666471E+00 -1.53628080E+00  4.24008750E-01  6.97977494E+00  7.58653198E-01  4.14741449E-01
 -2.75928935E+00  1.00000000E+00  2.04561785E+00 -1.53739034E+00  4.23971390E-01  6.98581916E+00  7.58677031E-01  4.15142808E-01
 -2.70969544E+00  1.00000000E+00  2.01432076E+00 -1.53637846E+00  4.24013893E-01  6.98247974E+00  7.58428783E-01  4.14936731E-01
 -2.66010154E+00  1.00000000E+00  1.98302367E+00 -1.53536711E+00  4.24090275E-01  6.97914199E+00  7.58180709E-01  4.14730752E-01
 -2.61050763E+00  1.00000000E+00  1.95183205E+00 -1.53530929E+00  4.24127876E-01  6.97636755E+00  7.58343363E-01  4.14534946E-01
 -2.56091372E+00  1.00000000E+00  1.92064042E+00 -1.53525146E+00  4.24160032E-01  6.97359435E+00  7.58506039E-01  4.14339221E-01
 -2.51131981E+00  1.00000000E+00  1.88949663E+00 -1.53541761E+00  4.24168142E-01  6.97368233E+00  7.58573679E-01  4.14340577E-01
 -2.46172590E+00  1.00000000E+00  1.85835284E+00 -1.53558376E+00  4.24156288E-01  6.97377032E+00  7.58641325E-01  4.14341933E-01
 -2.41213199E+00  1.00000000E+00  1.82717244E+00 -1.53614036E+00  4.24120992E-01  6.97757732E+00  7.58651222E-01  4.14595073E-01
 -2.36253808E+00  1.00000000E+00  1.79599204E+00 -1.53669720E+00  4.24038212E-01  6.98138643E+00  7.58661153E-01  4.14848352E-01
 -2.31294418E+00  1.00000000E+00  1.76480119E+00 -1.53587852E+00  4.24061744E-01  6.97705874E+00  7.58608315E-01  4.14563362E-01
 -2.26335027E+00  1.00000000E+00  1.73361034E+00 -1.53506030E+00  4.24092964E-01  6.97273373E+00  7.58555578E-01  4.14278543E-01
 -2.21375636E+00  1.00000000E+00  1.70238606E+00 -1.53520778E+00  4.24096189E-01  6.97213135E+00  7.58620329E-01  4.14234068E-01
 -2.16416245E+00  1.00000000E+00  1.67116177E+00 -1.53535524E+00  4.24093975E-01  6.97152907E+00  7.58685086E-01  4.14189599E-01
 -2.11456854E+00  1.00000000E+00  1.64004283E+00 -1.53559602E+00  4.24089515E-01  6.97443295E+00  7.58639884E-01  4.14386205E-01
 -2.06497463E+00  1.00000000E+00  1.60892389E+00 -1.53583685E+00  4.24057897E-01  6.97733811E+00  7.58594681E-01  4.14582895E-01
 -2.01538072E+00  1.00000000E+00  1.57765594E+00 -1.53572004E+00  4.24040776E-01  6.97608106E+00  7.58593410E-01  4.14499177E-01
 -1.96578682E+00  1.00000000E+00  1.54638799E+00 -1.53560324E+00  4.24060826E-01  6.97482424E+00  7.58592139E-01  4.14415473E-01
 -1.91619291E+00  1.00000000E+00  1.51526860E+00 -1.53579999E+00  4.24081223E-01  6.97653655E+00  7.58605351E-01  4.14528746E-01
 -1.86659900E+00  1.00000000E+00  1.48414921E+00 -1.53599676E+00  4.24049907E-01  6.97824929E+00  7.58618564E-01  4.14642048E-01
 -1.81700509E+00  1.00000000E+00  1.45284569E+00 -1.53576023E+00  4.24027263E-01  6.97619529E+00  7.58601399E-01  4.14506259E-01
 -1.76741118E+00  1.00000000E+00  1.42154218E+00 -1.53552375E+00  4.24040911E-01  6.97414191E+00  7.58584234E-01  4.14370512E-01
 -1.71781727E+00  1.00000000E+00  1.39044261E+00 -1.53530268E+00  4.24020624E-01  6.97341667E+00  7.58557047E-01  4.14323975E-01
 -1.66822336E+00  1.00000000E+00  1.35934304E+00 -1.53508163E+00  4.23968954E-01  6.97269150E+00  7.58529870E-01  4.14277442E-01
 -1.61862946E+00  1.00000000E+00  1.32811601E+00 -1.53505269E+00  4.23946851E-01  6.97122753E+00  7.58576749E-01  4.14176719E-01
 -1.56903555E+00  1.00000000E+00  1.29688899E+00 -1.53502374E+00  4.23936141E-01  6.96976391E+00  7.58623627E-01  4.14076019E-01
 -1.51944164E+00  1.00000000E+00  1.26581081E+00 -1.53587818E+00  4.23809524E-01  6.97335639E+00  7.58871393E-01  4.14299000E-01
 -1.46984773E+00  1.00000000E+00  1.23473264E+00 -1.53673308E+00  4.23571952E-01  6.97695072E+00  7.59119275E-01  4.14522096E-01
 -1.42025382E+00  1.00000000E+00  1.20351710E+00 -1.53556474E+00  4.23489037E-01  6.97073222E+00  7.59020686E-01  4.14114102E-01
 -1.37065991E+00  1.00000000E+00  1.17230156E+00 -1.53439735E+00  4.23424410E-01  6.96451925E+00  7.58922287E-01  4.13706464E-01
 -1.32106600E+00  1.00000000E+00  1.14116446E+00 -1.53474182E+00  4.23320891E-01  6.96528685E+00  7.58991706E-01  4.13753009E-01
 -1.27147210E+00  1.00000000E+00  1.11002736E+00 -1.53508633E+00  4.23164762E-01  6.96605455E+00  7.59061149E-01  4.13799560E-01
 -1.22187819E+00  1.00000000E+00  1.07897453E+00 -1.53478560E+00  4.23007166E-01  6.96270260E+00  7.59169680E-01  4.13568861E-01
 -1.17228428E+00  1.00000000E+00  1.04792170E+00 -1.53448498E+00  4.22819226E-01  6.95935234E+00  7.59278238E-01  4.13338273E-01
 -1.12269037E+00  1.00000000E+00  1.01696064E+00 -1.53413789E+00  4.22607887E-01  6.95535792E+00  7.59385832E-01  4.13064806E-01
 -1.07309646E+00  1.00000000E+00  9.85999583E-01 -1.53379093E+00  4.22387150E-01  6.95136590E+00  7.59493448E-01  4.12791497E-01
 -1.02350255E+00  1.00000000E+00  9.55244137E-01 -1.53340645E+00  4.22067400E-01  6.94637553E+00  7.59734278E-01  4.12442750E-01
 -9.73908645E-01  1.00000000E+00  9.24488690E-01 -1.53302219E+00  4.21722062E-01  6.94138892E+00  7.59975223E-01  4.12094246E-01
 -9.24314736E-01  1.00000000E+00  8.93903922E-01 -1.53239551E+00  4.21395814E-01  6.93702908E+00  7.60005383E-01  4.11801580E-01
 -8.74720828E-01  1.00000000E+00  8.63319155E-01 -1.53176915E+00  4.21060787E-01  6.93267200E+00  7.60035604E-01  4.11509093E-01
 -8.25312107E-01  1.00000000E+00  8.33348698E-01 -1.53143292E+00  4.20631066E-01  6.92567040E+00  7.60433533E-01  4.11015791E-01
 -7.75903387E-01  1.00000000E+00  8.03378242E-01 -1.53109691E+00  4.20226881E-01  6.91867645E+00  7.60831667E-01  4.10522986E-01
 -7.30665613E-01  1.00000000E+00  7.76396501E-01 -1.53085698E+00  4.20074425E-01  6.91559328E+00  7.60928852E-01  4.10310962E-01
 -6.85427839E-01  1.00000000E+00  7.49414760E-01 -1.53061712E+00  4.19865010E-01  6.91251156E+00  7.61026051E-01  4.10099034E-01
 -6.45465100E-01  1.00000000E+00  7.26219287E-01 -1.52980807E+00  4.19833155E-01  6.91115646E+00  7.60743663E-01  4.10027520E-01
 -6.05502361E-01  1.00000000E+00  7.03023815E-01 -1.52899926E+00  4.19884997E-01  6.90980178E+00  7.60461420E-01  4.09956024E-01
 -5.70199545E-01  1.00000000E+00  6.83272795E-01 -1.52855816E+00  4.20059029E-01  6.91049439E+00  7.60234655E-01  4.10017316E-01
 -5.34896729E-01  1.00000000E+00  6.63521776E-01 -1.52811702E+00  4.20399773E-01  6.91118726E+00  7.60007956E-01  4.10078621E-01
 -5.03710456E-01  1.00000000E+00  6.46642353E-01 -1.52999721E+00  4.20905503E-01  6.92065667E+00  7.60136986E-01  4.10701312E-01
 -4.72524184E-01  1.00000000E+00  6.29762930E-01 -1.53187976E+00  4.21521280E-01  6.93013902E+00  7.60266580E-01  4.11324830E-01
 -4.44974441E-01  1.00000000E+00  6.15986460E-01 -1.53478412E+00  4.22691912E-01  6.94986008E+00  7.60097345E-01  4.12650849E-01
 -4.17424698E-01  1.00000000E+00  6.02209990E-01 -1.53769543E+00  4.23943217E-01  6.96963765E+00  7.59929576E-01  4.13980538E-01
 -3.93087440E-01  1.00000000E+00  5.90677288E-01 -1.53904421E+00  4.25084282E-01  6.98734164E+00  7.59286266E-01  4.15203692E-01
 -3.68750182E-01  1.00000000E+00  5.79144585E-01 -1.54039510E+00  4.26862907E-01  7.00509310E+00  7.58643641E-01  4.16429964E-01
 -3.47250809E-01  1.00000000E+00  5.69825114E-01 -1.54084379E+00  4.29095575E-01  7.03648617E+00  7.56441790E-01  4.18669626E-01
 -3.25751437E-01  1.00000000E+00  5.60505642E-01 -1.54129248E+00  4.31738477E-01  7.06803774E+00  7.54244955E-01  4.20919519E-01
 -3.06759035E-01  1.00000000E+00  5.53388523E-01 -1.54816657E+00  4.34408727E-01  7.11038979E+00  7.54235780E-01  4.23743600E-01
 -2.87766633E-01  1.00000000E+00  5.46271404E-01 -1.55507643E+00  4.37409282E-01  7.15299604E+00  7.54234024E-01  4.26584135E-01
 -2.70988873E-01  1.00000000E+00  5.40924407E-01 -1.55762606E+00  4.41031728E-01  7.20345880E+00  7.51647016E-01  4.30120786E-01
 -2.54211113E-01  1.00000000E+00  5.35577409E-01 -1.56018594E+00  4.44909891E-01  7.25430565E+00  7.49068652E-01  4.33682467E-01
 -2.39389755E-01  1.00000000E+00  5.31977832E-01 -1.56520030E+00  4.49066499E-01  7.31186131E+00  7.47235163E-01  4.37641743E-01
 -2.24568396E-01  1.00000000E+00  5.28378256E-01 -1.57024246E+00  4.53537251E-01  7.36989271E+00  7.45409773E-01  4.41632196E-01
 -2.11472015E-01  1.00000000E+00  5.26376414E-01 -1.57774578E+00  4.58375014E-01  7.44065926E+00  7.43756891E-01  4.46460158E-01
 -1.98375634E-01  1.00000000E+00  5.24374573E-01 -1.58530395E+00  4.63459069E-01  7.51212314E+00  7.42116856E-01  4.51333752E-01
 -1.85977157E-01  1.00000000E+00  5.24195430E-01 -1.59595255E+00  4.69579888E-01  7.60328877E+00  7.40518203E-01  4.57518038E-01
 -1.73578680E-01  1.00000000E+00  5.24016286E-01 -1.60670298E+00  4.76087203E-01  7.69558147E+00  7.38941044E-01  4.63776028E-01
 -1.61180203E-01  1.00000000E+00  5.24780034E-01 -1.61290305E+00  4.84474652E-01  7.80517057E+00  7.34283124E-01  4.71392496E-01
 -1.48781726E-01  1.00000000E+00  5.25543782E-01 -1.61915316E+00  4.93287433E-01  7.91642641E+00  7.29655476E-01  4.79118062E-01
 -1.36383248E-01  1.00000000E+00  5.31933073E-01 -1.63233514E+00  5.04310190E-01  8.07886059E+00  7.24913124E-01  4.90263165E-01
 -1.23984771E-01  1.00000000E+00  5.38322365E-01 -1.64570017E+00  5.16670295E-01  8.24476718E+00  7.20223178E-01  5.01636267E-01
 -1.11586294E-01  1.00000000E+00  5.39866511E-01 -1.67194882E+00  5.33412003E-01  8.43764818E+00  7.18990226E-01  5.14577197E-01
 -9.91878171E-02  1.00000000E+00  5.41410658E-01 -1.69871844E+00  5.49691355E-01  8.63506725E+00  7.17861212E-01  5.27813736E-01
 -8.67893400E-02  1.00000000E+00  5.80677641E-01 -1.62133325E+00  5.75032555E-01  8.93333737E+00  6.72495101E-01  5.50722818E-01
 -7.43908628E-02  1.00000000E+00  6.19944623E-01 -1.54174251E+00  6.09807477E-01  9.25074247E+00  6.29457398E-01  5.74752338E-01
 -6.19923857E-02  1.00000000E+00  5.64518594E-01 -1.41226659E+00  6.43574298E-01  9.08720500E+00  5.97017698E-01  5.66012487E-01
 -4.95939085E-02  1.00000000E+00  5.09092566E-01 -1.28606572E+00  6.48355536E-01  8.93230623E+00  5.67547136E-01  5.57650606E-01
 -3.71954314E-02  1.00000000E+00  1.01399238E+00 -2.89520110E+00  6.81378197E-01  1.24453760E+01  9.86184949E-01  7.63946069E-01
 -2.47969543E-02  1.00000000E+00  1.51889220E+00 -5.39744394E+00  8.06433323E-01  1.80265261E+01  1.86201291E+00  1.07763421E+00
 -1.23984771E-02  1.00000000E+00  5.94810144E-01  1.41555198E+00  1.61690776E+00  1.22168558E+01  5.37143067E-01  7.78647514E-01
  0.00000000E+00  1.00000000E+00 -3.29271915E-01  1.14682146E+01  4.28994112E+00  2.31645321E+01  5.87998421E+00  1.15230319E+00
