# curve 5 (die wall), step =      800, time =   3.20000000E+02
# N1 = tau_xx - tau_yy = G ( c_xx - c_yy ),  G =  1.6364E-01  (polymer part only)
#              x               y        pressure            c_xy        gammadot            c_xx            c_yy              N1
 -3.00000000E+00  1.00000000E+00  2.86577417E+00 -9.82631844E-01  4.35591685E-01  3.51958643E+00  6.79818334E-01  4.64689324E-01
 -2.95108291E+00  1.00000000E+00  2.82438880E+00 -9.82821765E-01  4.35579133E-01  3.51998064E+00  6.79869674E-01  4.64745431E-01
 -2.90216582E+00  1.00000000E+00  2.78300344E+00 -9.83011708E-01  4.35554991E-01  3.52037491E+00  6.79921026E-01  4.64801545E-01
 -2.85324873E+00  1.00000000E+00  2.74166313E+00 -9.82996653E-01  4.35539647E-01  3.52019539E+00  6.79921237E-01  4.64772133E-01
 -2.80433164E+00  1.00000000E+00  2.70032282E+00 -9.82981598E-01  4.35559904E-01  3.52001587E+00  6.79921449E-01  4.64742724E-01
 -2.75541455E+00  1.00000000E+00  2.65908383E+00 -9.82782494E-01  4.35581280E-01  3.51943389E+00  6.79913682E-01  4.64648762E-01
 -2.70649746E+00  1.00000000E+00  2.61784484E+00 -9.82583419E-01  4.35599940E-01  3.51885201E+00  6.79905931E-01  4.64554814E-01
 -2.65758037E+00  1.00000000E+00  2.57651378E+00 -9.82599782E-01  4.35602542E-01  3.51908638E+00  6.79878574E-01  4.64597640E-01
 -2.60866328E+00  1.00000000E+00  2.53518272E+00 -9.82616146E-01  4.35593244E-01  3.51932076E+00  6.79851219E-01  4.64640470E-01
 -2.55974619E+00  1.00000000E+00  2.49392126E+00 -9.82488072E-01  4.35620973E-01  3.51904588E+00  6.79841226E-01  4.64597125E-01
 -2.51082911E+00  1.00000000E+00  2.45265979E+00 -9.82360006E-01  4.35606402E-01  3.51877103E+00  6.79831241E-01  4.64553784E-01
 -2.46191202E+00  1.00000000E+00  2.41129816E+00 -9.82443665E-01  4.35604480E-01  3.51872613E+00  6.79857198E-01  4.64542189E-01
 -2.41299493E+00  1.00000000E+00  2.36993653E+00 -9.82527321E-01  4.35636692E-01  3.51868124E+00  6.79883158E-01  4.64530595E-01
 -2.36407784E+00  1.00000000E+00  2.32869932E+00 -9.82425900E-01  4.35649340E-01  3.51836931E+00  6.79897458E-01  4.64477213E-01
 -2.31516075E+00  1.00000000E+00  2.28746211E+00 -9.82324485E-01  4.35619500E-01  3.51805742E+00  6.79911765E-01  4.64423834E-01
 -2.26624366E+00  1.00000000E+00  2.24614190E+00 -9.82476748E-01  4.35587017E-01  3.51881007E+00  6.79882527E-01  4.64551780E-01
 -2.21732657E+00  1.00000000E+00  2.20482168E+00 -9.82629039E-01  4.35535934E-01  3.51956289E+00  6.79853302E-01  4.64679750E-01
 -2.16840948E+00  1.00000000E+00  2.16349128E+00 -9.82714501E-01  4.35522061E-01  3.51946240E+00  6.79898133E-01  4.64655971E-01
 -2.11949239E+00  1.00000000E+00  2.12216088E+00 -9.82799961E-01  4.35552144E-01  3.51936192E+00  6.79942968E-01  4.64632193E-01
 -2.07057530E+00  1.00000000E+00  2.08092924E+00 -9.82830485E-01  4.35527549E-01  3.52013122E+00  6.79876156E-01  4.64769011E-01
 -2.02165821E+00  1.00000000E+00  2.03969760E+00 -9.82861011E-01  4.35447894E-01  3.52090072E+00  6.79809349E-01  4.64905860E-01
 -1.97274112E+00  1.00000000E+00  1.99826571E+00 -9.82817397E-01  4.35445213E-01  3.52049800E+00  6.79808996E-01  4.64840019E-01
 -1.92382403E+00  1.00000000E+00  1.95683381E+00 -9.82773784E-01  4.35502168E-01  3.52009533E+00  6.79808642E-01  4.64774185E-01
 -1.87490694E+00  1.00000000E+00  1.91566427E+00 -9.82696506E-01  4.35533506E-01  3.51934762E+00  6.79890871E-01  4.64638378E-01
 -1.82598985E+00  1.00000000E+00  1.87449474E+00 -9.82619245E-01  4.35543797E-01  3.51860008E+00  6.79973116E-01  4.64502595E-01
 -1.77707276E+00  1.00000000E+00  1.83316791E+00 -9.82783392E-01  4.35491443E-01  3.51949919E+00  6.79943266E-01  4.64654606E-01
 -1.72815567E+00  1.00000000E+00  1.79184108E+00 -9.82947575E-01  4.35393048E-01  3.52039853E+00  6.79913428E-01  4.64806653E-01
 -1.67923858E+00  1.00000000E+00  1.75053082E+00 -9.82753558E-01  4.35391154E-01  3.51967946E+00  6.79918617E-01  4.64688137E-01
 -1.63032150E+00  1.00000000E+00  1.70922056E+00 -9.82559575E-01  4.35356395E-01  3.51896052E+00  6.79923821E-01  4.64569642E-01
 -1.58140441E+00  1.00000000E+00  1.66796156E+00 -9.82649333E-01  4.35302417E-01  3.51862627E+00  6.80012184E-01  4.64500486E-01
 -1.53248732E+00  1.00000000E+00  1.62670257E+00 -9.82739086E-01  4.35264046E-01  3.51829207E+00  6.80100557E-01  4.64431338E-01
 -1.48357023E+00  1.00000000E+00  1.58544956E+00 -9.82590348E-01  4.35210515E-01  3.51797803E+00  6.80048939E-01  4.64388396E-01
 -1.43465314E+00  1.00000000E+00  1.54419655E+00 -9.82441624E-01  4.35170321E-01  3.51766402E+00  6.79997329E-01  4.64345459E-01
 -1.38573605E+00  1.00000000E+00  1.50300123E+00 -9.82323993E-01  4.35125498E-01  3.51662116E+00  6.80114722E-01  4.64155599E-01
 -1.33681896E+00  1.00000000E+00  1.46180592E+00 -9.82206398E-01  4.35030828E-01  3.51557862E+00  6.80232152E-01  4.63965786E-01
 -1.28790187E+00  1.00000000E+00  1.42063191E+00 -9.82187811E-01  4.34895518E-01  3.51491639E+00  6.80317431E-01  4.63843466E-01
 -1.23898478E+00  1.00000000E+00  1.37945791E+00 -9.82169230E-01  4.34768434E-01  3.51425430E+00  6.80402722E-01  4.63721167E-01
 -1.19006769E+00  1.00000000E+00  1.33843147E+00 -9.82137683E-01  4.34596761E-01  3.51392413E+00  6.80462478E-01  4.63657361E-01
 -1.14115060E+00  1.00000000E+00  1.29740503E+00 -9.82106140E-01  4.34392166E-01  3.51359400E+00  6.80522243E-01  4.63593560E-01
 -1.09223351E+00  1.00000000E+00  1.25641983E+00 -9.81972444E-01  4.34240526E-01  3.51256430E+00  6.80586659E-01  4.63414523E-01
 -1.04331642E+00  1.00000000E+00  1.21543463E+00 -9.81838782E-01  4.34114027E-01  3.51153492E+00  6.80651091E-01  4.63235535E-01
 -9.94399333E-01  1.00000000E+00  1.17476152E+00 -9.81618577E-01  4.33980193E-01  3.51017762E+00  6.80750515E-01  4.62997162E-01
 -9.45482243E-01  1.00000000E+00  1.13408842E+00 -9.81398449E-01  4.33824146E-01  3.50882084E+00  6.80849987E-01  4.62758867E-01
 -8.96565154E-01  1.00000000E+00  1.09371707E+00 -9.81398961E-01  4.33658769E-01  3.50837932E+00  6.80939723E-01  4.62671934E-01
 -8.47648064E-01  1.00000000E+00  1.05334572E+00 -9.81399478E-01  4.33461191E-01  3.50793786E+00  6.81029472E-01  4.62585008E-01
 -7.99501858E-01  1.00000000E+00  1.01417876E+00 -9.81311782E-01  4.33381459E-01  3.50701153E+00  6.81132885E-01  4.62416506E-01
 -7.51355652E-01  1.00000000E+00  9.75011812E-01 -9.81224109E-01  4.33354318E-01  3.50608547E+00  6.81236323E-01  4.62248042E-01
 -7.08111109E-01  1.00000000E+00  9.40375792E-01 -9.81214303E-01  4.33413573E-01  3.50648049E+00  6.81153290E-01  4.62326269E-01
 -6.64866566E-01  1.00000000E+00  9.05739771E-01 -9.81204500E-01  4.33697084E-01  3.50687556E+00  6.81070268E-01  4.62404502E-01
 -6.26599939E-01  1.00000000E+00  8.75778730E-01 -9.81778317E-01  4.34121057E-01  3.50944256E+00  6.80994028E-01  4.62837033E-01
 -5.88333313E-01  1.00000000E+00  8.45817688E-01 -9.82352501E-01  4.34641347E-01  3.51201143E+00  6.80917954E-01  4.63269842E-01
 -5.54471587E-01  1.00000000E+00  8.19993101E-01 -9.82036666E-01  4.35571923E-01  3.51759217E+00  6.79821396E-01  4.64362490E-01
 -5.20609860E-01  1.00000000E+00  7.94168513E-01 -9.81721069E-01  4.36619254E-01  3.52318394E+00  6.78726439E-01  4.65456682E-01
 -4.90645977E-01  1.00000000E+00  7.72162036E-01 -9.83871875E-01  4.37752002E-01  3.52964808E+00  6.78951269E-01  4.66477661E-01
 -4.60682095E-01  1.00000000E+00  7.50155560E-01 -9.86026303E-01  4.39104608E-01  3.53612439E+00  6.79177757E-01  4.67500358E-01
 -4.34167380E-01  1.00000000E+00  7.31650979E-01 -9.85743943E-01  4.41134384E-01  3.54738055E+00  6.77186224E-01  4.69668163E-01
 -4.07652666E-01  1.00000000E+00  7.13146398E-01 -9.85462930E-01  4.43342636E-01  3.55867944E+00  6.75200229E-01  4.71842053E-01
 -3.84190072E-01  1.00000000E+00  6.97432538E-01 -9.88130847E-01  4.45543692E-01  3.57073037E+00  6.74830201E-01  4.73874573E-01
 -3.60727478E-01  1.00000000E+00  6.81718677E-01 -9.90806635E-01  4.47998295E-01  3.58282190E+00  6.74463816E-01  4.75913140E-01
 -3.39965684E-01  1.00000000E+00  6.68950190E-01 -9.91934621E-01  4.51167280E-01  3.59972567E+00  6.72430179E-01  4.79011990E-01
 -3.19203889E-01  1.00000000E+00  6.56181702E-01 -9.93068978E-01  4.54503149E-01  3.61671521E+00  6.70404513E-01  4.82123569E-01
 -3.00831998E-01  1.00000000E+00  6.45703548E-01 -9.96332496E-01  4.58079815E-01  3.63679210E+00  6.69192664E-01  4.85607180E-01
 -2.82460107E-01  1.00000000E+00  6.35225393E-01 -9.99611988E-01  4.61982696E-01  3.65698136E+00  6.67989400E-01  4.89107775E-01
 -2.66203017E-01  1.00000000E+00  6.26973548E-01 -1.00094007E+00  4.66651465E-01  3.68157091E+00  6.64944513E-01  4.93629774E-01
 -2.49945927E-01  1.00000000E+00  6.18721703E-01 -1.00228003E+00  4.71554188E-01  3.70634028E+00  6.61916517E-01  4.98178435E-01
 -2.35560203E-01  1.00000000E+00  6.12699964E-01 -1.00671620E+00  4.76517887E-01  3.73397870E+00  6.60314524E-01  5.02963229E-01
 -2.21174479E-01  1.00000000E+00  6.06678225E-01 -1.01118157E+00  4.81874634E-01  3.76182493E+00  6.58727968E-01  5.07779503E-01
 -2.08421419E-01  1.00000000E+00  6.02221528E-01 -1.01552210E+00  4.88045538E-01  3.79530723E+00  6.56225451E-01  5.13667927E-01
 -1.95668358E-01  1.00000000E+00  5.97764831E-01 -1.01989797E+00  4.94543582E-01  3.82909446E+00  6.53745840E-01  5.19602502E-01
 -1.83439085E-01  1.00000000E+00  5.95196984E-01 -1.02152841E+00  5.02293917E-01  3.86810768E+00  6.49057559E-01  5.26753655E-01
 -1.71209813E-01  1.00000000E+00  5.92629136E-01 -1.02318303E+00  5.10384889E-01  3.90755817E+00  6.44407665E-01  5.33970082E-01
 -1.58980541E-01  1.00000000E+00  5.90901741E-01 -1.03104496E+00  5.19924900E-01  3.95530781E+00  6.42105681E-01  5.42160348E-01
 -1.46751268E-01  1.00000000E+00  5.89174346E-01 -1.03899152E+00  5.29892283E-01  4.00364390E+00  6.39844855E-01  5.50439843E-01
 -1.34521996E-01  1.00000000E+00  5.93883786E-01 -1.04309905E+00  5.43379035E-01  4.07632418E+00  6.32312515E-01  5.63565544E-01
 -1.22292724E-01  1.00000000E+00  5.98593225E-01 -1.04729455E+00  5.57352633E-01  4.15043170E+00  6.24890192E-01  5.76906792E-01
 -1.10063451E-01  1.00000000E+00  5.93845441E-01 -1.06362008E+00  5.76424001E-01  4.22431957E+00  6.24076170E-01  5.89130738E-01
 -9.78341789E-02  1.00000000E+00  5.89097657E-01 -1.08020469E+00  5.95026029E-01  4.29951741E+00  6.23365012E-01  6.01552211E-01
 -8.56049065E-02  1.00000000E+00  6.34578625E-01 -1.05958602E+00  6.24162770E-01  4.47446589E+00  5.92525807E-01  6.35226559E-01
 -7.33756342E-02  1.00000000E+00  6.80059592E-01 -1.03876169E+00  6.58042697E-01  4.65923375E+00  5.62942286E-01  6.70302239E-01
 -6.11463618E-02  1.00000000E+00  5.89373820E-01 -1.10227104E+00  6.95836035E-01  4.67234136E+00  5.91150986E-01  6.67831151E-01
 -4.89170895E-02  1.00000000E+00  4.98688049E-01 -1.16675696E+00  7.01193516E-01  4.68849131E+00  6.21007893E-01  6.65588195E-01
 -3.66878171E-02  1.00000000E+00  1.09153619E+00 -1.70701114E+00  7.50133624E-01  5.62076016E+00  8.06530375E-01  7.87783056E-01
 -2.44585447E-02  1.00000000E+00  1.68438434E+00 -2.38241754E+00  8.64848695E-01  6.82977305E+00  1.07874504E+00  9.41077311E-01
 -1.22292724E-02  1.00000000E+00  3.52798627E-01  2.76444329E-01  1.67428602E+00  6.09342538E+00  2.94690818E-01  9.48883837E-01
  0.00000000E+00  1.00000000E+00 -9.78787087E-01  3.84998076E+00  3.71024119E+00  1.07012885E+01  1.54837816E+00  1.49774896E+00
