# curve 5 (die wall), step =     1000, time =   8.00000000E+02
# N1 = tau_xx - tau_yy = G ( c_xx - c_yy ),  G =  2.6667E-01  (polymer part only)
#              x               y        pressure            c_xy        gammadot            c_xx            c_yy              N1
 -3.00000000E+00  1.00000000E+00  2.87049338E+00 -1.20091698E+00  4.00135322E-01  3.88241251E+00  1.00009407E+00  7.68618250E-01
 -2.95108291E+00  1.00000000E+00  2.83070920E+00 -1.20113754E+00  4.00150607E-01  3.88286606E+00  1.00015231E+00  7.68723666E-01
 -2.90216582E+00  1.00000000E+00  2.79092502E+00 -1.20135813E+00  4.00180519E-01  3.88331968E+00  1.00021057E+00  7.68829095E-01
 -2.85324873E+00  1.00000000E+00  2.75192465E+00 -1.20133848E+00  4.00070198E-01  3.88227953E+00  1.00034509E+00  7.68515850E-01
 -2.80433164E+00  1.00000000E+00  2.71292428E+00 -1.20131882E+00  3.99930478E-01  3.88123970E+00  1.00047963E+00  7.68202686E-01
 -2.75541455E+00  1.00000000E+00  2.67373790E+00 -1.20092643E+00  3.99995444E-01  3.88124252E+00  1.00026437E+00  7.68260839E-01
 -2.70649746E+00  1.00000000E+00  2.63455152E+00 -1.20053407E+00  4.00005496E-01  3.88124544E+00  1.00004919E+00  7.68319002E-01
 -2.65758037E+00  1.00000000E+00  2.59543627E+00 -1.20076170E+00  4.00012194E-01  3.88145260E+00  1.00016189E+00  7.68344189E-01
 -2.60866328E+00  1.00000000E+00  2.55632102E+00 -1.20098935E+00  4.00026409E-01  3.88165979E+00  1.00027461E+00  7.68369380E-01
 -2.55974619E+00  1.00000000E+00  2.51725487E+00 -1.20081943E+00  3.99962400E-01  3.88192457E+00  1.00017058E+00  7.68467730E-01
 -2.51082911E+00  1.00000000E+00  2.47818871E+00 -1.20064951E+00  4.00050355E-01  3.88218942E+00  1.00006657E+00  7.68566093E-01
 -2.46191202E+00  1.00000000E+00  2.43890060E+00 -1.20060849E+00  4.00021479E-01  3.88148831E+00  1.00009186E+00  7.68372386E-01
 -2.41299493E+00  1.00000000E+00  2.39961249E+00 -1.20056747E+00  3.99988648E-01  3.88078735E+00  1.00011716E+00  7.68178716E-01
 -2.36407784E+00  1.00000000E+00  2.36058651E+00 -1.20054413E+00  4.00024180E-01  3.88112112E+00  1.00011343E+00  7.68268718E-01
 -2.31516075E+00  1.00000000E+00  2.32156052E+00 -1.20052078E+00  4.00031938E-01  3.88145492E+00  1.00010969E+00  7.68358729E-01
 -2.26624366E+00  1.00000000E+00  2.28240495E+00 -1.20076213E+00  3.99982060E-01  3.88171827E+00  1.00018468E+00  7.68408957E-01
 -2.21732657E+00  1.00000000E+00  2.24324937E+00 -1.20100350E+00  3.99990336E-01  3.88198165E+00  1.00025969E+00  7.68459190E-01
 -2.16840948E+00  1.00000000E+00  2.20407273E+00 -1.20096491E+00  3.99985834E-01  3.88151432E+00  1.00027349E+00  7.68330889E-01
 -2.11949239E+00  1.00000000E+00  2.16489609E+00 -1.20092632E+00  3.99932668E-01  3.88104705E+00  1.00028729E+00  7.68202604E-01
 -2.07057530E+00  1.00000000E+00  2.12582493E+00 -1.20120129E+00  3.99955475E-01  3.88209673E+00  1.00033628E+00  7.68469451E-01
 -2.02165821E+00  1.00000000E+00  2.08675377E+00 -1.20147632E+00  3.99979854E-01  3.88314668E+00  1.00038530E+00  7.68736370E-01
 -1.97274112E+00  1.00000000E+00  2.04753036E+00 -1.20119319E+00  3.99914823E-01  3.88206107E+00  1.00030860E+00  7.68467324E-01
 -1.92382403E+00  1.00000000E+00  2.00830695E+00 -1.20091012E+00  3.99875299E-01  3.88097575E+00  1.00023192E+00  7.68198356E-01
 -1.87490694E+00  1.00000000E+00  1.96917581E+00 -1.20076287E+00  3.99920666E-01  3.88061485E+00  1.00024310E+00  7.68099135E-01
 -1.82598985E+00  1.00000000E+00  1.93004467E+00 -1.20061563E+00  3.99913689E-01  3.88025399E+00  1.00025429E+00  7.67999920E-01
 -1.77707276E+00  1.00000000E+00  1.89099523E+00 -1.20096637E+00  3.99917885E-01  3.88099635E+00  1.00035340E+00  7.68171452E-01
 -1.72815567E+00  1.00000000E+00  1.85194579E+00 -1.20131717E+00  3.99915987E-01  3.88173887E+00  1.00045256E+00  7.68343017E-01
 -1.67923858E+00  1.00000000E+00  1.81268250E+00 -1.20100689E+00  3.99781763E-01  3.88119661E+00  1.00034229E+00  7.68227819E-01
 -1.63032150E+00  1.00000000E+00  1.77341922E+00 -1.20069666E+00  3.99812198E-01  3.88065444E+00  1.00023205E+00  7.68112639E-01
 -1.58140441E+00  1.00000000E+00  1.73444963E+00 -1.20057962E+00  3.99715377E-01  3.87896151E+00  1.00039496E+00  7.67617746E-01
 -1.53248732E+00  1.00000000E+00  1.69548005E+00 -1.20046263E+00  3.99662555E-01  3.87726939E+00  1.00055791E+00  7.67123063E-01
 -1.48357023E+00  1.00000000E+00  1.65617989E+00 -1.20000554E+00  3.99616693E-01  3.87662746E+00  1.00030679E+00  7.67018845E-01
 -1.43465314E+00  1.00000000E+00  1.61687974E+00 -1.19954856E+00  3.99590888E-01  3.87598567E+00  1.00005575E+00  7.66914646E-01
 -1.38573605E+00  1.00000000E+00  1.57778168E+00 -1.19911758E+00  3.99448328E-01  3.87389903E+00  1.00011534E+00  7.66342318E-01
 -1.33681896E+00  1.00000000E+00  1.53868362E+00 -1.19868679E+00  3.99375523E-01  3.87181352E+00  1.00017499E+00  7.65770275E-01
 -1.28790187E+00  1.00000000E+00  1.49957522E+00 -1.19828076E+00  3.99147179E-01  3.86926330E+00  1.00025858E+00  7.65067924E-01
 -1.23898478E+00  1.00000000E+00  1.46046683E+00 -1.19787493E+00  3.98897798E-01  3.86671480E+00  1.00034222E+00  7.64366021E-01
 -1.19006769E+00  1.00000000E+00  1.42155883E+00 -1.19736724E+00  3.98672769E-01  3.86415088E+00  1.00036704E+00  7.63675692E-01
 -1.14115060E+00  1.00000000E+00  1.38265084E+00 -1.19685982E+00  3.98474940E-01  3.86158868E+00  1.00039191E+00  7.62985805E-01
 -1.09223351E+00  1.00000000E+00  1.34366494E+00 -1.19592137E+00  3.98144702E-01  3.85706719E+00  1.00039711E+00  7.61778687E-01
 -1.04331642E+00  1.00000000E+00  1.30467903E+00 -1.19498380E+00  3.97818461E-01  3.85255102E+00  1.00040250E+00  7.60572938E-01
 -9.94399333E-01  1.00000000E+00  1.26601287E+00 -1.19379870E+00  3.97520371E-01  3.84754320E+00  1.00034676E+00  7.59252384E-01
 -9.45482243E-01  1.00000000E+00  1.22734672E+00 -1.19261491E+00  3.97171658E-01  3.84254189E+00  1.00029135E+00  7.57933478E-01
 -8.96565154E-01  1.00000000E+00  1.18902804E+00 -1.19167164E+00  3.96749942E-01  3.83731312E+00  1.00042389E+00  7.56503796E-01
 -8.47648064E-01  1.00000000E+00  1.15070936E+00 -1.19072938E+00  3.96336252E-01  3.83209158E+00  1.00055666E+00  7.55075979E-01
 -7.99501858E-01  1.00000000E+00  1.11363696E+00 -1.18941192E+00  3.95855765E-01  3.82607137E+00  1.00054709E+00  7.53473142E-01
 -7.51355652E-01  1.00000000E+00  1.07656456E+00 -1.18809619E+00  3.95549614E-01  3.82006065E+00  1.00053791E+00  7.51872729E-01
 -7.08111109E-01  1.00000000E+00  1.04377868E+00 -1.18699459E+00  3.95156061E-01  3.81574959E+00  1.00038294E+00  7.50764440E-01
 -6.64866566E-01  1.00000000E+00  1.01099280E+00 -1.18589408E+00  3.95062914E-01  3.81144339E+00  1.00022822E+00  7.49657377E-01
 -6.26599939E-01  1.00000000E+00  9.82746686E-01 -1.18603126E+00  3.95086550E-01  3.81146279E+00  1.00027798E+00  7.49649282E-01
 -5.88333313E-01  1.00000000E+00  9.54500570E-01 -1.18616844E+00  3.95157894E-01  3.81148221E+00  1.00032775E+00  7.49641189E-01
 -5.54471587E-01  1.00000000E+00  9.30414618E-01 -1.18679994E+00  3.95590729E-01  3.81692512E+00  9.99910770E-01  7.51203826E-01
 -5.20609860E-01  1.00000000E+00  9.06328666E-01 -1.18743213E+00  3.96066816E-01  3.82237621E+00  9.99494075E-01  7.52768569E-01
 -4.90645977E-01  1.00000000E+00  8.86032858E-01 -1.19035023E+00  3.96693533E-01  3.83295799E+00  1.00001914E+00  7.55450361E-01
 -4.60682095E-01  1.00000000E+00  8.65737050E-01 -1.19327553E+00  3.97479841E-01  3.84356898E+00  1.00054606E+00  7.58139444E-01
 -4.34167380E-01  1.00000000E+00  8.48644501E-01 -1.19570002E+00  3.98827303E-01  3.86047437E+00  9.99616662E-01  7.62895389E-01
 -4.07652666E-01  1.00000000E+00  8.31551951E-01 -1.19813272E+00  4.00316824E-01  3.87745667E+00  9.98689710E-01  7.67671190E-01
 -3.84190072E-01  1.00000000E+00  8.17678119E-01 -1.20458228E+00  4.02030172E-01  3.90399401E+00  9.99412733E-01  7.74555007E-01
 -3.60727478E-01  1.00000000E+00  8.03804288E-01 -1.21106959E+00  4.03810377E-01  3.93071265E+00  1.00014426E+00  7.81484904E-01
 -3.39965684E-01  1.00000000E+00  7.92449135E-01 -1.21681829E+00  4.06175574E-01  3.96287491E+00  9.99422612E-01  7.90253946E-01
 -3.19203889E-01  1.00000000E+00  7.81093982E-01 -1.22260409E+00  4.08714863E-01  3.99530452E+00  9.98708925E-01  7.99092159E-01
 -3.00831998E-01  1.00000000E+00  7.72436467E-01 -1.23246254E+00  4.11584223E-01  4.04009824E+00  9.99299153E-01  8.10879757E-01
 -2.82460107E-01  1.00000000E+00  7.63778951E-01 -1.24241292E+00  4.14509185E-01  4.08539525E+00  9.99908259E-01  8.22796531E-01
 -2.66203017E-01  1.00000000E+00  7.56878433E-01 -1.25104611E+00  4.18194438E-01  4.13592628E+00  9.98667565E-01  8.36602323E-01
 -2.49945927E-01  1.00000000E+00  7.49977915E-01 -1.25976276E+00  4.22164536E-01  4.18709409E+00  9.97444475E-01  8.50573231E-01
 -2.35560203E-01  1.00000000E+00  7.46025862E-01 -1.27477902E+00  4.26395740E-01  4.25532327E+00  9.98678643E-01  8.68438568E-01
 -2.21174479E-01  1.00000000E+00  7.42073809E-01 -1.28999986E+00  4.30501617E-01  4.32466618E+00  9.99953615E-01  8.86590017E-01
 -2.08421419E-01  1.00000000E+00  7.39136051E-01 -1.30376334E+00  4.35211354E-01  4.39806170E+00  9.99590943E-01  9.06258868E-01
 -1.95668358E-01  1.00000000E+00  7.36198293E-01 -1.31771328E+00  4.40170224E-01  4.47271664E+00  9.99262892E-01  9.26254332E-01
 -1.83439085E-01  1.00000000E+00  7.35561681E-01 -1.33341196E+00  4.46400913E-01  4.56408562E+00  9.97932904E-01  9.50974059E-01
 -1.71209813E-01  1.00000000E+00  7.34925070E-01 -1.34936145E+00  4.53137847E-01  4.65735249E+00  9.96649567E-01  9.76187446E-01
 -1.58980541E-01  1.00000000E+00  7.34145986E-01 -1.37595897E+00  4.61247038E-01  4.79234167E+00  9.98001010E-01  1.01182418E+00
 -1.46751268E-01  1.00000000E+00  7.33366903E-01 -1.40318432E+00  4.68875885E-01  4.93126901E+00  9.99462070E-01  1.04848185E+00
 -1.34521996E-01  1.00000000E+00  7.40449328E-01 -1.43742870E+00  4.79371601E-01  5.10212381E+00  1.00173280E+00  1.09343760E+00
 -1.22292724E-01  1.00000000E+00  7.47531752E-01 -1.47265383E+00  4.88766756E-01  5.27892503E+00  1.00418012E+00  1.13993198E+00
 -1.10063451E-01  1.00000000E+00  7.33579534E-01 -1.48601539E+00  4.95119157E-01  5.36928826E+00  1.00403523E+00  1.16406748E+00
 -9.78341789E-02  1.00000000E+00  7.19627315E-01 -1.49953575E+00  4.98009286E-01  5.46124383E+00  1.00390368E+00  1.18862404E+00
 -8.56049065E-02  1.00000000E+00  7.48135966E-01 -1.53126572E+00  4.90906171E-01  5.32714514E+00  1.04188675E+00  1.14273557E+00
 -7.33756342E-02  1.00000000E+00  7.76644616E-01 -1.56290535E+00  4.56422513E-01  5.19856114E+00  1.08106500E+00  1.09799897E+00
 -6.11463618E-02  1.00000000E+00  9.11408421E-01 -1.31841029E+00  3.22566028E-01  3.60614289E+00  1.16064248E+00  6.52133442E-01
 -4.89170895E-02  1.00000000E+00  1.04617223E+00 -1.13453169E+00  1.96629619E-01  2.51712128E+00  1.26020169E+00  3.35178557E-01
 -3.66878171E-02  1.00000000E+00  1.88259556E+00 -1.33135602E+00  1.72935348E-01  2.38500847E+00  1.44009911E+00  2.51975829E-01
 -2.44585447E-02  1.00000000E+00  2.71901890E+00 -1.52925358E+00  2.52998886E-01  2.30715952E+00  1.64891409E+00  1.75532115E-01
 -1.22292724E-02  1.00000000E+00  1.33171688E+00  8.40456198E-01  1.09121901E+00  3.99785041E+00  9.81472557E-01  8.04367427E-01
  0.00000000E+00  1.00000000E+00 -5.55851473E-02  1.05388583E+01  4.06928944E+00  2.00785892E+01  5.88339365E+00  3.78538547E+00
