# curve 5 (die wall), step =      500, time =   2.00000000E+02
# N1 = tau_xx - tau_yy = G ( c_xx - c_yy ),  G =  6.6667E-02  (polymer part only)
#              x               y        pressure            c_xy        gammadot            c_xx            c_yy              N1
 -1.00000000E+01  1.00000000E+00  6.13598961E+00 -1.22811452E+00  4.24922101E-01  5.12748099E+00  6.77796364E-01  2.96645642E-01
 -9.95040609E+00  1.00000000E+00  6.10681059E+00 -1.22793637E+00  4.24959839E-01  5.12609704E+00  6.77832184E-01  2.96550991E-01
 -9.90081218E+00  1.00000000E+00  6.07763156E+00 -1.22775826E+00  4.24988770E-01  5.12471347E+00  6.77868014E-01  2.96456364E-01
 -9.85121827E+00  1.00000000E+00  6.04846774E+00 -1.22781436E+00  4.24976869E-01  5.12585768E+00  6.77816241E-01  2.96536096E-01
 -9.80162437E+00  1.00000000E+00  6.01930391E+00 -1.22787047E+00  4.24946881E-01  5.12700218E+00  6.77764470E-01  2.96615847E-01
 -9.75203046E+00  1.00000000E+00  5.99006846E+00 -1.22788448E+00  4.24942785E-01  5.12650734E+00  6.77783723E-01  2.96581574E-01
 -9.70243655E+00  1.00000000E+00  5.96083301E+00 -1.22789848E+00  4.24963016E-01  5.12601255E+00  6.77802976E-01  2.96547305E-01
 -9.65284264E+00  1.00000000E+00  5.93165513E+00 -1.22808506E+00  4.24953377E-01  5.12676796E+00  6.77840198E-01  2.96595184E-01
 -9.60324873E+00  1.00000000E+00  5.90247726E+00 -1.22827166E+00  4.24915383E-01  5.12752348E+00  6.77877426E-01  2.96643070E-01
 -9.55365482E+00  1.00000000E+00  5.87331854E+00 -1.22841583E+00  4.24892961E-01  5.12937294E+00  6.77812310E-01  2.96770709E-01
 -9.50406091E+00  1.00000000E+00  5.84415982E+00 -1.22856003E+00  4.24837598E-01  5.13122312E+00  6.77747199E-01  2.96898394E-01
 -9.45446701E+00  1.00000000E+00  5.81489283E+00 -1.22824627E+00  4.24865962E-01  5.12909384E+00  6.77779409E-01  2.96754296E-01
 -9.40487310E+00  1.00000000E+00  5.78562583E+00 -1.22793261E+00  4.24891022E-01  5.12696546E+00  6.77811641E-01  2.96610255E-01
 -9.35527919E+00  1.00000000E+00  5.75645776E+00 -1.22850478E+00  4.24896273E-01  5.12949801E+00  6.77814686E-01  2.96778888E-01
 -9.30568528E+00  1.00000000E+00  5.72728969E+00 -1.22907722E+00  4.24878324E-01  5.13203180E+00  6.77817824E-01  2.96947598E-01
 -9.25609137E+00  1.00000000E+00  5.69812190E+00 -1.22868709E+00  4.24890286E-01  5.13067678E+00  6.77799500E-01  2.96858486E-01
 -9.20649746E+00  1.00000000E+00  5.66895411E+00 -1.22829706E+00  4.24906708E-01  5.12932213E+00  6.77781221E-01  2.96769394E-01
 -9.15690355E+00  1.00000000E+00  5.63972357E+00 -1.22826350E+00  4.24917795E-01  5.12870492E+00  6.77790006E-01  2.96727661E-01
 -9.10730965E+00  1.00000000E+00  5.61049303E+00 -1.22822993E+00  4.24940406E-01  5.12808779E+00  6.77798789E-01  2.96685934E-01
 -9.05771574E+00  1.00000000E+00  5.58132932E+00 -1.22816970E+00  4.24963753E-01  5.12837995E+00  6.77736725E-01  2.96709548E-01
 -9.00812183E+00  1.00000000E+00  5.55216561E+00 -1.22810946E+00  4.24974095E-01  5.12867213E+00  6.77674666E-01  2.96733164E-01
 -8.95852792E+00  1.00000000E+00  5.52295479E+00 -1.22818301E+00  4.24969527E-01  5.12816641E+00  6.77748612E-01  2.96694520E-01
 -8.90893401E+00  1.00000000E+00  5.49374396E+00 -1.22825654E+00  4.24969311E-01  5.12766077E+00  6.77822564E-01  2.96655880E-01
 -8.85934010E+00  1.00000000E+00  5.46457912E+00 -1.22822993E+00  4.24961764E-01  5.12813553E+00  6.77799183E-01  2.96689090E-01
 -8.80974619E+00  1.00000000E+00  5.43541428E+00 -1.22820332E+00  4.24926291E-01  5.12861036E+00  6.77775802E-01  2.96722304E-01
 -8.76015229E+00  1.00000000E+00  5.40617422E+00 -1.22817703E+00  4.24923808E-01  5.12792338E+00  6.77793753E-01  2.96675308E-01
 -8.71055838E+00  1.00000000E+00  5.37693416E+00 -1.22815074E+00  4.24953173E-01  5.12723650E+00  6.77811704E-01  2.96628320E-01
 -8.66096447E+00  1.00000000E+00  5.34777776E+00 -1.22799650E+00  4.24959353E-01  5.12640544E+00  6.77833371E-01  2.96571471E-01
 -8.61137056E+00  1.00000000E+00  5.31862136E+00 -1.22784228E+00  4.24944453E-01  5.12557450E+00  6.77855047E-01  2.96514630E-01
 -8.56177665E+00  1.00000000E+00  5.28942758E+00 -1.22798288E+00  4.24947647E-01  5.12608651E+00  6.77871468E-01  2.96547669E-01
 -8.51218274E+00  1.00000000E+00  5.26023381E+00 -1.22812349E+00  4.24945232E-01  5.12659856E+00  6.77887893E-01  2.96580711E-01
 -8.46258884E+00  1.00000000E+00  5.23101424E+00 -1.22836472E+00  4.24916768E-01  5.12877508E+00  6.77809120E-01  2.96731064E-01
 -8.41299493E+00  1.00000000E+00  5.20179468E+00 -1.22860603E+00  4.24879258E-01  5.13095255E+00  6.77730370E-01  2.96881479E-01
 -8.36340102E+00  1.00000000E+00  5.17262041E+00 -1.22812087E+00  4.24921991E-01  5.12845788E+00  6.77747438E-01  2.96714029E-01
 -8.31380711E+00  1.00000000E+00  5.14344613E+00 -1.22763591E+00  4.24933703E-01  5.12596442E+00  6.77764572E-01  2.96546656E-01
 -8.26421320E+00  1.00000000E+00  5.11424669E+00 -1.22787796E+00  4.24942640E-01  5.12637734E+00  6.77813876E-01  2.96570898E-01
 -8.21461929E+00  1.00000000E+00  5.08504724E+00 -1.22812001E+00  4.24952224E-01  5.12679031E+00  6.77863196E-01  2.96595141E-01
 -8.16502538E+00  1.00000000E+00  5.05584571E+00 -1.22844030E+00  4.24936995E-01  5.12911597E+00  6.77815883E-01  2.96753339E-01
 -8.11543148E+00  1.00000000E+00  5.02664417E+00 -1.22876070E+00  4.24893899E-01  5.13144271E+00  6.77768598E-01  2.96911607E-01
 -8.06583757E+00  1.00000000E+00  4.99743647E+00 -1.22828811E+00  4.24904769E-01  5.12901048E+00  6.77774960E-01  2.96749035E-01
 -8.01624366E+00  1.00000000E+00  4.96822877E+00 -1.22781572E+00  4.24918712E-01  5.12657941E+00  6.77781380E-01  2.96586535E-01
 -7.96664975E+00  1.00000000E+00  4.93907209E+00 -1.22799119E+00  4.24932577E-01  5.12683008E+00  6.77826964E-01  2.96600208E-01
 -7.91705584E+00  1.00000000E+00  4.90991541E+00 -1.22816667E+00  4.24941517E-01  5.12708077E+00  6.77872557E-01  2.96613881E-01
 -7.86746193E+00  1.00000000E+00  4.88070210E+00 -1.22840134E+00  4.24936374E-01  5.12894072E+00  6.77788754E-01  2.96743465E-01
 -7.81786802E+00  1.00000000E+00  4.85148879E+00 -1.22863608E+00  4.24925780E-01  5.13080136E+00  6.77704984E-01  2.96873091E-01
 -7.76827412E+00  1.00000000E+00  4.82230201E+00 -1.22814154E+00  4.24952490E-01  5.12843741E+00  6.77723573E-01  2.96714256E-01
 -7.71868021E+00  1.00000000E+00  4.79311522E+00 -1.22764720E+00  4.24951068E-01  5.12607455E+00  6.77742237E-01  2.96555487E-01
 -7.66908630E+00  1.00000000E+00  4.76391618E+00 -1.22785966E+00  4.24949324E-01  5.12637084E+00  6.77792334E-01  2.96571900E-01
 -7.61949239E+00  1.00000000E+00  4.73471713E+00 -1.22807214E+00  4.24947753E-01  5.12666716E+00  6.77842445E-01  2.96588314E-01
 -7.56989848E+00  1.00000000E+00  4.70552275E+00 -1.22845396E+00  4.24933392E-01  5.12896955E+00  6.77826767E-01  2.96742852E-01
 -7.52030457E+00  1.00000000E+00  4.67632837E+00 -1.22883592E+00  4.24889008E-01  5.13127297E+00  6.77811121E-01  2.96897457E-01
 -7.47071066E+00  1.00000000E+00  4.64711494E+00 -1.22833609E+00  4.24901307E-01  5.12885580E+00  6.77806226E-01  2.96736638E-01
 -7.42111676E+00  1.00000000E+00  4.61790152E+00 -1.22783647E+00  4.24917621E-01  5.12643976E+00  6.77801395E-01  2.96575891E-01
 -7.37152285E+00  1.00000000E+00  4.58874274E+00 -1.22800077E+00  4.24930882E-01  5.12672057E+00  6.77839421E-01  2.96592077E-01
 -7.32192894E+00  1.00000000E+00  4.55958397E+00 -1.22816508E+00  4.24940006E-01  5.12700141E+00  6.77877456E-01  2.96608263E-01
 -7.27233503E+00  1.00000000E+00  4.53036590E+00 -1.22838658E+00  4.24933303E-01  5.12893639E+00  6.77784669E-01  2.96743448E-01
 -7.22274112E+00  1.00000000E+00  4.50114782E+00 -1.22860816E+00  4.24919575E-01  5.13087213E+00  6.77691916E-01  2.96878681E-01
 -7.17314721E+00  1.00000000E+00  4.47196570E+00 -1.22811413E+00  4.24948721E-01  5.12846246E+00  6.77712852E-01  2.96716641E-01
 -7.12355330E+00  1.00000000E+00  4.44278358E+00 -1.22762032E+00  4.24949136E-01  5.12605393E+00  6.77733864E-01  2.96554671E-01
 -7.07395940E+00  1.00000000E+00  4.41358683E+00 -1.22783679E+00  4.24950023E-01  5.12637928E+00  6.77782049E-01  2.96573149E-01
 -7.02436549E+00  1.00000000E+00  4.38439008E+00 -1.22805327E+00  4.24951451E-01  5.12670466E+00  6.77830247E-01  2.96591628E-01
 -6.97477158E+00  1.00000000E+00  4.35519584E+00 -1.22845962E+00  4.24935755E-01  5.12903910E+00  6.77825886E-01  2.96747548E-01
 -6.92517767E+00  1.00000000E+00  4.32600159E+00 -1.22886614E+00  4.24886327E-01  5.13137461E+00  6.77821560E-01  2.96903537E-01
 -6.87558376E+00  1.00000000E+00  4.29679027E+00 -1.22838664E+00  4.24895534E-01  5.12896292E+00  6.77826798E-01  2.96742408E-01
 -6.82598985E+00  1.00000000E+00  4.26757894E+00 -1.22790735E+00  4.24909282E-01  5.12655236E+00  6.77832097E-01  2.96581351E-01
 -6.77639594E+00  1.00000000E+00  4.23841694E+00 -1.22802279E+00  4.24921730E-01  5.12678587E+00  6.77849001E-01  2.96595791E-01
 -6.72680204E+00  1.00000000E+00  4.20925495E+00 -1.22813824E+00  4.24933435E-01  5.12701939E+00  6.77865909E-01  2.96610232E-01
 -6.67720813E+00  1.00000000E+00  4.18003700E+00 -1.22836246E+00  4.24933705E-01  5.12891816E+00  6.77772928E-01  2.96743016E-01
 -6.62761422E+00  1.00000000E+00  4.15081906E+00 -1.22858676E+00  4.24926884E-01  5.13081765E+00  6.77679982E-01  2.96875844E-01
 -6.57802031E+00  1.00000000E+00  4.12163595E+00 -1.22810406E+00  4.24952423E-01  5.12845900E+00  6.77704169E-01  2.96716989E-01
 -6.52842640E+00  1.00000000E+00  4.09245284E+00 -1.22762156E+00  4.24951865E-01  5.12610143E+00  6.77728429E-01  2.96558200E-01
 -6.47883249E+00  1.00000000E+00  4.06325754E+00 -1.22783905E+00  4.24952476E-01  5.12642696E+00  6.77777512E-01  2.96576630E-01
 -6.42923858E+00  1.00000000E+00  4.03406223E+00 -1.22805655E+00  4.24953805E-01  5.12675252E+00  6.77826609E-01  2.96595060E-01
 -6.37964468E+00  1.00000000E+00  4.00486790E+00 -1.22845206E+00  4.24939292E-01  5.12899310E+00  6.77820103E-01  2.96744867E-01
 -6.33005077E+00  1.00000000E+00  3.97567357E+00 -1.22884771E+00  4.24894760E-01  5.13123467E+00  6.77813632E-01  2.96894736E-01
 -6.28045686E+00  1.00000000E+00  3.94645877E+00 -1.22833730E+00  4.24904866E-01  5.12882289E+00  6.77805375E-01  2.96734501E-01
 -6.23086295E+00  1.00000000E+00  3.91724398E+00 -1.22782711E+00  4.24919018E-01  5.12641224E+00  6.77797183E-01  2.96574337E-01
 -6.18126904E+00  1.00000000E+00  3.88808431E+00 -1.22800334E+00  4.24931049E-01  5.12670592E+00  6.77840211E-01  2.96591047E-01
 -6.13167513E+00  1.00000000E+00  3.85892464E+00 -1.22817958E+00  4.24938984E-01  5.12699963E+00  6.77883248E-01  2.96607759E-01
 -6.08208123E+00  1.00000000E+00  3.82970763E+00 -1.22838838E+00  4.24931638E-01  5.12893616E+00  6.77786883E-01  2.96743285E-01
 -6.03248732E+00  1.00000000E+00  3.80049063E+00 -1.22859725E+00  4.24917530E-01  5.13087345E+00  6.77690550E-01  2.96878860E-01
 -5.98289341E+00  1.00000000E+00  3.77130485E+00 -1.22812063E+00  4.24947986E-01  5.12849352E+00  6.77715602E-01  2.96718528E-01
 -5.93329950E+00  1.00000000E+00  3.74211906E+00 -1.22764420E+00  4.24948343E-01  5.12611469E+00  6.77740726E-01  2.96558264E-01
 -5.88370559E+00  1.00000000E+00  3.71292253E+00 -1.22786758E+00  4.24947240E-01  5.12642273E+00  6.77794419E-01  2.96575221E-01
 -5.83411168E+00  1.00000000E+00  3.68372600E+00 -1.22809097E+00  4.24945471E-01  5.12673081E+00  6.77848127E-01  2.96592179E-01
 -5.78451777E+00  1.00000000E+00  3.65453840E+00 -1.22847213E+00  4.24928006E-01  5.12906698E+00  6.77829157E-01  2.96749189E-01
 -5.73492387E+00  1.00000000E+00  3.62535080E+00 -1.22885345E+00  4.24886590E-01  5.13140423E+00  6.77810219E-01  2.96906268E-01
 -5.68532996E+00  1.00000000E+00  3.59612783E+00 -1.22823033E+00  4.24909661E-01  5.12866964E+00  6.77770300E-01  2.96726623E-01
 -5.63573605E+00  1.00000000E+00  3.56690485E+00 -1.22760751E+00  4.24934933E-01  5.12593650E+00  6.77730471E-01  2.96547068E-01
 -5.58614214E+00  1.00000000E+00  3.53775159E+00 -1.22789627E+00  4.24954194E-01  5.12638506E+00  6.77815876E-01  2.96571279E-01
 -5.53654823E+00  1.00000000E+00  3.50859833E+00 -1.22818506E+00  4.24958071E-01  5.12683370E+00  6.77901305E-01  2.96595493E-01
 -5.48695432E+00  1.00000000E+00  3.47937255E+00 -1.22838244E+00  4.24930826E-01  5.12883302E+00  6.77808110E-01  2.96734994E-01
 -5.43736041E+00  1.00000000E+00  3.45014678E+00 -1.22857989E+00  4.24891575E-01  5.13083315E+00  6.77714941E-01  2.96874547E-01
 -5.38776651E+00  1.00000000E+00  3.42097530E+00 -1.22810066E+00  4.24932157E-01  5.12837987E+00  6.77735652E-01  2.96709615E-01
 -5.33817260E+00  1.00000000E+00  3.39180383E+00 -1.22762164E+00  4.24940817E-01  5.12592777E+00  6.77756431E-01  2.96544756E-01
 -5.28857869E+00  1.00000000E+00  3.36260365E+00 -1.22786554E+00  4.24947486E-01  5.12631579E+00  6.77810322E-01  2.96567031E-01
 -5.23898478E+00  1.00000000E+00  3.33340348E+00 -1.22810947E+00  4.24954377E-01  5.12670386E+00  6.77864231E-01  2.96589308E-01
 -5.18939087E+00  1.00000000E+00  3.30420268E+00 -1.22842682E+00  4.24939064E-01  5.12908453E+00  6.77811393E-01  2.96751543E-01
 -5.13979696E+00  1.00000000E+00  3.27500188E+00 -1.22874428E+00  4.24901682E-01  5.13146633E+00  6.77758583E-01  2.96913850E-01
 -5.09020305E+00  1.00000000E+00  3.24578010E+00 -1.22816869E+00  4.24924005E-01  5.12861884E+00  6.77745478E-01  2.96724891E-01
 -5.04060915E+00  1.00000000E+00  3.21655831E+00 -1.22759339E+00  4.24943032E-01  5.12577292E+00  6.77732450E-01  2.96536032E-01
 -4.99101524E+00  1.00000000E+00  3.18742803E+00 -1.22788428E+00  4.24946200E-01  5.12637570E+00  6.77812373E-01  2.96570889E-01
 -4.94142133E+00  1.00000000E+00  3.15829775E+00 -1.22817521E+00  4.24933190E-01  5.12697858E+00  6.77892318E-01  2.96605750E-01
 -4.89182742E+00  1.00000000E+00  3.12906374E+00 -1.22835605E+00  4.24918260E-01  5.12837883E+00  6.77848697E-01  2.96702009E-01
 -4.84223351E+00  1.00000000E+00  3.09982973E+00 -1.22853692E+00  4.24892811E-01  5.12977947E+00  6.77805088E-01  2.96798292E-01
 -4.79263960E+00  1.00000000E+00  3.07062976E+00 -1.22817755E+00  4.24910990E-01  5.12813843E+00  6.77798532E-01  2.96689326E-01
 -4.74304569E+00  1.00000000E+00  3.04142980E+00 -1.22781829E+00  4.24921292E-01  5.12649791E+00  6.77792010E-01  2.96580393E-01
 -4.69345179E+00  1.00000000E+00  3.01225224E+00 -1.22796814E+00  4.24926761E-01  5.12692530E+00  6.77803187E-01  2.96608141E-01
 -4.64385788E+00  1.00000000E+00  2.98307468E+00 -1.22811800E+00  4.24939310E-01  5.12735274E+00  6.77814371E-01  2.96635891E-01
 -4.59426397E+00  1.00000000E+00  2.95389500E+00 -1.22859247E+00  4.24931646E-01  5.12957392E+00  6.77841035E-01  2.96782192E-01
 -4.54467006E+00  1.00000000E+00  2.92471532E+00 -1.22906714E+00  4.24885909E-01  5.13179606E+00  6.77867749E-01  2.96928554E-01
 -4.49507615E+00  1.00000000E+00  2.89548294E+00 -1.22899223E+00  4.24877034E-01  5.13234480E+00  6.77775942E-01  2.96971257E-01
 -4.44548224E+00  1.00000000E+00  2.86625055E+00 -1.22891732E+00  4.24867232E-01  5.13289363E+00  6.77684144E-01  2.97013965E-01
 -4.39588833E+00  1.00000000E+00  2.83709466E+00 -1.22823266E+00  4.24900110E-01  5.12938201E+00  6.77710312E-01  2.96778113E-01
 -4.34629443E+00  1.00000000E+00  2.80793877E+00 -1.22754842E+00  4.24945507E-01  5.12587279E+00  6.77736614E-01  2.96542412E-01
 -4.29670052E+00  1.00000000E+00  2.77870985E+00 -1.22797902E+00  4.24951619E-01  5.12822950E+00  6.77701757E-01  2.96701850E-01
 -4.24710661E+00  1.00000000E+00  2.74948093E+00 -1.22840979E+00  4.24913122E-01  5.13058730E+00  6.77666958E-01  2.96861356E-01
 -4.19751270E+00  1.00000000E+00  2.72029979E+00 -1.22791120E+00  4.24952151E-01  5.12777106E+00  6.77699320E-01  2.96671450E-01
 -4.14791879E+00  1.00000000E+00  2.69111866E+00 -1.22741285E+00  4.24985104E-01  5.12495638E+00  6.77731751E-01  2.96481642E-01
 -4.09832488E+00  1.00000000E+00  2.66193594E+00 -1.22774975E+00  4.24970132E-01  5.12617691E+00  6.77792809E-01  2.96558940E-01
 -4.04873097E+00  1.00000000E+00  2.63275322E+00 -1.22808673E+00  4.24908394E-01  5.12739774E+00  6.77853892E-01  2.96636257E-01
 -3.99913707E+00  1.00000000E+00  2.60352642E+00 -1.22805815E+00  4.24907851E-01  5.12720922E+00  6.77826354E-01  2.96625525E-01
 -3.94954316E+00  1.00000000E+00  2.57429963E+00 -1.22802956E+00  4.24936016E-01  5.12702071E+00  6.77798817E-01  2.96614793E-01
 -3.89994925E+00  1.00000000E+00  2.54514438E+00 -1.22857804E+00  4.24918651E-01  5.13056238E+00  6.77757898E-01  2.96853632E-01
 -3.85035534E+00  1.00000000E+00  2.51598912E+00 -1.22912683E+00  4.24868496E-01  5.13410651E+00  6.77717049E-01  2.97092631E-01
 -3.80076143E+00  1.00000000E+00  2.48677411E+00 -1.22846345E+00  4.24884330E-01  5.13111916E+00  6.77691992E-01  2.96895144E-01
 -3.75116752E+00  1.00000000E+00  2.45755910E+00 -1.22780042E+00  4.24904540E-01  5.12813354E+00  6.77667045E-01  2.96697766E-01
 -3.70157361E+00  1.00000000E+00  2.42835091E+00 -1.22809471E+00  4.24917186E-01  5.12908765E+00  6.77677590E-01  2.96760670E-01
 -3.65197971E+00  1.00000000E+00  2.39914272E+00 -1.22838905E+00  4.24913431E-01  5.13004194E+00  6.77688164E-01  2.96823585E-01
 -3.60238580E+00  1.00000000E+00  2.36992718E+00 -1.22831863E+00  4.24927858E-01  5.12920468E+00  6.77704693E-01  2.96766666E-01
 -3.55279189E+00  1.00000000E+00  2.34071164E+00 -1.22824820E+00  4.24969676E-01  5.12836757E+00  6.77721222E-01  2.96709757E-01
 -3.50319798E+00  1.00000000E+00  2.31159435E+00 -1.22825741E+00  4.24986024E-01  5.12769455E+00  6.77811574E-01  2.96658865E-01
 -3.45360407E+00  1.00000000E+00  2.28247705E+00 -1.22826661E+00  4.24981432E-01  5.12702164E+00  6.77901938E-01  2.96607980E-01
 -3.40401016E+00  1.00000000E+00  2.25324113E+00 -1.22851885E+00  4.24947163E-01  5.12978963E+00  6.77797029E-01  2.96799507E-01
 -3.35441626E+00  1.00000000E+00  2.22400522E+00 -1.22877119E+00  4.24875815E-01  5.13255919E+00  6.77692144E-01  2.96991136E-01
 -3.30482235E+00  1.00000000E+00  2.19481969E+00 -1.22817190E+00  4.24893656E-01  5.12945594E+00  6.77701091E-01  2.96783656E-01
 -3.25522844E+00  1.00000000E+00  2.16563416E+00 -1.22757294E+00  4.24911847E-01  5.12635456E+00  6.77710130E-01  2.96576295E-01
 -3.20563453E+00  1.00000000E+00  2.13640229E+00 -1.22772773E+00  4.24939505E-01  5.12613536E+00  6.77755630E-01  2.96558648E-01
 -3.15604062E+00  1.00000000E+00  2.10717042E+00 -1.22788250E+00  4.24964191E-01  5.12591620E+00  6.77801139E-01  2.96541004E-01
 -3.10644671E+00  1.00000000E+00  2.07803240E+00 -1.22794866E+00  4.24968172E-01  5.12599699E+00  6.77863502E-01  2.96542232E-01
 -3.05685280E+00  1.00000000E+00  2.04889438E+00 -1.22801482E+00  4.24938255E-01  5.12607778E+00  6.77925870E-01  2.96543460E-01
 -3.00725890E+00  1.00000000E+00  2.01967322E+00 -1.22835181E+00  4.24915625E-01  5.12898501E+00  6.77824150E-01  2.96744057E-01
 -2.95766499E+00  1.00000000E+00  1.99045205E+00 -1.22868895E+00  4.24871767E-01  5.13189394E+00  6.77722476E-01  2.96944764E-01
 -2.90807108E+00  1.00000000E+00  1.96124317E+00 -1.22822041E+00  4.24894585E-01  5.12926176E+00  6.77759807E-01  2.96766797E-01
 -2.85847717E+00  1.00000000E+00  1.93203429E+00 -1.22775208E+00  4.24915245E-01  5.12663092E+00  6.77797204E-01  2.96588915E-01
 -2.80888326E+00  1.00000000E+00  1.90290395E+00 -1.22847718E+00  4.24894321E-01  5.13032501E+00  6.77765339E-01  2.96837311E-01
 -2.75928935E+00  1.00000000E+00  1.87377360E+00 -1.22920275E+00  4.24859328E-01  5.13402175E+00  6.77733630E-01  2.97085875E-01
 -2.70969544E+00  1.00000000E+00  1.84451844E+00 -1.22867515E+00  4.24890126E-01  5.13210613E+00  6.77643934E-01  2.96964147E-01
 -2.66010154E+00  1.00000000E+00  1.81526329E+00 -1.22814774E+00  4.24933734E-01  5.13019124E+00  6.77554299E-01  2.96842463E-01
 -2.61050763E+00  1.00000000E+00  1.78607218E+00 -1.22804388E+00  4.24964791E-01  5.12851910E+00  6.77664150E-01  2.96723663E-01
 -2.56091372E+00  1.00000000E+00  1.75688108E+00 -1.22794005E+00  4.24982647E-01  5.12684754E+00  6.77774023E-01  2.96604901E-01
 -2.51131981E+00  1.00000000E+00  1.72771484E+00 -1.22800316E+00  4.24987096E-01  5.12683028E+00  6.77806571E-01  2.96601581E-01
 -2.46172590E+00  1.00000000E+00  1.69854860E+00 -1.22806627E+00  4.24980182E-01  5.12681303E+00  6.77839121E-01  2.96598261E-01
 -2.41213199E+00  1.00000000E+00  1.66933657E+00 -1.22838949E+00  4.24953987E-01  5.12902988E+00  6.77798163E-01  2.96748781E-01
 -2.36253808E+00  1.00000000E+00  1.64012455E+00 -1.22871284E+00  4.24898575E-01  5.13124769E+00  6.77757233E-01  2.96899364E-01
 -2.31294418E+00  1.00000000E+00  1.61093391E+00 -1.22820808E+00  4.24925256E-01  5.12862887E+00  6.77768778E-01  2.96724006E-01
 -2.26335027E+00  1.00000000E+00  1.58174328E+00 -1.22770356E+00  4.24946765E-01  5.12601137E+00  6.77780390E-01  2.96548732E-01
 -2.21375636E+00  1.00000000E+00  1.55253420E+00 -1.22785753E+00  4.24946845E-01  5.12589372E+00  6.77840358E-01  2.96536891E-01
 -2.16416245E+00  1.00000000E+00  1.52332512E+00 -1.22801149E+00  4.24939830E-01  5.12577610E+00  6.77900334E-01  2.96525051E-01
 -2.11456854E+00  1.00000000E+00  1.49415970E+00 -1.22808833E+00  4.24931020E-01  5.12728441E+00  6.77824537E-01  2.96630658E-01
 -2.06497463E+00  1.00000000E+00  1.46499428E+00 -1.22816518E+00  4.24906547E-01  5.12879321E+00  6.77748746E-01  2.96736298E-01
 -2.01538072E+00  1.00000000E+00  1.43575784E+00 -1.22816818E+00  4.24896901E-01  5.12821078E+00  6.77781317E-01  2.96695298E-01
 -1.96578682E+00  1.00000000E+00  1.40652140E+00 -1.22817117E+00  4.24913485E-01  5.12762843E+00  6.77813888E-01  2.96654303E-01
 -1.91619291E+00  1.00000000E+00  1.37736248E+00 -1.22820907E+00  4.24918068E-01  5.12837828E+00  6.77791218E-01  2.96705804E-01
 -1.86659900E+00  1.00000000E+00  1.34820356E+00 -1.22824697E+00  4.24887034E-01  5.12912826E+00  6.77768548E-01  2.96757314E-01
 -1.81700509E+00  1.00000000E+00  1.31894471E+00 -1.22819782E+00  4.24871735E-01  5.12813662E+00  6.77803309E-01  2.96688887E-01
 -1.76741118E+00  1.00000000E+00  1.28968586E+00 -1.22814866E+00  4.24879278E-01  5.12714518E+00  6.77838071E-01  2.96620474E-01
 -1.71781727E+00  1.00000000E+00  1.26054825E+00 -1.22798648E+00  4.24856391E-01  5.12665245E+00  6.77822456E-01  2.96588666E-01
 -1.66822336E+00  1.00000000E+00  1.23141065E+00 -1.22782431E+00  4.24808908E-01  5.12615976E+00  6.77806849E-01  2.96556860E-01
 -1.61862946E+00  1.00000000E+00  1.20220839E+00 -1.22783854E+00  4.24783776E-01  5.12542117E+00  6.77858434E-01  2.96504182E-01
 -1.56903555E+00  1.00000000E+00  1.17300613E+00 -1.22785276E+00  4.24770650E-01  5.12468271E+00  6.77910021E-01  2.96451512E-01
 -1.51944164E+00  1.00000000E+00  1.14385713E+00 -1.22820278E+00  4.24678895E-01  5.12659479E+00  6.77964656E-01  2.96575342E-01
 -1.46984773E+00  1.00000000E+00  1.11470814E+00 -1.22855291E+00  4.24513298E-01  5.12850759E+00  6.78019307E-01  2.96699219E-01
 -1.42025382E+00  1.00000000E+00  1.08553295E+00 -1.22792830E+00  4.24460145E-01  5.12504431E+00  6.78039242E-01  2.96467005E-01
 -1.37065991E+00  1.00000000E+00  1.05635776E+00 -1.22730406E+00  4.24408450E-01  5.12158337E+00  6.78059274E-01  2.96234940E-01
 -1.32106600E+00  1.00000000E+00  1.02723095E+00 -1.22765908E+00  4.24325632E-01  5.12251390E+00  6.78123499E-01  2.96292693E-01
 -1.27147210E+00  1.00000000E+00  9.98104145E-01 -1.22801416E+00  4.24194233E-01  5.12344462E+00  6.78187757E-01  2.96350457E-01
 -1.22187819E+00  1.00000000E+00  9.69043590E-01 -1.22784098E+00  4.24071312E-01  5.12173834E+00  6.78275943E-01  2.96230827E-01
 -1.17228428E+00  1.00000000E+00  9.39983035E-01 -1.22766786E+00  4.23922794E-01  5.12003265E+00  6.78364152E-01  2.96111233E-01
 -1.12269037E+00  1.00000000E+00  9.11011573E-01 -1.22749916E+00  4.23770186E-01  5.11817143E+00  6.78449800E-01  2.95981442E-01
 -1.07309646E+00  1.00000000E+00  8.82040111E-01 -1.22733051E+00  4.23612750E-01  5.11631092E+00  6.78535465E-01  2.95851697E-01
 -1.02350255E+00  1.00000000E+00  8.53218208E-01 -1.22712605E+00  4.23396127E-01  5.11396297E+00  6.78698710E-01  2.95684284E-01
 -9.73908645E-01  1.00000000E+00  8.24396305E-01 -1.22692167E+00  4.23169756E-01  5.11161614E+00  6.78862021E-01  2.95516942E-01
 -9.24314736E-01  1.00000000E+00  7.95746294E-01 -1.22657527E+00  4.22987260E-01  5.11014759E+00  6.78828679E-01  2.95421261E-01
 -8.74720828E-01  1.00000000E+00  7.67096283E-01 -1.22622896E+00  4.22806804E-01  5.10867946E+00  6.78795363E-01  2.95325607E-01
 -8.25312107E-01  1.00000000E+00  7.38937028E-01 -1.22630795E+00  4.22596254E-01  5.10634583E+00  6.79092604E-01  2.95150215E-01
 -7.75903387E-01  1.00000000E+00  7.10777772E-01 -1.22638694E+00  4.22413403E-01  5.10401348E+00  6.79389958E-01  2.94974902E-01
 -7.30665613E-01  1.00000000E+00  6.85390202E-01 -1.22649694E+00  4.22491831E-01  5.10442291E+00  6.79384829E-01  2.95002539E-01
 -6.85427839E-01  1.00000000E+00  6.60002632E-01 -1.22660695E+00  4.22536709E-01  5.10483237E+00  6.79379704E-01  2.95030177E-01
 -6.45465100E-01  1.00000000E+00  6.38094417E-01 -1.22622879E+00  4.22801422E-01  5.10661441E+00  6.78999078E-01  2.95174355E-01
 -6.05502361E-01  1.00000000E+00  6.16186203E-01 -1.22585059E+00  4.23159306E-01  5.10839746E+00  6.78618624E-01  2.95318589E-01
 -5.70199545E-01  1.00000000E+00  5.97376017E-01 -1.22582183E+00  4.23676098E-01  5.11189205E+00  6.78264610E-01  2.95575163E-01
 -5.34896729E-01  1.00000000E+00  5.78565831E-01 -1.22579307E+00  4.24369719E-01  5.11538944E+00  6.77910747E-01  2.95831913E-01
 -5.03710456E-01  1.00000000E+00  5.62368938E-01 -1.22734073E+00  4.25276538E-01  5.12505796E+00  6.77681901E-01  2.96491737E-01
 -4.72524184E-01  1.00000000E+00  5.46172045E-01 -1.22889092E+00  4.26337749E-01  5.13474484E+00  6.77453892E-01  2.97152730E-01
 -4.44974441E-01  1.00000000E+00  5.32800932E-01 -1.23113168E+00  4.27922291E-01  5.15083272E+00  6.76927571E-01  2.98260343E-01
 -4.17424698E-01  1.00000000E+00  5.19429820E-01 -1.23337843E+00  4.29642087E-01  5.16697167E+00  6.76403350E-01  2.99371222E-01
 -3.93087440E-01  1.00000000E+00  5.08100833E-01 -1.23478285E+00  4.31277128E-01  5.18196537E+00  6.75621016E-01  3.00422957E-01
 -3.68750182E-01  1.00000000E+00  4.96771846E-01 -1.23619059E+00  4.33532673E-01  5.19700447E+00  6.74840314E-01  3.01477611E-01
 -3.47250809E-01  1.00000000E+00  4.87415343E-01 -1.23647329E+00  4.36236747E-01  5.22104393E+00  6.72529950E-01  3.03234266E-01
 -3.25751437E-01  1.00000000E+00  4.78058839E-01 -1.23675815E+00  4.39379380E-01  5.24520945E+00  6.70226857E-01  3.04998840E-01
 -3.06759035E-01  1.00000000E+00  4.70585300E-01 -1.24177264E+00  4.42587539E-01  5.27617122E+00  6.69618997E-01  3.07103481E-01
 -2.87766633E-01  1.00000000E+00  4.63111760E-01 -1.24681285E+00  4.46178854E-01  5.30731635E+00  6.69019163E-01  3.09219812E-01
 -2.70988873E-01  1.00000000E+00  4.57283284E-01 -1.24857036E+00  4.50376934E-01  5.34371365E+00  6.66285693E-01  3.11828530E-01
 -2.54211113E-01  1.00000000E+00  4.51454807E-01 -1.25033866E+00  4.54863387E-01  5.38038194E+00  6.63564622E-01  3.14454488E-01
 -2.39389755E-01  1.00000000E+00  4.47133643E-01 -1.25381559E+00  4.59668477E-01  5.42130773E+00  6.61349241E-01  3.17330566E-01
 -2.24568396E-01  1.00000000E+00  4.42812479E-01 -1.25731436E+00  4.64838951E-01  5.46255968E+00  6.59145960E-01  3.20227581E-01
 -2.11472015E-01  1.00000000E+00  4.39850994E-01 -1.26223739E+00  4.70402802E-01  5.51226884E+00  6.56832922E-01  3.23695728E-01
 -1.98375634E-01  1.00000000E+00  4.36889508E-01 -1.26719772E+00  4.76309417E-01  5.56244625E+00  6.54536998E-01  3.27193950E-01
 -1.85977157E-01  1.00000000E+00  4.35279407E-01 -1.27481674E+00  4.83351937E-01  5.62590056E+00  6.52325950E-01  3.31571641E-01
 -1.73578680E-01  1.00000000E+00  4.33669306E-01 -1.28250897E+00  4.90851105E-01  5.69009327E+00  6.50141427E-01  3.35996789E-01
 -1.61180203E-01  1.00000000E+00  4.33047324E-01 -1.28608420E+00  5.00368257E-01  5.76666922E+00  6.44990526E-01  3.41445246E-01
 -1.48781726E-01  1.00000000E+00  4.32425341E-01 -1.28969920E+00  5.10460190E-01  5.84436186E+00  6.39884169E-01  3.46965179E-01
 -1.36383248E-01  1.00000000E+00  4.35543929E-01 -1.29869516E+00  5.23054930E-01  5.95597730E+00  6.34546546E-01  3.54762050E-01
 -1.23984771E-01  1.00000000E+00  4.38662518E-01 -1.30782919E+00  5.37148907E-01  6.06982370E+00  6.29281323E-01  3.62702825E-01
 -1.11586294E-01  1.00000000E+00  4.38125178E-01 -1.32313714E+00  5.56335244E-01  6.20324179E+00  6.25160925E-01  3.71872057E-01
 -9.91878171E-02  1.00000000E+00  4.37587838E-01 -1.33872858E+00  5.75671140E-01  6.33964783E+00  6.21139456E-01  3.81233892E-01
 -8.67893400E-02  1.00000000E+00  4.69565663E-01 -1.30506990E+00  6.05008448E-01  6.61576843E+00  5.86917155E-01  4.01923419E-01
 -7.43908628E-02  1.00000000E+00  5.01543487E-01 -1.27038365E+00  6.45615512E-01  6.90862934E+00  5.54119484E-01  4.23633990E-01
 -6.19923857E-02  1.00000000E+00  4.46650597E-01 -1.17685877E+00  6.92940908E-01  6.85681982E+00  5.24960423E-01  4.22123960E-01
 -4.95939085E-02  1.00000000E+00  3.91757707E-01 -1.08479174E+00  7.20521277E-01  6.81016178E+00  4.98015567E-01  4.20809747E-01
 -3.71954314E-02  1.00000000E+00  7.83031930E-01 -1.96093413E+00  7.96248261E-01  8.95522473E+00  6.96854976E-01  5.50557984E-01
 -2.47969543E-02  1.00000000E+00  1.17430615E+00 -3.17961117E+00  9.68111613E-01  1.19896778E+01  1.05926902E+00  7.28693917E-01
 -1.23984771E-02  1.00000000E+00  3.47184665E-01  8.78240916E-01  1.74105517E+00  9.45217267E+00  3.59952014E-01  6.06148044E-01
  0.00000000E+00  1.00000000E+00 -4.79936823E-01  6.40667521E+00  3.96067647E+00  1.54014277E+01  2.83855510E+00  8.37524841E-01
