# curve 5 (die wall), step =      300, time =   2.40000000E+02
# N1 = tau_xx - tau_yy = G ( c_xx - c_yy ),  G =  1.6000E+00  (polymer part only)
#              x               y        pressure            c_xy        gammadot            c_xx            c_yy              N1
 -3.00000000E+00  1.00000000E+00  2.63166171E+00 -2.00009590E-01  3.99995253E-01  1.07992701E+00  1.00002470E+00  1.27843693E-01
 -2.95108291E+00  1.00000000E+00  2.59251887E+00 -2.00013023E-01  3.99999272E-01  1.07993006E+00  1.00002462E+00  1.27848706E-01
 -2.90216582E+00  1.00000000E+00  2.55337603E+00 -2.00016455E-01  4.00003232E-01  1.07993311E+00  1.00002454E+00  1.27853719E-01
 -2.85324873E+00  1.00000000E+00  2.51424377E+00 -2.00017397E-01  3.99999685E-01  1.07991167E+00  1.00003174E+00  1.27807888E-01
 -2.80433164E+00  1.00000000E+00  2.47511151E+00 -2.00018339E-01  3.99992372E-01  1.07989022E+00  1.00003893E+00  1.27762057E-01
 -2.75541455E+00  1.00000000E+00  2.43597207E+00 -2.00013237E-01  3.99997917E-01  1.07992535E+00  1.00002631E+00  1.27838460E-01
 -2.70649746E+00  1.00000000E+00  2.39683262E+00 -2.00008136E-01  3.99998990E-01  1.07996048E+00  1.00001369E+00  1.27914865E-01
 -2.65758037E+00  1.00000000E+00  2.35770325E+00 -2.00010214E-01  3.99997959E-01  1.07994761E+00  1.00001850E+00  1.27886581E-01
 -2.60866328E+00  1.00000000E+00  2.31857388E+00 -2.00012293E-01  3.99999962E-01  1.07993475E+00  1.00002332E+00  1.27858298E-01
 -2.55974619E+00  1.00000000E+00  2.27943632E+00 -2.00009562E-01  3.99998133E-01  1.07995268E+00  1.00001679E+00  1.27897416E-01
 -2.51082911E+00  1.00000000E+00  2.24029877E+00 -2.00006832E-01  4.00004804E-01  1.07997060E+00  1.00001027E+00  1.27936535E-01
 -2.46191202E+00  1.00000000E+00  2.20116794E+00 -2.00009024E-01  3.99999558E-01  1.07995174E+00  1.00001695E+00  1.27895665E-01
 -2.41299493E+00  1.00000000E+00  2.16203712E+00 -2.00011217E-01  3.99994099E-01  1.07993287E+00  1.00002363E+00  1.27854795E-01
 -2.36407784E+00  1.00000000E+00  2.12290069E+00 -2.00007570E-01  3.99997126E-01  1.07995405E+00  1.00001564E+00  1.27901446E-01
 -2.31516075E+00  1.00000000E+00  2.08376425E+00 -2.00003922E-01  4.00000445E-01  1.07997522E+00  1.00000766E+00  1.27948097E-01
 -2.26624366E+00  1.00000000E+00  2.04462905E+00 -2.00008444E-01  3.99998772E-01  1.07995349E+00  1.00001601E+00  1.27899971E-01
 -2.21732657E+00  1.00000000E+00  2.00549385E+00 -2.00012965E-01  3.99999991E-01  1.07993176E+00  1.00002435E+00  1.27851846E-01
 -2.16840948E+00  1.00000000E+00  1.96636696E+00 -2.00012590E-01  3.99995969E-01  1.07992253E+00  1.00002717E+00  1.27832564E-01
 -2.11949239E+00  1.00000000E+00  1.92724008E+00 -2.00012215E-01  3.99988448E-01  1.07991330E+00  1.00003000E+00  1.27813283E-01
 -2.07057530E+00  1.00000000E+00  1.88809819E+00 -2.00011332E-01  3.99990494E-01  1.07991557E+00  1.00002903E+00  1.27818470E-01
 -2.02165821E+00  1.00000000E+00  1.84895630E+00 -2.00010450E-01  3.99993491E-01  1.07991785E+00  1.00002806E+00  1.27823657E-01
 -1.97274112E+00  1.00000000E+00  1.80983131E+00 -2.00010110E-01  3.99984118E-01  1.07989808E+00  1.00003442E+00  1.27781870E-01
 -1.92382403E+00  1.00000000E+00  1.77070632E+00 -2.00009771E-01  3.99972051E-01  1.07987832E+00  1.00004077E+00  1.27740084E-01
 -1.87490694E+00  1.00000000E+00  1.73157124E+00 -2.00001071E-01  3.99968701E-01  1.07990766E+00  1.00002922E+00  1.27805513E-01
 -1.82598985E+00  1.00000000E+00  1.69243616E+00 -1.99992371E-01  3.99963553E-01  1.07993700E+00  1.00001766E+00  1.27870942E-01
 -1.77707276E+00  1.00000000E+00  1.65331198E+00 -1.99993013E-01  3.99958527E-01  1.07991348E+00  1.00002524E+00  1.27821184E-01
 -1.72815567E+00  1.00000000E+00  1.61418780E+00 -1.99993655E-01  3.99953929E-01  1.07988996E+00  1.00003282E+00  1.27771426E-01
 -1.67923858E+00  1.00000000E+00  1.57505423E+00 -1.99984389E-01  3.99936324E-01  1.07989942E+00  1.00002703E+00  1.27795823E-01
 -1.63032150E+00  1.00000000E+00  1.53592066E+00 -1.99975123E-01  3.99928023E-01  1.07990889E+00  1.00002125E+00  1.27820220E-01
 -1.58140441E+00  1.00000000E+00  1.49681940E+00 -1.99969706E-01  3.99908012E-01  1.07988805E+00  1.00002746E+00  1.27776949E-01
 -1.53248732E+00  1.00000000E+00  1.45771814E+00 -1.99964288E-01  3.99890861E-01  1.07986722E+00  1.00003367E+00  1.27733679E-01
 -1.48357023E+00  1.00000000E+00  1.41861324E+00 -1.99952348E-01  3.99870461E-01  1.07986034E+00  1.00003370E+00  1.27722632E-01
 -1.43465314E+00  1.00000000E+00  1.37950834E+00 -1.99940407E-01  3.99845073E-01  1.07985346E+00  1.00003372E+00  1.27711586E-01
 -1.38573605E+00  1.00000000E+00  1.34041750E+00 -1.99922302E-01  3.99814834E-01  1.07986202E+00  1.00002576E+00  1.27738009E-01
 -1.33681896E+00  1.00000000E+00  1.30132665E+00 -1.99904197E-01  3.99793594E-01  1.07987057E+00  1.00001780E+00  1.27764433E-01
 -1.28790187E+00  1.00000000E+00  1.26228193E+00 -1.99892523E-01  3.99762085E-01  1.07985171E+00  1.00002047E+00  1.27729986E-01
 -1.23898478E+00  1.00000000E+00  1.22323720E+00 -1.99880849E-01  3.99730174E-01  1.07983284E+00  1.00002313E+00  1.27695540E-01
 -1.19006769E+00  1.00000000E+00  1.18423729E+00 -1.99866456E-01  3.99702109E-01  1.07981551E+00  1.00002768E+00  1.27660526E-01
 -1.14115060E+00  1.00000000E+00  1.14523738E+00 -1.99852063E-01  3.99675019E-01  1.07979819E+00  1.00003224E+00  1.27625513E-01
 -1.09223351E+00  1.00000000E+00  1.10632762E+00 -1.99849444E-01  3.99661093E-01  1.07978278E+00  1.00003613E+00  1.27594630E-01
 -1.04331642E+00  1.00000000E+00  1.06741787E+00 -1.99846825E-01  3.99648308E-01  1.07976737E+00  1.00004003E+00  1.27563748E-01
 -9.94399333E-01  1.00000000E+00  1.02860650E+00 -1.99849677E-01  3.99661947E-01  1.07980081E+00  1.00002815E+00  1.27636265E-01
 -9.45482243E-01  1.00000000E+00  9.89795122E-01 -1.99852529E-01  3.99691017E-01  1.07983425E+00  1.00001626E+00  1.27708784E-01
 -8.96565154E-01  1.00000000E+00  9.51169489E-01 -1.99912155E-01  3.99791855E-01  1.07986461E+00  1.00002555E+00  1.27742505E-01
 -8.47648064E-01  1.00000000E+00  9.12543856E-01 -1.99971783E-01  3.99922811E-01  1.07989498E+00  1.00003483E+00  1.27776227E-01
 -7.99501858E-01  1.00000000E+00  8.74801827E-01 -2.00104001E-01  4.00142034E-01  1.07999570E+00  1.00004723E+00  1.27917550E-01
 -7.51355652E-01  1.00000000E+00  8.37059799E-01 -2.00236229E-01  4.00449868E-01  1.08009645E+00  1.00005965E+00  1.28058884E-01
 -7.08111109E-01  1.00000000E+00  8.03468508E-01 -2.00478239E-01  4.00848701E-01  1.08031364E+00  1.00004554E+00  1.28428968E-01
 -6.64866566E-01  1.00000000E+00  7.69877217E-01 -2.00720284E-01  4.01438149E-01  1.08053092E+00  1.00003148E+00  1.28799102E-01
 -6.26599939E-01  1.00000000E+00  7.40450356E-01 -2.01142736E-01  4.02193717E-01  1.08083402E+00  1.00006420E+00  1.29231725E-01
 -5.88333313E-01  1.00000000E+00  7.11023495E-01 -2.01565288E-01  4.03058422E-01  1.08113736E+00  1.00009708E+00  1.29664447E-01
 -5.54471587E-01  1.00000000E+00  6.85462881E-01 -2.02159556E-01  4.04222788E-01  1.08169744E+00  1.00002290E+00  1.30679254E-01
 -5.20609860E-01  1.00000000E+00  6.59902267E-01 -2.02754030E-01  4.05512219E-01  1.08225806E+00  9.99949071E-01  1.31694390E-01
 -4.90645977E-01  1.00000000E+00  6.37486774E-01 -2.03599700E-01  4.07026968E-01  1.08285215E+00  1.00004710E+00  1.32488094E-01
 -4.60682095E-01  1.00000000E+00  6.15071282E-01 -2.04445785E-01  4.08717098E-01  1.08344714E+00  1.00014578E+00  1.33282178E-01
 -4.34167380E-01  1.00000000E+00  5.95973809E-01 -2.05521060E-01  4.10874563E-01  1.08444200E+00  1.00003312E+00  1.35054204E-01
 -4.07652666E-01  1.00000000E+00  5.76876337E-01 -2.06597007E-01  4.13219787E-01  1.08543864E+00  9.99921597E-01  1.36827270E-01
 -3.84190072E-01  1.00000000E+00  5.60081544E-01 -2.07934637E-01  4.15707270E-01  1.08647362E+00  1.00000139E+00  1.38355566E-01
 -3.60727478E-01  1.00000000E+00  5.43286752E-01 -2.09273323E-01  4.18451926E-01  1.08751096E+00  1.00008282E+00  1.39885025E-01
 -3.39965684E-01  1.00000000E+00  5.29044968E-01 -2.10917824E-01  4.21758709E-01  1.08897472E+00  1.00000260E+00  1.42355398E-01
 -3.19203889E-01  1.00000000E+00  5.14803183E-01 -2.12563932E-01  4.25239852E-01  1.09044247E+00  9.99924937E-01  1.44828058E-01
 -3.00831998E-01  1.00000000E+00  5.02677568E-01 -2.14618769E-01  4.29080898E-01  1.09210912E+00  1.00001566E+00  1.47349535E-01
 -2.82460107E-01  1.00000000E+00  4.90551952E-01 -2.16676151E-01  4.33237140E-01  1.09378152E+00  1.00011026E+00  1.49874017E-01
 -2.66203017E-01  1.00000000E+00  4.80289591E-01 -2.19019221E-01  4.37911825E-01  1.09595234E+00  9.99991156E-01  1.53537889E-01
 -2.49945927E-01  1.00000000E+00  4.70027230E-01 -2.21365678E-01  4.42807753E-01  1.09813147E+00  9.99877229E-01  1.57206781E-01
 -2.35560203E-01  1.00000000E+00  4.61568469E-01 -2.24080058E-01  4.48003570E-01  1.10049999E+00  9.99936760E-01  1.60901164E-01
 -2.21174479E-01  1.00000000E+00  4.53109708E-01 -2.26799064E-01  4.53634072E-01  1.10287904E+00  1.00000305E+00  1.64601588E-01
 -2.08421419E-01  1.00000000E+00  4.45937557E-01 -2.30077884E-01  4.59861151E-01  1.10583258E+00  1.00004244E+00  1.69264226E-01
 -1.95668358E-01  1.00000000E+00  4.38765406E-01 -2.33363563E-01  4.66438765E-01  1.10880181E+00  1.00009168E+00  1.73936207E-01
 -1.83439085E-01  1.00000000E+00  4.33129059E-01 -2.37157057E-01  4.74108712E-01  1.11261701E+00  9.99876314E-01  1.80385109E-01
 -1.71209813E-01  1.00000000E+00  4.27492712E-01 -2.40960090E-01  4.82180841E-01  1.11645527E+00  9.99674389E-01  1.86849408E-01
 -1.58980541E-01  1.00000000E+00  4.22031769E-01 -2.46156493E-01  4.92054988E-01  1.12119566E+00  9.99976048E-01  1.93951375E-01
 -1.46751268E-01  1.00000000E+00  4.16570827E-01 -2.51371042E-01  5.02474582E-01  1.12597520E+00  1.00030189E+00  2.01077307E-01
 -1.34521996E-01  1.00000000E+00  4.14453509E-01 -2.58065280E-01  5.16008830E-01  1.13362028E+00  9.99649078E-01  2.14353923E-01
 -1.22292724E-01  1.00000000E+00  4.12336192E-01 -2.64792068E-01  5.30454156E-01  1.14134571E+00  9.99038393E-01  2.27691700E-01
 -1.10063451E-01  1.00000000E+00  4.05107119E-01 -2.75556964E-01  5.50532458E-01  1.15071800E+00  1.00081470E+00  2.39845282E-01
 -9.78341789E-02  1.00000000E+00  3.97878047E-01 -2.86403129E-01  5.70143328E-01  1.16024736E+00  1.00269163E+00  2.52089162E-01
 -8.56049065E-02  1.00000000E+00  4.22429206E-01 -2.99723118E-01  5.99149844E-01  1.18372792E+00  9.97014556E-01  2.98741381E-01
 -7.33756342E-02  1.00000000E+00  4.46980366E-01 -3.13212990E-01  6.35337695E-01  1.20776032E+00  9.91549407E-01  3.45937454E-01
 -6.11463618E-02  1.00000000E+00  3.69012806E-01 -3.39401666E-01  6.90159751E-01  1.22803995E+00  1.00050644E+00  3.64053625E-01
 -4.89170895E-02  1.00000000E+00  2.91045247E-01 -3.66082649E-01  7.26851071E-01  1.24912620E+00  1.01005032E+00  3.82521403E-01
 -3.66878171E-02  1.00000000E+00  6.83565310E-01 -4.53729687E-01  8.16757881E-01  1.35653937E+00  1.02659081E+00  5.27917699E-01
 -2.44585447E-02  1.00000000E+00  1.07608537E+00 -5.48199048E-01  9.86224475E-01  1.47691621E+00  1.04910062E+00  6.84504956E-01
 -1.22292724E-02  1.00000000E+00  1.62939390E-01 -3.56825922E-01  1.69434660E+00  2.09511360E+00  7.41303037E-01  2.16609690E+00
  0.00000000E+00  1.00000000E+00 -7.50206594E-01 -1.34280699E-01  2.86097771E+00  3.09695449E+00  5.31408808E-01  4.10487308E+00
