# curve 5 (die wall), step =        1, time =   8.00000000E-01
# N1 = tau_xx - tau_yy = G ( c_xx - c_yy ),  G =  1.6000E+00  (polymer part only)
#              x               y        pressure            c_xy        gammadot            c_xx            c_yy              N1
 -3.00000000E+00  1.00000000E+00  1.77648629E+00  0.00000000E+00  3.99991928E-01  1.00000000E+00  1.00000000E+00  0.00000000E+00
 -2.95108291E+00  1.00000000E+00  1.74940287E+00  0.00000000E+00  3.99995055E-01  1.00000000E+00  1.00000000E+00  0.00000000E+00
 -2.90216582E+00  1.00000000E+00  1.72231945E+00  0.00000000E+00  3.99998223E-01  1.00000000E+00  1.00000000E+00  0.00000000E+00
 -2.85324873E+00  1.00000000E+00  1.69522455E+00  0.00000000E+00  3.99999663E-01  1.00000000E+00  1.00000000E+00  0.00000000E+00
 -2.80433164E+00  1.00000000E+00  1.66812964E+00  0.00000000E+00  4.00000055E-01  1.00000000E+00  1.00000000E+00  0.00000000E+00
 -2.75541455E+00  1.00000000E+00  1.64103749E+00  0.00000000E+00  4.00000096E-01  1.00000000E+00  1.00000000E+00  0.00000000E+00
 -2.70649746E+00  1.00000000E+00  1.61394534E+00  0.00000000E+00  4.00000065E-01  1.00000000E+00  1.00000000E+00  0.00000000E+00
 -2.65758037E+00  1.00000000E+00  1.58685252E+00  0.00000000E+00  3.99999911E-01  1.00000000E+00  1.00000000E+00  0.00000000E+00
 -2.60866328E+00  1.00000000E+00  1.55975970E+00  0.00000000E+00  3.99999696E-01  1.00000000E+00  1.00000000E+00  0.00000000E+00
 -2.55974619E+00  1.00000000E+00  1.53266709E+00  0.00000000E+00  3.99999423E-01  1.00000000E+00  1.00000000E+00  0.00000000E+00
 -2.51082911E+00  1.00000000E+00  1.50557448E+00  0.00000000E+00  3.99999122E-01  1.00000000E+00  1.00000000E+00  0.00000000E+00
 -2.46191202E+00  1.00000000E+00  1.47848182E+00  0.00000000E+00  3.99998729E-01  1.00000000E+00  1.00000000E+00  0.00000000E+00
 -2.41299493E+00  1.00000000E+00  1.45138915E+00  0.00000000E+00  3.99998296E-01  1.00000000E+00  1.00000000E+00  0.00000000E+00
 -2.36407784E+00  1.00000000E+00  1.42429659E+00  0.00000000E+00  3.99997670E-01  1.00000000E+00  1.00000000E+00  0.00000000E+00
 -2.31516075E+00  1.00000000E+00  1.39720402E+00  0.00000000E+00  3.99996958E-01  1.00000000E+00  1.00000000E+00  0.00000000E+00
 -2.26624366E+00  1.00000000E+00  1.37011156E+00  0.00000000E+00  3.99995955E-01  1.00000000E+00  1.00000000E+00  0.00000000E+00
 -2.21732657E+00  1.00000000E+00  1.34301909E+00  0.00000000E+00  3.99994801E-01  1.00000000E+00  1.00000000E+00  0.00000000E+00
 -2.16840948E+00  1.00000000E+00  1.31592666E+00  0.00000000E+00  3.99993269E-01  1.00000000E+00  1.00000000E+00  0.00000000E+00
 -2.11949239E+00  1.00000000E+00  1.28883423E+00  0.00000000E+00  3.99991554E-01  1.00000000E+00  1.00000000E+00  0.00000000E+00
 -2.07057530E+00  1.00000000E+00  1.26174251E+00  0.00000000E+00  3.99989089E-01  1.00000000E+00  1.00000000E+00  0.00000000E+00
 -2.02165821E+00  1.00000000E+00  1.23465080E+00  0.00000000E+00  3.99986304E-01  1.00000000E+00  1.00000000E+00  0.00000000E+00
 -1.97274112E+00  1.00000000E+00  1.20755930E+00  0.00000000E+00  3.99983033E-01  1.00000000E+00  1.00000000E+00  0.00000000E+00
 -1.92382403E+00  1.00000000E+00  1.18046781E+00  0.00000000E+00  3.99979136E-01  1.00000000E+00  1.00000000E+00  0.00000000E+00
 -1.87490694E+00  1.00000000E+00  1.15337778E+00  0.00000000E+00  3.99974033E-01  1.00000000E+00  1.00000000E+00  0.00000000E+00
 -1.82598985E+00  1.00000000E+00  1.12628774E+00  0.00000000E+00  3.99968313E-01  1.00000000E+00  1.00000000E+00  0.00000000E+00
 -1.77707276E+00  1.00000000E+00  1.09920007E+00  0.00000000E+00  3.99961068E-01  1.00000000E+00  1.00000000E+00  0.00000000E+00
 -1.72815567E+00  1.00000000E+00  1.07211239E+00  0.00000000E+00  3.99952269E-01  1.00000000E+00  1.00000000E+00  0.00000000E+00
 -1.67923858E+00  1.00000000E+00  1.04502841E+00  0.00000000E+00  3.99941056E-01  1.00000000E+00  1.00000000E+00  0.00000000E+00
 -1.63032150E+00  1.00000000E+00  1.01794442E+00  0.00000000E+00  3.99929107E-01  1.00000000E+00  1.00000000E+00  0.00000000E+00
 -1.58140441E+00  1.00000000E+00  9.90864407E-01  0.00000000E+00  3.99914917E-01  1.00000000E+00  1.00000000E+00  0.00000000E+00
 -1.53248732E+00  1.00000000E+00  9.63784397E-01  0.00000000E+00  3.99900539E-01  1.00000000E+00  1.00000000E+00  0.00000000E+00
 -1.48357023E+00  1.00000000E+00  9.36715928E-01  0.00000000E+00  3.99883701E-01  1.00000000E+00  1.00000000E+00  0.00000000E+00
 -1.43465314E+00  1.00000000E+00  9.09647459E-01  0.00000000E+00  3.99863639E-01  1.00000000E+00  1.00000000E+00  0.00000000E+00
 -1.38573605E+00  1.00000000E+00  8.82593785E-01  0.00000000E+00  3.99839017E-01  1.00000000E+00  1.00000000E+00  0.00000000E+00
 -1.33681896E+00  1.00000000E+00  8.55540111E-01  0.00000000E+00  3.99816134E-01  1.00000000E+00  1.00000000E+00  0.00000000E+00
 -1.28790187E+00  1.00000000E+00  8.28506403E-01  0.00000000E+00  3.99793377E-01  1.00000000E+00  1.00000000E+00  0.00000000E+00
 -1.23898478E+00  1.00000000E+00  8.01472695E-01  0.00000000E+00  3.99770827E-01  1.00000000E+00  1.00000000E+00  0.00000000E+00
 -1.19006769E+00  1.00000000E+00  7.74472565E-01  0.00000000E+00  3.99751125E-01  1.00000000E+00  1.00000000E+00  0.00000000E+00
 -1.14115060E+00  1.00000000E+00  7.47472436E-01  0.00000000E+00  3.99730935E-01  1.00000000E+00  1.00000000E+00  0.00000000E+00
 -1.09223351E+00  1.00000000E+00  7.20533933E-01  0.00000000E+00  3.99731775E-01  1.00000000E+00  1.00000000E+00  0.00000000E+00
 -1.04331642E+00  1.00000000E+00  6.93595429E-01  0.00000000E+00  3.99738369E-01  1.00000000E+00  1.00000000E+00  0.00000000E+00
 -9.94399333E-01  1.00000000E+00  6.66713946E-01  0.00000000E+00  3.99771220E-01  1.00000000E+00  1.00000000E+00  0.00000000E+00
 -9.45482243E-01  1.00000000E+00  6.39832463E-01  0.00000000E+00  3.99819607E-01  1.00000000E+00  1.00000000E+00  0.00000000E+00
 -8.96565154E-01  1.00000000E+00  6.13066183E-01  0.00000000E+00  3.99946397E-01  1.00000000E+00  1.00000000E+00  0.00000000E+00
 -8.47648064E-01  1.00000000E+00  5.86299903E-01  0.00000000E+00  4.00101507E-01  1.00000000E+00  1.00000000E+00  0.00000000E+00
 -7.99501858E-01  1.00000000E+00  5.60127741E-01  0.00000000E+00  4.00373143E-01  1.00000000E+00  1.00000000E+00  0.00000000E+00
 -7.51355652E-01  1.00000000E+00  5.33955578E-01  0.00000000E+00  4.00710941E-01  1.00000000E+00  1.00000000E+00  0.00000000E+00
 -7.08111109E-01  1.00000000E+00  5.10623160E-01  0.00000000E+00  4.01179162E-01  1.00000000E+00  1.00000000E+00  0.00000000E+00
 -6.64866566E-01  1.00000000E+00  4.87290742E-01  0.00000000E+00  4.01796802E-01  1.00000000E+00  1.00000000E+00  0.00000000E+00
 -6.26599939E-01  1.00000000E+00  4.66781464E-01  0.00000000E+00  4.02620876E-01  1.00000000E+00  1.00000000E+00  0.00000000E+00
 -5.88333313E-01  1.00000000E+00  4.46272185E-01  0.00000000E+00  4.03558705E-01  1.00000000E+00  1.00000000E+00  0.00000000E+00
 -5.54471587E-01  1.00000000E+00  4.28476934E-01  0.00000000E+00  4.04777090E-01  1.00000000E+00  1.00000000E+00  0.00000000E+00
 -5.20609860E-01  1.00000000E+00  4.10681683E-01  0.00000000E+00  4.06138308E-01  1.00000000E+00  1.00000000E+00  0.00000000E+00
 -4.90645977E-01  1.00000000E+00  3.94840117E-01  0.00000000E+00  4.07762788E-01  1.00000000E+00  1.00000000E+00  0.00000000E+00
 -4.60682095E-01  1.00000000E+00  3.78998551E-01  0.00000000E+00  4.09522259E-01  1.00000000E+00  1.00000000E+00  0.00000000E+00
 -4.34167380E-01  1.00000000E+00  3.65664464E-01  0.00000000E+00  4.11726171E-01  1.00000000E+00  1.00000000E+00  0.00000000E+00
 -4.07652666E-01  1.00000000E+00  3.52330378E-01  0.00000000E+00  4.14155836E-01  1.00000000E+00  1.00000000E+00  0.00000000E+00
 -3.84190072E-01  1.00000000E+00  3.40275385E-01  0.00000000E+00  4.16742787E-01  1.00000000E+00  1.00000000E+00  0.00000000E+00
 -3.60727478E-01  1.00000000E+00  3.28220392E-01  0.00000000E+00  4.19535851E-01  1.00000000E+00  1.00000000E+00  0.00000000E+00
 -3.39965684E-01  1.00000000E+00  3.17964013E-01  0.00000000E+00  4.22898429E-01  1.00000000E+00  1.00000000E+00  0.00000000E+00
 -3.19203889E-01  1.00000000E+00  3.07707633E-01  0.00000000E+00  4.26448195E-01  1.00000000E+00  1.00000000E+00  0.00000000E+00
 -3.00831998E-01  1.00000000E+00  2.98760262E-01  0.00000000E+00  4.30365901E-01  1.00000000E+00  1.00000000E+00  0.00000000E+00
 -2.82460107E-01  1.00000000E+00  2.89812891E-01  0.00000000E+00  4.34639858E-01  1.00000000E+00  1.00000000E+00  0.00000000E+00
 -2.66203017E-01  1.00000000E+00  2.82283941E-01  0.00000000E+00  4.39378779E-01  1.00000000E+00  1.00000000E+00  0.00000000E+00
 -2.49945927E-01  1.00000000E+00  2.74754991E-01  0.00000000E+00  4.44359069E-01  1.00000000E+00  1.00000000E+00  0.00000000E+00
 -2.35560203E-01  1.00000000E+00  2.68089438E-01  0.00000000E+00  4.49624123E-01  1.00000000E+00  1.00000000E+00  0.00000000E+00
 -2.21174479E-01  1.00000000E+00  2.61423885E-01  0.00000000E+00  4.55326249E-01  1.00000000E+00  1.00000000E+00  0.00000000E+00
 -2.08421419E-01  1.00000000E+00  2.55650411E-01  0.00000000E+00  4.61601491E-01  1.00000000E+00  1.00000000E+00  0.00000000E+00
 -1.95668358E-01  1.00000000E+00  2.49876938E-01  0.00000000E+00  4.68280153E-01  1.00000000E+00  1.00000000E+00  0.00000000E+00
 -1.83439085E-01  1.00000000E+00  2.45207858E-01  0.00000000E+00  4.75919290E-01  1.00000000E+00  1.00000000E+00  0.00000000E+00
 -1.71209813E-01  1.00000000E+00  2.40538779E-01  0.00000000E+00  4.83957955E-01  1.00000000E+00  1.00000000E+00  0.00000000E+00
 -1.58980541E-01  1.00000000E+00  2.35636472E-01  0.00000000E+00  4.93788112E-01  1.00000000E+00  1.00000000E+00  0.00000000E+00
 -1.46751268E-01  1.00000000E+00  2.30734164E-01  0.00000000E+00  5.04303280E-01  1.00000000E+00  1.00000000E+00  0.00000000E+00
 -1.34521996E-01  1.00000000E+00  2.26729213E-01  0.00000000E+00  5.17566474E-01  1.00000000E+00  1.00000000E+00  0.00000000E+00
 -1.22292724E-01  1.00000000E+00  2.22724262E-01  0.00000000E+00  5.31477284E-01  1.00000000E+00  1.00000000E+00  0.00000000E+00
 -1.10063451E-01  1.00000000E+00  2.17085051E-01  0.00000000E+00  5.51681753E-01  1.00000000E+00  1.00000000E+00  0.00000000E+00
 -9.78341789E-02  1.00000000E+00  2.11445840E-01  0.00000000E+00  5.72188330E-01  1.00000000E+00  1.00000000E+00  0.00000000E+00
 -8.56049065E-02  1.00000000E+00  2.20061929E-01  0.00000000E+00  5.99467619E-01  1.00000000E+00  1.00000000E+00  0.00000000E+00
 -7.33756342E-02  1.00000000E+00  2.28678017E-01  0.00000000E+00  6.31891982E-01  1.00000000E+00  1.00000000E+00  0.00000000E+00
 -6.11463618E-02  1.00000000E+00  1.79623853E-01  0.00000000E+00  6.90078544E-01  1.00000000E+00  1.00000000E+00  0.00000000E+00
 -4.89170895E-02  1.00000000E+00  1.30569689E-01  0.00000000E+00  7.43677277E-01  1.00000000E+00  1.00000000E+00  0.00000000E+00
 -3.66878171E-02  1.00000000E+00  3.06645571E-01  0.00000000E+00  8.41306818E-01  1.00000000E+00  1.00000000E+00  0.00000000E+00
 -2.44585447E-02  1.00000000E+00  4.82721453E-01  0.00000000E+00  9.96031203E-01  1.00000000E+00  1.00000000E+00  0.00000000E+00
 -1.22292724E-02  1.00000000E+00 -9.66016523E-02  0.00000000E+00  1.41932532E+00  1.00000000E+00  1.00000000E+00  0.00000000E+00
  0.00000000E+00  1.00000000E+00 -6.75924757E-01  0.00000000E+00  2.15621440E+00  1.00000000E+00  1.00000000E+00  0.00000000E+00
