# curve 5 (die wall), step =      900, time =   7.20000000E+02
# N1 = tau_xx - tau_yy = G ( c_xx - c_yy ),  G =  1.0667E+00  (polymer part only)
#              x               y        pressure            c_xy        gammadot            c_xx            c_yy              N1
 -3.00000000E+00  1.00000000E+00  2.65700515E+00 -3.00037718E-01  4.00000030E-01  1.17986072E+00  1.00005009E+00  1.91798001E-01
 -2.95108291E+00  1.00000000E+00  2.61783349E+00 -3.00047102E-01  4.00003386E-01  1.17986367E+00  1.00005345E+00  1.91797567E-01
 -2.90216582E+00  1.00000000E+00  2.57866183E+00 -3.00056486E-01  4.00008145E-01  1.17986662E+00  1.00005681E+00  1.91797133E-01
 -2.85324873E+00  1.00000000E+00  2.53953540E+00 -3.00057044E-01  4.00000007E-01  1.17982745E+00  1.00006869E+00  1.91742672E-01
 -2.80433164E+00  1.00000000E+00  2.50040897E+00 -3.00057601E-01  3.99985381E-01  1.17978827E+00  1.00008057E+00  1.91688212E-01
 -2.75541455E+00  1.00000000E+00  2.46126361E+00 -3.00041998E-01  3.99995521E-01  1.17985456E+00  1.00005492E+00  1.91786283E-01
 -2.70649746E+00  1.00000000E+00  2.42211824E+00 -3.00026395E-01  3.99997518E-01  1.17992085E+00  1.00002927E+00  1.91884359E-01
 -2.65758037E+00  1.00000000E+00  2.38299351E+00 -3.00032820E-01  3.99995992E-01  1.17989696E+00  1.00003928E+00  1.91848196E-01
 -2.60866328E+00  1.00000000E+00  2.34386877E+00 -3.00039245E-01  4.00000090E-01  1.17987307E+00  1.00004929E+00  1.91812033E-01
 -2.55974619E+00  1.00000000E+00  2.30472835E+00 -3.00031347E-01  3.99996290E-01  1.17990851E+00  1.00003553E+00  1.91864509E-01
 -2.51082911E+00  1.00000000E+00  2.26558793E+00 -3.00023449E-01  4.00010126E-01  1.17994395E+00  1.00002178E+00  1.91916986E-01
 -2.46191202E+00  1.00000000E+00  2.22645885E+00 -3.00029774E-01  4.00000439E-01  1.17990742E+00  1.00003537E+00  1.91863517E-01
 -2.41299493E+00  1.00000000E+00  2.18732976E+00 -3.00036099E-01  3.99989822E-01  1.17987088E+00  1.00004896E+00  1.91810049E-01
 -2.36407784E+00  1.00000000E+00  2.14819103E+00 -3.00025454E-01  3.99996829E-01  1.17991354E+00  1.00003157E+00  1.91874097E-01
 -2.31516075E+00  1.00000000E+00  2.10905229E+00 -3.00014810E-01  4.00004799E-01  1.17995620E+00  1.00001418E+00  1.91938146E-01
 -2.26624366E+00  1.00000000E+00  2.06991657E+00 -3.00030424E-01  4.00001885E-01  1.17991235E+00  1.00003359E+00  1.91870676E-01
 -2.21732657E+00  1.00000000E+00  2.03078084E+00 -3.00046037E-01  4.00004647E-01  1.17986851E+00  1.00005300E+00  1.91803208E-01
 -2.16840948E+00  1.00000000E+00  1.99165935E+00 -3.00044908E-01  3.99997905E-01  1.17985061E+00  1.00005758E+00  1.91779229E-01
 -2.11949239E+00  1.00000000E+00  1.95253787E+00 -3.00043779E-01  3.99984190E-01  1.17983271E+00  1.00006217E+00  1.91755250E-01
 -2.07057530E+00  1.00000000E+00  1.91338746E+00 -3.00045404E-01  3.99990449E-01  1.17983491E+00  1.00006200E+00  1.91757765E-01
 -2.02165821E+00  1.00000000E+00  1.87423706E+00 -3.00047028E-01  3.99999384E-01  1.17983710E+00  1.00006184E+00  1.91760280E-01
 -1.97274112E+00  1.00000000E+00  1.83511977E+00 -3.00046655E-01  3.99983655E-01  1.17979863E+00  1.00007341E+00  1.91706902E-01
 -1.92382403E+00  1.00000000E+00  1.79600248E+00 -3.00046282E-01  3.99963814E-01  1.17976016E+00  1.00008498E+00  1.91653526E-01
 -1.87490694E+00  1.00000000E+00  1.75686150E+00 -3.00024037E-01  3.99962474E-01  1.17981546E+00  1.00006080E+00  1.91738303E-01
 -1.82598985E+00  1.00000000E+00  1.71772051E+00 -3.00001791E-01  3.99957858E-01  1.17987077E+00  1.00003663E+00  1.91823083E-01
 -1.77707276E+00  1.00000000E+00  1.67860013E+00 -3.00011328E-01  3.99955117E-01  1.17982372E+00  1.00005344E+00  1.91754966E-01
 -1.72815567E+00  1.00000000E+00  1.63947975E+00 -3.00020864E-01  3.99954780E-01  1.17977667E+00  1.00007025E+00  1.91686851E-01
 -1.67923858E+00  1.00000000E+00  1.60033557E+00 -3.00001920E-01  3.99930755E-01  1.17979326E+00  1.00005766E+00  1.91717978E-01
 -1.63032150E+00  1.00000000E+00  1.56119140E+00 -2.99982976E-01  3.99926056E-01  1.17980986E+00  1.00004507E+00  1.91749106E-01
 -1.58140441E+00  1.00000000E+00  1.52210487E+00 -2.99975157E-01  3.99900266E-01  1.17976585E+00  1.00005776E+00  1.91688631E-01
 -1.53248732E+00  1.00000000E+00  1.48301833E+00 -2.99967338E-01  3.99879614E-01  1.17972184E+00  1.00007045E+00  1.91628158E-01
 -1.48357023E+00  1.00000000E+00  1.44390522E+00 -2.99946896E-01  3.99855984E-01  1.17970266E+00  1.00007015E+00  1.91608011E-01
 -1.43465314E+00  1.00000000E+00  1.40479211E+00 -2.99926453E-01  3.99826780E-01  1.17968347E+00  1.00006985E+00  1.91587864E-01
 -1.38573605E+00  1.00000000E+00  1.36569568E+00 -2.99889822E-01  3.99790698E-01  1.17969250E+00  1.00005270E+00  1.91615790E-01
 -1.33681896E+00  1.00000000E+00  1.32659926E+00 -2.99853190E-01  3.99770165E-01  1.17970154E+00  1.00003555E+00  1.91643716E-01
 -1.28790187E+00  1.00000000E+00  1.28755690E+00 -2.99832886E-01  3.99730275E-01  1.17965794E+00  1.00004093E+00  1.91591475E-01
 -1.23898478E+00  1.00000000E+00  1.24851454E+00 -2.99812582E-01  3.99688704E-01  1.17961434E+00  1.00004631E+00  1.91539236E-01
 -1.19006769E+00  1.00000000E+00  1.20951584E+00 -2.99787093E-01  3.99653896E-01  1.17956851E+00  1.00005442E+00  1.91481704E-01
 -1.14115060E+00  1.00000000E+00  1.17051714E+00 -2.99761605E-01  3.99622212E-01  1.17952268E+00  1.00006252E+00  1.91424173E-01
 -1.09223351E+00  1.00000000E+00  1.13161431E+00 -2.99749017E-01  3.99591565E-01  1.17948047E+00  1.00007087E+00  1.91370245E-01
 -1.04331642E+00  1.00000000E+00  1.09271148E+00 -2.99736429E-01  3.99559144E-01  1.17943826E+00  1.00007921E+00  1.91316318E-01
 -9.94399333E-01  1.00000000E+00  1.05391215E+00 -2.99719271E-01  3.99556129E-01  1.17948664E+00  1.00005541E+00  1.91393311E-01
 -9.45482243E-01  1.00000000E+00  1.01511283E+00 -2.99702112E-01  3.99567629E-01  1.17953501E+00  1.00003160E+00  1.91470306E-01
 -8.96565154E-01  1.00000000E+00  9.76510093E-01 -2.99778110E-01  3.99647189E-01  1.17958685E+00  1.00004872E+00  1.91507332E-01
 -8.47648064E-01  1.00000000E+00  9.37907357E-01 -2.99854111E-01  3.99754223E-01  1.17963869E+00  1.00006585E+00  1.91544359E-01
 -7.99501858E-01  1.00000000E+00  9.00211507E-01 -3.00025078E-01  3.99935686E-01  1.17984423E+00  1.00008076E+00  1.91747703E-01
 -7.51355652E-01  1.00000000E+00  8.62515657E-01 -3.00196072E-01  4.00214169E-01  1.18004982E+00  1.00009569E+00  1.91951077E-01
 -7.08111109E-01  1.00000000E+00  8.28990276E-01 -3.00526622E-01  4.00569621E-01  1.18049270E+00  1.00007315E+00  1.92447527E-01
 -6.64866566E-01  1.00000000E+00  7.95464896E-01 -3.00857266E-01  4.01122349E-01  1.18093580E+00  1.00005070E+00  1.92944112E-01
 -6.26599939E-01  1.00000000E+00  7.66134669E-01 -3.01459807E-01  4.01832184E-01  1.18159971E+00  1.00009614E+00  1.93603803E-01
 -5.88333313E-01  1.00000000E+00  7.36804442E-01 -3.02062629E-01  4.02647899E-01  1.18226420E+00  1.00014189E+00  1.94263793E-01
 -5.54471587E-01  1.00000000E+00  7.11343107E-01 -3.02897065E-01  4.03773123E-01  1.18342090E+00  1.00002326E+00  1.95624151E-01
 -5.20609860E-01  1.00000000E+00  6.85881772E-01 -3.03732080E-01  4.05012855E-01  1.18457910E+00  9.99905282E-01  1.96985404E-01
 -4.90645977E-01  1.00000000E+00  6.63665605E-01 -3.04985518E-01  4.06460591E-01  1.18594146E+00  1.00005855E+00  1.98275103E-01
 -4.60682095E-01  1.00000000E+00  6.41449438E-01 -3.06240210E-01  4.08089749E-01  1.18730632E+00  1.00021314E+00  1.99566067E-01
 -4.34167380E-01  1.00000000E+00  6.22482434E-01 -3.07761089E-01  4.10204598E-01  1.18938892E+00  1.00002208E+00  2.01991296E-01
 -4.07652666E-01  1.00000000E+00  6.03515430E-01 -3.09283876E-01  4.12493674E-01  1.19147636E+00  9.99833156E-01  2.04419415E-01
 -3.84190072E-01  1.00000000E+00  5.86991873E-01 -3.11284260E-01  4.14917408E-01  1.19382021E+00  9.99970441E-01  2.06773091E-01
 -3.60727478E-01  1.00000000E+00  5.70468316E-01 -3.13287908E-01  4.17591414E-01  1.19617093E+00  1.00011108E+00  2.09130509E-01
 -3.39965684E-01  1.00000000E+00  5.56486406E-01 -3.15660757E-01  4.20834495E-01  1.19930573E+00  9.99977812E-01  2.12616442E-01
 -3.19203889E-01  1.00000000E+00  5.42504495E-01 -3.18038289E-01  4.24249081E-01  1.20245166E+00  9.99849492E-01  2.16108976E-01
 -3.00831998E-01  1.00000000E+00  5.30724486E-01 -3.21091405E-01  4.28007484E-01  1.20619491E+00  9.99997814E-01  2.19943566E-01
 -2.82460107E-01  1.00000000E+00  5.18944477E-01 -3.24152278E-01  4.32050330E-01  1.20995483E+00  1.00015392E+00  2.23787634E-01
 -2.66203017E-01  1.00000000E+00  5.08970544E-01 -3.27534876E-01  4.36660965E-01  1.21462274E+00  9.99937615E-01  2.28997464E-01
 -2.49945927E-01  1.00000000E+00  4.98996611E-01 -3.30927301E-01  4.41482934E-01  1.21931427E+00  9.99731304E-01  2.34221830E-01
 -2.35560203E-01  1.00000000E+00  4.91035483E-01 -3.34985543E-01  4.46583608E-01  1.22460319E+00  9.99862573E-01  2.39723326E-01
 -2.21174479E-01  1.00000000E+00  4.83074356E-01 -3.39058011E-01  4.52081172E-01  1.22992334E+00  1.00000747E+00  2.45243593E-01
 -2.08421419E-01  1.00000000E+00  4.76328270E-01 -3.43867877E-01  4.58213521E-01  1.23643198E+00  1.00004167E+00  2.52149668E-01
 -1.95668358E-01  1.00000000E+00  4.69582185E-01 -3.48697932E-01  4.64662040E-01  1.24298622E+00  1.00009507E+00  2.59083886E-01
 -1.83439085E-01  1.00000000E+00  4.64459707E-01 -3.54203412E-01  4.72254470E-01  1.25122962E+00  9.99719448E-01  2.68277513E-01
 -1.71209813E-01  1.00000000E+00  4.59337229E-01 -3.59736633E-01  4.80256085E-01  1.25954080E+00  9.99369724E-01  2.77515811E-01
 -1.58980541E-01  1.00000000E+00  4.54470576E-01 -3.67532531E-01  4.89991837E-01  1.27026760E+00  9.99863026E-01  2.88431551E-01
 -1.46751268E-01  1.00000000E+00  4.49603922E-01 -3.75383429E-01  5.00146119E-01  1.28111341E+00  1.00040454E+00  2.99422795E-01
 -1.34521996E-01  1.00000000E+00  4.49014032E-01 -3.85125480E-01  5.13578602E-01  1.29747577E+00  9.99413092E-01  3.17933520E-01
 -1.22292724E-01  1.00000000E+00  4.48424143E-01 -3.94961791E-01  5.28013141E-01  1.31408098E+00  9.98502208E-01  3.36617355E-01
 -1.10063451E-01  1.00000000E+00  4.40922775E-01 -4.11199668E-01  5.47613674E-01  1.33629986E+00  1.00092840E+00  3.57729563E-01
 -9.78341789E-02  1.00000000E+00  4.33421408E-01 -4.27678830E-01  5.66536083E-01  1.35900707E+00  1.00355144E+00  3.79152673E-01
 -8.56049065E-02  1.00000000E+00  4.62560333E-01 -4.45692152E-01  5.95938055E-01  1.40569804E+00  9.95228114E-01  4.37834590E-01
 -7.33756342E-02  1.00000000E+00  4.91699259E-01 -4.64147561E-01  6.31828297E-01  1.45402566E+00  9.87276638E-01  4.97865620E-01
 -6.11463618E-02  1.00000000E+00  4.12881698E-01 -5.02618200E-01  6.78106136E-01  1.49496250E+00  1.00324613E+00  5.24497461E-01
 -4.89170895E-02  1.00000000E+00  3.34064137E-01 -5.42296618E-01  7.03861617E-01  1.53776568E+00  1.02029552E+00  5.51968171E-01
 -3.66878171E-02  1.00000000E+00  7.75340650E-01 -6.67510209E-01  7.85963144E-01  1.76104865E+00  1.04289376E+00  7.66031881E-01
 -2.44585447E-02  1.00000000E+00  1.21661716E+00 -8.08778952E-01  9.40251817E-01  2.02003986E+00  1.07514951E+00  1.00788305E+00
 -1.22292724E-02  1.00000000E+00  3.32668087E-01 -3.87759098E-01  1.68625492E+00  2.93917019E+00  6.67614227E-01  2.42299303E+00
  0.00000000E+00  1.00000000E+00 -5.51280988E-01  1.59085712E-01  2.92689856E+00  4.72612558E+00  4.63031874E-01  4.54729995E+00
