# curve 5 (die wall), step =      900, time =   3.60000000E+02
# N1 = tau_xx - tau_yy = G ( c_xx - c_yy ),  G =  1.2500E-02  (polymer part only)
#              x               y        pressure            c_xy        gammadot            c_xx            c_yy              N1
 -1.00000000E+01  1.00000000E+00  7.71384743E+00 -1.06368579E+00  4.03039159E-01  4.28570684E+00  6.16633404E-01  4.58634180E-02
 -9.95040609E+00  1.00000000E+00  7.67656033E+00 -1.06358098E+00  4.03045630E-01  4.28496593E+00  6.16666539E-01  4.58537424E-02
 -9.90081218E+00  1.00000000E+00  7.63927324E+00 -1.06347619E+00  4.03050730E-01  4.28422515E+00  6.16699682E-01  4.58440683E-02
 -9.85121827E+00  1.00000000E+00  7.60197551E+00 -1.06350132E+00  4.03050960E-01  4.28484055E+00  6.16651645E-01  4.58523614E-02
 -9.80162437E+00  1.00000000E+00  7.56467778E+00 -1.06352644E+00  4.03048476E-01  4.28545606E+00  6.16603611E-01  4.58606556E-02
 -9.75203046E+00  1.00000000E+00  7.52737524E+00 -1.06358888E+00  4.03048664E-01  4.28523358E+00  6.16646436E-01  4.58573393E-02
 -9.70243655E+00  1.00000000E+00  7.49007270E+00 -1.06365131E+00  4.03050648E-01  4.28501113E+00  6.16689263E-01  4.58540233E-02
 -9.65284264E+00  1.00000000E+00  7.45277516E+00 -1.06366011E+00  4.03049808E-01  4.28538233E+00  6.16658120E-01  4.58590526E-02
 -9.60324873E+00  1.00000000E+00  7.41547761E+00 -1.06366891E+00  4.03048049E-01  4.28575356E+00  6.16626979E-01  4.58640823E-02
 -9.55365482E+00  1.00000000E+00  7.37818003E+00 -1.06373615E+00  4.03046681E-01  4.28681065E+00  6.16556831E-01  4.58781727E-02
 -9.50406091E+00  1.00000000E+00  7.34088245E+00 -1.06380340E+00  4.03041710E-01  4.28786801E+00  6.16486691E-01  4.58922665E-02
 -9.45446701E+00  1.00000000E+00  7.30358062E+00 -1.06367182E+00  4.03044847E-01  4.28672881E+00  6.16544439E-01  4.58773047E-02
 -9.40487310E+00  1.00000000E+00  7.26627878E+00 -1.06354026E+00  4.03046818E-01  4.28558993E+00  6.16602200E-01  4.58623466E-02
 -9.35527919E+00  1.00000000E+00  7.22898112E+00 -1.06385093E+00  4.03047260E-01  4.28698981E+00  6.16582250E-01  4.58800945E-02
 -9.30568528E+00  1.00000000E+00  7.19168346E+00 -1.06416169E+00  4.03046648E-01  4.28839014E+00  6.16562339E-01  4.58978475E-02
 -9.25609137E+00  1.00000000E+00  7.15438831E+00 -1.06390231E+00  4.03047438E-01  4.28754171E+00  6.16549548E-01  4.58874020E-02
 -9.20649746E+00  1.00000000E+00  7.11709317E+00 -1.06364298E+00  4.03047974E-01  4.28669344E+00  6.16536782E-01  4.58769583E-02
 -9.15690355E+00  1.00000000E+00  7.07979148E+00 -1.06369674E+00  4.03048602E-01  4.28639725E+00  6.16582982E-01  4.58726784E-02
 -9.10730965E+00  1.00000000E+00  7.04248980E+00 -1.06375049E+00  4.03049799E-01  4.28610110E+00  6.16629184E-01  4.58683989E-02
 -9.05771574E+00  1.00000000E+00  7.00519631E+00 -1.06375345E+00  4.03050507E-01  4.28627903E+00  6.16609370E-01  4.58708707E-02
 -9.00812183E+00  1.00000000E+00  6.96790283E+00 -1.06375642E+00  4.03050468E-01  4.28645696E+00  6.16589557E-01  4.58733426E-02
 -8.95852792E+00  1.00000000E+00  6.93060041E+00 -1.06375767E+00  4.03050430E-01  4.28616568E+00  6.16619094E-01  4.58693323E-02
 -8.90893401E+00  1.00000000E+00  6.89329799E+00 -1.06375892E+00  4.03051016E-01  4.28587441E+00  6.16648632E-01  4.58653222E-02
 -8.85934010E+00  1.00000000E+00  6.85600140E+00 -1.06371323E+00  4.03050211E-01  4.28607669E+00  6.16613742E-01  4.58682869E-02
 -8.80974619E+00  1.00000000E+00  6.81870480E+00 -1.06366755E+00  4.03047267E-01  4.28627899E+00  6.16578854E-01  4.58712517E-02
 -8.76015229E+00  1.00000000E+00  6.78140242E+00 -1.06370220E+00  4.03047507E-01  4.28591639E+00  6.16624761E-01  4.58661454E-02
 -8.71055838E+00  1.00000000E+00  6.74410004E+00 -1.06373685E+00  4.03049961E-01  4.28555384E+00  6.16670670E-01  4.58610396E-02
 -8.66096447E+00  1.00000000E+00  6.70680618E+00 -1.06361800E+00  4.03049739E-01  4.28514026E+00  6.16666448E-01  4.58559226E-02
 -8.61137056E+00  1.00000000E+00  6.66951231E+00 -1.06349915E+00  4.03047993E-01  4.28472672E+00  6.16662232E-01  4.58508061E-02
 -8.56177665E+00  1.00000000E+00  6.63221381E+00 -1.06356157E+00  4.03049003E-01  4.28500500E+00  6.16659793E-01  4.58543151E-02
 -8.51218274E+00  1.00000000E+00  6.59491531E+00 -1.06362399E+00  4.03049671E-01  4.28528331E+00  6.16657356E-01  4.58578244E-02
 -8.46258884E+00  1.00000000E+00  6.55761288E+00 -1.06377345E+00  4.03047429E-01  4.28642946E+00  6.16603145E-01  4.58728289E-02
 -8.41299493E+00  1.00000000E+00  6.52031045E+00 -1.06392294E+00  4.03045191E-01  4.28757592E+00  6.16548949E-01  4.58878372E-02
 -8.36340102E+00  1.00000000E+00  6.48301702E+00 -1.06365684E+00  4.03048765E-01  4.28620323E+00  6.16582188E-01  4.58702630E-02
 -8.31380711E+00  1.00000000E+00  6.44572358E+00 -1.06339081E+00  4.03048759E-01  4.28483097E+00  6.16615459E-01  4.58526939E-02
 -8.26421320E+00  1.00000000E+00  6.40842297E+00 -1.06351581E+00  4.03049682E-01  4.28506933E+00  6.16638273E-01  4.58553882E-02
 -8.21461929E+00  1.00000000E+00  6.37112237E+00 -1.06364083E+00  4.03050680E-01  4.28530770E+00  6.16661092E-01  4.58580826E-02
 -8.16502538E+00  1.00000000E+00  6.33382177E+00 -1.06379106E+00  4.03049433E-01  4.28659324E+00  6.16596029E-01  4.58749651E-02
 -8.11543148E+00  1.00000000E+00  6.29652117E+00 -1.06394133E+00  4.03046876E-01  4.28787917E+00  6.16530984E-01  4.58918523E-02
 -8.06583757E+00  1.00000000E+00  6.25922276E+00 -1.06369901E+00  4.03047829E-01  4.28635565E+00  6.16584987E-01  4.58721332E-02
 -8.01624366E+00  1.00000000E+00  6.22192435E+00 -1.06345676E+00  4.03048346E-01  4.28483267E+00  6.16639020E-01  4.58524206E-02
 -7.96664975E+00  1.00000000E+00  6.18463156E+00 -1.06352755E+00  4.03049052E-01  4.28513988E+00  6.16636126E-01  4.58562969E-02
 -7.91705584E+00  1.00000000E+00  6.14733876E+00 -1.06359834E+00  4.03048839E-01  4.28544711E+00  6.16633234E-01  4.58601735E-02
 -7.86746193E+00  1.00000000E+00  6.11003410E+00 -1.06373421E+00  4.03048476E-01  4.28625998E+00  6.16607425E-01  4.58706569E-02
 -7.81786802E+00  1.00000000E+00  6.07272943E+00 -1.06387010E+00  4.03046627E-01  4.28707299E+00  6.16581624E-01  4.58811421E-02
 -7.76827412E+00  1.00000000E+00  6.03543220E+00 -1.06367728E+00  4.03047480E-01  4.28615682E+00  6.16596740E-01  4.58695010E-02
 -7.71868021E+00  1.00000000E+00  5.99813497E+00 -1.06348449E+00  4.03047657E-01  4.28524084E+00  6.16611872E-01  4.58578621E-02
 -7.66908630E+00  1.00000000E+00  5.96083879E+00 -1.06357855E+00  4.03048394E-01  4.28545147E+00  6.16625842E-01  4.58603203E-02
 -7.61949239E+00  1.00000000E+00  5.92354261E+00 -1.06367261E+00  4.03049861E-01  4.28566211E+00  6.16639816E-01  4.58627787E-02
 -7.56989848E+00  1.00000000E+00  5.88624229E+00 -1.06383103E+00  4.03049358E-01  4.28672157E+00  6.16596702E-01  4.58765609E-02
 -7.52030457E+00  1.00000000E+00  5.84894197E+00 -1.06398949E+00  4.03047664E-01  4.28778130E+00  6.16553603E-01  4.58903462E-02
 -7.47071066E+00  1.00000000E+00  5.81164267E+00 -1.06374598E+00  4.03047994E-01  4.28651839E+00  6.16585513E-01  4.58741610E-02
 -7.42111676E+00  1.00000000E+00  5.77434337E+00 -1.06350253E+00  4.03047675E-01  4.28525585E+00  6.16617451E-01  4.58579800E-02
 -7.37152285E+00  1.00000000E+00  5.73704902E+00 -1.06358619E+00  4.03048273E-01  4.28544025E+00  6.16630589E-01  4.58601208E-02
 -7.32192894E+00  1.00000000E+00  5.69975467E+00 -1.06366985E+00  4.03048828E-01  4.28562466E+00  6.16643730E-01  4.58622616E-02
 -7.27233503E+00  1.00000000E+00  5.66245318E+00 -1.06383160E+00  4.03048082E-01  4.28649205E+00  6.16615538E-01  4.58734564E-02
 -7.22274112E+00  1.00000000E+00  5.62515169E+00 -1.06399338E+00  4.03048076E-01  4.28735962E+00  6.16587358E-01  4.58846532E-02
 -7.17314721E+00  1.00000000E+00  5.58785581E+00 -1.06371180E+00  4.03050719E-01  4.28612576E+00  6.16603910E-01  4.58690231E-02
 -7.12355330E+00  1.00000000E+00  5.55055992E+00 -1.06343030E+00  4.03049589E-01  4.28489226E+00  6.16620495E-01  4.58533971E-02
 -7.07395940E+00  1.00000000E+00  5.51325912E+00 -1.06353979E+00  4.03049307E-01  4.28508314E+00  6.16643289E-01  4.58554982E-02
 -7.02436549E+00  1.00000000E+00  5.47595831E+00 -1.06364929E+00  4.03049021E-01  4.28527404E+00  6.16666087E-01  4.58575994E-02
 -6.97477158E+00  1.00000000E+00  5.43865830E+00 -1.06380346E+00  4.03047811E-01  4.28657632E+00  6.16602134E-01  4.58746773E-02
 -6.92517767E+00  1.00000000E+00  5.40135829E+00 -1.06395767E+00  4.03045435E-01  4.28787900E+00  6.16538200E-01  4.58917601E-02
 -6.87558376E+00  1.00000000E+00  5.36406035E+00 -1.06370372E+00  4.03046935E-01  4.28639920E+00  6.16582551E-01  4.58727081E-02
 -6.82598985E+00  1.00000000E+00  5.32676240E+00 -1.06344984E+00  4.03048097E-01  4.28491991E+00  6.16626933E-01  4.58536623E-02
 -6.77639594E+00  1.00000000E+00  5.28946739E+00 -1.06352926E+00  4.03050026E-01  4.28513658E+00  6.16636792E-01  4.58562474E-02
 -6.72680204E+00  1.00000000E+00  5.25217238E+00 -1.06360867E+00  4.03050824E-01  4.28535326E+00  6.16646653E-01  4.58588326E-02
 -6.67720813E+00  1.00000000E+00  5.21486953E+00 -1.06377663E+00  4.03048452E-01  4.28648156E+00  6.16599954E-01  4.58735201E-02
 -6.62761422E+00  1.00000000E+00  5.17756667E+00 -1.06394463E+00  4.03045454E-01  4.28761015E+00  6.16553271E-01  4.58882110E-02
 -6.57802031E+00  1.00000000E+00  5.14027293E+00 -1.06366682E+00  4.03048569E-01  4.28622617E+00  6.16583544E-01  4.58705328E-02
 -6.52842640E+00  1.00000000E+00  5.10297919E+00 -1.06338909E+00  4.03048524E-01  4.28484263E+00  6.16613850E-01  4.58528598E-02
 -6.47883249E+00  1.00000000E+00  5.06567858E+00 -1.06351333E+00  4.03049482E-01  4.28507464E+00  6.16637107E-01  4.58554692E-02
 -6.42923858E+00  1.00000000E+00  5.02837797E+00 -1.06363758E+00  4.03050522E-01  4.28530667E+00  6.16660371E-01  4.58580788E-02
 -6.37964468E+00  1.00000000E+00  4.99107756E+00 -1.06380166E+00  4.03049198E-01  4.28665697E+00  6.16595071E-01  4.58757738E-02
 -6.33005077E+00  1.00000000E+00  4.95377715E+00 -1.06396580E+00  4.03046562E-01  4.28800771E+00  6.16529791E-01  4.58934740E-02
 -6.28045686E+00  1.00000000E+00  4.91647858E+00 -1.06371256E+00  4.03047626E-01  4.28641134E+00  6.16584736E-01  4.58728325E-02
 -6.23086295E+00  1.00000000E+00  4.87918001E+00 -1.06345941E+00  4.03048619E-01  4.28481557E+00  6.16639715E-01  4.58521982E-02
 -6.18126904E+00  1.00000000E+00  4.84188719E+00 -1.06353008E+00  4.03049764E-01  4.28513579E+00  6.16637201E-01  4.58562324E-02
 -6.13167513E+00  1.00000000E+00  4.80459438E+00 -1.06360075E+00  4.03049508E-01  4.28545604E+00  6.16634688E-01  4.58602669E-02
 -6.08208123E+00  1.00000000E+00  4.76728995E+00 -1.06373941E+00  4.03048244E-01  4.28628864E+00  6.16607731E-01  4.58710114E-02
 -6.03248732E+00  1.00000000E+00  4.72998553E+00 -1.06387808E+00  4.03045709E-01  4.28712141E+00  6.16580783E-01  4.58817578E-02
 -5.98289341E+00  1.00000000E+00  4.69268824E+00 -1.06369148E+00  4.03046849E-01  4.28622653E+00  6.16596210E-01  4.58703790E-02
 -5.93329950E+00  1.00000000E+00  4.65539094E+00 -1.06350492E+00  4.03047121E-01  4.28533183E+00  6.16611652E-01  4.58590022E-02
 -5.88370559E+00  1.00000000E+00  4.61809523E+00 -1.06359737E+00  4.03047784E-01  4.28554624E+00  6.16624145E-01  4.58615261E-02
 -5.83411168E+00  1.00000000E+00  4.58079951E+00 -1.06368982E+00  4.03049358E-01  4.28576065E+00  6.16636642E-01  4.58640501E-02
 -5.78451777E+00  1.00000000E+00  4.54349918E+00 -1.06383922E+00  4.03049422E-01  4.28674179E+00  6.16597559E-01  4.58768028E-02
 -5.73492387E+00  1.00000000E+00  4.50619884E+00 -1.06398865E+00  4.03047627E-01  4.28772315E+00  6.16558490E-01  4.58895582E-02
 -5.68532996E+00  1.00000000E+00  4.46889981E+00 -1.06374763E+00  4.03047793E-01  4.28648875E+00  6.16588702E-01  4.58737507E-02
 -5.63573605E+00  1.00000000E+00  4.43160077E+00 -1.06350667E+00  4.03047913E-01  4.28525472E+00  6.16618941E-01  4.58579472E-02
 -5.58614214E+00  1.00000000E+00  4.39430572E+00 -1.06358766E+00  4.03048776E-01  4.28544019E+00  6.16631198E-01  4.58601124E-02
 -5.53654823E+00  1.00000000E+00  4.35701066E+00 -1.06366865E+00  4.03049391E-01  4.28562567E+00  6.16643457E-01  4.58622776E-02
 -5.48695432E+00  1.00000000E+00  4.31970896E+00 -1.06383804E+00  4.03048408E-01  4.28656533E+00  6.16612312E-01  4.58744128E-02
 -5.43736041E+00  1.00000000E+00  4.28240725E+00 -1.06400746E+00  4.03047562E-01  4.28750521E+00  6.16581182E-01  4.58865503E-02
 -5.38776651E+00  1.00000000E+00  4.24511060E+00 -1.06372581E+00  4.03049480E-01  4.28625878E+00  6.16598537E-01  4.58707530E-02
 -5.33817260E+00  1.00000000E+00  4.20781394E+00 -1.06344424E+00  4.03048596E-01  4.28501271E+00  6.16615925E-01  4.58549598E-02
 -5.28857869E+00  1.00000000E+00  4.17051418E+00 -1.06355561E+00  4.03048506E-01  4.28520793E+00  6.16638440E-01  4.58571186E-02
 -5.23898478E+00  1.00000000E+00  4.13321442E+00 -1.06366698E+00  4.03048587E-01  4.28540317E+00  6.16660960E-01  4.58592776E-02
 -5.18939087E+00  1.00000000E+00  4.09591487E+00 -1.06382407E+00  4.03047828E-01  4.28656397E+00  6.16609074E-01  4.58744362E-02
 -5.13979696E+00  1.00000000E+00  4.05861533E+00 -1.06398120E+00  4.03045565E-01  4.28772508E+00  6.16557203E-01  4.58895985E-02
 -5.09020305E+00  1.00000000E+00  4.02131702E+00 -1.06374789E+00  4.03046396E-01  4.28648041E+00  6.16590322E-01  4.58736261E-02
 -5.04060915E+00  1.00000000E+00  3.98401871E+00 -1.06351464E+00  4.03046946E-01  4.28523610E+00  6.16623465E-01  4.58576580E-02
 -4.99101524E+00  1.00000000E+00  3.94672422E+00 -1.06359305E+00  4.03048282E-01  4.28542809E+00  6.16633987E-01  4.58599262E-02
 -4.94142133E+00  1.00000000E+00  3.90942973E+00 -1.06367146E+00  4.03049323E-01  4.28562008E+00  6.16644512E-01  4.58621946E-02
 -4.89182742E+00  1.00000000E+00  3.87212788E+00 -1.06383699E+00  4.03048588E-01  4.28655276E+00  6.16612843E-01  4.58742489E-02
 -4.84223351E+00  1.00000000E+00  3.83482604E+00 -1.06400255E+00  4.03047948E-01  4.28748563E+00  6.16581188E-01  4.58863056E-02
 -4.79263960E+00  1.00000000E+00  3.79753010E+00 -1.06372044E+00  4.03049767E-01  4.28622188E+00  6.16599933E-01  4.58702743E-02
 -4.74304569E+00  1.00000000E+00  3.76023416E+00 -1.06343841E+00  4.03048903E-01  4.28495850E+00  6.16618712E-01  4.58542473E-02
 -4.69345179E+00  1.00000000E+00  3.72293388E+00 -1.06355001E+00  4.03048937E-01  4.28516731E+00  6.16640030E-01  4.58565910E-02
 -4.64385788E+00  1.00000000E+00  3.68563360E+00 -1.06366162E+00  4.03049093E-01  4.28537613E+00  6.16661352E-01  4.58589347E-02
 -4.59426397E+00  1.00000000E+00  3.64833546E+00 -1.06383177E+00  4.03048163E-01  4.28669668E+00  6.16600505E-01  4.58762021E-02
 -4.54467006E+00  1.00000000E+00  3.61103731E+00 -1.06400197E+00  4.03045537E-01  4.28801764E+00  6.16539676E-01  4.58934745E-02
 -4.49507615E+00  1.00000000E+00  3.57373432E+00 -1.06405199E+00  4.03045507E-01  4.28844546E+00  6.16517863E-01  4.58990950E-02
 -4.44548224E+00  1.00000000E+00  3.53643133E+00 -1.06410201E+00  4.03044360E-01  4.28887334E+00  6.16496052E-01  4.59047161E-02
 -4.39588833E+00  1.00000000E+00  3.49913835E+00 -1.06372758E+00  4.03046605E-01  4.28689435E+00  6.16546058E-01  4.58793537E-02
 -4.34629443E+00  1.00000000E+00  3.46184537E+00 -1.06335330E+00  4.03049759E-01  4.28491628E+00  6.16596129E-01  4.58540019E-02
 -4.29670052E+00  1.00000000E+00  3.42454642E+00 -1.06363533E+00  4.03049059E-01  4.28648177E+00  6.16551514E-01  4.58741281E-02
 -4.24710661E+00  1.00000000E+00  3.38724748E+00 -1.06391744E+00  4.03045130E-01  4.28804783E+00  6.16506936E-01  4.58942611E-02
 -4.19751270E+00  1.00000000E+00  3.34994571E+00 -1.06366695E+00  4.03048405E-01  4.28644358E+00  6.16565866E-01  4.58734715E-02
 -4.14791879E+00  1.00000000E+00  3.31264394E+00 -1.06341654E+00  4.03050931E-01  4.28483995E+00  6.16624828E-01  4.58526890E-02
 -4.09832488E+00  1.00000000E+00  3.27534965E+00 -1.06343269E+00  4.03051275E-01  4.28473584E+00  6.16639381E-01  4.58512057E-02
 -4.04873097E+00  1.00000000E+00  3.23805535E+00 -1.06344883E+00  4.03050673E-01  4.28463173E+00  6.16653934E-01  4.58497225E-02
 -3.99913707E+00  1.00000000E+00  3.20075690E+00 -1.06351627E+00  4.03051618E-01  4.28504698E+00  6.16641421E-01  4.58550695E-02
 -3.94954316E+00  1.00000000E+00  3.16345846E+00 -1.06358372E+00  4.03051036E-01  4.28546227E+00  6.16628910E-01  4.58604169E-02
 -3.89994925E+00  1.00000000E+00  3.12615798E+00 -1.06387946E+00  4.03048141E-01  4.28735452E+00  6.16556348E-01  4.58849771E-02
 -3.85035534E+00  1.00000000E+00  3.08885751E+00 -1.06417531E+00  4.03045758E-01  4.28924761E+00  6.16483835E-01  4.59095472E-02
 -3.80076143E+00  1.00000000E+00  3.05155767E+00 -1.06382646E+00  4.03046897E-01  4.28735357E+00  6.16534473E-01  4.58852387E-02
 -3.75116752E+00  1.00000000E+00  3.01425782E+00 -1.06347774E+00  4.03047287E-01  4.28546035E+00  6.16585167E-01  4.58609398E-02
 -3.70157361E+00  1.00000000E+00  2.97696236E+00 -1.06367496E+00  4.03047544E-01  4.28655971E+00  6.16555955E-01  4.58750470E-02
 -3.65197971E+00  1.00000000E+00  2.93966690E+00 -1.06387223E+00  4.03045341E-01  4.28765935E+00  6.16526760E-01  4.58891574E-02
 -3.60238580E+00  1.00000000E+00  2.90236035E+00 -1.06387546E+00  4.03045419E-01  4.28704556E+00  6.16582340E-01  4.58807903E-02
 -3.55279189E+00  1.00000000E+00  2.86505380E+00 -1.06387869E+00  4.03048413E-01  4.28643188E+00  6.16637924E-01  4.58724244E-02
 -3.50319798E+00  1.00000000E+00  2.82776584E+00 -1.06375616E+00  4.03049604E-01  4.28594831E+00  6.16639831E-01  4.58663560E-02
 -3.45360407E+00  1.00000000E+00  2.79047788E+00 -1.06363365E+00  4.03050744E-01  4.28546480E+00  6.16641744E-01  4.58602883E-02
 -3.40401016E+00  1.00000000E+00  2.75317322E+00 -1.06379676E+00  4.03049213E-01  4.28696969E+00  6.16561253E-01  4.58801055E-02
 -3.35441626E+00  1.00000000E+00  2.71586855E+00 -1.06395991E+00  4.03045023E-01  4.28847512E+00  6.16480785E-01  4.58999292E-02
 -3.30482235E+00  1.00000000E+00  2.67857303E+00 -1.06368028E+00  4.03046358E-01  4.28681458E+00  6.16535426E-01  4.58784894E-02
 -3.25522844E+00  1.00000000E+00  2.64127751E+00 -1.06340074E+00  4.03047042E-01  4.28515468E+00  6.16590106E-01  4.58570572E-02
 -3.20563453E+00  1.00000000E+00  2.60397588E+00 -1.06351292E+00  4.03049407E-01  4.28503875E+00  6.16639278E-01  4.58549933E-02
 -3.15604062E+00  1.00000000E+00  2.56667426E+00 -1.06362510E+00  4.03051452E-01  4.28492283E+00  6.16688455E-01  4.58529297E-02
 -3.10644671E+00  1.00000000E+00  2.52938125E+00 -1.06352997E+00  4.03051719E-01  4.28488161E+00  6.16660281E-01  4.58527666E-02
 -3.05685280E+00  1.00000000E+00  2.49208825E+00 -1.06343485E+00  4.03050079E-01  4.28484040E+00  6.16632111E-01  4.58526036E-02
 -3.00725890E+00  1.00000000E+00  2.45478447E+00 -1.06364001E+00  4.03048452E-01  4.28634209E+00  6.16566165E-01  4.58721990E-02
 -2.95766499E+00  1.00000000E+00  2.41748069E+00 -1.06384523E+00  4.03045855E-01  4.28784431E+00  6.16500245E-01  4.58918008E-02
 -2.90807108E+00  1.00000000E+00  2.38018510E+00 -1.06359121E+00  4.03048324E-01  4.28649207E+00  6.16536151E-01  4.58744490E-02
 -2.85847717E+00  1.00000000E+00  2.34288950E+00 -1.06333726E+00  4.03049856E-01  4.28514026E+00  6.16572087E-01  4.58571021E-02
 -2.80888326E+00  1.00000000E+00  2.30559258E+00 -1.06378757E+00  4.03047491E-01  4.28753906E+00  6.16512586E-01  4.58878309E-02
 -2.75928935E+00  1.00000000E+00  2.26829565E+00 -1.06423810E+00  4.03042482E-01  4.28993920E+00  6.16453176E-01  4.59185753E-02
 -2.70969544E+00  1.00000000E+00  2.23099253E+00 -1.06404835E+00  4.03043358E-01  4.28860277E+00  6.16503069E-01  4.59012463E-02
 -2.66010154E+00  1.00000000E+00  2.19368940E+00 -1.06385865E+00  4.03046426E-01  4.28726676E+00  6.16552982E-01  4.58839223E-02
 -2.61050763E+00  1.00000000E+00  2.15639375E+00 -1.06371862E+00  4.03049150E-01  4.28634083E+00  6.16591164E-01  4.58718708E-02
 -2.56091372E+00  1.00000000E+00  2.11909810E+00 -1.06357863E+00  4.03050206E-01  4.28541509E+00  6.16629358E-01  4.58598217E-02
 -2.51131981E+00  1.00000000E+00  2.08180139E+00 -1.06359813E+00  4.03050798E-01  4.28541237E+00  6.16636781E-01  4.58596948E-02
 -2.46172590E+00  1.00000000E+00  2.04450468E+00 -1.06361763E+00  4.03050509E-01  4.28540964E+00  6.16644205E-01  4.58595680E-02
 -2.41213199E+00  1.00000000E+00  2.00720300E+00 -1.06380261E+00  4.03048500E-01  4.28673385E+00  6.16586201E-01  4.58768457E-02
 -2.36253808E+00  1.00000000E+00  1.96990132E+00 -1.06398765E+00  4.03044927E-01  4.28805848E+00  6.16528218E-01  4.58941282E-02
 -2.31294418E+00  1.00000000E+00  1.93260257E+00 -1.06372569E+00  4.03045474E-01  4.28663466E+00  6.16568306E-01  4.58758294E-02
 -2.26335027E+00  1.00000000E+00  1.89530383E+00 -1.06346382E+00  4.03045581E-01  4.28521131E+00  6.16608427E-01  4.58575360E-02
 -2.21375636E+00  1.00000000E+00  1.85800595E+00 -1.06354658E+00  4.03044053E-01  4.28520169E+00  6.16638921E-01  4.58570346E-02
 -2.16416245E+00  1.00000000E+00  1.82070807E+00 -1.06362935E+00  4.03042102E-01  4.28519208E+00  6.16669417E-01  4.58565333E-02
 -2.11456854E+00  1.00000000E+00  1.78341197E+00 -1.06366737E+00  4.03039805E-01  4.28564162E+00  6.16638162E-01  4.58625433E-02
 -2.06497463E+00  1.00000000E+00  1.74611587E+00 -1.06370539E+00  4.03036555E-01  4.28609122E+00  6.16606909E-01  4.58685538E-02
 -2.01538072E+00  1.00000000E+00  1.70881565E+00 -1.06371191E+00  4.03033847E-01  4.28581821E+00  6.16636447E-01  4.58647720E-02
 -1.96578682E+00  1.00000000E+00  1.67151543E+00 -1.06371843E+00  4.03032252E-01  4.28554522E+00  6.16665986E-01  4.58609904E-02
 -1.91619291E+00  1.00000000E+00  1.63422126E+00 -1.06368530E+00  4.03026220E-01  4.28603321E+00  6.16612371E-01  4.58677605E-02
 -1.86659900E+00  1.00000000E+00  1.59692709E+00 -1.06365218E+00  4.03016457E-01  4.28652128E+00  6.16558759E-01  4.58745316E-02
 -1.81700509E+00  1.00000000E+00  1.55962740E+00 -1.06369709E+00  4.03009762E-01  4.28603491E+00  6.16619692E-01  4.58676902E-02
 -1.76741118E+00  1.00000000E+00  1.52232771E+00 -1.06374199E+00  4.03003948E-01  4.28554861E+00  6.16680630E-01  4.58608497E-02
 -1.71781727E+00  1.00000000E+00  1.48504587E+00 -1.06367077E+00  4.02992661E-01  4.28554587E+00  6.16656777E-01  4.58611136E-02
 -1.66822336E+00  1.00000000E+00  1.44776403E+00 -1.06359955E+00  4.02978220E-01  4.28554313E+00  6.16632927E-01  4.58613776E-02
 -1.61862946E+00  1.00000000E+00  1.41047793E+00 -1.06363370E+00  4.02964623E-01  4.28514968E+00  6.16683517E-01  4.58558270E-02
 -1.56903555E+00  1.00000000E+00  1.37319184E+00 -1.06366785E+00  4.02949791E-01  4.28475628E+00  6.16734109E-01  4.58502771E-02
 -1.51944164E+00  1.00000000E+00  1.33592677E+00 -1.06373047E+00  4.02927726E-01  4.28574393E+00  6.16668743E-01  4.58634399E-02
 -1.46984773E+00  1.00000000E+00  1.29866171E+00 -1.06379310E+00  4.02897271E-01  4.28673183E+00  6.16603385E-01  4.58766056E-02
 -1.42025382E+00  1.00000000E+00  1.26139674E+00 -1.06359807E+00  4.02871545E-01  4.28540373E+00  6.16658220E-01  4.58593189E-02
 -1.37065991E+00  1.00000000E+00  1.22413176E+00 -1.06340310E+00  4.02851442E-01  4.28407604E+00  6.16713077E-01  4.58420371E-02
 -1.32106600E+00  1.00000000E+00  1.18691575E+00 -1.06379762E+00  4.02827036E-01  4.28566689E+00  6.16714233E-01  4.58619082E-02
 -1.27147210E+00  1.00000000E+00  1.14969973E+00 -1.06419228E+00  4.02788352E-01  4.28725833E+00  6.16715445E-01  4.58817861E-02
 -1.22187819E+00  1.00000000E+00  1.11252617E+00 -1.06380683E+00  4.02751296E-01  4.28538948E+00  6.16755786E-01  4.58579212E-02
 -1.17228428E+00  1.00000000E+00  1.07535261E+00 -1.06342154E+00  4.02717709E-01  4.28352144E+00  6.16796192E-01  4.58340657E-02
 -1.12269037E+00  1.00000000E+00  1.03824562E+00 -1.06347386E+00  4.02696004E-01  4.28313936E+00  6.16852692E-01  4.58285834E-02
 -1.07309646E+00  1.00000000E+00  1.00113864E+00 -1.06352617E+00  4.02666472E-01  4.28275732E+00  6.16909195E-01  4.58231016E-02
 -1.02350255E+00  1.00000000E+00  9.64136289E-01 -1.06355359E+00  4.02659387E-01  4.28278786E+00  6.16931048E-01  4.58232101E-02
 -9.73908645E-01  1.00000000E+00  9.27133937E-01 -1.06358100E+00  4.02671048E-01  4.28281839E+00  6.16952902E-01  4.58233186E-02
 -9.24314736E-01  1.00000000E+00  8.90284943E-01 -1.06338965E+00  4.02739973E-01  4.28333411E+00  6.16783337E-01  4.58318847E-02
 -8.74720828E-01  1.00000000E+00  8.53435949E-01 -1.06319830E+00  4.02822082E-01  4.28384997E+00  6.16613811E-01  4.58404519E-02
 -8.25312107E-01  1.00000000E+00  8.16928877E-01 -1.06353339E+00  4.03005644E-01  4.28512060E+00  6.16642847E-01  4.58559719E-02
 -7.75903387E-01  1.00000000E+00  7.80421805E-01 -1.06386857E+00  4.03235188E-01  4.28639161E+00  6.16671915E-01  4.58714962E-02
 -7.30665613E-01  1.00000000E+00  7.47314125E-01 -1.06421406E+00  4.03682530E-01  4.28947486E+00  6.16462634E-01  4.59126529E-02
 -6.85427839E-01  1.00000000E+00  7.14206444E-01 -1.06455977E+00  4.04156292E-01  4.29256039E+00  6.16253508E-01  4.59538361E-02
 -6.45465100E-01  1.00000000E+00  6.85309740E-01 -1.06454097E+00  4.04858146E-01  4.29705442E+00  6.15688511E-01  4.60170738E-02
 -6.05502361E-01  1.00000000E+00  6.56413036E-01 -1.06452231E+00  4.05660999E-01  4.30155388E+00  6.15124011E-01  4.60803734E-02
 -5.70199545E-01  1.00000000E+00  6.31175343E-01 -1.06480263E+00  4.06688018E-01  4.30801120E+00  6.14494662E-01  4.61689567E-02
 -5.34896729E-01  1.00000000E+00  6.05937650E-01 -1.06508346E+00  4.07876679E-01  4.31447911E+00  6.13866048E-01  4.62576633E-02
 -5.03710456E-01  1.00000000E+00  5.83880218E-01 -1.06647468E+00  4.09349688E-01  4.32604672E+00  6.13180413E-01  4.64108289E-02
 -4.72524184E-01  1.00000000E+00  5.61822786E-01 -1.06786927E+00  4.11016316E-01  4.33764607E+00  6.12496712E-01  4.65643670E-02
 -4.44974441E-01  1.00000000E+00  5.42923362E-01 -1.06965302E+00  4.13058760E-01  4.35354647E+00  6.11503085E-01  4.67755423E-02
 -4.17424698E-01  1.00000000E+00  5.24023937E-01 -1.07144273E+00  4.15362149E-01  4.36950682E+00  6.10513076E-01  4.69874218E-02
 -3.93087440E-01  1.00000000E+00  5.07626921E-01 -1.07328610E+00  4.17729705E-01  4.38586039E+00  6.09527161E-01  4.72041653E-02
 -3.68750182E-01  1.00000000E+00  4.91229904E-01 -1.07513571E+00  4.20557550E-01  4.40227688E+00  6.08544896E-01  4.74216498E-02
 -3.47250809E-01  1.00000000E+00  4.77103504E-01 -1.07526586E+00  4.23735962E-01  4.42436672E+00  6.06009411E-01  4.77294664E-02
 -3.25751437E-01  1.00000000E+00  4.62977105E-01 -1.07539953E+00  4.27331431E-01  4.44658291E+00  6.03484240E-01  4.80387334E-02
 -3.06759035E-01  1.00000000E+00  4.50780599E-01 -1.07947505E+00  4.31153755E-01  4.47484419E+00  6.02269132E-01  4.84071882E-02
 -2.87766633E-01  1.00000000E+00  4.38584092E-01 -1.08357352E+00  4.35369292E-01  4.50328677E+00  6.01064667E-01  4.87777763E-02
 -2.70988873E-01  1.00000000E+00  4.28357234E-01 -1.08503185E+00  4.40044494E-01  4.53507225E+00  5.98172438E-01  4.92112477E-02
 -2.54211113E-01  1.00000000E+00  4.18130375E-01 -1.08650235E+00  4.45051896E-01  4.56710157E+00  5.95296544E-01  4.96475629E-02
 -2.39389755E-01  1.00000000E+00  4.09509696E-01 -1.08915411E+00  4.50422734E-01  4.60281187E+00  5.92660919E-01  5.01268868E-02
 -2.24568396E-01  1.00000000E+00  4.00889017E-01 -1.09182595E+00  4.56219438E-01  4.63881710E+00  5.90042425E-01  5.06096834E-02
 -2.11472015E-01  1.00000000E+00  3.93648685E-01 -1.09527196E+00  4.62412268E-01  4.68157203E+00  5.87098535E-01  5.11809187E-02
 -1.98375634E-01  1.00000000E+00  3.86408353E-01 -1.09874802E+00  4.69063812E-01  4.72474049E+00  5.84177895E-01  5.17570325E-02
 -1.85977157E-01  1.00000000E+00  3.80159195E-01 -1.10492553E+00  4.76843304E-01  4.77818652E+00  5.81517359E-01  5.24583645E-02
 -1.73578680E-01  1.00000000E+00  3.73910038E-01 -1.11116547E+00  4.85150346E-01  4.83225040E+00  5.78889359E-01  5.31670131E-02
 -1.61180203E-01  1.00000000E+00  3.68597992E-01 -1.11257755E+00  4.95324352E-01  4.89674227E+00  5.73006223E-01  5.40467006E-02
 -1.48781726E-01  1.00000000E+00  3.63285947E-01 -1.11401863E+00  5.06323357E-01  4.96219190E+00  5.67184109E-01  5.49375974E-02
 -1.36383248E-01  1.00000000E+00  3.58841275E-01 -1.12339766E+00  5.20180295E-01  5.05447824E+00  5.62554231E-01  5.61490501E-02
 -1.23984771E-01  1.00000000E+00  3.54396602E-01 -1.13293245E+00  5.35336071E-01  5.14852982E+00  5.58009571E-01  5.73815031E-02
 -1.11586294E-01  1.00000000E+00  3.51192221E-01 -1.13534302E+00  5.55583615E-01  5.25527915E+00  5.49356325E-01  5.88240354E-02
 -9.91878171E-02  1.00000000E+00  3.47987839E-01 -1.13781807E+00  5.77457732E-01  5.36447999E+00  5.40838611E-01  6.02955172E-02
 -8.67893400E-02  1.00000000E+00  3.55896240E-01 -1.13894098E+00  6.08372214E-01  5.64339426E+00  5.17731800E-01  6.40707807E-02
 -7.43908628E-02  1.00000000E+00  3.63804641E-01 -1.14027688E+00  6.48288860E-01  5.93866033E+00  4.95549281E-01  6.80388881E-02
 -6.19923857E-02  1.00000000E+00  3.32970642E-01 -1.07476974E+00  7.04380455E-01  5.90027089E+00  4.74618036E-01  6.78206606E-02
 -4.95939085E-02  1.00000000E+00  3.02136643E-01 -1.01008971E+00  7.51363781E-01  5.86479237E+00  4.54936438E-01  6.76231991E-02
 -3.71954314E-02  1.00000000E+00  5.85919706E-01 -1.48525276E+00  8.55713285E-01  7.66772555E+00  5.13519647E-01  8.94275738E-02
 -2.47969543E-02  1.00000000E+00  8.69702769E-01 -2.11076866E+00  1.11317140E+00  1.00556634E+01  6.24014107E-01  1.17895616E-01
 -1.23984771E-02  1.00000000E+00 -1.94009618E-01  5.88420275E-01  1.74753745E+00  8.88103067E+00  2.44829266E-01  1.07952518E-01
  0.00000000E+00  1.00000000E+00 -1.25772201E+00  3.92523572E+00  3.26120350E+00  1.22683125E+01  1.40558695E+00  1.35784070E-01
