# curve 5 (die wall), step =        1, time =   8.00000000E-01
# N1 = tau_xx - tau_yy = G ( c_xx - c_yy ),  G =  8.0000E-01  (polymer part only)
#              x               y        pressure            c_xy        gammadot            c_xx            c_yy              N1
 -3.00000000E+00  1.00000000E+00  2.17075695E+00  0.00000000E+00  3.99990662E-01  1.00000000E+00  1.00000000E+00  0.00000000E+00
 -2.95108291E+00  1.00000000E+00  2.13765450E+00  0.00000000E+00  3.99994437E-01  1.00000000E+00  1.00000000E+00  0.00000000E+00
 -2.90216582E+00  1.00000000E+00  2.10455204E+00  0.00000000E+00  3.99998086E-01  1.00000000E+00  1.00000000E+00  0.00000000E+00
 -2.85324873E+00  1.00000000E+00  2.07143662E+00  0.00000000E+00  3.99999675E-01  1.00000000E+00  1.00000000E+00  0.00000000E+00
 -2.80433164E+00  1.00000000E+00  2.03832120E+00  0.00000000E+00  4.00000105E-01  1.00000000E+00  1.00000000E+00  0.00000000E+00
 -2.75541455E+00  1.00000000E+00  2.00520836E+00  0.00000000E+00  4.00000133E-01  1.00000000E+00  1.00000000E+00  0.00000000E+00
 -2.70649746E+00  1.00000000E+00  1.97209551E+00  0.00000000E+00  4.00000079E-01  1.00000000E+00  1.00000000E+00  0.00000000E+00
 -2.65758037E+00  1.00000000E+00  1.93898214E+00  0.00000000E+00  3.99999912E-01  1.00000000E+00  1.00000000E+00  0.00000000E+00
 -2.60866328E+00  1.00000000E+00  1.90586877E+00  0.00000000E+00  3.99999693E-01  1.00000000E+00  1.00000000E+00  0.00000000E+00
 -2.55974619E+00  1.00000000E+00  1.87275556E+00  0.00000000E+00  3.99999421E-01  1.00000000E+00  1.00000000E+00  0.00000000E+00
 -2.51082911E+00  1.00000000E+00  1.83964235E+00  0.00000000E+00  3.99999121E-01  1.00000000E+00  1.00000000E+00  0.00000000E+00
 -2.46191202E+00  1.00000000E+00  1.80652911E+00  0.00000000E+00  3.99998727E-01  1.00000000E+00  1.00000000E+00  0.00000000E+00
 -2.41299493E+00  1.00000000E+00  1.77341587E+00  0.00000000E+00  3.99998293E-01  1.00000000E+00  1.00000000E+00  0.00000000E+00
 -2.36407784E+00  1.00000000E+00  1.74030272E+00  0.00000000E+00  3.99997664E-01  1.00000000E+00  1.00000000E+00  0.00000000E+00
 -2.31516075E+00  1.00000000E+00  1.70718958E+00  0.00000000E+00  3.99996955E-01  1.00000000E+00  1.00000000E+00  0.00000000E+00
 -2.26624366E+00  1.00000000E+00  1.67407655E+00  0.00000000E+00  3.99995947E-01  1.00000000E+00  1.00000000E+00  0.00000000E+00
 -2.21732657E+00  1.00000000E+00  1.64096351E+00  0.00000000E+00  3.99994792E-01  1.00000000E+00  1.00000000E+00  0.00000000E+00
 -2.16840948E+00  1.00000000E+00  1.60785058E+00  0.00000000E+00  3.99993260E-01  1.00000000E+00  1.00000000E+00  0.00000000E+00
 -2.11949239E+00  1.00000000E+00  1.57473766E+00  0.00000000E+00  3.99991551E-01  1.00000000E+00  1.00000000E+00  0.00000000E+00
 -2.07057530E+00  1.00000000E+00  1.54162549E+00  0.00000000E+00  3.99989111E-01  1.00000000E+00  1.00000000E+00  0.00000000E+00
 -2.02165821E+00  1.00000000E+00  1.50851332E+00  0.00000000E+00  3.99986320E-01  1.00000000E+00  1.00000000E+00  0.00000000E+00
 -1.97274112E+00  1.00000000E+00  1.47540161E+00  0.00000000E+00  3.99983002E-01  1.00000000E+00  1.00000000E+00  0.00000000E+00
 -1.92382403E+00  1.00000000E+00  1.44228990E+00  0.00000000E+00  3.99979070E-01  1.00000000E+00  1.00000000E+00  0.00000000E+00
 -1.87490694E+00  1.00000000E+00  1.40917981E+00  0.00000000E+00  3.99973971E-01  1.00000000E+00  1.00000000E+00  0.00000000E+00
 -1.82598985E+00  1.00000000E+00  1.37606972E+00  0.00000000E+00  3.99968261E-01  1.00000000E+00  1.00000000E+00  0.00000000E+00
 -1.77707276E+00  1.00000000E+00  1.34296261E+00  0.00000000E+00  3.99961071E-01  1.00000000E+00  1.00000000E+00  0.00000000E+00
 -1.72815567E+00  1.00000000E+00  1.30985550E+00  0.00000000E+00  3.99952222E-01  1.00000000E+00  1.00000000E+00  0.00000000E+00
 -1.67923858E+00  1.00000000E+00  1.27675266E+00  0.00000000E+00  3.99941090E-01  1.00000000E+00  1.00000000E+00  0.00000000E+00
 -1.63032150E+00  1.00000000E+00  1.24364982E+00  0.00000000E+00  3.99929202E-01  1.00000000E+00  1.00000000E+00  0.00000000E+00
 -1.58140441E+00  1.00000000E+00  1.21055272E+00  0.00000000E+00  3.99914904E-01  1.00000000E+00  1.00000000E+00  0.00000000E+00
 -1.53248732E+00  1.00000000E+00  1.17745562E+00  0.00000000E+00  3.99900455E-01  1.00000000E+00  1.00000000E+00  0.00000000E+00
 -1.48357023E+00  1.00000000E+00  1.14437216E+00  0.00000000E+00  3.99883614E-01  1.00000000E+00  1.00000000E+00  0.00000000E+00
 -1.43465314E+00  1.00000000E+00  1.11128869E+00  0.00000000E+00  3.99863388E-01  1.00000000E+00  1.00000000E+00  0.00000000E+00
 -1.38573605E+00  1.00000000E+00  1.07822228E+00  0.00000000E+00  3.99839088E-01  1.00000000E+00  1.00000000E+00  0.00000000E+00
 -1.33681896E+00  1.00000000E+00  1.04515588E+00  0.00000000E+00  3.99816289E-01  1.00000000E+00  1.00000000E+00  0.00000000E+00
 -1.28790187E+00  1.00000000E+00  1.01211593E+00  0.00000000E+00  3.99793179E-01  1.00000000E+00  1.00000000E+00  0.00000000E+00
 -1.23898478E+00  1.00000000E+00  9.79075989E-01  0.00000000E+00  3.99770571E-01  1.00000000E+00  1.00000000E+00  0.00000000E+00
 -1.19006769E+00  1.00000000E+00  9.46077612E-01  0.00000000E+00  3.99751539E-01  1.00000000E+00  1.00000000E+00  0.00000000E+00
 -1.14115060E+00  1.00000000E+00  9.13079235E-01  0.00000000E+00  3.99731345E-01  1.00000000E+00  1.00000000E+00  0.00000000E+00
 -1.09223351E+00  1.00000000E+00  8.80151715E-01  0.00000000E+00  3.99731339E-01  1.00000000E+00  1.00000000E+00  0.00000000E+00
 -1.04331642E+00  1.00000000E+00  8.47224195E-01  0.00000000E+00  3.99737193E-01  1.00000000E+00  1.00000000E+00  0.00000000E+00
 -9.94399333E-01  1.00000000E+00  8.14371533E-01  0.00000000E+00  3.99770024E-01  1.00000000E+00  1.00000000E+00  0.00000000E+00
 -9.45482243E-01  1.00000000E+00  7.81518871E-01  0.00000000E+00  3.99817968E-01  1.00000000E+00  1.00000000E+00  0.00000000E+00
 -8.96565154E-01  1.00000000E+00  7.48809233E-01  0.00000000E+00  3.99945654E-01  1.00000000E+00  1.00000000E+00  0.00000000E+00
 -8.47648064E-01  1.00000000E+00  7.16099595E-01  0.00000000E+00  4.00103582E-01  1.00000000E+00  1.00000000E+00  0.00000000E+00
 -7.99501858E-01  1.00000000E+00  6.84111078E-01  0.00000000E+00  4.00373645E-01  1.00000000E+00  1.00000000E+00  0.00000000E+00
 -7.51355652E-01  1.00000000E+00  6.52122561E-01  0.00000000E+00  4.00715638E-01  1.00000000E+00  1.00000000E+00  0.00000000E+00
 -7.08111109E-01  1.00000000E+00  6.23598650E-01  0.00000000E+00  4.01182226E-01  1.00000000E+00  1.00000000E+00  0.00000000E+00
 -6.64866566E-01  1.00000000E+00  5.95074740E-01  0.00000000E+00  4.01804431E-01  1.00000000E+00  1.00000000E+00  0.00000000E+00
 -6.26599939E-01  1.00000000E+00  5.70041940E-01  0.00000000E+00  4.02635804E-01  1.00000000E+00  1.00000000E+00  0.00000000E+00
 -5.88333313E-01  1.00000000E+00  5.45009139E-01  0.00000000E+00  4.03578398E-01  1.00000000E+00  1.00000000E+00  0.00000000E+00
 -5.54471587E-01  1.00000000E+00  5.23214890E-01  0.00000000E+00  4.04789311E-01  1.00000000E+00  1.00000000E+00  0.00000000E+00
 -5.20609860E-01  1.00000000E+00  5.01420640E-01  0.00000000E+00  4.06144713E-01  1.00000000E+00  1.00000000E+00  0.00000000E+00
 -4.90645977E-01  1.00000000E+00  4.82151176E-01  0.00000000E+00  4.07781139E-01  1.00000000E+00  1.00000000E+00  0.00000000E+00
 -4.60682095E-01  1.00000000E+00  4.62881711E-01  0.00000000E+00  4.09554817E-01  1.00000000E+00  1.00000000E+00  0.00000000E+00
 -4.34167380E-01  1.00000000E+00  4.46463079E-01  0.00000000E+00  4.11759613E-01  1.00000000E+00  1.00000000E+00  0.00000000E+00
 -4.07652666E-01  1.00000000E+00  4.30044446E-01  0.00000000E+00  4.14186935E-01  1.00000000E+00  1.00000000E+00  0.00000000E+00
 -3.84190072E-01  1.00000000E+00  4.15386092E-01  0.00000000E+00  4.16790034E-01  1.00000000E+00  1.00000000E+00  0.00000000E+00
 -3.60727478E-01  1.00000000E+00  4.00727739E-01  0.00000000E+00  4.19608542E-01  1.00000000E+00  1.00000000E+00  0.00000000E+00
 -3.39965684E-01  1.00000000E+00  3.88186207E-01  0.00000000E+00  4.22993532E-01  1.00000000E+00  1.00000000E+00  0.00000000E+00
 -3.19203889E-01  1.00000000E+00  3.75644675E-01  0.00000000E+00  4.26574967E-01  1.00000000E+00  1.00000000E+00  0.00000000E+00
 -3.00831998E-01  1.00000000E+00  3.64741015E-01  0.00000000E+00  4.30530759E-01  1.00000000E+00  1.00000000E+00  0.00000000E+00
 -2.82460107E-01  1.00000000E+00  3.53837355E-01  0.00000000E+00  4.34811834E-01  1.00000000E+00  1.00000000E+00  0.00000000E+00
 -2.66203017E-01  1.00000000E+00  3.44588055E-01  0.00000000E+00  4.39548312E-01  1.00000000E+00  1.00000000E+00  0.00000000E+00
 -2.49945927E-01  1.00000000E+00  3.35338755E-01  0.00000000E+00  4.44550843E-01  1.00000000E+00  1.00000000E+00  0.00000000E+00
 -2.35560203E-01  1.00000000E+00  3.27223316E-01  0.00000000E+00  4.49874472E-01  1.00000000E+00  1.00000000E+00  0.00000000E+00
 -2.21174479E-01  1.00000000E+00  3.19107877E-01  0.00000000E+00  4.55610833E-01  1.00000000E+00  1.00000000E+00  0.00000000E+00
 -2.08421419E-01  1.00000000E+00  3.12174435E-01  0.00000000E+00  4.61918715E-01  1.00000000E+00  1.00000000E+00  0.00000000E+00
 -1.95668358E-01  1.00000000E+00  3.05240993E-01  0.00000000E+00  4.68634019E-01  1.00000000E+00  1.00000000E+00  0.00000000E+00
 -1.83439085E-01  1.00000000E+00  2.99401399E-01  0.00000000E+00  4.76318950E-01  1.00000000E+00  1.00000000E+00  0.00000000E+00
 -1.71209813E-01  1.00000000E+00  2.93561805E-01  0.00000000E+00  4.84423440E-01  1.00000000E+00  1.00000000E+00  0.00000000E+00
 -1.58980541E-01  1.00000000E+00  2.87639925E-01  0.00000000E+00  4.94341765E-01  1.00000000E+00  1.00000000E+00  0.00000000E+00
 -1.46751268E-01  1.00000000E+00  2.81718045E-01  0.00000000E+00  5.04922566E-01  1.00000000E+00  1.00000000E+00  0.00000000E+00
 -1.34521996E-01  1.00000000E+00  2.76845742E-01  0.00000000E+00  5.18396887E-01  1.00000000E+00  1.00000000E+00  0.00000000E+00
 -1.22292724E-01  1.00000000E+00  2.71973438E-01  0.00000000E+00  5.32531343E-01  1.00000000E+00  1.00000000E+00  0.00000000E+00
 -1.10063451E-01  1.00000000E+00  2.66433010E-01  0.00000000E+00  5.52829327E-01  1.00000000E+00  1.00000000E+00  0.00000000E+00
 -9.78341789E-02  1.00000000E+00  2.60892581E-01  0.00000000E+00  5.73491653E-01  1.00000000E+00  1.00000000E+00  0.00000000E+00
 -8.56049065E-02  1.00000000E+00  2.67422730E-01  0.00000000E+00  6.01369313E-01  1.00000000E+00  1.00000000E+00  0.00000000E+00
 -7.33756342E-02  1.00000000E+00  2.73952879E-01  0.00000000E+00  6.34349540E-01  1.00000000E+00  1.00000000E+00  0.00000000E+00
 -6.11463618E-02  1.00000000E+00  2.28659027E-01  0.00000000E+00  6.93936164E-01  1.00000000E+00  1.00000000E+00  0.00000000E+00
 -4.89170895E-02  1.00000000E+00  1.83365175E-01  0.00000000E+00  7.45287368E-01  1.00000000E+00  1.00000000E+00  0.00000000E+00
 -3.66878171E-02  1.00000000E+00  3.80864005E-01  0.00000000E+00  8.44143253E-01  1.00000000E+00  1.00000000E+00  0.00000000E+00
 -2.44585447E-02  1.00000000E+00  5.78362835E-01  0.00000000E+00  1.02419782E+00  1.00000000E+00  1.00000000E+00  0.00000000E+00
 -1.22292724E-02  1.00000000E+00 -1.65684193E-01  0.00000000E+00  1.47942716E+00  1.00000000E+00  1.00000000E+00  0.00000000E+00
  0.00000000E+00  1.00000000E+00 -9.09731222E-01  0.00000000E+00  2.22537062E+00  1.00000000E+00  1.00000000E+00  0.00000000E+00
