# curve 5 (die wall), step =      600, time =   4.80000000E+02
# N1 = tau_xx - tau_yy = G ( c_xx - c_yy ),  G =  8.0000E-01  (polymer part only)
#              x               y        pressure            c_xy        gammadot            c_xx            c_yy              N1
 -3.00000000E+00  1.00000000E+00  2.60862593E+00 -2.00009867E-01  3.99992602E-01  1.07992682E+00  1.00002507E+00  6.39213963E-02
 -2.95108291E+00  1.00000000E+00  2.56949388E+00 -2.00012640E-01  3.99996776E-01  1.07993008E+00  1.00002435E+00  6.39245782E-02
 -2.90216582E+00  1.00000000E+00  2.53036184E+00 -2.00015412E-01  4.00000635E-01  1.07993334E+00  1.00002364E+00  6.39277601E-02
 -2.85324873E+00  1.00000000E+00  2.49122757E+00 -2.00017417E-01  3.99999679E-01  1.07991269E+00  1.00003082E+00  6.39054968E-02
 -2.80433164E+00  1.00000000E+00  2.45209330E+00 -2.00019421E-01  3.99996006E-01  1.07989204E+00  1.00003800E+00  6.38832338E-02
 -2.75541455E+00  1.00000000E+00  2.41295688E+00 -2.00014046E-01  3.99999168E-01  1.07992633E+00  1.00002598E+00  6.39202839E-02
 -2.70649746E+00  1.00000000E+00  2.37382046E+00 -2.00008671E-01  3.99999639E-01  1.07996062E+00  1.00001395E+00  6.39573348E-02
 -2.65758037E+00  1.00000000E+00  2.33468876E+00 -2.00010670E-01  3.99998946E-01  1.07994802E+00  1.00001848E+00  6.39436345E-02
 -2.60866328E+00  1.00000000E+00  2.29555707E+00 -2.00012668E-01  3.99999956E-01  1.07993542E+00  1.00002300E+00  6.39299342E-02
 -2.55974619E+00  1.00000000E+00  2.25642149E+00 -2.00009755E-01  3.99998891E-01  1.07995287E+00  1.00001675E+00  6.39488974E-02
 -2.51082911E+00  1.00000000E+00  2.21728591E+00 -2.00006842E-01  4.00002455E-01  1.07997033E+00  1.00001050E+00  6.39678608E-02
 -2.46191202E+00  1.00000000E+00  2.17815352E+00 -2.00009301E-01  3.99999466E-01  1.07995197E+00  1.00001690E+00  6.39480584E-02
 -2.41299493E+00  1.00000000E+00  2.13902113E+00 -2.00011759E-01  3.99996122E-01  1.07993362E+00  1.00002330E+00  6.39282562E-02
 -2.36407784E+00  1.00000000E+00  2.09988595E+00 -2.00007870E-01  3.99997455E-01  1.07995411E+00  1.00001579E+00  6.39506585E-02
 -2.31516075E+00  1.00000000E+00  2.06075078E+00 -2.00003980E-01  3.99999049E-01  1.07997460E+00  1.00000828E+00  6.39730611E-02
 -2.26624366E+00  1.00000000E+00  2.02161665E+00 -2.00008249E-01  3.99997624E-01  1.07995320E+00  1.00001614E+00  6.39496463E-02
 -2.21732657E+00  1.00000000E+00  1.98248252E+00 -2.00012519E-01  3.99997875E-01  1.07993180E+00  1.00002401E+00  6.39262318E-02
 -2.16840948E+00  1.00000000E+00  1.94335205E+00 -2.00012475E-01  3.99995046E-01  1.07992281E+00  1.00002684E+00  6.39167769E-02
 -2.11949239E+00  1.00000000E+00  1.90422157E+00 -2.00012431E-01  3.99989940E-01  1.07991381E+00  1.00002966E+00  6.39073221E-02
 -2.07057530E+00  1.00000000E+00  1.86508462E+00 -2.00011398E-01  3.99990097E-01  1.07991600E+00  1.00002869E+00  6.39098474E-02
 -2.02165821E+00  1.00000000E+00  1.82594767E+00 -2.00010365E-01  3.99990862E-01  1.07991819E+00  1.00002772E+00  6.39123727E-02
 -1.97274112E+00  1.00000000E+00  1.78681884E+00 -2.00010685E-01  3.99984429E-01  1.07989916E+00  1.00003386E+00  6.38922339E-02
 -1.92382403E+00  1.00000000E+00  1.74769001E+00 -2.00011005E-01  3.99975869E-01  1.07988013E+00  1.00004001E+00  6.38720954E-02
 -1.87490694E+00  1.00000000E+00  1.70855760E+00 -2.00002314E-01  3.99971625E-01  1.07990910E+00  1.00002880E+00  6.39042402E-02
 -1.82598985E+00  1.00000000E+00  1.66942520E+00 -1.99993623E-01  3.99966284E-01  1.07993807E+00  1.00001759E+00  6.39363857E-02
 -1.77707276E+00  1.00000000E+00  1.63029978E+00 -1.99994130E-01  3.99960346E-01  1.07991450E+00  1.00002512E+00  6.39115037E-02
 -1.72815567E+00  1.00000000E+00  1.59117436E+00 -1.99994636E-01  3.99953622E-01  1.07989093E+00  1.00003265E+00  6.38866221E-02
 -1.67923858E+00  1.00000000E+00  1.55204649E+00 -1.99985648E-01  3.99938999E-01  1.07990024E+00  1.00002722E+00  6.38984096E-02
 -1.63032150E+00  1.00000000E+00  1.51291862E+00 -1.99976660E-01  3.99929274E-01  1.07990954E+00  1.00002179E+00  6.39101971E-02
 -1.58140441E+00  1.00000000E+00  1.47381076E+00 -1.99971919E-01  3.99912275E-01  1.07989004E+00  1.00002731E+00  6.38901843E-02
 -1.53248732E+00  1.00000000E+00  1.43470290E+00 -1.99967178E-01  3.99896663E-01  1.07987053E+00  1.00003282E+00  6.38701718E-02
 -1.48357023E+00  1.00000000E+00  1.39560112E+00 -1.99955978E-01  3.99877879E-01  1.07986443E+00  1.00003262E+00  6.38654451E-02
 -1.43465314E+00  1.00000000E+00  1.35649933E+00 -1.99944779E-01  3.99854135E-01  1.07985833E+00  1.00003243E+00  6.38607185E-02
 -1.38573605E+00  1.00000000E+00  1.31741404E+00 -1.99928055E-01  3.99827091E-01  1.07986712E+00  1.00002530E+00  6.38734602E-02
 -1.33681896E+00  1.00000000E+00  1.27832875E+00 -1.99911331E-01  3.99806020E-01  1.07987592E+00  1.00001817E+00  6.38862021E-02
 -1.28790187E+00  1.00000000E+00  1.23928279E+00 -1.99901074E-01  3.99778724E-01  1.07985842E+00  1.00002060E+00  6.38702559E-02
 -1.23898478E+00  1.00000000E+00  1.20023683E+00 -1.99890817E-01  3.99750831E-01  1.07984092E+00  1.00002303E+00  6.38543098E-02
 -1.19006769E+00  1.00000000E+00  1.16123798E+00 -1.99878610E-01  3.99726439E-01  1.07982516E+00  1.00002779E+00  6.38378919E-02
 -1.14115060E+00  1.00000000E+00  1.12223914E+00 -1.99866404E-01  3.99701889E-01  1.07980940E+00  1.00003256E+00  6.38214741E-02
 -1.09223351E+00  1.00000000E+00  1.08332531E+00 -1.99867055E-01  3.99695744E-01  1.07979742E+00  1.00003567E+00  6.38093946E-02
 -1.04331642E+00  1.00000000E+00  1.04441149E+00 -1.99867706E-01  3.99691381E-01  1.07978543E+00  1.00003878E+00  6.37973152E-02
 -9.94399333E-01  1.00000000E+00  1.00559322E+00 -1.99874960E-01  3.99713236E-01  1.07982168E+00  1.00002756E+00  6.38352984E-02
 -9.45482243E-01  1.00000000E+00  9.66774953E-01 -1.99882213E-01  3.99750298E-01  1.07985794E+00  1.00001634E+00  6.38732825E-02
 -8.96565154E-01  1.00000000E+00  9.28135194E-01 -1.99947844E-01  3.99862265E-01  1.07989295E+00  1.00002578E+00  6.38937412E-02
 -8.47648064E-01  1.00000000E+00  8.89495436E-01 -2.00013477E-01  4.00003844E-01  1.07992797E+00  1.00003522E+00  6.39142005E-02
 -7.99501858E-01  1.00000000E+00  8.51721906E-01 -2.00152939E-01  4.00241427E-01  1.08003453E+00  1.00004768E+00  6.39894817E-02
 -7.51355652E-01  1.00000000E+00  8.13948377E-01 -2.00292413E-01  4.00560463E-01  1.08014112E+00  1.00006016E+00  6.40647691E-02
 -7.08111109E-01  1.00000000E+00  7.80297090E-01 -2.00543738E-01  4.00981271E-01  1.08036697E+00  1.00004497E+00  6.42576004E-02
 -6.64866566E-01  1.00000000E+00  7.46645803E-01 -2.00795102E-01  4.01587523E-01  1.08059292E+00  1.00002985E+00  6.44504593E-02
 -6.26599939E-01  1.00000000E+00  7.17162395E-01 -2.01229663E-01  4.02369625E-01  1.08090227E+00  1.00006580E+00  6.46691768E-02
 -5.88333313E-01  1.00000000E+00  6.87678987E-01 -2.01664329E-01  4.03257840E-01  1.08121186E+00  1.00010193E+00  6.48879460E-02
 -5.54471587E-01  1.00000000E+00  6.62005341E-01 -2.02266497E-01  4.04433944E-01  1.08178364E+00  1.00002348E+00  6.54081345E-02
 -5.20609860E-01  1.00000000E+00  6.36331696E-01 -2.02868877E-01  4.05742880E-01  1.08235600E+00  9.99945381E-01  6.59284942E-02
 -4.90645977E-01  1.00000000E+00  6.13797276E-01 -2.03731952E-01  4.07297724E-01  1.08295847E+00  1.00004871E+00  6.63278069E-02
 -4.60682095E-01  1.00000000E+00  5.91262857E-01 -2.04595459E-01  4.09016431E-01  1.08356186E+00  1.00015272E+00  6.67273148E-02
 -4.34167380E-01  1.00000000E+00  5.71973882E-01 -2.05681287E-01  4.11189809E-01  1.08457167E+00  1.00003537E+00  6.76290411E-02
 -4.07652666E-01  1.00000000E+00  5.52684907E-01 -2.06767803E-01  4.13557871E-01  1.08558329E+00  9.99919161E-01  6.85313023E-02
 -3.84190072E-01  1.00000000E+00  5.35690654E-01 -2.08121753E-01  4.16087302E-01  1.08663143E+00  9.99999926E-01  6.93051994E-02
 -3.60727478E-01  1.00000000E+00  5.18696402E-01 -2.09476786E-01  4.18866841E-01  1.08768199E+00  1.00008238E+00  7.00796928E-02
 -3.39965684E-01  1.00000000E+00  5.04195440E-01 -2.11143691E-01  4.22206807E-01  1.08916506E+00  1.00000311E+00  7.13295585E-02
 -3.19203889E-01  1.00000000E+00  4.89694477E-01 -2.12812249E-01  4.25729600E-01  1.09065223E+00  9.99926478E-01  7.25805981E-02
 -3.00831998E-01  1.00000000E+00  4.77257386E-01 -2.14889410E-01  4.29626247E-01  1.09233525E+00  1.00002115E+00  7.38512771E-02
 -2.82460107E-01  1.00000000E+00  4.64820294E-01 -2.16969173E-01  4.33828893E-01  1.09402415E+00  1.00011979E+00  7.51234876E-02
 -2.66203017E-01  1.00000000E+00  4.54250600E-01 -2.19334339E-01  4.38526325E-01  1.09622468E+00  9.99994728E-01  7.69839602E-02
 -2.49945927E-01  1.00000000E+00  4.43680906E-01 -2.21702964E-01  4.43473773E-01  1.09843371E+00  9.99874944E-01  7.88470109E-02
 -2.35560203E-01  1.00000000E+00  4.34747489E-01 -2.24448838E-01  4.48749759E-01  1.10083160E+00  9.99936391E-01  8.07161691E-02
 -2.21174479E-01  1.00000000E+00  4.25814072E-01 -2.27199451E-01  4.54444711E-01  1.10324028E+00  1.00000475E+00  8.25884222E-02
 -2.08421419E-01  1.00000000E+00  4.18288881E-01 -2.30511649E-01  4.60720446E-01  1.10622640E+00  1.00004715E+00  8.49434024E-02
 -1.95668358E-01  1.00000000E+00  4.10763690E-01 -2.33830856E-01  4.67370321E-01  1.10922854E+00  1.00009959E+00  8.73031572E-02
 -1.83439085E-01  1.00000000E+00  4.04501715E-01 -2.37656190E-01  4.75091498E-01  1.11307747E+00  9.99888130E-01  9.05514692E-02
 -1.71209813E-01  1.00000000E+00  3.98239740E-01 -2.41491242E-01  4.83218340E-01  1.11694984E+00  9.99690322E-01  9.38076171E-02
 -1.58980541E-01  1.00000000E+00  3.92278540E-01 -2.46729976E-01  4.93189316E-01  1.12176940E+00  9.99972137E-01  9.74378114E-02
 -1.46751268E-01  1.00000000E+00  3.86317340E-01 -2.51987218E-01  5.03760657E-01  1.12662903E+00  1.00027854E+00  1.01080393E-01
 -1.34521996E-01  1.00000000E+00  3.82541165E-01 -2.58772246E-01  5.17443326E-01  1.13433794E+00  9.99657359E-01  1.07744466E-01
 -1.22292724E-01  1.00000000E+00  3.78764989E-01 -2.65590673E-01  5.31905856E-01  1.14212886E+00  9.99079309E-01  1.14439641E-01
 -1.10063451E-01  1.00000000E+00  3.72839693E-01 -2.76400212E-01  5.52291030E-01  1.15149839E+00  1.00093605E+00  1.20449869E-01
 -9.78341789E-02  1.00000000E+00  3.66914397E-01 -2.87291899E-01  5.72502802E-01  1.16102556E+00  1.00289419E+00  1.26505095E-01
 -8.56049065E-02  1.00000000E+00  3.82990022E-01 -3.01042803E-01  6.01508594E-01  1.18536359E+00  9.96978299E-01  1.50708230E-01
 -7.33756342E-02  1.00000000E+00  3.99065647E-01 -3.14975148E-01  6.37564071E-01  1.21029294E+00  9.91289146E-01  1.75203034E-01
 -6.11463618E-02  1.00000000E+00  3.33164710E-01 -3.41331956E-01  6.98225088E-01  1.23220564E+00  9.99472761E-01  1.86186304E-01
 -4.89170895E-02  1.00000000E+00  2.67263773E-01 -3.68198459E-01  7.39514219E-01  1.25497401E+00  1.00824190E+00  1.97385692E-01
 -3.66878171E-02  1.00000000E+00  6.13534038E-01 -4.66366859E-01  8.31890937E-01  1.36977631E+00  1.03122597E+00  2.70840270E-01
 -2.44585447E-02  1.00000000E+00  9.59804304E-01 -5.72987077E-01  1.01931053E+00  1.49990800E+00  1.06169406E+00  3.50571151E-01
 -1.22292724E-02  1.00000000E+00 -1.30551135E-01 -3.37323063E-01  1.70612913E+00  2.13122760E+00  7.30341560E-01  1.12070883E+00
  0.00000000E+00  1.00000000E+00 -1.22090657E+00 -6.04782691E-02  2.97466378E+00  3.19237529E+00  5.16931168E-01  2.14035529E+00
