1.13844815E+00 1.13844938E+00 1.13845183E+00 1.13845399E+00 1.13845538E+00 1.13845559E+00 1.13845505E+00 1.13845432E+00 1.13845376E+00 1.13845369E+00 1.13845400E+00 1.13845453E+00 1.13845512E+00 1.13845565E+00 1.13845615E+00 1.13845666E+00 1.13845726E+00 1.13845802E+00 1.13845892E+00 1.13845998E+00 1.13846119E+00 1.13846256E+00 1.13846410E+00 1.13846585E+00 1.13846783E+00 1.13847005E+00 1.13847255E+00 1.13847534E+00 1.13847845E+00 1.13848189E+00 1.13848569E+00 1.13848989E+00 1.13849450E+00 1.13849952E+00 1.13850497E+00 1.13851088E+00 1.13851724E+00 1.13852403E+00 1.13853124E+00 1.13853884E+00 1.13854678E+00 1.13855498E+00 1.13856335E+00 1.13857179E+00 1.13858014E+00 1.13858815E+00 1.13859563E+00 1.13860220E+00 1.13860758E+00 1.13861123E+00 1.13861276E+00 1.13861136E+00 1.13860637E+00 1.13859675E+00 1.13858174E+00 1.13855981E+00 1.13852991E+00 1.13849001E+00 1.13843865E+00 1.13837318E+00 1.13829180E+00 1.13819088E+00 1.13806799E+00 1.13791892E+00 1.13774057E+00 1.13752717E+00 1.13727518E+00 1.13697736E+00 1.13662879E+00 1.13622072E+00 1.13574744E+00 1.13519862E+00 1.13456747E+00 1.13384059E+00 1.13301030E+00 1.13206144E+00 1.13098520E+00 1.12976223E+00 1.12838021E+00 1.12682241E+00 1.12507650E+00 1.12311575E+00 1.12092571E+00 1.11848322E+00 1.11577290E+00 1.11279385E+00 1.10950699E+00 1.10623395E+00 1.10267648E+00 1.09927084E+00 1.09560724E+00 1.09213829E+00 1.08845934E+00 1.08503525E+00 1.08142670E+00 1.07805203E+00 1.07452853E+00 1.07130055E+00 1.06795318E+00 1.06488755E+00 1.06172763E+00 1.05885576E+00 1.05590588E+00 1.05322771E+00 1.05048917E+00 1.04801703E+00 1.04549913E+00 1.04324074E+00 1.04094751E+00 1.03873107E+00 1.03647549E+00 1.03417926E+00 1.03186421E+00 1.02954195E+00 1.02717213E+00 1.02476307E+00 1.02236354E+00 1.01994229E+00 1.01738262E+00 1.01476919E+00 1.01232655E+00 1.01006721E+00 1.00761293E+00 1.00431216E+00 1.00000000E+00
1.25502256E+00 1.25502528E+00 1.25502791E+00 1.25502850E+00 1.25502765E+00 1.25502636E+00 1.25502550E+00 1.25502566E+00 1.25502650E+00 1.25502757E+00 1.25502867E+00 1.25502973E+00 1.25503095E+00 1.25503249E+00 1.25503438E+00 1.25503660E+00 1.25503912E+00 1.25504195E+00 1.25504515E+00 1.25504876E+00 1.25505280E+00 1.25505733E+00 1.25506236E+00 1.25506795E+00 1.25507413E+00 1.25508093E+00 1.25508839E+00 1.25509659E+00 1.25510550E+00 1.25511515E+00 1.25512560E+00 1.25513692E+00 1.25514907E+00 1.25516203E+00 1.25517580E+00 1.25519042E+00 1.25520583E+00 1.25522187E+00 1.25523849E+00 1.25525558E+00 1.25527295E+00 1.25529027E+00 1.25530743E+00 1.25532409E+00 1.25533984E+00 1.25535399E+00 1.25536610E+00 1.25537526E+00 1.25538092E+00 1.25538194E+00 1.25537749E+00 1.25536568E+00 1.25534512E+00 1.25531386E+00 1.25527051E+00 1.25521212E+00 1.25513670E+00 1.25504025E+00 1.25492022E+00 1.25477195E+00 1.25459221E+00 1.25437401E+00 1.25411328E+00 1.25380343E+00 1.25343949E+00 1.25301178E+00 1.25251463E+00 1.25193592E+00 1.25126748E+00 1.25049433E+00 1.24960783E+00 1.24859290E+00 1.24744049E+00 1.24612971E+00 1.24464877E+00 1.24297511E+00 1.24109290E+00 1.23896943E+00 1.23659432E+00 1.23395206E+00 1.23101388E+00 1.22772608E+00 1.22407805E+00 1.22004439E+00 1.21559170E+00 1.21071060E+00 1.20536167E+00 1.20007891E+00 1.19432144E+00 1.18875820E+00 1.18277620E+00 1.17713159E+00 1.17116439E+00 1.16561949E+00 1.15968196E+00 1.15402385E+00 1.14813631E+00 1.14275080E+00 1.13707673E+00 1.13180546E+00 1.12640344E+00 1.12154562E+00 1.11647214E+00 1.11171046E+00 1.10673822E+00 1.10222311E+00 1.09765646E+00 1.09358524E+00 1.08939628E+00 1.08521470E+00 1.08083479E+00 1.07632903E+00 1.07179390E+00 1.06718237E+00 1.06234667E+00 1.05731249E+00 1.05222768E+00 1.04699572E+00 1.04135977E+00 1.03541167E+00 1.02955140E+00 1.02373532E+00 1.01727473E+00 1.00933880E+00 1.00000000E+00
1.40601016E+00 1.40601453E+00 1.40601875E+00 1.40602280E+00 1.40602677E+00 1.40603073E+00 1.40603475E+00 1.40603897E+00 1.40604346E+00 1.40604833E+00 1.40605361E+00 1.40605940E+00 1.40606576E+00 1.40607275E+00 1.40608045E+00 1.40608896E+00 1.40609833E+00 1.40610866E+00 1.40611999E+00 1.40613240E+00 1.40614594E+00 1.40616069E+00 1.40617669E+00 1.40619409E+00 1.40621289E+00 1.40623311E+00 1.40625480E+00 1.40627807E+00 1.40630282E+00 1.40632899E+00 1.40635668E+00 1.40638602E+00 1.40641680E+00 1.40644874E+00 1.40648186E+00 1.40651613E+00 1.40655123E+00 1.40658661E+00 1.40662208E+00 1.40665719E+00 1.40669140E+00 1.40672387E+00 1.40675423E+00 1.40678149E+00 1.40680462E+00 1.40682193E+00 1.40683236E+00 1.40683390E+00 1.40682540E+00 1.40680458E+00 1.40676937E+00 1.40671553E+00 1.40664061E+00 1.40654111E+00 1.40641438E+00 1.40625476E+00 1.40605833E+00 1.40581747E+00 1.40552798E+00 1.40518211E+00 1.40477390E+00 1.40429068E+00 1.40372636E+00 1.40307132E+00 1.40231763E+00 1.40144973E+00 1.40045819E+00 1.39932364E+00 1.39803421E+00 1.39656704E+00 1.39490866E+00 1.39303732E+00 1.39094322E+00 1.38859956E+00 1.38598797E+00 1.38307397E+00 1.37983114E+00 1.37621262E+00 1.37221815E+00 1.36783750E+00 1.36301409E+00 1.35765441E+00 1.35176015E+00 1.34531041E+00 1.33824471E+00 1.33054004E+00 1.32215857E+00 1.31395190E+00 1.30503711E+00 1.29642035E+00 1.28718298E+00 1.27850825E+00 1.26935648E+00 1.26085751E+00 1.25178296E+00 1.24312715E+00 1.23407551E+00 1.22579924E+00 1.21710035E+00 1.20900515E+00 1.20067417E+00 1.19316395E+00 1.18534961E+00 1.17804438E+00 1.17040531E+00 1.16342408E+00 1.15631817E+00 1.14995552E+00 1.14342182E+00 1.13692939E+00 1.13014496E+00 1.12311262E+00 1.11595451E+00 1.10866097E+00 1.10106354E+00 1.09311008E+00 1.08495139E+00 1.07656236E+00 1.06767651E+00 1.05818468E+00 1.04846525E+00 1.03856606E+00 1.02765715E+00 1.01473321E+00 1.00000000E+00
1.58862720E+00 1.58863190E+00 1.58863760E+00 1.58864399E+00 1.58865118E+00 1.58865932E+00 1.58866853E+00 1.58867899E+00 1.58869079E+00 1.58870405E+00 1.58871886E+00 1.58873538E+00 1.58875366E+00 1.58877374E+00 1.58879568E+00 1.58881965E+00 1.58884571E+00 1.58887391E+00 1.58890429E+00 1.58893693E+00 1.58897183E+00 1.58900894E+00 1.58904828E+00 1.58908998E+00 1.58913394E+00 1.58917995E+00 1.58922799E+00 1.58927796E+00 1.58932952E+00 1.58938223E+00 1.58943616E+00 1.58949119E+00 1.58954661E+00 1.58960147E+00 1.58965555E+00 1.58970829E+00 1.58975878E+00 1.58980540E+00 1.58984746E+00 1.58988346E+00 1.58991216E+00 1.58993152E+00 1.58994037E+00 1.58993603E+00 1.58991624E+00 1.58987737E+00 1.58981710E+00 1.58973111E+00 1.58961728E+00 1.58947108E+00 1.58928822E+00 1.58906054E+00 1.58878395E+00 1.58845231E+00 1.58806108E+00 1.58760071E+00 1.58706442E+00 1.58643944E+00 1.58571937E+00 1.58489244E+00 1.58394956E+00 1.58287153E+00 1.58164968E+00 1.58027029E+00 1.57872278E+00 1.57698572E+00 1.57504582E+00 1.57287691E+00 1.57046341E+00 1.56777473E+00 1.56479432E+00 1.56149529E+00 1.55786703E+00 1.55387862E+00 1.54950782E+00 1.54471073E+00 1.53945549E+00 1.53368943E+00 1.52741173E+00 1.52060829E+00 1.51321826E+00 1.50512410E+00 1.49632077E+00 1.48678306E+00 1.47644732E+00 1.46530412E+00 1.45328901E+00 1.44160777E+00 1.42903558E+00 1.41699369E+00 1.40413644E+00 1.39209974E+00 1.37944554E+00 1.36773226E+00 1.35532780E+00 1.34356847E+00 1.33123942E+00 1.31995321E+00 1.30813828E+00 1.29716051E+00 1.28581556E+00 1.27554728E+00 1.26490949E+00 1.25504310E+00 1.24474655E+00 1.23529215E+00 1.22561266E+00 1.21691958E+00 1.20800564E+00 1.19918079E+00 1.18997123E+00 1.18036958E+00 1.17052523E+00 1.16047718E+00 1.15001779E+00 1.13901119E+00 1.12762861E+00 1.11585890E+00 1.10329850E+00 1.08962964E+00 1.07546561E+00 1.06123248E+00 1.04531049E+00 1.02491197E+00 1.00000000E+00
1.79137084E+00 1.79136128E+00 1.79136008E+00 1.79136452E+00 1.79137400E+00 1.79138753E+00 1.79140499E+00 1.79142614E+00 1.79145086E+00 1.79147891E+00 1.79151024E+00 1.79154486E+00 1.79158268E+00 1.79162349E+00 1.79166727E+00 1.79171413E+00 1.79176398E+00 1.79181658E+00 1.79187185E+00 1.79192977E+00 1.79199008E+00 1.79205224E+00 1.79211609E+00 1.79218142E+00 1.79224781E+00 1.79231449E+00 1.79238111E+00 1.79244686E+00 1.79251093E+00 1.79257211E+00 1.79263006E+00 1.79268382E+00 1.79273185E+00 1.79277192E+00 1.79280318E+00 1.79282384E+00 1.79283201E+00 1.79282428E+00 1.79279902E+00 1.79275290E+00 1.79268369E+00 1.79258757E+00 1.79246196E+00 1.79230148E+00 1.79210239E+00 1.79185858E+00 1.79156598E+00 1.79121722E+00 1.79080894E+00 1.79033398E+00 1.78978554E+00 1.78915130E+00 1.78842528E+00 1.78759808E+00 1.78666369E+00 1.78560924E+00 1.78442531E+00 1.78309456E+00 1.78160849E+00 1.77995163E+00 1.77811303E+00 1.77606920E+00 1.77380900E+00 1.77131464E+00 1.76857429E+00 1.76556342E+00 1.76226697E+00 1.75865581E+00 1.75471109E+00 1.75039552E+00 1.74569238E+00 1.74057380E+00 1.73502892E+00 1.72902546E+00 1.72253848E+00 1.71551640E+00 1.70793092E+00 1.69973997E+00 1.69093014E+00 1.68146420E+00 1.67129826E+00 1.66031803E+00 1.64849438E+00 1.63577966E+00 1.62212775E+00 1.60757382E+00 1.59200631E+00 1.57694060E+00 1.56085394E+00 1.54561025E+00 1.52941348E+00 1.51427148E+00 1.49837890E+00 1.48369944E+00 1.46827179E+00 1.45377711E+00 1.43858102E+00 1.42462384E+00 1.41004294E+00 1.39653335E+00 1.38253254E+00 1.36979476E+00 1.35661474E+00 1.34446278E+00 1.33181564E+00 1.32018940E+00 1.30823702E+00 1.29745579E+00 1.28639632E+00 1.27547689E+00 1.26410256E+00 1.25221250E+00 1.23995616E+00 1.22741671E+00 1.21436712E+00 1.20058485E+00 1.18625066E+00 1.17141311E+00 1.15547221E+00 1.13766655E+00 1.11884576E+00 1.10038198E+00 1.08016046E+00 1.04885905E+00 1.00000000E+00
1.95401988E+00 1.95405338E+00 1.95409569E+00 1.95414269E+00 1.95419382E+00 1.95424779E+00 1.95430442E+00 1.95436325E+00 1.95442411E+00 1.95448672E+00 1.95455105E+00 1.95461712E+00 1.95468483E+00 1.95475384E+00 1.95482417E+00 1.95489606E+00 1.95496937E+00 1.95504365E+00 1.95511883E+00 1.95519496E+00 1.95527155E+00 1.95534759E+00 1.95542273E+00 1.95549648E+00 1.95556812E+00 1.95563631E+00 1.95570034E+00 1.95575869E+00 1.95581009E+00 1.95585255E+00 1.95588531E+00 1.95590648E+00 1.95591373E+00 1.95590368E+00 1.95587484E+00 1.95582420E+00 1.95574900E+00 1.95564423E+00 1.95550745E+00 1.95533381E+00 1.95512024E+00 1.95486154E+00 1.95455391E+00 1.95418980E+00 1.95376444E+00 1.95326998E+00 1.95270096E+00 1.95204766E+00 1.95130589E+00 1.95046678E+00 1.94952185E+00 1.94845621E+00 1.94726246E+00 1.94592892E+00 1.94444904E+00 1.94280838E+00 1.94099603E+00 1.93899236E+00 1.93678740E+00 1.93436313E+00 1.93170813E+00 1.92879724E+00 1.92561778E+00 1.92214930E+00 1.91837953E+00 1.91428284E+00 1.90984414E+00 1.90503454E+00 1.89983254E+00 1.89419543E+00 1.88810727E+00 1.88154131E+00 1.87448701E+00 1.86691209E+00 1.85878821E+00 1.85005639E+00 1.84069457E+00 1.83067765E+00 1.81998097E+00 1.80853997E+00 1.79632388E+00 1.78323041E+00 1.76921193E+00 1.75419732E+00 1.73815363E+00 1.72115530E+00 1.70305588E+00 1.68558199E+00 1.66699565E+00 1.64949564E+00 1.63096963E+00 1.61366750E+00 1.59550936E+00 1.57873925E+00 1.56118713E+00 1.54481213E+00 1.52766862E+00 1.51188396E+00 1.49540259E+00 1.48015552E+00 1.46432844E+00 1.44987979E+00 1.43492529E+00 1.42117651E+00 1.40688885E+00 1.39376474E+00 1.38024942E+00 1.36801134E+00 1.35544406E+00 1.34305678E+00 1.33018241E+00 1.31674394E+00 1.30284746E+00 1.28855557E+00 1.27367839E+00 1.25799797E+00 1.24167689E+00 1.22480386E+00 1.20672740E+00 1.18650886E+00 1.16516550E+00 1.14474516E+00 1.12359655E+00 1.08307985E+00 1.00000000E+00
1.13656622E+00 1.13656205E+00 1.13655774E+00 1.13655487E+00 1.13655363E+00 1.13655405E+00 1.13655544E+00 1.13655693E+00 1.13655810E+00 1.13655858E+00 1.13655856E+00 1.13655836E+00 1.13655822E+00 1.13655839E+00 1.13655885E+00 1.13655953E+00 1.13656032E+00 1.13656116E+00 1.13656205E+00 1.13656303E+00 1.13656415E+00 1.13656545E+00 1.13656695E+00 1.13656867E+00 1.13657061E+00 1.13657279E+00 1.13657522E+00 1.13657795E+00 1.13658098E+00 1.13658434E+00 1.13658806E+00 1.13659217E+00 1.13659666E+00 1.13660157E+00 1.13660691E+00 1.13661268E+00 1.13661890E+00 1.13662553E+00 1.13663257E+00 1.13664000E+00 1.13664775E+00 1.13665575E+00 1.13666393E+00 1.13667215E+00 1.13668028E+00 1.13668806E+00 1.13669531E+00 1.13670166E+00 1.13670683E+00 1.13671027E+00 1.13671161E+00 1.13671003E+00 1.13670490E+00 1.13669521E+00 1.13668017E+00 1.13665829E+00 1.13662851E+00 1.13658883E+00 1.13653782E+00 1.13647286E+00 1.13639214E+00 1.13629212E+00 1.13617042E+00 1.13602284E+00 1.13584630E+00 1.13563513E+00 1.13538577E+00 1.13509107E+00 1.13474621E+00 1.13434270E+00 1.13387485E+00 1.13333235E+00 1.13270834E+00 1.13198989E+00 1.13116936E+00 1.13023167E+00 1.12916808E+00 1.12795983E+00 1.12659476E+00 1.12505600E+00 1.12333124E+00 1.12139464E+00 1.11923229E+00 1.11682143E+00 1.11414637E+00 1.11120559E+00 1.10796061E+00 1.10473068E+00 1.10121977E+00 1.09785777E+00 1.09424273E+00 1.09082397E+00 1.08719658E+00 1.08381235E+00 1.08024462E+00 1.07691662E+00 1.07344499E+00 1.07026090E+00 1.06695664E+00 1.06392972E+00 1.06080810E+00 1.05796971E+00 1.05505410E+00 1.05240799E+00 1.04970173E+00 1.04725841E+00 1.04476916E+00 1.04253480E+00 1.04026462E+00 1.03806942E+00 1.03583475E+00 1.03356178E+00 1.03126930E+00 1.02896446E+00 1.02661001E+00 1.02421802E+00 1.02183360E+00 1.01943645E+00 1.01691687E+00 1.01434346E+00 1.01191122E+00 1.00963725E+00 1.00718906E+00 1.00402363E+00 1.00000000E+00
1.23880428E+00 1.23880828E+00 1.23881119E+00 1.23881167E+00 1.23881064E+00 1.23880934E+00 1.23880855E+00 1.23880877E+00 1.23880965E+00 1.23881075E+00 1.23881186E+00 1.23881289E+00 1.23881399E+00 1.23881534E+00 1.23881699E+00 1.23881896E+00 1.23882121E+00 1.23882375E+00 1.23882660E+00 1.23882980E+00 1.23883339E+00 1.23883742E+00 1.23884190E+00 1.23884688E+00 1.23885240E+00 1.23885848E+00 1.23886515E+00 1.23887248E+00 1.23888047E+00 1.23888915E+00 1.23889856E+00 1.23890876E+00 1.23891971E+00 1.23893141E+00 1.23894387E+00 1.23895709E+00 1.23897102E+00 1.23898554E+00 1.23900059E+00 1.23901606E+00 1.23903178E+00 1.23904749E+00 1.23906304E+00 1.23907806E+00 1.23909218E+00 1.23910480E+00 1.23911551E+00 1.23912346E+00 1.23912807E+00 1.23912823E+00 1.23912312E+00 1.23911099E+00 1.23909061E+00 1.23906015E+00 1.23901813E+00 1.23896170E+00 1.23888897E+00 1.23879616E+00 1.23868076E+00 1.23853819E+00 1.23836533E+00 1.23815580E+00 1.23790576E+00 1.23760865E+00 1.23725942E+00 1.23684867E+00 1.23637083E+00 1.23581407E+00 1.23517084E+00 1.23442772E+00 1.23357619E+00 1.23260091E+00 1.23149236E+00 1.23023090E+00 1.22880507E+00 1.22719237E+00 1.22537924E+00 1.22333638E+00 1.22105097E+00 1.21850338E+00 1.21566805E+00 1.21250006E+00 1.20898794E+00 1.20510366E+00 1.20081616E+00 1.19611943E+00 1.19096689E+00 1.18586770E+00 1.18031235E+00 1.17496542E+00 1.16923160E+00 1.16382906E+00 1.15810286E+00 1.15276009E+00 1.14704931E+00 1.14164914E+00 1.13604677E+00 1.13091316E+00 1.12550475E+00 1.12049388E+00 1.11536761E+00 1.11075243E+00 1.10593064E+00 1.10143056E+00 1.09674055E+00 1.09248622E+00 1.08819316E+00 1.08436953E+00 1.08043580E+00 1.07652206E+00 1.07242372E+00 1.06822480E+00 1.06402857E+00 1.05977160E+00 1.05529203E+00 1.05065155E+00 1.04601430E+00 1.04126783E+00 1.03613444E+00 1.03075308E+00 1.02553865E+00 1.02042375E+00 1.01476231E+00 1.00791245E+00 1.00000000E+00
1.38019990E+00 1.38020457E+00 1.38020839E+00 1.38021178E+00 1.38021515E+00 1.38021875E+00 1.38022250E+00 1.38022634E+00 1.38023032E+00 1.38023456E+00 1.38023916E+00 1.38024423E+00 1.38024981E+00 1.38025595E+00 1.38026269E+00 1.38027015E+00 1.38027837E+00 1.38028742E+00 1.38029736E+00 1.38030826E+00 1.38032016E+00 1.38033314E+00 1.38034725E+00 1.38036258E+00 1.38037914E+00 1.38039697E+00 1.38041612E+00 1.38043663E+00 1.38045847E+00 1.38048163E+00 1.38050615E+00 1.38053204E+00 1.38055916E+00 1.38058735E+00 1.38061653E+00 1.38064658E+00 1.38067725E+00 1.38070809E+00 1.38073887E+00 1.38076909E+00 1.38079830E+00 1.38082573E+00 1.38085091E+00 1.38087275E+00 1.38089033E+00 1.38090215E+00 1.38090717E+00 1.38090343E+00 1.38088966E+00 1.38086338E+00 1.38082266E+00 1.38076365E+00 1.38068413E+00 1.38058058E+00 1.38044999E+00 1.38028663E+00 1.38008690E+00 1.37984352E+00 1.37955215E+00 1.37920477E+00 1.37879573E+00 1.37831369E+00 1.37775265E+00 1.37710236E+00 1.37635439E+00 1.37549313E+00 1.37450953E+00 1.37338467E+00 1.37210760E+00 1.37065817E+00 1.36902322E+00 1.36718017E+00 1.36511736E+00 1.36280799E+00 1.36023382E+00 1.35736102E+00 1.35416927E+00 1.35061794E+00 1.34669822E+00 1.34238780E+00 1.33763783E+00 1.33237600E+00 1.32660038E+00 1.32027884E+00 1.31335744E+00 1.30582828E+00 1.29763629E+00 1.28959750E+00 1.28087249E+00 1.27249131E+00 1.26354862E+00 1.25516886E+00 1.24630946E+00 1.23805771E+00 1.22926696E+00 1.22094974E+00 1.21229462E+00 1.20437928E+00 1.19606364E+00 1.18835021E+00 1.18044734E+00 1.17334139E+00 1.16595295E+00 1.15906555E+00 1.15187540E+00 1.14532030E+00 1.13867570E+00 1.13274630E+00 1.12666804E+00 1.12064123E+00 1.11434651E+00 1.10785327E+00 1.10130011E+00 1.09465059E+00 1.08770959E+00 1.08047536E+00 1.07313681E+00 1.06563674E+00 1.05767068E+00 1.04922517E+00 1.04073833E+00 1.03227365E+00 1.02307124E+00 1.01223965E+00 1.00000000E+00
1.53312518E+00 1.53313359E+00 1.53314261E+00 1.53315185E+00 1.53316143E+00 1.53317140E+00 1.53318186E+00 1.53319295E+00 1.53320477E+00 1.53321746E+00 1.53323111E+00 1.53324591E+00 1.53326191E+00 1.53327924E+00 1.53329797E+00 1.53331829E+00 1.53334024E+00 1.53336393E+00 1.53338940E+00 1.53341676E+00 1.53344604E+00 1.53347729E+00 1.53351052E+00 1.53354581E+00 1.53358312E+00 1.53362236E+00 1.53366349E+00 1.53370644E+00 1.53375102E+00 1.53379701E+00 1.53384435E+00 1.53389278E+00 1.53394188E+00 1.53399099E+00 1.53403985E+00 1.53408781E+00 1.53413423E+00 1.53417787E+00 1.53421808E+00 1.53425351E+00 1.53428315E+00 1.53430519E+00 1.53431847E+00 1.53432047E+00 1.53430932E+00 1.53428195E+00 1.53423628E+00 1.53416841E+00 1.53407600E+00 1.53395438E+00 1.53379991E+00 1.53360567E+00 1.53336805E+00 1.53308112E+00 1.53273980E+00 1.53233461E+00 1.53185962E+00 1.53130318E+00 1.53065883E+00 1.52991461E+00 1.52906204E+00 1.52808429E+00 1.52697307E+00 1.52571418E+00 1.52429607E+00 1.52269716E+00 1.52090494E+00 1.51889408E+00 1.51665079E+00 1.51414916E+00 1.51137255E+00 1.50829229E+00 1.50489521E+00 1.50114958E+00 1.49703267E+00 1.49250198E+00 1.48753253E+00 1.48207581E+00 1.47612386E+00 1.46965185E+00 1.46260080E+00 1.45487745E+00 1.44648088E+00 1.43737647E+00 1.42750085E+00 1.41685377E+00 1.40536081E+00 1.39416842E+00 1.38211469E+00 1.37060626E+00 1.35837110E+00 1.34695465E+00 1.33493444E+00 1.32376759E+00 1.31194418E+00 1.30080317E+00 1.28918227E+00 1.27855988E+00 1.26745166E+00 1.25716285E+00 1.24658219E+00 1.23704312E+00 1.22717496E+00 1.21803521E+00 1.20851810E+00 1.19981080E+00 1.19093047E+00 1.18297425E+00 1.17482949E+00 1.16678864E+00 1.15842862E+00 1.14976938E+00 1.14095053E+00 1.13197966E+00 1.12265878E+00 1.11291274E+00 1.10292363E+00 1.09268729E+00 1.08188059E+00 1.07030246E+00 1.05839953E+00 1.04643464E+00 1.03341706E+00 1.01782849E+00 1.00000000E+00
1.70596231E+00 1.70597092E+00 1.70598184E+00 1.70599390E+00 1.70600734E+00 1.70602231E+00 1.70603893E+00 1.70605746E+00 1.70607802E+00 1.70610082E+00 1.70612595E+00 1.70615366E+00 1.70618397E+00 1.70621694E+00 1.70625263E+00 1.70629119E+00 1.70633259E+00 1.70637677E+00 1.70642369E+00 1.70647334E+00 1.70652560E+00 1.70658020E+00 1.70663701E+00 1.70669587E+00 1.70675648E+00 1.70681833E+00 1.70688114E+00 1.70694429E+00 1.70700726E+00 1.70706925E+00 1.70712982E+00 1.70718799E+00 1.70724271E+00 1.70729238E+00 1.70733614E+00 1.70737231E+00 1.70739944E+00 1.70741491E+00 1.70741727E+00 1.70740361E+00 1.70737198E+00 1.70731891E+00 1.70724205E+00 1.70713659E+00 1.70699933E+00 1.70682496E+00 1.70660988E+00 1.70634752E+00 1.70603409E+00 1.70566217E+00 1.70522596E+00 1.70471495E+00 1.70412382E+00 1.70344363E+00 1.70266736E+00 1.70178175E+00 1.70077844E+00 1.69964138E+00 1.69836205E+00 1.69692487E+00 1.69531908E+00 1.69352315E+00 1.69152667E+00 1.68931185E+00 1.68686541E+00 1.68416178E+00 1.68118590E+00 1.67790820E+00 1.67431271E+00 1.67036914E+00 1.66605976E+00 1.66135227E+00 1.65623235E+00 1.65066533E+00 1.64462759E+00 1.63807242E+00 1.63097228E+00 1.62327555E+00 1.61496993E+00 1.60602327E+00 1.59638263E+00 1.58594627E+00 1.57470142E+00 1.56260537E+00 1.54959882E+00 1.53569999E+00 1.52080246E+00 1.50638052E+00 1.49096589E+00 1.47635297E+00 1.46086356E+00 1.44644405E+00 1.43131142E+00 1.41728727E+00 1.40251806E+00 1.38867091E+00 1.37421133E+00 1.36097779E+00 1.34717851E+00 1.33442306E+00 1.32126497E+00 1.30935548E+00 1.29706091E+00 1.28573000E+00 1.27395756E+00 1.26316449E+00 1.25210610E+00 1.24216415E+00 1.23198644E+00 1.22195670E+00 1.21153971E+00 1.20070358E+00 1.18959761E+00 1.17827286E+00 1.16650698E+00 1.15414686E+00 1.14139486E+00 1.12827594E+00 1.11432220E+00 1.09906283E+00 1.08320834E+00 1.06753904E+00 1.05015774E+00 1.02752324E+00 1.00000000E+00
1.89183169E+00 1.89183117E+00 1.89183449E+00 1.89183975E+00 1.89184743E+00 1.89185782E+00 1.89187121E+00 1.89188803E+00 1.89190844E+00 1.89193273E+00 1.89196096E+00 1.89199334E+00 1.89202980E+00 1.89207012E+00 1.89211422E+00 1.89216201E+00 1.89221321E+00 1.89226730E+00 1.89232398E+00 1.89238284E+00 1.89244340E+00 1.89250467E+00 1.89256617E+00 1.89262709E+00 1.89268671E+00 1.89274366E+00 1.89279717E+00 1.89284565E+00 1.89288800E+00 1.89292241E+00 1.89294779E+00 1.89296189E+00 1.89296279E+00 1.89294752E+00 1.89291432E+00 1.89285992E+00 1.89278186E+00 1.89267568E+00 1.89253890E+00 1.89236666E+00 1.89215583E+00 1.89190102E+00 1.89159844E+00 1.89124067E+00 1.89082314E+00 1.89033821E+00 1.88978068E+00 1.88914117E+00 1.88841463E+00 1.88759108E+00 1.88666279E+00 1.88561610E+00 1.88444419E+00 1.88313541E+00 1.88168157E+00 1.88006683E+00 1.87828091E+00 1.87630459E+00 1.87412794E+00 1.87173280E+00 1.86910731E+00 1.86622715E+00 1.86308037E+00 1.85964665E+00 1.85591242E+00 1.85185071E+00 1.84744519E+00 1.84266463E+00 1.83749159E+00 1.83189250E+00 1.82585018E+00 1.81933132E+00 1.81232083E+00 1.80478267E+00 1.79669402E+00 1.78800679E+00 1.77869275E+00 1.76870336E+00 1.75801962E+00 1.74659443E+00 1.73438792E+00 1.72130248E+00 1.70730793E+00 1.69234588E+00 1.67636718E+00 1.65941807E+00 1.64135613E+00 1.62394489E+00 1.60544197E+00 1.58801789E+00 1.56960413E+00 1.55248189E+00 1.53454433E+00 1.51795001E+00 1.50055246E+00 1.48432939E+00 1.46738923E+00 1.45185100E+00 1.43567203E+00 1.42074973E+00 1.40532080E+00 1.39129334E+00 1.37681226E+00 1.36351276E+00 1.34972511E+00 1.33708721E+00 1.32409932E+00 1.31237312E+00 1.30035552E+00 1.28852853E+00 1.27625927E+00 1.26347014E+00 1.25029728E+00 1.23682474E+00 1.22282677E+00 1.20808139E+00 1.19278625E+00 1.17702690E+00 1.16018679E+00 1.14128805E+00 1.12123539E+00 1.10190699E+00 1.08080335E+00 1.04830916E+00 1.00000000E+00
1.13453545E+00 1.13453245E+00 1.13452935E+00 1.13452715E+00 1.13452596E+00 1.13452588E+00 1.13452656E+00 1.13452751E+00 1.13452843E+00 1.13452902E+00 1.13452929E+00 1.13452935E+00 1.13452937E+00 1.13452954E+00 1.13452989E+00 1.13453046E+00 1.13453117E+00 1.13453199E+00 1.13453288E+00 1.13453387E+00 1.13453497E+00 1.13453625E+00 1.13453770E+00 1.13453937E+00 1.13454125E+00 1.13454337E+00 1.13454575E+00 1.13454840E+00 1.13455136E+00 1.13455464E+00 1.13455826E+00 1.13456226E+00 1.13456665E+00 1.13457143E+00 1.13457663E+00 1.13458226E+00 1.13458831E+00 1.13459478E+00 1.13460164E+00 1.13460887E+00 1.13461642E+00 1.13462420E+00 1.13463215E+00 1.13464014E+00 1.13464802E+00 1.13465556E+00 1.13466257E+00 1.13466868E+00 1.13467362E+00 1.13467685E+00 1.13467799E+00 1.13467623E+00 1.13467098E+00 1.13466123E+00 1.13464619E+00 1.13462439E+00 1.13459479E+00 1.13455542E+00 1.13450487E+00 1.13444055E+00 1.13436067E+00 1.13426178E+00 1.13414153E+00 1.13399575E+00 1.13382140E+00 1.13361290E+00 1.13336670E+00 1.13307580E+00 1.13273546E+00 1.13233739E+00 1.13187595E+00 1.13134090E+00 1.13072539E+00 1.13001695E+00 1.12920797E+00 1.12828349E+00 1.12723483E+00 1.12604381E+00 1.12469862E+00 1.12318223E+00 1.12148235E+00 1.11957419E+00 1.11744423E+00 1.11506983E+00 1.11243517E+00 1.10953852E+00 1.10634215E+00 1.10316183E+00 1.09970444E+00 1.09639340E+00 1.09283405E+00 1.08946976E+00 1.08589830E+00 1.08256123E+00 1.07904356E+00 1.07576894E+00 1.07235352E+00 1.06921629E+00 1.06595871E+00 1.06297461E+00 1.05989596E+00 1.05709533E+00 1.05421796E+00 1.05160699E+00 1.04893579E+00 1.04652363E+00 1.04406521E+00 1.04185631E+00 1.03961059E+00 1.03743829E+00 1.03522684E+00 1.03297886E+00 1.03070942E+00 1.02842300E+00 1.02608836E+00 1.02371858E+00 1.02135061E+00 1.01897399E+00 1.01649159E+00 1.01395371E+00 1.01152321E+00 1.00923398E+00 1.00681015E+00 1.00377913E+00 1.00000000E+00
1.21467896E+00 1.21468248E+00 1.21468487E+00 1.21468546E+00 1.21468498E+00 1.21468435E+00 1.21468406E+00 1.21468447E+00 1.21468530E+00 1.21468629E+00 1.21468727E+00 1.21468819E+00 1.21468916E+00 1.21469029E+00 1.21469164E+00 1.21469324E+00 1.21469508E+00 1.21469714E+00 1.21469946E+00 1.21470207E+00 1.21470500E+00 1.21470829E+00 1.21471196E+00 1.21471606E+00 1.21472060E+00 1.21472562E+00 1.21473116E+00 1.21473725E+00 1.21474392E+00 1.21475120E+00 1.21475912E+00 1.21476771E+00 1.21477697E+00 1.21478691E+00 1.21479753E+00 1.21480882E+00 1.21482076E+00 1.21483325E+00 1.21484626E+00 1.21485966E+00 1.21487335E+00 1.21488709E+00 1.21490075E+00 1.21491399E+00 1.21492652E+00 1.21493781E+00 1.21494750E+00 1.21495485E+00 1.21495933E+00 1.21495992E+00 1.21495591E+00 1.21494574E+00 1.21492837E+00 1.21490211E+00 1.21486556E+00 1.21481611E+00 1.21475207E+00 1.21467001E+00 1.21456762E+00 1.21444069E+00 1.21428634E+00 1.21409890E+00 1.21387477E+00 1.21360771E+00 1.21329294E+00 1.21292176E+00 1.21248895E+00 1.21198367E+00 1.21139900E+00 1.21072276E+00 1.20994673E+00 1.20905624E+00 1.20804201E+00 1.20688616E+00 1.20557779E+00 1.20409550E+00 1.20242695E+00 1.20054587E+00 1.19843929E+00 1.19608624E+00 1.19346353E+00 1.19053339E+00 1.18728391E+00 1.18368576E+00 1.17971004E+00 1.17535386E+00 1.17057051E+00 1.16583287E+00 1.16067244E+00 1.15571793E+00 1.15041129E+00 1.14541113E+00 1.14010187E+00 1.13514463E+00 1.12985930E+00 1.12488972E+00 1.11974414E+00 1.11502120E+00 1.11004862E+00 1.10545849E+00 1.10077381E+00 1.09655265E+00 1.09213644E+00 1.08803693E+00 1.08377407E+00 1.07991784E+00 1.07604346E+00 1.07259707E+00 1.06904815E+00 1.06553108E+00 1.06184835E+00 1.05809300E+00 1.05437110E+00 1.05060682E+00 1.04663240E+00 1.04253991E+00 1.03849717E+00 1.03438587E+00 1.02992324E+00 1.02528473E+00 1.02087388E+00 1.01658709E+00 1.01185824E+00 1.00627930E+00 1.00000000E+00
1.33626631E+00 1.33627040E+00 1.33627417E+00 1.33627784E+00 1.33628137E+00 1.33628479E+00 1.33628811E+00 1.33629144E+00 1.33629486E+00 1.33629846E+00 1.33630229E+00 1.33630643E+00 1.33631090E+00 1.33631579E+00 1.33632112E+00 1.33632699E+00 1.33633343E+00 1.33634052E+00 1.33634829E+00 1.33635681E+00 1.33636613E+00 1.33637632E+00 1.33638741E+00 1.33639949E+00 1.33641257E+00 1.33642670E+00 1.33644192E+00 1.33645827E+00 1.33647574E+00 1.33649436E+00 1.33651412E+00 1.33653502E+00 1.33655698E+00 1.33657989E+00 1.33660368E+00 1.33662821E+00 1.33665330E+00 1.33667860E+00 1.33670391E+00 1.33672879E+00 1.33675287E+00 1.33677548E+00 1.33679617E+00 1.33681397E+00 1.33682810E+00 1.33683730E+00 1.33684060E+00 1.33683626E+00 1.33682309E+00 1.33679878E+00 1.33676165E+00 1.33670835E+00 1.33663689E+00 1.33654393E+00 1.33642655E+00 1.33627948E+00 1.33609946E+00 1.33587993E+00 1.33561681E+00 1.33530263E+00 1.33493212E+00 1.33449528E+00 1.33398634E+00 1.33339522E+00 1.33271372E+00 1.33192732E+00 1.33102769E+00 1.32999749E+00 1.32882667E+00 1.32749692E+00 1.32599526E+00 1.32429995E+00 1.32239924E+00 1.32026828E+00 1.31788927E+00 1.31523042E+00 1.31227388E+00 1.30898402E+00 1.30535109E+00 1.30134873E+00 1.29693059E+00 1.29204023E+00 1.28667635E+00 1.28080220E+00 1.27436696E+00 1.26737552E+00 1.25977256E+00 1.25231204E+00 1.24421662E+00 1.23647249E+00 1.22824171E+00 1.22053971E+00 1.21238529E+00 1.20479886E+00 1.19673918E+00 1.18915727E+00 1.18130601E+00 1.17412699E+00 1.16658520E+00 1.15961905E+00 1.15253342E+00 1.14618608E+00 1.13956914E+00 1.13340542E+00 1.12697532E+00 1.12114107E+00 1.11528024E+00 1.11008043E+00 1.10475124E+00 1.09946898E+00 1.09393710E+00 1.08826616E+00 1.08261590E+00 1.07690934E+00 1.07092376E+00 1.06472573E+00 1.05853760E+00 1.05225635E+00 1.04554615E+00 1.03852134E+00 1.03165564E+00 1.02492060E+00 1.01765243E+00 1.00926867E+00 1.00000000E+00
1.46910385E+00 1.46911115E+00 1.46911869E+00 1.46912625E+00 1.46913395E+00 1.46914188E+00 1.46915012E+00 1.46915879E+00 1.46916797E+00 1.46917778E+00 1.46918830E+00 1.46919966E+00 1.46921193E+00 1.46922523E+00 1.46923961E+00 1.46925520E+00 1.46927207E+00 1.46929029E+00 1.46930992E+00 1.46933105E+00 1.46935372E+00 1.46937798E+00 1.46940384E+00 1.46943137E+00 1.46946054E+00 1.46949133E+00 1.46952370E+00 1.46955758E+00 1.46959288E+00 1.46962942E+00 1.46966711E+00 1.46970570E+00 1.46974488E+00 1.46978419E+00 1.46982332E+00 1.46986169E+00 1.46989878E+00 1.46993361E+00 1.46996559E+00 1.46999349E+00 1.47001647E+00 1.47003288E+00 1.47004162E+00 1.47004043E+00 1.47002773E+00 1.47000083E+00 1.46995776E+00 1.46989498E+00 1.46981023E+00 1.46969913E+00 1.46955840E+00 1.46938197E+00 1.46916653E+00 1.46890632E+00 1.46859621E+00 1.46822726E+00 1.46779416E+00 1.46728625E+00 1.46669740E+00 1.46601621E+00 1.46523465E+00 1.46433765E+00 1.46331715E+00 1.46215894E+00 1.46085142E+00 1.45937404E+00 1.45771534E+00 1.45585188E+00 1.45377103E+00 1.45144915E+00 1.44886916E+00 1.44600294E+00 1.44283749E+00 1.43934305E+00 1.43549629E+00 1.43125666E+00 1.42660281E+00 1.42149245E+00 1.41591883E+00 1.40985374E+00 1.40323518E+00 1.39598932E+00 1.38812323E+00 1.37959879E+00 1.37035153E+00 1.36039838E+00 1.34967043E+00 1.33923655E+00 1.32800315E+00 1.31731642E+00 1.30601229E+00 1.29549780E+00 1.28442273E+00 1.27414746E+00 1.26329365E+00 1.25311934E+00 1.24257031E+00 1.23294690E+00 1.22288905E+00 1.21360715E+00 1.20413978E+00 1.19565924E+00 1.18688249E+00 1.17874662E+00 1.17027565E+00 1.16256068E+00 1.15476324E+00 1.14782755E+00 1.14074485E+00 1.13375739E+00 1.12647953E+00 1.11898464E+00 1.11144578E+00 1.10382621E+00 1.09589327E+00 1.08764787E+00 1.07931855E+00 1.07085949E+00 1.06193450E+00 1.05252300E+00 1.04309414E+00 1.03376794E+00 1.02383836E+00 1.01248485E+00 1.00000000E+00
1.60519140E+00 1.60520267E+00 1.60521550E+00 1.60522901E+00 1.60524341E+00 1.60525871E+00 1.60527500E+00 1.60529241E+00 1.60531105E+00 1.60533107E+00 1.60535257E+00 1.60537572E+00 1.60540060E+00 1.60542731E+00 1.60545592E+00 1.60548657E+00 1.60551929E+00 1.60555411E+00 1.60559104E+00 1.60563012E+00 1.60567131E+00 1.60571452E+00 1.60575966E+00 1.60580665E+00 1.60585531E+00 1.60590535E+00 1.60595658E+00 1.60600859E+00 1.60606104E+00 1.60611335E+00 1.60616517E+00 1.60621567E+00 1.60626415E+00 1.60630945E+00 1.60635082E+00 1.60638685E+00 1.60641644E+00 1.60643757E+00 1.60644901E+00 1.60644832E+00 1.60643385E+00 1.60640257E+00 1.60635242E+00 1.60627927E+00 1.60618048E+00 1.60605150E+00 1.60588902E+00 1.60568723E+00 1.60544259E+00 1.60514823E+00 1.60479905E+00 1.60438590E+00 1.60390404E+00 1.60334499E+00 1.60270151E+00 1.60196102E+00 1.60111610E+00 1.60015220E+00 1.59906133E+00 1.59782866E+00 1.59644385E+00 1.59488746E+00 1.59314956E+00 1.59121266E+00 1.58906288E+00 1.58667520E+00 1.58403585E+00 1.58111713E+00 1.57790470E+00 1.57437136E+00 1.57049784E+00 1.56625155E+00 1.56161900E+00 1.55656782E+00 1.55107211E+00 1.54508598E+00 1.53858578E+00 1.53152455E+00 1.52389607E+00 1.51567191E+00 1.50678575E+00 1.49714991E+00 1.48677111E+00 1.47561092E+00 1.46360061E+00 1.45076858E+00 1.43702520E+00 1.42374229E+00 1.40954106E+00 1.39609775E+00 1.38191211E+00 1.36876188E+00 1.35496684E+00 1.34219236E+00 1.32875456E+00 1.31620084E+00 1.30317007E+00 1.29129126E+00 1.27892202E+00 1.26752054E+00 1.25584913E+00 1.24536601E+00 1.23456234E+00 1.22459844E+00 1.21425391E+00 1.20481080E+00 1.19521060E+00 1.18663690E+00 1.17788784E+00 1.16928372E+00 1.16036450E+00 1.15115439E+00 1.14181344E+00 1.13234606E+00 1.12253165E+00 1.11230543E+00 1.10187628E+00 1.09124949E+00 1.08010247E+00 1.06825863E+00 1.05615649E+00 1.04408862E+00 1.03126470E+00 1.01643862E+00 1.00000000E+00
1.74529924E+00 1.74531513E+00 1.74533460E+00 1.74535570E+00 1.74537871E+00 1.74540349E+00 1.74543009E+00 1.74545860E+00 1.74548912E+00 1.74552181E+00 1.74555674E+00 1.74559408E+00 1.74563385E+00 1.74567608E+00 1.74572078E+00 1.74576802E+00 1.74581771E+00 1.74586970E+00 1.74592389E+00 1.74598010E+00 1.74603815E+00 1.74609757E+00 1.74615808E+00 1.74621923E+00 1.74628060E+00 1.74634137E+00 1.74640106E+00 1.74645863E+00 1.74651335E+00 1.74656397E+00 1.74660967E+00 1.74664873E+00 1.74667983E+00 1.74670084E+00 1.74671034E+00 1.74670573E+00 1.74668513E+00 1.74664516E+00 1.74658375E+00 1.74649689E+00 1.74638197E+00 1.74623429E+00 1.74605064E+00 1.74582473E+00 1.74555275E+00 1.74522810E+00 1.74484610E+00 1.74439851E+00 1.74388051E+00 1.74328282E+00 1.74259860E+00 1.74181586E+00 1.74092847E+00 1.73992545E+00 1.73879797E+00 1.73753049E+00 1.73611384E+00 1.73453030E+00 1.73277047E+00 1.73081691E+00 1.72865787E+00 1.72627068E+00 1.72364414E+00 1.72075840E+00 1.71759860E+00 1.71413711E+00 1.71035862E+00 1.70623290E+00 1.70174454E+00 1.69686402E+00 1.69157156E+00 1.68583168E+00 1.67963061E+00 1.67293454E+00 1.66571728E+00 1.65793047E+00 1.64954832E+00 1.64052036E+00 1.63083859E+00 1.62047287E+00 1.60936075E+00 1.59740580E+00 1.58460659E+00 1.57092129E+00 1.55628342E+00 1.54073338E+00 1.52415513E+00 1.50820035E+00 1.49123448E+00 1.47524364E+00 1.45839412E+00 1.44279918E+00 1.42648314E+00 1.41139513E+00 1.39557068E+00 1.38083062E+00 1.36551664E+00 1.35155029E+00 1.33703966E+00 1.32368091E+00 1.30996447E+00 1.29760236E+00 1.28488337E+00 1.27319570E+00 1.26108821E+00 1.25002086E+00 1.23871873E+00 1.22858668E+00 1.21824092E+00 1.20807922E+00 1.19757009E+00 1.18669458E+00 1.17559701E+00 1.16431149E+00 1.15262780E+00 1.14042580E+00 1.12789667E+00 1.11507434E+00 1.10161313E+00 1.08716394E+00 1.07219430E+00 1.05724047E+00 1.04119420E+00 1.02191221E+00 1.00000000E+00
1.13255750E+00 1.13255354E+00 1.13255083E+00 1.13254981E+00 1.13255003E+00 1.13255088E+00 1.13255194E+00 1.13255271E+00 1.13255318E+00 1.13255335E+00 1.13255338E+00 1.13255343E+00 1.13255357E+00 1.13255389E+00 1.13255434E+00 1.13255492E+00 1.13255560E+00 1.13255635E+00 1.13255720E+00 1.13255815E+00 1.13255924E+00 1.13256049E+00 1.13256191E+00 1.13256353E+00 1.13256537E+00 1.13256743E+00 1.13256974E+00 1.13257232E+00 1.13257520E+00 1.13257839E+00 1.13258192E+00 1.13258581E+00 1.13259007E+00 1.13259473E+00 1.13259979E+00 1.13260526E+00 1.13261115E+00 1.13261743E+00 1.13262410E+00 1.13263112E+00 1.13263845E+00 1.13264601E+00 1.13265372E+00 1.13266145E+00 1.13266908E+00 1.13267635E+00 1.13268309E+00 1.13268894E+00 1.13269363E+00 1.13269662E+00 1.13269753E+00 1.13269558E+00 1.13269018E+00 1.13268035E+00 1.13266530E+00 1.13264357E+00 1.13261414E+00 1.13257509E+00 1.13252500E+00 1.13246135E+00 1.13238237E+00 1.13228469E+00 1.13216598E+00 1.13202213E+00 1.13185011E+00 1.13164449E+00 1.13140171E+00 1.13111495E+00 1.13077956E+00 1.13038740E+00 1.12993291E+00 1.12940597E+00 1.12879982E+00 1.12810238E+00 1.12730603E+00 1.12639607E+00 1.12536383E+00 1.12419175E+00 1.12286848E+00 1.12137681E+00 1.11970442E+00 1.11782767E+00 1.11573337E+00 1.11339883E+00 1.11080826E+00 1.10796008E+00 1.10481732E+00 1.10169143E+00 1.09829235E+00 1.09503703E+00 1.09153809E+00 1.08823156E+00 1.08471976E+00 1.08143517E+00 1.07797340E+00 1.07475556E+00 1.07139799E+00 1.06830930E+00 1.06510099E+00 1.06216221E+00 1.05912889E+00 1.05636780E+00 1.05353016E+00 1.05095531E+00 1.04831999E+00 1.04593937E+00 1.04351181E+00 1.04132785E+00 1.03910623E+00 1.03695640E+00 1.03476853E+00 1.03254529E+00 1.03029690E+00 1.02802630E+00 1.02571131E+00 1.02336235E+00 1.02100433E+00 1.01863619E+00 1.01618444E+00 1.01367773E+00 1.01123537E+00 1.00891622E+00 1.00652621E+00 1.00361237E+00 1.00000000E+00
1.18463653E+00 1.18463945E+00 1.18464177E+00 1.18464291E+00 1.18464320E+00 1.18464314E+00 1.18464313E+00 1.18464350E+00 1.18464418E+00 1.18464502E+00 1.18464590E+00 1.18464672E+00 1.18464754E+00 1.18464843E+00 1.18464944E+00 1.18465063E+00 1.18465199E+00 1.18465354E+00 1.18465528E+00 1.18465724E+00 1.18465943E+00 1.18466189E+00 1.18466465E+00 1.18466774E+00 1.18467119E+00 1.18467501E+00 1.18467925E+00 1.18468393E+00 1.18468908E+00 1.18469473E+00 1.18470091E+00 1.18470763E+00 1.18471492E+00 1.18472279E+00 1.18473123E+00 1.18474025E+00 1.18474983E+00 1.18475992E+00 1.18477049E+00 1.18478144E+00 1.18479269E+00 1.18480407E+00 1.18481546E+00 1.18482659E+00 1.18483723E+00 1.18484698E+00 1.18485551E+00 1.18486223E+00 1.18486670E+00 1.18486806E+00 1.18486569E+00 1.18485835E+00 1.18484513E+00 1.18482459E+00 1.18479550E+00 1.18475563E+00 1.18470352E+00 1.18463625E+00 1.18455181E+00 1.18444654E+00 1.18431791E+00 1.18416106E+00 1.18397280E+00 1.18374749E+00 1.18348089E+00 1.18316536E+00 1.18279620E+00 1.18236395E+00 1.18186246E+00 1.18128089E+00 1.18061175E+00 1.17984180E+00 1.17896246E+00 1.17795796E+00 1.17681818E+00 1.17552389E+00 1.17406385E+00 1.17241521E+00 1.17056587E+00 1.16849497E+00 1.16618203E+00 1.16359606E+00 1.16072503E+00 1.15754037E+00 1.15401687E+00 1.15015443E+00 1.14590939E+00 1.14170241E+00 1.13712008E+00 1.13272882E+00 1.12802800E+00 1.12359701E+00 1.11888738E+00 1.11449330E+00 1.10982289E+00 1.10545064E+00 1.10092723E+00 1.09677150E+00 1.09240412E+00 1.08838740E+00 1.08429258E+00 1.08059751E+00 1.07673041E+00 1.07316803E+00 1.06947738E+00 1.06614760E+00 1.06281221E+00 1.05984282E+00 1.05678134E+00 1.05376807E+00 1.05061987E+00 1.04742335E+00 1.04427535E+00 1.04110087E+00 1.03774423E+00 1.03430728E+00 1.03094112E+00 1.02754405E+00 1.02385402E+00 1.02004085E+00 1.01646237E+00 1.01301899E+00 1.00925845E+00 1.00488428E+00 1.00000000E+00
1.27192992E+00 1.27193368E+00 1.27193707E+00 1.27194017E+00 1.27194305E+00 1.27194580E+00 1.27194844E+00 1.27195103E+00 1.27195362E+00 1.27195626E+00 1.27195898E+00 1.27196184E+00 1.27196488E+00 1.27196815E+00 1.27197168E+00 1.27197552E+00 1.27197972E+00 1.27198431E+00 1.27198935E+00 1.27199488E+00 1.27200094E+00 1.27200759E+00 1.27201486E+00 1.27202281E+00 1.27203147E+00 1.27204088E+00 1.27205108E+00 1.27206212E+00 1.27207399E+00 1.27208674E+00 1.27210037E+00 1.27211488E+00 1.27213024E+00 1.27214641E+00 1.27216332E+00 1.27218089E+00 1.27219902E+00 1.27221748E+00 1.27223613E+00 1.27225465E+00 1.27227280E+00 1.27229008E+00 1.27230613E+00 1.27232025E+00 1.27233188E+00 1.27234007E+00 1.27234406E+00 1.27234251E+00 1.27233446E+00 1.27231810E+00 1.27229208E+00 1.27225382E+00 1.27220176E+00 1.27213310E+00 1.27204535E+00 1.27193424E+00 1.27179713E+00 1.27162868E+00 1.27142556E+00 1.27118146E+00 1.27089188E+00 1.27054875E+00 1.27014703E+00 1.26967782E+00 1.26913394E+00 1.26850321E+00 1.26777835E+00 1.26694477E+00 1.26599395E+00 1.26491007E+00 1.26368115E+00 1.26228860E+00 1.26072177E+00 1.25895925E+00 1.25698436E+00 1.25477010E+00 1.25230067E+00 1.24954707E+00 1.24650186E+00 1.24313757E+00 1.23941063E+00 1.23528170E+00 1.23075152E+00 1.22578310E+00 1.22033074E+00 1.21441031E+00 1.20797514E+00 1.20165957E+00 1.19479622E+00 1.18825226E+00 1.18132474E+00 1.17484466E+00 1.16796809E+00 1.16159284E+00 1.15483950E+00 1.14850643E+00 1.14198023E+00 1.13601673E+00 1.12974739E+00 1.12398211E+00 1.11816957E+00 1.11297701E+00 1.10752648E+00 1.10246246E+00 1.09719190E+00 1.09244297E+00 1.08773018E+00 1.08356811E+00 1.07928642E+00 1.07504772E+00 1.07059438E+00 1.06606760E+00 1.06163116E+00 1.05717188E+00 1.05245978E+00 1.04762189E+00 1.04288437E+00 1.03811097E+00 1.03296098E+00 1.02763798E+00 1.02260886E+00 1.01774073E+00 1.01246257E+00 1.00647536E+00 1.00000000E+00
1.37411348E+00 1.37411995E+00 1.37412626E+00 1.37413238E+00 1.37413839E+00 1.37414437E+00 1.37415038E+00 1.37415652E+00 1.37416284E+00 1.37416946E+00 1.37417641E+00 1.37418381E+00 1.37419169E+00 1.37420016E+00 1.37420926E+00 1.37421909E+00 1.37422969E+00 1.37424114E+00 1.37425348E+00 1.37426680E+00 1.37428113E+00 1.37429653E+00 1.37431303E+00 1.37433066E+00 1.37434945E+00 1.37436940E+00 1.37439050E+00 1.37441272E+00 1.37443602E+00 1.37446031E+00 1.37448550E+00 1.37451142E+00 1.37453791E+00 1.37456467E+00 1.37459145E+00 1.37461784E+00 1.37464348E+00 1.37466771E+00 1.37469005E+00 1.37470961E+00 1.37472574E+00 1.37473717E+00 1.37474302E+00 1.37474153E+00 1.37473159E+00 1.37471107E+00 1.37467833E+00 1.37463059E+00 1.37456597E+00 1.37448090E+00 1.37437264E+00 1.37423644E+00 1.37406967E+00 1.37386738E+00 1.37362496E+00 1.37333494E+00 1.37299297E+00 1.37259029E+00 1.37212188E+00 1.37157790E+00 1.37095113E+00 1.37022940E+00 1.36940550E+00 1.36846677E+00 1.36740252E+00 1.36619518E+00 1.36483471E+00 1.36330137E+00 1.36158470E+00 1.35966402E+00 1.35752253E+00 1.35513683E+00 1.35249591E+00 1.34957430E+00 1.34634820E+00 1.34278292E+00 1.33886009E+00 1.33454807E+00 1.32984749E+00 1.32472705E+00 1.31911780E+00 1.31297212E+00 1.30631054E+00 1.29909359E+00 1.29125494E+00 1.28283230E+00 1.27377800E+00 1.26498364E+00 1.25549142E+00 1.24649071E+00 1.23703827E+00 1.22826861E+00 1.21900862E+00 1.21045480E+00 1.20144854E+00 1.19302903E+00 1.18435721E+00 1.17646027E+00 1.16819642E+00 1.16060340E+00 1.15296185E+00 1.14616934E+00 1.13908951E+00 1.13251117E+00 1.12565966E+00 1.11947020E+00 1.11331704E+00 1.10789493E+00 1.10234977E+00 1.09687085E+00 1.09112917E+00 1.08527239E+00 1.07950212E+00 1.07371062E+00 1.06763447E+00 1.06138278E+00 1.05521847E+00 1.04901671E+00 1.04240633E+00 1.03556286E+00 1.02899715E+00 1.02262076E+00 1.01581307E+00 1.00818583E+00 1.00000000E+00
1.48112848E+00 1.48113782E+00 1.48114772E+00 1.48115782E+00 1.48116825E+00 1.48117909E+00 1.48119038E+00 1.48120224E+00 1.48121475E+00 1.48122801E+00 1.48124211E+00 1.48125716E+00 1.48127323E+00 1.48129040E+00 1.48130874E+00 1.48132834E+00 1.48134924E+00 1.48137149E+00 1.48139511E+00 1.48142014E+00 1.48144659E+00 1.48147442E+00 1.48150358E+00 1.48153403E+00 1.48156567E+00 1.48159834E+00 1.48163192E+00 1.48166613E+00 1.48170077E+00 1.48173543E+00 1.48176981E+00 1.48180331E+00 1.48183549E+00 1.48186555E+00 1.48189283E+00 1.48191627E+00 1.48193507E+00 1.48194776E+00 1.48195332E+00 1.48194984E+00 1.48193603E+00 1.48190940E+00 1.48186820E+00 1.48180917E+00 1.48173037E+00 1.48162802E+00 1.48149924E+00 1.48133931E+00 1.48114517E+00 1.48091102E+00 1.48063240E+00 1.48030193E+00 1.47991578E+00 1.47946653E+00 1.47894724E+00 1.47834693E+00 1.47765947E+00 1.47687264E+00 1.47597993E+00 1.47496818E+00 1.47382767E+00 1.47254231E+00 1.47110317E+00 1.46949456E+00 1.46770302E+00 1.46570629E+00 1.46349236E+00 1.46103777E+00 1.45833096E+00 1.45534800E+00 1.45206842E+00 1.44846543E+00 1.44452910E+00 1.44023221E+00 1.43554560E+00 1.43042809E+00 1.42486058E+00 1.41881050E+00 1.41228562E+00 1.40525519E+00 1.39763120E+00 1.38935454E+00 1.38046210E+00 1.37091726E+00 1.36063876E+00 1.34968157E+00 1.33799296E+00 1.32672849E+00 1.31465612E+00 1.30325602E+00 1.29132983E+00 1.28032747E+00 1.26876903E+00 1.25811188E+00 1.24693933E+00 1.23652961E+00 1.22580439E+00 1.21605711E+00 1.20589949E+00 1.19657099E+00 1.18716205E+00 1.17880722E+00 1.17016182E+00 1.16215370E+00 1.15382339E+00 1.14627456E+00 1.13873142E+00 1.13207682E+00 1.12529866E+00 1.11862425E+00 1.11166096E+00 1.10453340E+00 1.09745932E+00 1.09035900E+00 1.08295838E+00 1.07532605E+00 1.06773876E+00 1.06010808E+00 1.05205976E+00 1.04370082E+00 1.03554790E+00 1.02760203E+00 1.01923937E+00 1.00994860E+00 1.00000000E+00
1.58904522E+00 1.58905820E+00 1.58907283E+00 1.58908824E+00 1.58910465E+00 1.58912204E+00 1.58914047E+00 1.58916002E+00 1.58918078E+00 1.58920286E+00 1.58922632E+00 1.58925127E+00 1.58927777E+00 1.58930584E+00 1.58933552E+00 1.58936684E+00 1.58939979E+00 1.58943430E+00 1.58947031E+00 1.58950774E+00 1.58954648E+00 1.58958628E+00 1.58962693E+00 1.58966814E+00 1.58970964E+00 1.58975091E+00 1.58979161E+00 1.58983101E+00 1.58986865E+00 1.58990356E+00 1.58993509E+00 1.58996195E+00 1.58998329E+00 1.58999752E+00 1.59000343E+00 1.58999901E+00 1.58998284E+00 1.58995237E+00 1.58990585E+00 1.58984007E+00 1.58975293E+00 1.58964042E+00 1.58949981E+00 1.58932600E+00 1.58911609E+00 1.58886451E+00 1.58856705E+00 1.58821684E+00 1.58780963E+00 1.58733736E+00 1.58679390E+00 1.58616924E+00 1.58545847E+00 1.58465184E+00 1.58374044E+00 1.58271011E+00 1.58155321E+00 1.58025466E+00 1.57880678E+00 1.57719393E+00 1.57540451E+00 1.57341929E+00 1.57122817E+00 1.56881349E+00 1.56616000E+00 1.56324205E+00 1.56004639E+00 1.55654717E+00 1.55273233E+00 1.54857607E+00 1.54405574E+00 1.53914199E+00 1.53382628E+00 1.52808101E+00 1.52187399E+00 1.51515905E+00 1.50791675E+00 1.50011311E+00 1.49175992E+00 1.48283002E+00 1.47322531E+00 1.46287302E+00 1.45181821E+00 1.44002892E+00 1.42741600E+00 1.41404604E+00 1.39985519E+00 1.38625321E+00 1.37176341E+00 1.35812455E+00 1.34387854E+00 1.33077988E+00 1.31707580E+00 1.30445461E+00 1.29125929E+00 1.27899686E+00 1.26635559E+00 1.25488094E+00 1.24296065E+00 1.23201716E+00 1.22094203E+00 1.21109591E+00 1.20096064E+00 1.19160765E+00 1.18189849E+00 1.17307828E+00 1.16421569E+00 1.15637631E+00 1.14840705E+00 1.14058269E+00 1.13245624E+00 1.12411533E+00 1.11577645E+00 1.10739600E+00 1.09870479E+00 1.08972190E+00 1.08072050E+00 1.07165720E+00 1.06217282E+00 1.05228270E+00 1.04248571E+00 1.03289102E+00 1.02289191E+00 1.01183542E+00 1.00000000E+00
1.13077431E+00 1.13077612E+00 1.13077759E+00 1.13077823E+00 1.13077823E+00 1.13077789E+00 1.13077749E+00 1.13077732E+00 1.13077738E+00 1.13077763E+00 1.13077799E+00 1.13077836E+00 1.13077873E+00 1.13077911E+00 1.13077954E+00 1.13078005E+00 1.13078065E+00 1.13078136E+00 1.13078218E+00 1.13078313E+00 1.13078421E+00 1.13078543E+00 1.13078682E+00 1.13078840E+00 1.13079018E+00 1.13079219E+00 1.13079443E+00 1.13079695E+00 1.13079974E+00 1.13080285E+00 1.13080628E+00 1.13081006E+00 1.13081421E+00 1.13081873E+00 1.13082365E+00 1.13082896E+00 1.13083467E+00 1.13084077E+00 1.13084724E+00 1.13085405E+00 1.13086115E+00 1.13086847E+00 1.13087593E+00 1.13088339E+00 1.13089073E+00 1.13089773E+00 1.13090418E+00 1.13090975E+00 1.13091415E+00 1.13091687E+00 1.13091752E+00 1.13091535E+00 1.13090977E+00 1.13089983E+00 1.13088471E+00 1.13086302E+00 1.13083372E+00 1.13079494E+00 1.13074529E+00 1.13068231E+00 1.13060421E+00 1.13050772E+00 1.13039057E+00 1.13024867E+00 1.13007904E+00 1.12987638E+00 1.12963715E+00 1.12935470E+00 1.12902450E+00 1.12863854E+00 1.12819131E+00 1.12767292E+00 1.12707670E+00 1.12639097E+00 1.12560799E+00 1.12471352E+00 1.12369880E+00 1.12254695E+00 1.12124717E+00 1.11978202E+00 1.11813910E+00 1.11629603E+00 1.11423988E+00 1.11194780E+00 1.10940423E+00 1.10660790E+00 1.10352254E+00 1.10045470E+00 1.09711724E+00 1.09392092E+00 1.09048570E+00 1.08723926E+00 1.08378966E+00 1.08056086E+00 1.07715811E+00 1.07399828E+00 1.07069846E+00 1.06765869E+00 1.06450065E+00 1.06160753E+00 1.05861921E+00 1.05589698E+00 1.05309799E+00 1.05055783E+00 1.04795661E+00 1.04560530E+00 1.04320562E+00 1.04104330E+00 1.03884259E+00 1.03671116E+00 1.03454344E+00 1.03234049E+00 1.03010620E+00 1.02784246E+00 1.02554048E+00 1.02320439E+00 1.02084359E+00 1.01846333E+00 1.01603211E+00 1.01355400E+00 1.01107993E+00 1.00869155E+00 1.00634202E+00 1.00353673E+00 1.00000000E+00
1.14945456E+00 1.14945594E+00 1.14945723E+00 1.14945828E+00 1.14945910E+00 1.14945967E+00 1.14946006E+00 1.14946037E+00 1.14946067E+00 1.14946105E+00 1.14946151E+00 1.14946206E+00 1.14946268E+00 1.14946333E+00 1.14946403E+00 1.14946480E+00 1.14946565E+00 1.14946663E+00 1.14946775E+00 1.14946902E+00 1.14947047E+00 1.14947210E+00 1.14947393E+00 1.14947599E+00 1.14947830E+00 1.14948089E+00 1.14948377E+00 1.14948698E+00 1.14949054E+00 1.14949446E+00 1.14949878E+00 1.14950351E+00 1.14950867E+00 1.14951428E+00 1.14952034E+00 1.14952686E+00 1.14953383E+00 1.14954122E+00 1.14954903E+00 1.14955718E+00 1.14956563E+00 1.14957426E+00 1.14958298E+00 1.14959161E+00 1.14959998E+00 1.14960781E+00 1.14961485E+00 1.14962067E+00 1.14962494E+00 1.14962700E+00 1.14962639E+00 1.14962217E+00 1.14961366E+00 1.14959971E+00 1.14957934E+00 1.14955086E+00 1.14951306E+00 1.14946371E+00 1.14940117E+00 1.14932255E+00 1.14922576E+00 1.14910699E+00 1.14896359E+00 1.14879088E+00 1.14858540E+00 1.14834101E+00 1.14805369E+00 1.14771580E+00 1.14732221E+00 1.14686387E+00 1.14633445E+00 1.14572289E+00 1.14502176E+00 1.14421796E+00 1.14330268E+00 1.14225999E+00 1.14108005E+00 1.13974403E+00 1.13824106E+00 1.13655195E+00 1.13466076E+00 1.13254300E+00 1.13018637E+00 1.12756543E+00 1.12466084E+00 1.12147298E+00 1.11796311E+00 1.11448005E+00 1.11068756E+00 1.10705709E+00 1.10316608E+00 1.09949407E+00 1.09558965E+00 1.09194496E+00 1.08808927E+00 1.08449635E+00 1.08076669E+00 1.07733558E+00 1.07374848E+00 1.07045888E+00 1.06708905E+00 1.06403467E+00 1.06085788E+00 1.05796128E+00 1.05497857E+00 1.05228658E+00 1.04957359E+00 1.04714347E+00 1.04464633E+00 1.04221562E+00 1.03970367E+00 1.03715456E+00 1.03462284E+00 1.03206772E+00 1.02939943E+00 1.02668022E+00 1.02399439E+00 1.02129595E+00 1.01842923E+00 1.01548600E+00 1.01266995E+00 1.00995709E+00 1.00714401E+00 1.00385865E+00 1.00000000E+00
1.18467107E+00 1.18467440E+00 1.18467738E+00 1.18468007E+00 1.18468249E+00 1.18468470E+00 1.18468673E+00 1.18468864E+00 1.18469044E+00 1.18469216E+00 1.18469384E+00 1.18469550E+00 1.18469717E+00 1.18469887E+00 1.18470064E+00 1.18470251E+00 1.18470448E+00 1.18470661E+00 1.18470890E+00 1.18471139E+00 1.18471411E+00 1.18471709E+00 1.18472035E+00 1.18472393E+00 1.18472785E+00 1.18473213E+00 1.18473682E+00 1.18474193E+00 1.18474749E+00 1.18475351E+00 1.18476002E+00 1.18476702E+00 1.18477451E+00 1.18478250E+00 1.18479095E+00 1.18479984E+00 1.18480912E+00 1.18481871E+00 1.18482854E+00 1.18483846E+00 1.18484834E+00 1.18485794E+00 1.18486706E+00 1.18487532E+00 1.18488247E+00 1.18488796E+00 1.18489135E+00 1.18489191E+00 1.18488906E+00 1.18488177E+00 1.18486921E+00 1.18484991E+00 1.18482294E+00 1.18478650E+00 1.18473902E+00 1.18467793E+00 1.18460150E+00 1.18450643E+00 1.18439061E+00 1.18424989E+00 1.18408122E+00 1.18387949E+00 1.18364119E+00 1.18336010E+00 1.18303125E+00 1.18264666E+00 1.18220095E+00 1.18168427E+00 1.18109060E+00 1.18040853E+00 1.17962920E+00 1.17873963E+00 1.17773166E+00 1.17658962E+00 1.17530067E+00 1.17384626E+00 1.17221382E+00 1.17038269E+00 1.16834696E+00 1.16608253E+00 1.16355799E+00 1.16075022E+00 1.15765691E+00 1.15424665E+00 1.15048749E+00 1.14639321E+00 1.14192849E+00 1.13753125E+00 1.13273855E+00 1.12817303E+00 1.12333814E+00 1.11880002E+00 1.11396556E+00 1.10949178E+00 1.10476873E+00 1.10034723E+00 1.09579388E+00 1.09163039E+00 1.08725751E+00 1.08324847E+00 1.07920756E+00 1.07558158E+00 1.07176184E+00 1.06825601E+00 1.06463501E+00 1.06138268E+00 1.05816081E+00 1.05529976E+00 1.05234153E+00 1.04944416E+00 1.04641827E+00 1.04335789E+00 1.04037408E+00 1.03737818E+00 1.03420749E+00 1.03097066E+00 1.02782417E+00 1.02467611E+00 1.02128228E+00 1.01779442E+00 1.01453333E+00 1.01140142E+00 1.00808021E+00 1.00427188E+00 1.00000000E+00
1.23155481E+00 1.23156031E+00 1.23156541E+00 1.23157016E+00 1.23157461E+00 1.23157881E+00 1.23158279E+00 1.23158660E+00 1.23159027E+00 1.23159384E+00 1.23159736E+00 1.23160085E+00 1.23160434E+00 1.23160789E+00 1.23161150E+00 1.23161523E+00 1.23161910E+00 1.23162314E+00 1.23162737E+00 1.23163184E+00 1.23163656E+00 1.23164155E+00 1.23164683E+00 1.23165243E+00 1.23165835E+00 1.23166460E+00 1.23167118E+00 1.23167809E+00 1.23168531E+00 1.23169279E+00 1.23170048E+00 1.23170832E+00 1.23171628E+00 1.23172422E+00 1.23173197E+00 1.23173937E+00 1.23174626E+00 1.23175236E+00 1.23175741E+00 1.23176100E+00 1.23176282E+00 1.23176221E+00 1.23175867E+00 1.23175139E+00 1.23173990E+00 1.23172308E+00 1.23169996E+00 1.23166916E+00 1.23162965E+00 1.23157958E+00 1.23151724E+00 1.23144026E+00 1.23134741E+00 1.23123573E+00 1.23110223E+00 1.23094283E+00 1.23075491E+00 1.23053360E+00 1.23027633E+00 1.22997697E+00 1.22963064E+00 1.22923054E+00 1.22877186E+00 1.22824679E+00 1.22764786E+00 1.22696448E+00 1.22618947E+00 1.22531079E+00 1.22432225E+00 1.22320934E+00 1.22195860E+00 1.22055652E+00 1.21899684E+00 1.21726140E+00 1.21532910E+00 1.21317887E+00 1.21079568E+00 1.20816096E+00 1.20528330E+00 1.20212971E+00 1.19863738E+00 1.19479106E+00 1.19061481E+00 1.18606943E+00 1.18110081E+00 1.17574674E+00 1.16998586E+00 1.16437115E+00 1.15825997E+00 1.15247246E+00 1.14642718E+00 1.14079905E+00 1.13480501E+00 1.12929830E+00 1.12351878E+00 1.11810485E+00 1.11255706E+00 1.10751014E+00 1.10221164E+00 1.09736101E+00 1.09253008E+00 1.08823427E+00 1.08368998E+00 1.07949837E+00 1.07516131E+00 1.07127844E+00 1.06747179E+00 1.06411576E+00 1.06064630E+00 1.05723531E+00 1.05365745E+00 1.05004586E+00 1.04655452E+00 1.04306211E+00 1.03935663E+00 1.03557471E+00 1.03192252E+00 1.02827721E+00 1.02433631E+00 1.02029236E+00 1.01654914E+00 1.01295739E+00 1.00910253E+00 1.00474348E+00 1.00000000E+00
1.28611136E+00 1.28611842E+00 1.28612500E+00 1.28613131E+00 1.28613730E+00 1.28614306E+00 1.28614860E+00 1.28615398E+00 1.28615921E+00 1.28616435E+00 1.28616940E+00 1.28617440E+00 1.28617937E+00 1.28618435E+00 1.28618933E+00 1.28619433E+00 1.28619938E+00 1.28620448E+00 1.28620963E+00 1.28621484E+00 1.28622008E+00 1.28622533E+00 1.28623053E+00 1.28623565E+00 1.28624066E+00 1.28624546E+00 1.28624996E+00 1.28625406E+00 1.28625762E+00 1.28626043E+00 1.28626227E+00 1.28626288E+00 1.28626216E+00 1.28625968E+00 1.28625496E+00 1.28624754E+00 1.28623709E+00 1.28622290E+00 1.28620437E+00 1.28618065E+00 1.28615104E+00 1.28611422E+00 1.28606911E+00 1.28601422E+00 1.28594891E+00 1.28587107E+00 1.28577884E+00 1.28566995E+00 1.28554277E+00 1.28539432E+00 1.28522153E+00 1.28502082E+00 1.28479089E+00 1.28452741E+00 1.28422531E+00 1.28387825E+00 1.28348281E+00 1.28303254E+00 1.28252511E+00 1.28195205E+00 1.28130587E+00 1.28057785E+00 1.27976187E+00 1.27884992E+00 1.27783142E+00 1.27669211E+00 1.27542368E+00 1.27401292E+00 1.27245478E+00 1.27073127E+00 1.26882253E+00 1.26671651E+00 1.26441289E+00 1.26189177E+00 1.25911957E+00 1.25607189E+00 1.25273313E+00 1.24909023E+00 1.24517333E+00 1.24093919E+00 1.23628355E+00 1.23119926E+00 1.22574787E+00 1.21988386E+00 1.21352658E+00 1.20673988E+00 1.19952144E+00 1.19255383E+00 1.18499647E+00 1.17787100E+00 1.17050312E+00 1.16369761E+00 1.15646724E+00 1.14985214E+00 1.14294778E+00 1.13649379E+00 1.12989692E+00 1.12391347E+00 1.11764800E+00 1.11192144E+00 1.10625616E+00 1.10125159E+00 1.09596515E+00 1.09107467E+00 1.08600751E+00 1.08147672E+00 1.07705588E+00 1.07317810E+00 1.06918148E+00 1.06524597E+00 1.06111265E+00 1.05694299E+00 1.05292286E+00 1.04891102E+00 1.04466228E+00 1.04032952E+00 1.03615278E+00 1.03198909E+00 1.02749663E+00 1.02289629E+00 1.01865059E+00 1.01457403E+00 1.01017467E+00 1.00525256E+00 1.00000000E+00
1.34504639E+00 1.34505456E+00 1.34506190E+00 1.34506903E+00 1.34507579E+00 1.34508225E+00 1.34508846E+00 1.34509444E+00 1.34510020E+00 1.34510575E+00 1.34511107E+00 1.34511615E+00 1.34512102E+00 1.34512564E+00 1.34512997E+00 1.34513398E+00 1.34513766E+00 1.34514094E+00 1.34514376E+00 1.34514606E+00 1.34514773E+00 1.34514860E+00 1.34514853E+00 1.34514733E+00 1.34514488E+00 1.34514091E+00 1.34513518E+00 1.34512738E+00 1.34511721E+00 1.34510412E+00 1.34508761E+00 1.34506715E+00 1.34504257E+00 1.34501293E+00 1.34497724E+00 1.34493466E+00 1.34488462E+00 1.34482583E+00 1.34475716E+00 1.34467722E+00 1.34458476E+00 1.34447757E+00 1.34435380E+00 1.34421114E+00 1.34404888E+00 1.34386364E+00 1.34365240E+00 1.34341190E+00 1.34313990E+00 1.34283223E+00 1.34248401E+00 1.34209032E+00 1.34165015E+00 1.34115811E+00 1.34060646E+00 1.33998599E+00 1.33929285E+00 1.33851952E+00 1.33766467E+00 1.33671761E+00 1.33566767E+00 1.33450405E+00 1.33321939E+00 1.33180725E+00 1.33025397E+00 1.32854049E+00 1.32665838E+00 1.32459435E+00 1.32234538E+00 1.31989018E+00 1.31720168E+00 1.31427032E+00 1.31110438E+00 1.30768340E+00 1.30395986E+00 1.29990416E+00 1.29550186E+00 1.29074672E+00 1.28569209E+00 1.28028679E+00 1.27438420E+00 1.26798016E+00 1.26117615E+00 1.25392409E+00 1.24611755E+00 1.23784357E+00 1.22911882E+00 1.22076291E+00 1.21173950E+00 1.20325775E+00 1.19454348E+00 1.18654677E+00 1.17807969E+00 1.17034967E+00 1.16231596E+00 1.15482828E+00 1.14718432E+00 1.14026285E+00 1.13303665E+00 1.12644046E+00 1.11993486E+00 1.11421388E+00 1.10819464E+00 1.10261915E+00 1.09683665E+00 1.09166577E+00 1.08662669E+00 1.08222085E+00 1.07769745E+00 1.07324282E+00 1.06856599E+00 1.06384690E+00 1.05929529E+00 1.05475970E+00 1.04997253E+00 1.04509438E+00 1.04038877E+00 1.03570157E+00 1.03066497E+00 1.02551669E+00 1.02075807E+00 1.01618512E+00 1.01125233E+00 1.00577739E+00 1.00000000E+00
