# curve 5 (die wall), step =      700, time =   2.80000000E+02
# N1 = tau_xx - tau_yy = G ( c_xx - c_yy ),  G =  6.6667E-02  (polymer part only)
#              x               y        pressure            c_xy        gammadot            c_xx            c_yy              N1
 -1.00000000E+01  1.00000000E+00  7.32801356E+00 -2.05888475E+00  4.18769132E-01  9.47694593E+00  1.00004163E+00  5.65126953E-01
 -9.95040609E+00  1.00000000E+00  7.29358857E+00 -2.05840296E+00  4.18827064E-01  9.47307405E+00  1.00001459E+00  5.64870631E-01
 -9.90081218E+00  1.00000000E+00  7.25916358E+00 -2.05792131E+00  4.18868698E-01  9.46920379E+00  9.99987550E-01  5.64614416E-01
 -9.85121827E+00  1.00000000E+00  7.22491096E+00 -2.05821309E+00  4.18839915E-01  9.47273546E+00  1.00001896E+00  5.64847766E-01
 -9.80162437E+00  1.00000000E+00  7.19065834E+00 -2.05850489E+00  4.18789665E-01  9.47626852E+00  1.00005037E+00  5.65081210E-01
 -9.75203046E+00  1.00000000E+00  7.15614322E+00 -2.05813846E+00  4.18780961E-01  9.47426123E+00  9.99878199E-01  5.64958869E-01
 -9.70243655E+00  1.00000000E+00  7.12162809E+00 -2.05777209E+00  4.18818190E-01  9.47225437E+00  9.99706061E-01  5.64836554E-01
 -9.65284264E+00  1.00000000E+00  7.08730362E+00 -2.05873308E+00  4.18801794E-01  9.47438487E+00  1.00008025E+00  5.64953642E-01
 -9.60324873E+00  1.00000000E+00  7.05297915E+00 -2.05969439E+00  4.18706521E-01  9.47651597E+00  1.00045459E+00  5.65070758E-01
 -9.55365482E+00  1.00000000E+00  7.01877749E+00 -2.05995574E+00  4.18646106E-01  9.48191131E+00  1.00040658E+00  5.65433649E-01
 -9.50406091E+00  1.00000000E+00  6.98457583E+00 -2.06021699E+00  4.18548792E-01  9.48731002E+00  1.00035853E+00  5.65796766E-01
 -9.45446701E+00  1.00000000E+00  6.94990329E+00 -2.05932759E+00  4.18584233E-01  9.48118026E+00  1.00024037E+00  5.65395992E-01
 -9.40487310E+00  1.00000000E+00  6.91523075E+00 -2.05843861E+00  4.18630913E-01  9.47505450E+00  1.00012225E+00  5.64995483E-01
 -9.35527919E+00  1.00000000E+00  6.88096044E+00 -2.05958746E+00  4.18660717E-01  9.48131289E+00  1.00016871E+00  5.65409612E-01
 -9.30568528E+00  1.00000000E+00  6.84669013E+00 -2.06073699E+00  4.18643086E-01  9.48757541E+00  1.00021532E+00  5.65824005E-01
 -9.25609137E+00  1.00000000E+00  6.81239150E+00 -2.06019854E+00  4.18652142E-01  9.48502350E+00  1.00026010E+00  5.65650893E-01
 -9.20649746E+00  1.00000000E+00  6.77809287E+00 -2.05966022E+00  4.18690711E-01  9.48247227E+00  1.00030494E+00  5.65477822E-01
 -9.15690355E+00  1.00000000E+00  6.74357571E+00 -2.05920185E+00  4.18711760E-01  9.48026697E+00  1.00011047E+00  5.65343767E-01
 -9.10730965E+00  1.00000000E+00  6.70905854E+00 -2.05874358E+00  4.18758429E-01  9.47806217E+00  9.99916034E-01  5.65209743E-01
 -9.05771574E+00  1.00000000E+00  6.67474945E+00 -2.05867302E+00  4.18817451E-01  9.47930995E+00  9.99811431E-01  5.65299901E-01
 -9.00812183E+00  1.00000000E+00  6.64044036E+00 -2.05860244E+00  4.18855942E-01  9.48055793E+00  9.99706834E-01  5.65390073E-01
 -8.95852792E+00  1.00000000E+00  6.60604053E+00 -2.05885605E+00  4.18844768E-01  9.47902037E+00  9.99865018E-01  5.65277024E-01
 -8.90893401E+00  1.00000000E+00  6.57164071E+00 -2.05910959E+00  4.18831663E-01  9.47748321E+00  1.00002322E+00  5.65163999E-01
 -8.85934010E+00  1.00000000E+00  6.53736434E+00 -2.05920050E+00  4.18824694E-01  9.47920206E+00  1.00008213E+00  5.65274662E-01
 -8.80974619E+00  1.00000000E+00  6.50308798E+00 -2.05929138E+00  4.18767562E-01  9.48092125E+00  1.00014104E+00  5.65385347E-01
 -8.76015229E+00  1.00000000E+00  6.46857515E+00 -2.05900355E+00  4.18754171E-01  9.47855571E+00  1.00003361E+00  5.65234807E-01
 -8.71055838E+00  1.00000000E+00  6.43406232E+00 -2.05871576E+00  4.18796279E-01  9.47619077E+00  9.99926186E-01  5.65084306E-01
 -8.66096447E+00  1.00000000E+00  6.39977842E+00 -2.05845742E+00  4.18801260E-01  9.47389809E+00  9.99998105E-01  5.64926666E-01
 -8.61137056E+00  1.00000000E+00  6.36549451E+00 -2.05819914E+00  4.18777069E-01  9.47160598E+00  1.00007004E+00  5.64769062E-01
 -8.56177665E+00  1.00000000E+00  6.33110702E+00 -2.05858216E+00  4.18787756E-01  9.47301438E+00  1.00014643E+00  5.64857864E-01
 -8.51218274E+00  1.00000000E+00  6.29671953E+00 -2.05896524E+00  4.18778118E-01  9.47442301E+00  1.00022283E+00  5.64946679E-01
 -8.46258884E+00  1.00000000E+00  6.26232358E+00 -2.05950099E+00  4.18727185E-01  9.48026609E+00  1.00017325E+00  5.65339522E-01
 -8.41299493E+00  1.00000000E+00  6.22792763E+00 -2.06003691E+00  4.18658123E-01  9.48611294E+00  1.00012368E+00  5.65732617E-01
 -8.36340102E+00  1.00000000E+00  6.19356671E+00 -2.05896089E+00  4.18713642E-01  9.47971655E+00  1.00005409E+00  5.65310830E-01
 -8.31380711E+00  1.00000000E+00  6.15920579E+00 -2.05788550E+00  4.18741031E-01  9.47332448E+00  9.99984618E-01  5.64889324E-01
 -8.26421320E+00  1.00000000E+00  6.12478121E+00 -2.05829175E+00  4.18757444E-01  9.47393934E+00  1.00003240E+00  5.64927129E-01
 -8.21461929E+00  1.00000000E+00  6.09035663E+00 -2.05869802E+00  4.18778723E-01  9.47455427E+00  1.00008021E+00  5.64964938E-01
 -8.16502538E+00  1.00000000E+00  6.05602782E+00 -2.05966926E+00  4.18756982E-01  9.48097387E+00  1.00021755E+00  5.65383755E-01
 -8.11543148E+00  1.00000000E+00  6.02169900E+00 -2.06064101E+00  4.18662610E-01  9.48739786E+00  1.00035495E+00  5.65802861E-01
 -8.06583757E+00  1.00000000E+00  5.98726184E+00 -2.05936117E+00  4.18660053E-01  9.48104872E+00  1.00015507E+00  5.65392910E-01
 -8.01624366E+00  1.00000000E+00  5.95282468E+00 -2.05808213E+00  4.18702659E-01  9.47470382E+00  9.99955350E-01  5.64983231E-01
 -7.96664975E+00  1.00000000E+00  5.91849682E+00 -2.05847010E+00  4.18746186E-01  9.47505213E+00  1.00005080E+00  5.65000088E-01
 -7.91705584E+00  1.00000000E+00  5.88416897E+00 -2.05885808E+00  4.18777464E-01  9.47540051E+00  1.00014628E+00  5.65016948E-01
 -7.86746193E+00  1.00000000E+00  5.84978836E+00 -2.05937305E+00  4.18783299E-01  9.48062057E+00  1.00002526E+00  5.65373021E-01
 -7.81786802E+00  1.00000000E+00  5.81540774E+00 -2.05988821E+00  4.18771366E-01  9.48584360E+00  9.99904265E-01  5.65729289E-01
 -7.76827412E+00  1.00000000E+00  5.78103713E+00 -2.05883371E+00  4.18801766E-01  9.47985782E+00  9.99881103E-01  5.65331781E-01
 -7.71868021E+00  1.00000000E+00  5.74666652E+00 -2.05777981E+00  4.18807287E-01  9.47387582E+00  9.99858077E-01  5.64934516E-01
 -7.66908630E+00  1.00000000E+00  5.71224156E+00 -2.05812586E+00  4.18804705E-01  9.47424367E+00  9.99898998E-01  5.64956311E-01
 -7.61949239E+00  1.00000000E+00  5.67781661E+00 -2.05847191E+00  4.18803175E-01  9.47461157E+00  9.99939944E-01  5.64978109E-01
 -7.56989848E+00  1.00000000E+00  5.64351700E+00 -2.05976091E+00  4.18778323E-01  9.48090282E+00  1.00022833E+00  5.65378300E-01
 -7.52030457E+00  1.00000000E+00  5.60921739E+00 -2.06105071E+00  4.18669296E-01  9.48719825E+00  1.00051687E+00  5.65778759E-01
 -7.47071066E+00  1.00000000E+00  5.57475962E+00 -2.05960977E+00  4.18658202E-01  9.48073644E+00  1.00026499E+00  5.65364763E-01
 -7.42111676E+00  1.00000000E+00  5.54030184E+00 -2.05816978E+00  4.18700195E-01  9.47427904E+00  1.00001333E+00  5.64951047E-01
 -7.37152285E+00  1.00000000E+00  5.50596499E+00 -2.05850546E+00  4.18738012E-01  9.47464687E+00  1.00008384E+00  5.64970868E-01
 -7.32192894E+00  1.00000000E+00  5.47162813E+00 -2.05884113E+00  4.18766381E-01  9.47501474E+00  1.00015437E+00  5.64990691E-01
 -7.27233503E+00  1.00000000E+00  5.43723666E+00 -2.05930846E+00  4.18770213E-01  9.48043639E+00  1.00001417E+00  5.65361481E-01
 -7.22274112E+00  1.00000000E+00  5.40284519E+00 -2.05977595E+00  4.18753655E-01  9.48586128E+00  9.99874005E-01  5.65732485E-01
 -7.17314721E+00  1.00000000E+00  5.36848235E+00 -2.05873115E+00  4.18791047E-01  9.47978265E+00  9.99852634E-01  5.65328668E-01
 -7.12355330E+00  1.00000000E+00  5.33411952E+00 -2.05768694E+00  4.18801500E-01  9.47370791E+00  9.99831390E-01  5.64925101E-01
 -7.07395940E+00  1.00000000E+00  5.29969805E+00 -2.05804788E+00  4.18804014E-01  9.47417791E+00  9.99870752E-01  5.64953811E-01
 -7.02436549E+00  1.00000000E+00  5.26527657E+00 -2.05840883E+00  4.18807072E-01  9.47464797E+00  9.99910141E-01  5.64982522E-01
 -6.97477158E+00  1.00000000E+00  5.23098361E+00 -2.05981860E+00  4.18777566E-01  9.48102678E+00  1.00025527E+00  5.65384767E-01
 -6.92517767E+00  1.00000000E+00  5.19669065E+00 -2.06122930E+00  4.18654667E-01  9.48740989E+00  1.00060061E+00  5.65787285E-01
 -6.87558376E+00  1.00000000E+00  5.16224312E+00 -2.05982227E+00  4.18636111E-01  9.48098440E+00  1.00036476E+00  5.65374643E-01
 -6.82598985E+00  1.00000000E+00  5.12779558E+00 -2.05841616E+00  4.18674770E-01  9.47456327E+00  1.00012912E+00  5.64962277E-01
 -6.77639594E+00  1.00000000E+00  5.09343888E+00 -2.05854448E+00  4.18714101E-01  9.47471899E+00  1.00011314E+00  5.64973723E-01
 -6.72680204E+00  1.00000000E+00  5.05908218E+00 -2.05867279E+00  4.18750957E-01  9.47487471E+00  1.00009717E+00  5.64985169E-01
 -6.67720813E+00  1.00000000E+00  5.02468942E+00 -2.05915496E+00  4.18772215E-01  9.48027984E+00  9.99948963E-01  5.65355392E-01
 -6.62761422E+00  1.00000000E+00  4.99029666E+00 -2.05963732E+00  4.18772629E-01  9.48568818E+00  9.99800798E-01  5.65725825E-01
 -6.57802031E+00  1.00000000E+00  4.95593687E+00 -2.05865258E+00  4.18805615E-01  9.47979661E+00  9.99803596E-01  5.65332868E-01
 -6.52842640E+00  1.00000000E+00  4.92157708E+00 -2.05766837E+00  4.18815274E-01  9.47390870E+00  9.99806516E-01  5.64940146E-01
 -6.47883249E+00  1.00000000E+00  4.88716077E+00 -2.05804782E+00  4.18817816E-01  9.47443290E+00  9.99852509E-01  5.64972026E-01
 -6.42923858E+00  1.00000000E+00  4.85274447E+00 -2.05842727E+00  4.18820884E-01  9.47495717E+00  9.99898531E-01  5.65003909E-01
 -6.37964468E+00  1.00000000E+00  4.81844918E+00 -2.05977726E+00  4.18793565E-01  9.48108797E+00  1.00021497E+00  5.65391533E-01
 -6.33005077E+00  1.00000000E+00  4.78415390E+00 -2.06112810E+00  4.18682028E-01  9.48722274E+00  1.00053160E+00  5.65779409E-01
 -6.28045686E+00  1.00000000E+00  4.74969067E+00 -2.05962983E+00  4.18666533E-01  9.48073035E+00  1.00026209E+00  5.65364550E-01
 -6.23086295E+00  1.00000000E+00  4.71522745E+00 -2.05813256E+00  4.18704858E-01  9.47424242E+00  9.99992826E-01  5.64949973E-01
 -6.18126904E+00  1.00000000E+00  4.68089269E+00 -2.05852168E+00  4.18739791E-01  9.47466397E+00  1.00008521E+00  5.64971917E-01
 -6.13167513E+00  1.00000000E+00  4.64655794E+00 -2.05891082E+00  4.18765018E-01  9.47508558E+00  1.00017761E+00  5.64993865E-01
 -6.08208123E+00  1.00000000E+00  4.61216388E+00 -2.05932151E+00  4.18766738E-01  9.48043464E+00  1.00002385E+00  5.65360719E-01
 -6.03248732E+00  1.00000000E+00  4.57776983E+00 -2.05973232E+00  4.18748282E-01  9.48578688E+00  9.99870108E-01  5.65727785E-01
 -5.98289341E+00  1.00000000E+00  4.54339945E+00 -2.05873921E+00  4.18786392E-01  9.47977833E+00  9.99863227E-01  5.65327674E-01
 -5.93329950E+00  1.00000000E+00  4.50902908E+00 -2.05774664E+00  4.18795300E-01  9.47377360E+00  9.99856463E-01  5.64927809E-01
 -5.88370559E+00  1.00000000E+00  4.47461313E+00 -2.05814022E+00  4.18793056E-01  9.47416510E+00  9.99917486E-01  5.64949841E-01
 -5.83411168E+00  1.00000000E+00  4.44019717E+00 -2.05853380E+00  4.18790098E-01  9.47455667E+00  9.99978540E-01  5.64971875E-01
 -5.78451777E+00  1.00000000E+00  4.40591873E+00 -2.05977163E+00  4.18759718E-01  9.48101982E+00  1.00023344E+00  5.65385758E-01
 -5.73492387E+00  1.00000000E+00  4.37164029E+00 -2.06101024E+00  4.18661540E-01  9.48748738E+00  1.00048848E+00  5.65799926E-01
 -5.68532996E+00  1.00000000E+00  4.33713203E+00 -2.05918681E+00  4.18682365E-01  9.48010769E+00  1.00010074E+00  5.65333796E-01
 -5.63573605E+00  1.00000000E+00  4.30262378E+00 -2.05736484E+00  4.18745071E-01  9.47273380E+00  9.99713379E-01  5.64868028E-01
 -5.58614214E+00  1.00000000E+00  4.26833624E+00 -2.05828890E+00  4.18786167E-01  9.47393989E+00  1.00001004E+00  5.64928657E-01
 -5.53654823E+00  1.00000000E+00  4.23404870E+00 -2.05921313E+00  4.18793363E-01  9.47514634E+00  1.00030683E+00  5.64989300E-01
 -5.48695432E+00  1.00000000E+00  4.19963357E+00 -2.05953386E+00  4.18753144E-01  9.48045951E+00  1.00016111E+00  5.65353227E-01
 -5.43736041E+00  1.00000000E+00  4.16521844E+00 -2.05985464E+00  4.18689885E-01  9.48577589E+00  1.00001538E+00  5.65717367E-01
 -5.38776651E+00  1.00000000E+00  4.13087297E+00 -2.05884840E+00  4.18744630E-01  9.47960249E+00  9.99980002E-01  5.65308166E-01
 -5.33817260E+00  1.00000000E+00  4.09652749E+00 -2.05784274E+00  4.18766246E-01  9.47343311E+00  9.99944721E-01  5.64899226E-01
 -5.28857869E+00  1.00000000E+00  4.06210580E+00 -2.05827397E+00  4.18778106E-01  9.47402429E+00  1.00000900E+00  5.64934352E-01
 -5.23898478E+00  1.00000000E+00  4.02768411E+00 -2.05870522E+00  4.18794879E-01  9.47461555E+00  1.00007331E+00  5.64969482E-01
 -5.18939087E+00  1.00000000E+00  3.99335606E+00 -2.05964560E+00  4.18773290E-01  9.48122806E+00  1.00018867E+00  5.65402626E-01
 -5.13979696E+00  1.00000000E+00  3.95902800E+00 -2.06058647E+00  4.18692142E-01  9.48784526E+00  1.00030407E+00  5.65836079E-01
 -5.09020305E+00  1.00000000E+00  3.92452686E+00 -2.05897858E+00  4.18713342E-01  9.48005927E+00  1.00001195E+00  5.65336488E-01
 -5.04060915E+00  1.00000000E+00  3.89002571E+00 -2.05737194E+00  4.18758666E-01  9.47227967E+00  9.99720087E-01  5.64837305E-01
 -4.99101524E+00  1.00000000E+00  3.85582056E+00 -2.05832758E+00  4.18763309E-01  9.47390306E+00  1.00003705E+00  5.64924401E-01
 -4.94142133E+00  1.00000000E+00  3.82161541E+00 -2.05928345E+00  4.18737623E-01  9.47552692E+00  1.00035416E+00  5.65011517E-01
 -4.89182742E+00  1.00000000E+00  3.78716516E+00 -2.05959748E+00  4.18714006E-01  9.47919827E+00  1.00029532E+00  5.65260197E-01
 -4.84223351E+00  1.00000000E+00  3.75271490E+00 -2.05991156E+00  4.18668843E-01  9.48287113E+00  1.00023648E+00  5.65508976E-01
 -4.79263960E+00  1.00000000E+00  3.71830316E+00 -2.05904121E+00  4.18688560E-01  9.47846135E+00  1.00013802E+00  5.65221555E-01
 -4.74304569E+00  1.00000000E+00  3.68389142E+00 -2.05817123E+00  4.18715228E-01  9.47405362E+00  1.00003965E+00  5.64934265E-01
 -4.69345179E+00  1.00000000E+00  3.64950917E+00 -2.05832261E+00  4.18730413E-01  9.47495422E+00  9.99979878E-01  5.64998290E-01
 -4.64385788E+00  1.00000000E+00  3.61512691E+00 -2.05847401E+00  4.18765089E-01  9.47585491E+00  9.99920122E-01  5.65062319E-01
 -4.59426397E+00  1.00000000E+00  3.58083819E+00 -2.06000826E+00  4.18766261E-01  9.48206206E+00  1.00028558E+00  5.65451766E-01
 -4.54467006E+00  1.00000000E+00  3.54654948E+00 -2.06154355E+00  4.18673694E-01  9.48827332E+00  1.00065130E+00  5.65841468E-01
 -4.49507615E+00  1.00000000E+00  3.51212671E+00 -2.06106700E+00  4.18651767E-01  9.49007649E+00  1.00033426E+00  5.65982815E-01
 -4.44548224E+00  1.00000000E+00  3.47770393E+00 -2.06059038E+00  4.18649070E-01  9.49188030E+00  1.00001730E+00  5.66124200E-01
 -4.39588833E+00  1.00000000E+00  3.44332568E+00 -2.05900103E+00  4.18678452E-01  9.48246642E+00  9.99914991E-01  5.65503429E-01
 -4.34629443E+00  1.00000000E+00  3.40894743E+00 -2.05741306E+00  4.18757762E-01  9.47306189E+00  9.99812919E-01  5.64883265E-01
 -4.29670052E+00  1.00000000E+00  3.37452135E+00 -2.05840617E+00  4.18789828E-01  9.47915199E+00  9.99846326E-01  5.65287044E-01
 -4.24710661E+00  1.00000000E+00  3.34009528E+00 -2.05939983E+00  4.18735723E-01  9.48524601E+00  9.99879832E-01  5.65691078E-01
 -4.19751270E+00  1.00000000E+00  3.30572611E+00 -2.05835327E+00  4.18777732E-01  9.47814726E+00  9.99830757E-01  5.65221100E-01
 -4.14791879E+00  1.00000000E+00  3.27135695E+00 -2.05730734E+00  4.18843705E-01  9.47105386E+00  9.99781761E-01  5.64751473E-01
 -4.09832488E+00  1.00000000E+00  3.23705929E+00 -2.05827212E+00  4.18799366E-01  9.47417241E+00  1.00008084E+00  5.64939438E-01
 -4.04873097E+00  1.00000000E+00  3.20276163E+00 -2.05923729E+00  4.18683361E-01  9.47729203E+00  1.00038004E+00  5.65127466E-01
 -3.99913707E+00  1.00000000E+00  3.16822900E+00 -2.05872018E+00  4.18697601E-01  9.47624621E+00  1.00010474E+00  5.65076098E-01
 -3.94954316E+00  1.00000000E+00  3.13369636E+00 -2.05820318E+00  4.18755182E-01  9.47520055E+00  9.99829517E-01  5.65024735E-01
 -3.89994925E+00  1.00000000E+00  3.09951063E+00 -2.05998922E+00  4.18740495E-01  9.48517942E+00  1.00016633E+00  5.65667539E-01
 -3.85035534E+00  1.00000000E+00  3.06532490E+00 -2.06177690E+00  4.18640639E-01  9.49516882E+00  1.00050340E+00  5.66311028E-01
 -3.80076143E+00  1.00000000E+00  3.03084628E+00 -2.05995993E+00  4.18636691E-01  9.48755401E+00  1.00016613E+00  5.65825858E-01
 -3.75116752E+00  1.00000000E+00  2.99636766E+00 -2.05814441E+00  4.18684583E-01  9.47994533E+00  9.99829227E-01  5.65341074E-01
 -3.70157361E+00  1.00000000E+00  2.96194387E+00 -2.05856002E+00  4.18716234E-01  9.48184362E+00  9.99765736E-01  5.65471859E-01
 -3.65197971E+00  1.00000000E+00  2.92752007E+00 -2.05897570E+00  4.18734759E-01  9.48374228E+00  9.99702301E-01  5.65602665E-01
 -3.60238580E+00  1.00000000E+00  2.89306387E+00 -2.05876577E+00  4.18779022E-01  9.48124400E+00  9.99649177E-01  5.65439655E-01
 -3.55279189E+00  1.00000000E+00  2.85860766E+00 -2.05855583E+00  4.18856377E-01  9.47874643E+00  9.99596052E-01  5.65276692E-01
 -3.50319798E+00  1.00000000E+00  2.82441431E+00 -2.05915605E+00  4.18886950E-01  9.47762683E+00  1.00000575E+00  5.65174739E-01
 -3.45360407E+00  1.00000000E+00  2.79022096E+00 -2.05975630E+00  4.18864999E-01  9.47650764E+00  1.00041560E+00  5.65072803E-01
 -3.40401016E+00  1.00000000E+00  2.75583269E+00 -2.06037125E+00  4.18791712E-01  9.48420053E+00  1.00037674E+00  5.65588252E-01
 -3.35441626E+00  1.00000000E+00  2.72144442E+00 -2.06098632E+00  4.18644057E-01  9.49190004E+00  1.00033785E+00  5.66104146E-01
 -3.30482235E+00  1.00000000E+00  2.68704374E+00 -2.05921822E+00  4.18641347E-01  9.48314534E+00  1.00006009E+00  5.65539017E-01
 -3.25522844E+00  1.00000000E+00  2.65264306E+00 -2.05745165E+00  4.18683089E-01  9.47439872E+00  9.99782624E-01  5.64974406E-01
 -3.20563453E+00  1.00000000E+00  2.61812742E+00 -2.05758457E+00  4.18752789E-01  9.47305211E+00  9.99739066E-01  5.64887536E-01
 -3.15604062E+00  1.00000000E+00  2.58361177E+00 -2.05771739E+00  4.18810513E-01  9.47170578E+00  9.99695533E-01  5.64800683E-01
 -3.10644671E+00  1.00000000E+00  2.54938550E+00 -2.05849998E+00  4.18812069E-01  9.47243451E+00  1.00013258E+00  5.64820129E-01
 -3.05685280E+00  1.00000000E+00  2.51515923E+00 -2.05928277E+00  4.18735742E-01  9.47316345E+00  1.00056981E+00  5.64839576E-01
 -3.00725890E+00  1.00000000E+00  2.48077516E+00 -2.05988323E+00  4.18698596E-01  9.48124255E+00  1.00042391E+00  5.65387909E-01
 -2.95766499E+00  1.00000000E+00  2.44639110E+00 -2.06048386E+00  4.18611905E-01  9.48932896E+00  1.00027800E+00  5.65936731E-01
 -2.90807108E+00  1.00000000E+00  2.41189610E+00 -2.05936226E+00  4.18626552E-01  9.48211865E+00  1.00023470E+00  5.65458930E-01
 -2.85847717E+00  1.00000000E+00  2.37740110E+00 -2.05824138E+00  4.18665795E-01  9.47491384E+00  1.00019151E+00  5.64981489E-01
 -2.80888326E+00  1.00000000E+00  2.34325037E+00 -2.05988506E+00  4.18648850E-01  9.48476025E+00  1.00026146E+00  5.65633253E-01
 -2.75928935E+00  1.00000000E+00  2.30909964E+00 -2.06153023E+00  4.18613819E-01  9.49461690E+00  1.00033168E+00  5.66285681E-01
 -2.70969544E+00  1.00000000E+00  2.27453743E+00 -2.05984738E+00  4.18675797E-01  9.48942851E+00  9.99827374E-01  5.65973409E-01
 -2.66010154E+00  1.00000000E+00  2.23997522E+00 -2.05816561E+00  4.18785421E-01  9.48424313E+00  9.99323451E-01  5.65661312E-01
 -2.61050763E+00  1.00000000E+00  2.20557665E+00 -2.05820545E+00  4.18827100E-01  9.47980909E+00  9.99588016E-01  5.65348072E-01
 -2.56091372E+00  1.00000000E+00  2.17117808E+00 -2.05824519E+00  4.18868871E-01  9.47537749E+00  9.99852612E-01  5.65034992E-01
 -2.51131981E+00  1.00000000E+00  2.13686201E+00 -2.05856668E+00  4.18877439E-01  9.47556925E+00  9.99983794E-01  5.65039031E-01
 -2.46172590E+00  1.00000000E+00  2.10254594E+00 -2.05888818E+00  4.18858448E-01  9.47576105E+00  1.00011500E+00  5.65043070E-01
 -2.41213199E+00  1.00000000E+00  2.06819508E+00 -2.05970222E+00  4.18813561E-01  9.48172257E+00  1.00018488E+00  5.65435846E-01
 -2.36253808E+00  1.00000000E+00  2.03384422E+00 -2.06051662E+00  4.18711660E-01  9.48768789E+00  1.00025479E+00  5.65828873E-01
 -2.31294418E+00  1.00000000E+00  1.99945194E+00 -2.05934368E+00  4.18734873E-01  9.48090156E+00  1.00014322E+00  5.65383889E-01
 -2.26335027E+00  1.00000000E+00  1.96505967E+00 -2.05817147E+00  4.18772265E-01  9.47412009E+00  1.00003177E+00  5.64939221E-01
 -2.21375636E+00  1.00000000E+00  1.93061017E+00 -2.05828661E+00  4.18779074E-01  9.47310679E+00  1.00004898E+00  5.64870521E-01
 -2.16416245E+00  1.00000000E+00  1.89616067E+00 -2.05840171E+00  4.18780582E-01  9.47209365E+00  1.00006619E+00  5.64801831E-01
 -2.11456854E+00  1.00000000E+00  1.86188823E+00 -2.05881501E+00  4.18780226E-01  9.47670576E+00  1.00009009E+00  5.65107711E-01
 -2.06497463E+00  1.00000000E+00  1.82761579E+00 -2.05922838E+00  4.18745303E-01  9.48132023E+00  1.00011397E+00  5.65413751E-01
 -2.01538072E+00  1.00000000E+00  1.79310387E+00 -2.05899370E+00  4.18727547E-01  9.47939984E+00  1.00003467E+00  5.65291012E-01
 -1.96578682E+00  1.00000000E+00  1.75859194E+00 -2.05875904E+00  4.18755761E-01  9.47747986E+00  9.99955367E-01  5.65168299E-01
 -1.91619291E+00  1.00000000E+00  1.72431086E+00 -2.05912683E+00  4.18788463E-01  9.48027752E+00  1.00006334E+00  5.65347612E-01
 -1.86659900E+00  1.00000000E+00  1.69002978E+00 -2.05949469E+00  4.18754793E-01  9.48307602E+00  1.00017131E+00  5.65526981E-01
 -1.81700509E+00  1.00000000E+00  1.65546324E+00 -2.05907710E+00  4.18731524E-01  9.47998027E+00  1.00003348E+00  5.65329786E-01
 -1.76741118E+00  1.00000000E+00  1.62089671E+00 -2.05865959E+00  4.18754102E-01  9.47688554E+00  9.99895661E-01  5.65132659E-01
 -1.71781727E+00  1.00000000E+00  1.58663675E+00 -2.05828973E+00  4.18729572E-01  9.47563690E+00  9.99858656E-01  5.65051883E-01
 -1.66822336E+00  1.00000000E+00  1.55237680E+00 -2.05791992E+00  4.18670872E-01  9.47438843E+00  9.99821673E-01  5.64971117E-01
 -1.61862946E+00  1.00000000E+00  1.51790750E+00 -2.05788221E+00  4.18658779E-01  9.47217727E+00  9.99825396E-01  5.64823458E-01
 -1.56903555E+00  1.00000000E+00  1.48343821E+00 -2.05784444E+00  4.18652769E-01  9.46996670E+00  9.99829117E-01  5.64675839E-01
 -1.51944164E+00  1.00000000E+00  1.44923151E+00 -2.05929750E+00  4.18485225E-01  9.47525612E+00  1.00039596E+00  5.64990677E-01
 -1.46984773E+00  1.00000000E+00  1.41502481E+00 -2.06075151E+00  4.18181515E-01  9.48054854E+00  1.00096315E+00  5.65305693E-01
 -1.42025382E+00  1.00000000E+00  1.38055947E+00 -2.05877838E+00  4.18078846E-01  9.47043168E+00  1.00062038E+00  5.64654086E-01
 -1.37065991E+00  1.00000000E+00  1.34609413E+00 -2.05680719E+00  4.17999388E-01  9.46032561E+00  1.00027797E+00  5.64003176E-01
 -1.32106600E+00  1.00000000E+00  1.31169770E+00 -2.05694876E+00  4.17876031E-01  9.46088700E+00  1.00021926E+00  5.64044516E-01
 -1.27147210E+00  1.00000000E+00  1.27730127E+00 -2.05709033E+00  4.17698755E-01  9.46144842E+00  1.00016056E+00  5.64085857E-01
 -1.22187819E+00  1.00000000E+00  1.24303855E+00 -2.05644498E+00  4.17503471E-01  9.45520374E+00  1.00021562E+00  5.63665875E-01
 -1.17228428E+00  1.00000000E+00  1.20877584E+00 -2.05579989E+00  4.17270489E-01  9.44896333E+00  1.00027070E+00  5.63246175E-01
 -1.12269037E+00  1.00000000E+00  1.17460133E+00 -2.05508645E+00  4.16990728E-01  9.44144235E+00  1.00030879E+00  5.62742237E-01
 -1.07309646E+00  1.00000000E+00  1.14042683E+00 -2.05437327E+00  4.16691977E-01  9.43392763E+00  1.00034687E+00  5.62238717E-01
 -1.02350255E+00  1.00000000E+00  1.10652969E+00 -2.05335174E+00  4.16237560E-01  9.42356476E+00  1.00055223E+00  5.61534169E-01
 -9.73908645E-01  1.00000000E+00  1.07263255E+00 -2.05233096E+00  4.15742346E-01  9.41321369E+00  1.00075769E+00  5.60830400E-01
 -9.24314736E-01  1.00000000E+00  1.03891272E+00 -2.05107233E+00  4.15231599E-01  9.40310528E+00  1.00074040E+00  5.60157659E-01
 -8.74720828E-01  1.00000000E+00  1.00519289E+00 -2.04981466E+00  4.14692952E-01  9.39300796E+00  1.00072319E+00  5.59485651E-01
 -8.25312107E-01  1.00000000E+00  9.72231679E-01 -2.04784308E+00  4.13968744E-01  9.37523964E+00  1.00086797E+00  5.58291445E-01
 -7.75903387E-01  1.00000000E+00  9.39270467E-01 -2.04587400E+00  4.13281049E-01  9.35750592E+00  1.00101295E+00  5.57099531E-01
 -7.30665613E-01  1.00000000E+00  9.09646123E-01 -2.04447348E+00  4.12824051E-01  9.34531900E+00  1.00101209E+00  5.56287127E-01
 -6.85427839E-01  1.00000000E+00  8.80021779E-01 -2.04307413E+00  4.12271055E-01  9.33314840E+00  1.00101129E+00  5.55475807E-01
 -6.45465100E-01  1.00000000E+00  8.54684402E-01 -2.04118971E+00  4.11809720E-01  9.32255058E+00  1.00075225E+00  5.54786555E-01
 -6.05502361E-01  1.00000000E+00  8.29347026E-01 -2.03930716E+00  4.11407131E-01  9.31196479E+00  1.00049351E+00  5.54098085E-01
 -5.70199545E-01  1.00000000E+00  8.07996292E-01 -2.03752623E+00  4.11053295E-01  9.30200910E+00  1.00030251E+00  5.53447106E-01
 -5.34896729E-01  1.00000000E+00  7.86645558E-01 -2.03574699E+00  4.10856744E-01  9.29206406E+00  1.00011179E+00  5.52796817E-01
 -5.03710456E-01  1.00000000E+00  7.68598389E-01 -2.03720223E+00  4.10744529E-01  9.29200889E+00  1.00073381E+00  5.52751672E-01
 -4.72524184E-01  1.00000000E+00  7.50551221E-01 -2.03865765E+00  4.10689791E-01  9.29195466E+00  1.00135627E+00  5.52706560E-01
 -4.44974441E-01  1.00000000E+00  7.35981924E-01 -2.04182814E+00  4.11213180E-01  9.30672775E+00  1.00198968E+00  5.53649205E-01
 -4.17424698E-01  1.00000000E+00  7.21412626E-01 -2.04500348E+00  4.11724584E-01  9.32152433E+00  1.00262410E+00  5.54593349E-01
 -3.93087440E-01  1.00000000E+00  7.09438761E-01 -2.04521143E+00  4.12043271E-01  9.33117697E+00  1.00228096E+00  5.55259733E-01
 -3.68750182E-01  1.00000000E+00  6.97464896E-01 -2.04541894E+00  4.13038419E-01  9.34084091E+00  1.00193780E+00  5.55926874E-01
 -3.47250809E-01  1.00000000E+00  6.88118477E-01 -2.04624720E+00  4.14439817E-01  9.37116080E+00  1.00048164E+00  5.58045277E-01
 -3.25751437E-01  1.00000000E+00  6.78772059E-01 -2.04707417E+00  4.16196300E-01  9.40159045E+00  9.99026446E-01  5.60170934E-01
 -3.06759035E-01  1.00000000E+00  6.72103872E-01 -2.05566596E+00  4.17882833E-01  9.44351367E+00  1.00059722E+00  5.62861097E-01
 -2.87766633E-01  1.00000000E+00  6.65435686E-01 -2.06429391E+00  4.19846015E-01  9.48562363E+00  1.00217502E+00  5.65563241E-01
 -2.70988873E-01  1.00000000E+00  6.60741530E-01 -2.06811056E+00  4.22402693E-01  9.53967757E+00  1.00081963E+00  5.69257196E-01
 -2.54211113E-01  1.00000000E+00  6.56047373E-01 -2.07193572E+00  4.25136076E-01  9.59405921E+00  9.99464967E-01  5.72972950E-01
 -2.39389755E-01  1.00000000E+00  6.53490210E-01 -2.07927691E+00  4.28033185E-01  9.65586602E+00  9.99471120E-01  5.77092993E-01
 -2.24568396E-01  1.00000000E+00  6.50933046E-01 -2.08665025E+00  4.31149343E-01  9.71808047E+00  9.99479275E-01  5.81240079E-01
 -2.11472015E-01  1.00000000E+00  6.50397098E-01 -2.09789457E+00  4.34544340E-01  9.79531679E+00  1.00033737E+00  5.86331961E-01
 -1.98375634E-01  1.00000000E+00  6.49861149E-01 -2.10920967E+00  4.38043686E-01  9.87317253E+00  1.00120317E+00  5.91464624E-01
 -1.85977157E-01  1.00000000E+00  6.51712843E-01 -2.12439508E+00  4.42345833E-01  9.97298338E+00  1.00272092E+00  5.98017497E-01
 -1.73578680E-01  1.00000000E+00  6.53564538E-01 -2.13970531E+00  4.46872171E-01  1.00738097E+01  1.00425324E+00  6.04637101E-01
 -1.61180203E-01  1.00000000E+00  6.56838951E-01 -2.15068451E+00  4.52905588E-01  1.01959059E+01  1.00270709E+00  6.12879923E-01
 -1.48781726E-01  1.00000000E+00  6.60113364E-01 -2.16173442E+00  4.59132239E-01  1.03195465E+01  1.00116314E+00  6.21225556E-01
 -1.36383248E-01  1.00000000E+00  6.70481365E-01 -2.18317039E+00  4.66767265E-01  1.04954011E+01  1.00178814E+00  6.32907531E-01
 -1.23984771E-01  1.00000000E+00  6.80849367E-01 -2.20486348E+00  4.75196837E-01  1.06743106E+01  1.00243056E+00  6.44792002E-01
 -1.11586294E-01  1.00000000E+00  6.88180793E-01 -2.24716107E+00  4.86985173E-01  1.08874337E+01  1.00968929E+00  6.58516293E-01
 -9.91878171E-02  1.00000000E+00  6.95512219E-01 -2.29026497E+00  4.97694044E-01  1.11048090E+01  1.01710272E+00  6.72513755E-01
 -8.67893400E-02  1.00000000E+00  7.40002609E-01 -2.16829507E+00  5.13288011E-01  1.12872773E+01  9.62594955E-01  6.88312159E-01
 -7.43908628E-02  1.00000000E+00  7.84492999E-01 -2.04483276E+00  5.34400951E-01  1.14824658E+01  9.11060654E-01  7.04760341E-01
 -6.19923857E-02  1.00000000E+00  7.55020091E-01 -1.92004421E+00  5.49263287E-01  1.11676903E+01  8.79521162E-01  6.85877942E-01
 -4.95939085E-02  1.00000000E+00  7.25547182E-01 -1.79967716E+00  5.23851462E-01  1.08636545E+01  8.49950543E-01  6.67580262E-01
 -3.71954314E-02  1.00000000E+00  1.33287997E+00 -3.94784581E+00  5.03525381E-01  1.44448462E+01  1.58969885E+00  8.57009826E-01
 -2.47969543E-02  1.00000000E+00  1.94021275E+00 -7.28817368E+00  5.91400321E-01  2.02291578E+01  3.07460269E+00  1.14363701E+00
 -1.23984771E-02  1.00000000E+00  9.09115405E-01  1.49182537E+00  1.41125570E+00  1.36248907E+01  9.50470471E-01  8.44961347E-01
  0.00000000E+00  1.00000000E+00 -1.21981938E-01  1.54072997E+01  4.57003005E+00  2.83975653E+01  8.80543603E+00  1.30614195E+00
