# curve 5 (die wall), step =      600, time =   2.40000000E+02
# N1 = tau_xx - tau_yy = G ( c_xx - c_yy ),  G =  7.2727E-02  (polymer part only)
#              x               y        pressure            c_xy        gammadot            c_xx            c_yy              N1
 -3.00000000E+00  1.00000000E+00  2.22375333E+00 -1.10273690E+00  4.17645579E-01  4.01234488E+00  7.43894946E-01  2.37705450E-01
 -2.95108291E+00  1.00000000E+00  2.19135287E+00 -1.10291439E+00  4.17643750E-01  4.01287800E+00  7.43927524E-01  2.37741853E-01
 -2.90216582E+00  1.00000000E+00  2.15895241E+00 -1.10309190E+00  4.17633414E-01  4.01341119E+00  7.43960111E-01  2.37778260E-01
 -2.85324873E+00  1.00000000E+00  2.12657069E+00 -1.10306138E+00  4.17624190E-01  4.01306817E+00  7.43966177E-01  2.37752872E-01
 -2.80433164E+00  1.00000000E+00  2.09418898E+00 -1.10303086E+00  4.17633031E-01  4.01272518E+00  7.43972242E-01  2.37727487E-01
 -2.75541455E+00  1.00000000E+00  2.06185486E+00 -1.10284432E+00  4.17643285E-01  4.01216185E+00  7.43961093E-01  2.37687328E-01
 -2.70649746E+00  1.00000000E+00  2.02952075E+00 -1.10265780E+00  4.17650481E-01  4.01159860E+00  7.43949956E-01  2.37647174E-01
 -2.65758037E+00  1.00000000E+00  1.99714323E+00 -1.10268015E+00  4.17649919E-01  4.01183301E+00  7.43932499E-01  2.37665492E-01
 -2.60866328E+00  1.00000000E+00  1.96476571E+00 -1.10270250E+00  4.17645963E-01  4.01206744E+00  7.43915043E-01  2.37683811E-01
 -2.55974619E+00  1.00000000E+00  1.93242710E+00 -1.10259324E+00  4.17654992E-01  4.01188552E+00  7.43904838E-01  2.37671322E-01
 -2.51082911E+00  1.00000000E+00  1.90008850E+00 -1.10248399E+00  4.17645033E-01  4.01170362E+00  7.43894638E-01  2.37658835E-01
 -2.46191202E+00  1.00000000E+00  1.86768948E+00 -1.10252529E+00  4.17647095E-01  4.01147296E+00  7.43910963E-01  2.37640873E-01
 -2.41299493E+00  1.00000000E+00  1.83529047E+00 -1.10256659E+00  4.17667091E-01  4.01124233E+00  7.43927290E-01  2.37622912E-01
 -2.36407784E+00  1.00000000E+00  1.80296384E+00 -1.10248015E+00  4.17670572E-01  4.01104335E+00  7.43935797E-01  2.37607822E-01
 -2.31516075E+00  1.00000000E+00  1.77063720E+00 -1.10239371E+00  4.17651769E-01  4.01084438E+00  7.43944310E-01  2.37592732E-01
 -2.26624366E+00  1.00000000E+00  1.73826654E+00 -1.10255968E+00  4.17634589E-01  4.01172639E+00  7.43922409E-01  2.37658471E-01
 -2.21732657E+00  1.00000000E+00  1.70589588E+00 -1.10272568E+00  4.17608709E-01  4.01260859E+00  7.43900519E-01  2.37724223E-01
 -2.16840948E+00  1.00000000E+00  1.67351354E+00 -1.10277465E+00  4.17606444E-01  4.01238655E+00  7.43931326E-01  2.37705834E-01
 -2.11949239E+00  1.00000000E+00  1.64113120E+00 -1.10282362E+00  4.17626269E-01  4.01216453E+00  7.43962135E-01  2.37687447E-01
 -2.07057530E+00  1.00000000E+00  1.60881401E+00 -1.10293949E+00  4.17609651E-01  4.01326919E+00  7.43926058E-01  2.37770410E-01
 -2.02165821E+00  1.00000000E+00  1.57649683E+00 -1.10305538E+00  4.17562923E-01  4.01437418E+00  7.43889983E-01  2.37853396E-01
 -1.97274112E+00  1.00000000E+00  1.54406792E+00 -1.10295620E+00  4.17562599E-01  4.01365392E+00  7.43883063E-01  2.37801517E-01
 -1.92382403E+00  1.00000000E+00  1.51163901E+00 -1.10285702E+00  4.17594430E-01  4.01293378E+00  7.43876143E-01  2.37749647E-01
 -1.87490694E+00  1.00000000E+00  1.47934032E+00 -1.10275691E+00  4.17608703E-01  4.01215718E+00  7.43933834E-01  2.37688971E-01
 -1.82598985E+00  1.00000000E+00  1.44704163E+00 -1.10265683E+00  4.17612199E-01  4.01138073E+00  7.43991535E-01  2.37628305E-01
 -1.77707276E+00  1.00000000E+00  1.41466934E+00 -1.10285825E+00  4.17581364E-01  4.01252536E+00  7.43974649E-01  2.37712779E-01
 -1.72815567E+00  1.00000000E+00  1.38229705E+00 -1.10305973E+00  4.17525003E-01  4.01367033E+00  7.43957774E-01  2.37797276E-01
 -1.67923858E+00  1.00000000E+00  1.34993658E+00 -1.10287498E+00  4.17512765E-01  4.01291308E+00  7.43960532E-01  2.37742003E-01
 -1.63032150E+00  1.00000000E+00  1.31757611E+00 -1.10269027E+00  4.17486463E-01  4.01215597E+00  7.43963302E-01  2.37686740E-01
 -1.58140441E+00  1.00000000E+00  1.28523851E+00 -1.10273971E+00  4.17451102E-01  4.01172912E+00  7.44027383E-01  2.37651036E-01
 -1.53248732E+00  1.00000000E+00  1.25290092E+00 -1.10278916E+00  4.17424070E-01  4.01130233E+00  7.44091468E-01  2.37615336E-01
 -1.48357023E+00  1.00000000E+00  1.22057093E+00 -1.10265169E+00  4.17389224E-01  4.01089106E+00  7.44045941E-01  2.37588736E-01
 -1.43465314E+00  1.00000000E+00  1.18824094E+00 -1.10251423E+00  4.17364812E-01  4.01047983E+00  7.44000419E-01  2.37562139E-01
 -1.38573605E+00  1.00000000E+00  1.15594704E+00 -1.10239899E+00  4.17324840E-01  4.00956915E+00  7.44087852E-01  2.37489549E-01
 -1.33681896E+00  1.00000000E+00  1.12365314E+00 -1.10228377E+00  4.17257113E-01  4.00865869E+00  7.44175307E-01  2.37416973E-01
 -1.28790187E+00  1.00000000E+00  1.09136744E+00 -1.10223472E+00  4.17168272E-01  4.00799692E+00  7.44223112E-01  2.37365368E-01
 -1.23898478E+00  1.00000000E+00  1.05908174E+00 -1.10218568E+00  4.17084641E-01  4.00733527E+00  7.44270920E-01  2.37313771E-01
 -1.19006769E+00  1.00000000E+00  1.02689952E+00 -1.10222119E+00  4.16977420E-01  4.00735338E+00  7.44322617E-01  2.37311328E-01
 -1.14115060E+00  1.00000000E+00  9.94717306E-01 -1.10225669E+00  4.16849856E-01  4.00737150E+00  7.44374319E-01  2.37308886E-01
 -1.09223351E+00  1.00000000E+00  9.62567359E-01 -1.10209854E+00  4.16756638E-01  4.00628166E+00  7.44403361E-01  2.37227513E-01
 -1.04331642E+00  1.00000000E+00  9.30417412E-01 -1.10194042E+00  4.16675585E-01  4.00519213E+00  7.44432411E-01  2.37146162E-01
 -9.94399333E-01  1.00000000E+00  8.98456452E-01 -1.10173420E+00  4.16599442E-01  4.00406036E+00  7.44480912E-01  2.37060324E-01
 -9.45482243E-01  1.00000000E+00  8.66495493E-01 -1.10152804E+00  4.16516440E-01  4.00292891E+00  7.44529435E-01  2.36974507E-01
 -8.96565154E-01  1.00000000E+00  8.34733617E-01 -1.10158369E+00  4.16454769E-01  4.00304596E+00  7.44567267E-01  2.36980268E-01
 -8.47648064E-01  1.00000000E+00  8.02971742E-01 -1.10163933E+00  4.16384678E-01  4.00316300E+00  7.44605101E-01  2.36986029E-01
 -7.99501858E-01  1.00000000E+00  7.72069906E-01 -1.10165407E+00  4.16412804E-01  4.00294013E+00  7.44651334E-01  2.36966458E-01
 -7.51355652E-01  1.00000000E+00  7.41168070E-01 -1.10166880E+00  4.16496934E-01  4.00271728E+00  7.44697569E-01  2.36946888E-01
 -7.08111109E-01  1.00000000E+00  7.13756739E-01 -1.10177904E+00  4.16679723E-01  4.00416629E+00  7.44536350E-01  2.37063995E-01
 -6.64866566E-01  1.00000000E+00  6.86345409E-01 -1.10188931E+00  4.17057014E-01  4.00561585E+00  7.44375179E-01  2.37181140E-01
 -6.26599939E-01  1.00000000E+00  6.62548688E-01 -1.10275802E+00  4.17582585E-01  4.00980863E+00  7.44291213E-01  2.37492175E-01
 -5.88333313E-01  1.00000000E+00  6.38751968E-01 -1.10362751E+00  4.18198987E-01  4.01400578E+00  7.44207526E-01  2.37803509E-01
 -5.54471587E-01  1.00000000E+00  6.18153343E-01 -1.10342129E+00  4.19165457E-01  4.02148129E+00  7.43021693E-01  2.38433426E-01
 -5.20609860E-01  1.00000000E+00  5.97554719E-01 -1.10321529E+00  4.20260494E-01  4.02897355E+00  7.41837536E-01  2.39064438E-01
 -4.90645977E-01  1.00000000E+00  5.79831130E-01 -1.10600922E+00  4.21517610E-01  4.03876682E+00  7.42100901E-01  2.39757522E-01
 -4.60682095E-01  1.00000000E+00  5.62107541E-01 -1.10880939E+00  4.22946843E-01  4.04858400E+00  7.42366531E-01  2.40452180E-01
 -4.34167380E-01  1.00000000E+00  5.47086081E-01 -1.10882190E+00  4.24941239E-01  4.06309818E+00  7.40321583E-01  2.41656480E-01
 -4.07652666E-01  1.00000000E+00  5.32064620E-01 -1.10883593E+00  4.27127249E-01  4.07767270E+00  7.38281915E-01  2.42864784E-01
 -3.84190072E-01  1.00000000E+00  5.19169787E-01 -1.11237140E+00  4.29402476E-01  4.09482538E+00  7.37961628E-01  2.44135545E-01
 -3.60727478E-01  1.00000000E+00  5.06274953E-01 -1.11591980E+00  4.31909063E-01  4.11205003E+00  7.37645873E-01  2.45411212E-01
 -3.39965684E-01  1.00000000E+00  4.95585969E-01 -1.11779603E+00  4.35051151E-01  4.13444917E+00  7.35631453E-01  2.47186743E-01
 -3.19203889E-01  1.00000000E+00  4.84896984E-01 -1.11968178E+00  4.38375018E-01  4.15697789E+00  7.33624852E-01  2.48971130E-01
 -3.00831998E-01  1.00000000E+00  4.76001531E-01 -1.12412140E+00  4.42012426E-01  4.18448711E+00  7.32500938E-01  2.51053540E-01
 -2.82460107E-01  1.00000000E+00  4.67106078E-01 -1.12858609E+00  4.45934980E-01  4.21218025E+00  7.31386594E-01  2.53148630E-01
 -2.66203017E-01  1.00000000E+00  4.59904177E-01 -1.13081690E+00  4.50505374E-01  4.24437862E+00  7.28328366E-01  2.55712746E-01
 -2.49945927E-01  1.00000000E+00  4.52702276E-01 -1.13306434E+00  4.55340395E-01  4.27684153E+00  7.25286420E-01  2.58294917E-01
 -2.35560203E-01  1.00000000E+00  4.47078144E-01 -1.13901909E+00  4.60380461E-01  4.31489528E+00  7.23752974E-01  2.61173986E-01
 -2.21174479E-01  1.00000000E+00  4.41454013E-01 -1.14501904E+00  4.65784528E-01  4.35329149E+00  7.22236613E-01  2.64076718E-01
 -2.08421419E-01  1.00000000E+00  4.37155819E-01 -1.15112796E+00  4.71893872E-01  4.39813392E+00  7.19905416E-01  2.67507528E-01
 -1.95668358E-01  1.00000000E+00  4.32857624E-01 -1.15729086E+00  4.78342971E-01  4.44344791E+00  7.17598104E-01  2.70970895E-01
 -1.83439085E-01  1.00000000E+00  4.29797070E-01 -1.16008229E+00  4.85969505E-01  4.49475827E+00  7.12783519E-01  2.75052710E-01
 -1.71209813E-01  1.00000000E+00  4.26736516E-01 -1.16290564E+00  4.93998281E-01  4.54671369E+00  7.08005939E-01  2.79178745E-01
 -1.58980541E-01  1.00000000E+00  4.24387355E-01 -1.17345546E+00  5.03677546E-01  4.61366242E+00  7.05771285E-01  2.84210265E-01
 -1.46751268E-01  1.00000000E+00  4.22038195E-01 -1.18413825E+00  5.13819759E-01  4.68160568E+00  7.03583614E-01  2.89310695E-01
 -1.34521996E-01  1.00000000E+00  4.23297936E-01 -1.19063982E+00  5.27334462E-01  4.77814351E+00  6.95894560E-01  2.96890833E-01
 -1.22292724E-01  1.00000000E+00  4.24557677E-01 -1.19726281E+00  5.41449300E-01  4.87681568E+00  6.88312543E-01  3.04618410E-01
 -1.10063451E-01  1.00000000E+00  4.21936877E-01 -1.21938384E+00  5.61049954E-01  4.98295873E+00  6.88235900E-01  3.12343478E-01
 -9.78341789E-02  1.00000000E+00  4.19316076E-01 -1.24193603E+00  5.80424171E-01  5.09140420E+00  6.88291504E-01  3.20226378E-01
 -8.56049065E-02  1.00000000E+00  4.46302650E-01 -1.22152600E+00  6.10397579E-01  5.33845250E+00  6.53548448E-01  3.40720295E-01
 -7.33756342E-02  1.00000000E+00  4.73289225E-01 -1.20064028E+00  6.47553582E-01  5.60116932E+00  6.20194427E-01  3.62252720E-01
 -6.11463618E-02  1.00000000E+00  4.07555543E-01 -1.24830829E+00  7.01954534E-01  5.65921958E+00  6.36800502E-01  3.65266842E-01
 -4.89170895E-02  1.00000000E+00  3.41821861E-01 -1.29675572E+00  7.27478452E-01  5.71881341E+00  6.54056193E-01  3.68345979E-01
 -3.66878171E-02  1.00000000E+00  7.49001519E-01 -2.00798055E+00  7.94079117E-01  7.24518471E+00  8.64680526E-01  4.64036668E-01
 -2.44585447E-02  1.00000000E+00  1.15618118E+00 -2.94674517E+00  9.39303341E-01  9.29266656E+00  1.19499820E+00  5.88921336E-01
 -1.22292724E-02  1.00000000E+00  7.09752126E-02  3.88552745E-01  1.69407594E+00  7.94888515E+00  3.27447395E-01  5.54286382E-01
  0.00000000E+00  1.00000000E+00 -1.01423075E+00  4.69519656E+00  3.51434038E+00  1.30543749E+01  1.87887802E+00  8.12763407E-01
