# curve 5 (die wall), step =     1000, time =   4.00000000E+02
# N1 = tau_xx - tau_yy = G ( c_xx - c_yy ),  G =  1.2000E-01  (polymer part only)
#              x               y        pressure            c_xy        gammadot            c_xx            c_yy              N1
 -3.00000000E+00  1.00000000E+00  2.66618827E+00 -1.06691838E+00  4.35118369E-01  4.32120037E+00  6.13987062E-01  4.44865597E-01
 -2.95108291E+00  1.00000000E+00  2.62804693E+00 -1.06711253E+00  4.35112009E-01  4.32180934E+00  6.14018083E-01  4.44934951E-01
 -2.90216582E+00  1.00000000E+00  2.58990560E+00 -1.06730670E+00  4.35092127E-01  4.32241840E+00  6.14049114E-01  4.45004315E-01
 -2.85324873E+00  1.00000000E+00  2.55180220E+00 -1.06728958E+00  4.35080514E-01  4.32210870E+00  6.14059865E-01  4.44965861E-01
 -2.80433164E+00  1.00000000E+00  2.51369880E+00 -1.06727247E+00  4.35098576E-01  4.32179903E+00  6.14070617E-01  4.44927410E-01
 -2.75541455E+00  1.00000000E+00  2.47569275E+00 -1.06710663E+00  4.35110405E-01  4.32107503E+00  6.14082859E-01  4.44839061E-01
 -2.70649746E+00  1.00000000E+00  2.43768669E+00 -1.06694081E+00  4.35120473E-01  4.32035116E+00  6.14095112E-01  4.44750725E-01
 -2.65758037E+00  1.00000000E+00  2.39958412E+00 -1.06691281E+00  4.35123044E-01  4.32062406E+00  6.14050958E-01  4.44788772E-01
 -2.60866328E+00  1.00000000E+00  2.36148155E+00 -1.06688482E+00  4.35121566E-01  4.32089699E+00  6.14006806E-01  4.44826822E-01
 -2.55974619E+00  1.00000000E+00  2.32345028E+00 -1.06677207E+00  4.35139907E-01  4.32058276E+00  6.14006957E-01  4.44789096E-01
 -2.51082911E+00  1.00000000E+00  2.28541900E+00 -1.06665933E+00  4.35121229E-01  4.32026855E+00  6.14007115E-01  4.44751372E-01
 -2.46191202E+00  1.00000000E+00  2.24729296E+00 -1.06672996E+00  4.35125507E-01  4.32012616E+00  6.14031729E-01  4.44731332E-01
 -2.41299493E+00  1.00000000E+00  2.20916692E+00 -1.06680059E+00  4.35157919E-01  4.31998378E+00  6.14056345E-01  4.44711292E-01
 -2.36407784E+00  1.00000000E+00  2.17115986E+00 -1.06672493E+00  4.35161516E-01  4.31964369E+00  6.14079094E-01  4.44667752E-01
 -2.31516075E+00  1.00000000E+00  2.13315280E+00 -1.06664927E+00  4.35129882E-01  4.31930363E+00  6.14101848E-01  4.44624214E-01
 -2.26624366E+00  1.00000000E+00  2.09506196E+00 -1.06674335E+00  4.35104257E-01  4.32031166E+00  6.14036690E-01  4.44752996E-01
 -2.21732657E+00  1.00000000E+00  2.05697111E+00 -1.06683744E+00  4.35064659E-01  4.32131993E+00  6.13971545E-01  4.44881806E-01
 -2.16840948E+00  1.00000000E+00  2.01887169E+00 -1.06694387E+00  4.35061202E-01  4.32113902E+00  6.14026064E-01  4.44853555E-01
 -2.11949239E+00  1.00000000E+00  1.98077226E+00 -1.06705031E+00  4.35093880E-01  4.32095814E+00  6.14080589E-01  4.44825306E-01
 -2.07057530E+00  1.00000000E+00  1.94277558E+00 -1.06705589E+00  4.35068963E-01  4.32212325E+00  6.13983599E-01  4.44976759E-01
 -2.02165821E+00  1.00000000E+00  1.90477889E+00 -1.06706147E+00  4.34998348E-01  4.32328873E+00  6.13886620E-01  4.45128254E-01
 -1.97274112E+00  1.00000000E+00  1.86658165E+00 -1.06699852E+00  4.35004924E-01  4.32260209E+00  6.13899877E-01  4.45044266E-01
 -1.92382403E+00  1.00000000E+00  1.82838442E+00 -1.06693558E+00  4.35061170E-01  4.32191557E+00  6.13913134E-01  4.44960292E-01
 -1.87490694E+00  1.00000000E+00  1.79044351E+00 -1.06695623E+00  4.35081789E-01  4.32099923E+00  6.14033698E-01  4.44835864E-01
 -1.82598985E+00  1.00000000E+00  1.75250260E+00 -1.06697688E+00  4.35081031E-01  4.32008313E+00  6.14154283E-01  4.44711461E-01
 -1.77707276E+00  1.00000000E+00  1.71439781E+00 -1.06707221E+00  4.35028177E-01  4.32130814E+00  6.14080663E-01  4.44867297E-01
 -1.72815567E+00  1.00000000E+00  1.67629301E+00 -1.06716756E+00  4.34939689E-01  4.32253352E+00  6.14007055E-01  4.45023175E-01
 -1.67923858E+00  1.00000000E+00  1.63822216E+00 -1.06698214E+00  4.34926396E-01  4.32156461E+00  6.14030363E-01  4.44904109E-01
 -1.63032150E+00  1.00000000E+00  1.60015131E+00 -1.06679677E+00  4.34883268E-01  4.32059591E+00  6.14053687E-01  4.44785067E-01
 -1.58140441E+00  1.00000000E+00  1.56211216E+00 -1.06690885E+00  4.34831393E-01  4.32014104E+00  6.14147623E-01  4.44719211E-01
 -1.53248732E+00  1.00000000E+00  1.52407301E+00 -1.06702093E+00  4.34789105E-01  4.31968626E+00  6.14241570E-01  4.44653363E-01
 -1.48357023E+00  1.00000000E+00  1.48605361E+00 -1.06686711E+00  4.34729639E-01  4.31920393E+00  6.14200524E-01  4.44600409E-01
 -1.43465314E+00  1.00000000E+00  1.44803420E+00 -1.06671330E+00  4.34688150E-01  4.31872165E+00  6.14159484E-01  4.44547460E-01
 -1.38573605E+00  1.00000000E+00  1.41006539E+00 -1.06665327E+00  4.34618745E-01  4.31741260E+00  6.14304781E-01  4.44372939E-01
 -1.33681896E+00  1.00000000E+00  1.37209658E+00 -1.06659327E+00  4.34499046E-01  4.31610398E+00  6.14450122E-01  4.44198464E-01
 -1.28790187E+00  1.00000000E+00  1.33413755E+00 -1.06655924E+00  4.34348293E-01  4.31517606E+00  6.14533853E-01  4.44077065E-01
 -1.23898478E+00  1.00000000E+00  1.29617852E+00 -1.06652522E+00  4.34204949E-01  4.31424836E+00  6.14617596E-01  4.43955692E-01
 -1.19006769E+00  1.00000000E+00  1.25837033E+00 -1.06648544E+00  4.34010521E-01  4.31381687E+00  6.14674094E-01  4.43897133E-01
 -1.14115060E+00  1.00000000E+00  1.22056214E+00 -1.06644567E+00  4.33785500E-01  4.31338542E+00  6.14730602E-01  4.43838578E-01
 -1.09223351E+00  1.00000000E+00  1.18280026E+00 -1.06629857E+00  4.33606082E-01  4.31181977E+00  6.14821708E-01  4.43639768E-01
 -1.04331642E+00  1.00000000E+00  1.14503839E+00 -1.06615152E+00  4.33440495E-01  4.31025472E+00  6.14912837E-01  4.43441026E-01
 -9.94399333E-01  1.00000000E+00  1.10758020E+00 -1.06597617E+00  4.33250198E-01  4.30830358E+00  6.15062128E-01  4.43188974E-01
 -9.45482243E-01  1.00000000E+00  1.07012201E+00 -1.06580089E+00  4.33030623E-01  4.30635336E+00  6.15211481E-01  4.42937026E-01
 -8.96565154E-01  1.00000000E+00  1.03296353E+00 -1.06573353E+00  4.32794150E-01  4.30532898E+00  6.15319829E-01  4.42801098E-01
 -8.47648064E-01  1.00000000E+00  9.95805051E-01 -1.06566620E+00  4.32520500E-01  4.30430485E+00  6.15428204E-01  4.42665197E-01
 -7.99501858E-01  1.00000000E+00  9.59794318E-01 -1.06556962E+00  4.32328409E-01  4.30243828E+00  6.15608136E-01  4.42419618E-01
 -7.51355652E-01  1.00000000E+00  9.23783585E-01 -1.06547310E+00  4.32175760E-01  4.30057260E+00  6.15788131E-01  4.42174136E-01
 -7.08111109E-01  1.00000000E+00  8.91992946E-01 -1.06537001E+00  4.32094056E-01  4.30009190E+00  6.15779307E-01  4.42117511E-01
 -6.64866566E-01  1.00000000E+00  8.60202307E-01 -1.06526694E+00  4.32232544E-01  4.29961126E+00  6.15770485E-01  4.42060893E-01
 -6.26599939E-01  1.00000000E+00  8.32755731E-01 -1.06574737E+00  4.32495474E-01  4.30152825E+00  6.15789738E-01  4.42288621E-01
 -5.88333313E-01  1.00000000E+00  8.05309155E-01 -1.06622799E+00  4.32840781E-01  4.30344609E+00  6.15809065E-01  4.42516443E-01
 -5.54471587E-01  1.00000000E+00  7.81733613E-01 -1.06546151E+00  4.33588616E-01  4.30898354E+00  6.14743238E-01  4.43308837E-01
 -5.20609860E-01  1.00000000E+00  7.58158071E-01 -1.06469487E+00  4.34451511E-01  4.31453112E+00  6.13678926E-01  4.44102263E-01
 -4.90645977E-01  1.00000000E+00  7.38112022E-01 -1.06697279E+00  4.35368116E-01  4.32066637E+00  6.14112138E-01  4.44786508E-01
 -4.60682095E-01  1.00000000E+00  7.18065973E-01 -1.06925396E+00  4.36487433E-01  4.32681113E+00  6.14546869E-01  4.45471711E-01
 -4.34167380E-01  1.00000000E+00  7.01355697E-01 -1.06823676E+00  4.38284262E-01  4.33894762E+00  6.12558238E-01  4.47166726E-01
 -4.07652666E-01  1.00000000E+00  6.84645422E-01 -1.06721931E+00  4.40259404E-01  4.35112829E+00  6.10575011E-01  4.48866393E-01
 -3.84190072E-01  1.00000000E+00  6.70482077E-01 -1.06980936E+00  4.42205984E-01  4.36361668E+00  6.10403672E-01  4.50385561E-01
 -3.60727478E-01  1.00000000E+00  6.56318732E-01 -1.07240604E+00  4.44390600E-01  4.37614077E+00  6.10234921E-01  4.51908702E-01
 -3.39965684E-01  1.00000000E+00  6.44962792E-01 -1.07293219E+00  4.47280425E-01  4.39470231E+00  6.08293264E-01  4.54369086E-01
 -3.19203889E-01  1.00000000E+00  6.33606851E-01 -1.07346190E+00  4.50329461E-01  4.41335122E+00  6.06358209E-01  4.56839162E-01
 -3.00831998E-01  1.00000000E+00  6.24368819E-01 -1.07644152E+00  4.53603015E-01  4.43533606E+00  6.05330189E-01  4.59600704E-01
 -2.82460107E-01  1.00000000E+00  6.15130787E-01 -1.07943426E+00  4.57193021E-01  4.45743195E+00  6.04308416E-01  4.62374824E-01
 -2.66203017E-01  1.00000000E+00  6.08016161E-01 -1.07982876E+00  4.61539875E-01  4.48478270E+00  6.01334195E-01  4.66013821E-01
 -2.49945927E-01  1.00000000E+00  6.00901535E-01 -1.08022934E+00  4.66120549E-01  4.51232257E+00  5.98374722E-01  4.69673742E-01
 -2.35560203E-01  1.00000000E+00  5.95849803E-01 -1.08454920E+00  4.70748856E-01  4.54348296E+00  5.97031690E-01  4.73574153E-01
 -2.21174479E-01  1.00000000E+00  5.90798071E-01 -1.08889544E+00  4.75750209E-01  4.57486100E+00  5.95700779E-01  4.77499227E-01
 -2.08421419E-01  1.00000000E+00  5.87272551E-01 -1.09287630E+00  4.81550301E-01  4.61285245E+00  5.93444214E-01  4.82328988E-01
 -1.95668358E-01  1.00000000E+00  5.83747031E-01 -1.09688727E+00  4.87651256E-01  4.65116917E+00  5.91205927E-01  4.87195589E-01
 -1.83439085E-01  1.00000000E+00  5.82064684E-01 -1.09706282E+00  4.94980775E-01  4.69514732E+00  5.86553777E-01  4.93031226E-01
 -1.71209813E-01  1.00000000E+00  5.80382336E-01 -1.09724896E+00  5.02647290E-01  4.73959958E+00  5.81936610E-01  4.98919557E-01
 -1.58980541E-01  1.00000000E+00  5.79516008E-01 -1.10478547E+00  5.11694427E-01  4.79304871E+00  5.79980738E-01  5.05568156E-01
 -1.46751268E-01  1.00000000E+00  5.78649680E-01 -1.11239707E+00  5.21147651E-01  4.84710568E+00  5.78056914E-01  5.12285851E-01
 -1.34521996E-01  1.00000000E+00  5.84254106E-01 -1.11532630E+00  5.34015346E-01  4.93192459E+00  5.70840943E-01  5.23330038E-01
 -1.22292724E-01  1.00000000E+00  5.89858533E-01 -1.11831819E+00  5.47322161E-01  5.01837035E+00  5.63723622E-01  5.34557608E-01
 -1.10063451E-01  1.00000000E+00  5.86263851E-01 -1.13360326E+00  5.65671440E-01  5.09738019E+00  5.63207574E-01  5.44100714E-01
 -9.78341789E-02  1.00000000E+00  5.82669169E-01 -1.14910640E+00  5.83632340E-01  5.17763000E+00  5.62766413E-01  5.53783631E-01
 -8.56049065E-02  1.00000000E+00  6.28354543E-01 -1.12198250E+00  6.11966435E-01  5.38835549E+00  5.32077123E-01  5.82753404E-01
 -7.33756342E-02  1.00000000E+00  6.74039916E-01 -1.09436814E+00  6.45057884E-01  5.61114457E+00  5.02710405E-01  6.13012100E-01
 -6.11463618E-02  1.00000000E+00  5.85932327E-01 -1.14667613E+00  6.81122221E-01  5.56782384E+00  5.27628657E-01  6.04823422E-01
 -4.89170895E-02  1.00000000E+00  4.97824738E-01 -1.19922521E+00  6.83827563E-01  5.52754346E+00  5.53728176E-01  5.96857834E-01
 -3.66878171E-02  1.00000000E+00  1.08516232E+00 -1.97724621E+00  7.22680279E-01  6.82742728E+00  8.20995963E-01  7.20771758E-01
 -2.44585447E-02  1.00000000E+00  1.67249990E+00 -3.01022830E+00  8.19843407E-01  8.64499339E+00  1.25318014E+00  8.87017590E-01
 -1.22292724E-02  1.00000000E+00  3.61161227E-01  4.34331159E-01  1.62681975E+00  6.81699523E+00  2.90121576E-01  7.83224838E-01
  0.00000000E+00  1.00000000E+00 -9.50177448E-01  5.13415887E+00  3.77296853E+00  1.25691319E+01  2.24086404E+00  1.23939214E+00
