# curve 5 (die wall), step =     1000, time =   4.00000000E+02
# N1 = tau_xx - tau_yy = G ( c_xx - c_yy ),  G =  1.7143E-01  (polymer part only)
#              x               y        pressure            c_xy        gammadot            c_xx            c_yy              N1
 -3.00000000E+00  1.00000000E+00  2.11263187E+00 -8.35164282E-01  4.31318066E-01  2.57263111E+00  7.76014214E-01  3.07991468E-01
 -2.95108291E+00  1.00000000E+00  2.08169006E+00 -8.35302927E-01  4.31298118E-01  2.57274911E+00  7.76082919E-01  3.07999918E-01
 -2.90216582E+00  1.00000000E+00  2.05074825E+00 -8.35441582E-01  4.31272431E-01  2.57286712E+00  7.76151636E-01  3.08008369E-01
 -2.85324873E+00  1.00000000E+00  2.01983468E+00 -8.35447675E-01  4.31251888E-01  2.57283324E+00  7.76144042E-01  3.08003863E-01
 -2.80433164E+00  1.00000000E+00  1.98892110E+00 -8.35453767E-01  4.31269389E-01  2.57279936E+00  7.76136449E-01  3.07999357E-01
 -2.75541455E+00  1.00000000E+00  1.95806505E+00 -8.35243979E-01  4.31306545E-01  2.57249814E+00  7.76086976E-01  3.07956199E-01
 -2.70649746E+00  1.00000000E+00  1.92720901E+00 -8.35034213E-01  4.31338748E-01  2.57219696E+00  7.76037524E-01  3.07913046E-01
 -2.65758037E+00  1.00000000E+00  1.89631715E+00 -8.35096691E-01  4.31341844E-01  2.57232782E+00  7.76045008E-01  3.07934196E-01
 -2.60866328E+00  1.00000000E+00  1.86542529E+00 -8.35159172E-01  4.31320035E-01  2.57245868E+00  7.76052494E-01  3.07955346E-01
 -2.55974619E+00  1.00000000E+00  1.83455997E+00 -8.35024693E-01  4.31360538E-01  2.57229118E+00  7.76019505E-01  3.07932288E-01
 -2.51082911E+00  1.00000000E+00  1.80369465E+00 -8.34890222E-01  4.31359997E-01  2.57212371E+00  7.75986525E-01  3.07909231E-01
 -2.46191202E+00  1.00000000E+00  1.77277544E+00 -8.34985749E-01  4.31344092E-01  2.57215037E+00  7.76019763E-01  3.07908103E-01
 -2.41299493E+00  1.00000000E+00  1.74185623E+00 -8.35081276E-01  4.31367147E-01  2.57217703E+00  7.76053007E-01  3.07906976E-01
 -2.36407784E+00  1.00000000E+00  1.71100423E+00 -8.34957111E-01  4.31397990E-01  2.57198655E+00  7.76037395E-01  3.07876998E-01
 -2.31516075E+00  1.00000000E+00  1.68015223E+00 -8.34832953E-01  4.31381119E-01  2.57179608E+00  7.76021791E-01  3.07847021E-01
 -2.26624366E+00  1.00000000E+00  1.64926620E+00 -8.35023624E-01  4.31341875E-01  2.57215541E+00  7.76058604E-01  3.07902309E-01
 -2.21732657E+00  1.00000000E+00  1.61838018E+00 -8.35214320E-01  4.31280050E-01  2.57251479E+00  7.76095434E-01  3.07957603E-01
 -2.16840948E+00  1.00000000E+00  1.58748082E+00 -8.35267398E-01  4.31247827E-01  2.57248390E+00  7.76124113E-01  3.07947392E-01
 -2.11949239E+00  1.00000000E+00  1.55658146E+00 -8.35320476E-01  4.31264101E-01  2.57245302E+00  7.76152793E-01  3.07937181E-01
 -2.07057530E+00  1.00000000E+00  1.52573258E+00 -8.35359107E-01  4.31248737E-01  2.57273929E+00  7.76135001E-01  3.07989307E-01
 -2.02165821E+00  1.00000000E+00  1.49488370E+00 -8.35397741E-01  4.31172472E-01  2.57302560E+00  7.76117210E-01  3.08041439E-01
 -1.97274112E+00  1.00000000E+00  1.46392691E+00 -8.35390335E-01  4.31149018E-01  2.57290924E+00  7.76107400E-01  3.08023173E-01
 -1.92382403E+00  1.00000000E+00  1.43297013E+00 -8.35382928E-01  4.31190386E-01  2.57279288E+00  7.76097589E-01  3.08004907E-01
 -1.87490694E+00  1.00000000E+00  1.40215261E+00 -8.35213357E-01  4.31235421E-01  2.57237523E+00  7.76101581E-01  3.07932626E-01
 -1.82598985E+00  1.00000000E+00  1.37133508E+00 -8.35043808E-01  4.31262504E-01  2.57195766E+00  7.76105590E-01  3.07860354E-01
 -1.77707276E+00  1.00000000E+00  1.34045571E+00 -8.35250671E-01  4.31219385E-01  2.57238044E+00  7.76147524E-01  3.07925643E-01
 -1.72815567E+00  1.00000000E+00  1.30957635E+00 -8.35457565E-01  4.31118523E-01  2.57280330E+00  7.76189477E-01  3.07990942E-01
 -1.67923858E+00  1.00000000E+00  1.27867496E+00 -8.35274717E-01  4.31130808E-01  2.57243246E+00  7.76160619E-01  3.07932316E-01
 -1.63032150E+00  1.00000000E+00  1.24777357E+00 -8.35091892E-01  4.31113912E-01  2.57206168E+00  7.76131778E-01  3.07873698E-01
 -1.58140441E+00  1.00000000E+00  1.21693022E+00 -8.35154082E-01  4.31056923E-01  2.57186792E+00  7.76208692E-01  3.07827296E-01
 -1.53248732E+00  1.00000000E+00  1.18608687E+00 -8.35216271E-01  4.31023877E-01  2.57167419E+00  7.76285612E-01  3.07780898E-01
 -1.48357023E+00  1.00000000E+00  1.15523158E+00 -8.35106604E-01  4.30982152E-01  2.57153833E+00  7.76238218E-01  3.07765733E-01
 -1.43465314E+00  1.00000000E+00  1.12437628E+00 -8.34996944E-01  4.30939415E-01  2.57140248E+00  7.76190831E-01  3.07750568E-01
 -1.38573605E+00  1.00000000E+00  1.09355733E+00 -8.34827081E-01  4.30932031E-01  2.57081677E+00  7.76233870E-01  3.07642783E-01
 -1.33681896E+00  1.00000000E+00  1.06273837E+00 -8.34657250E-01  4.30885286E-01  2.57023119E+00  7.76276933E-01  3.07535016E-01
 -1.28790187E+00  1.00000000E+00  1.03195674E+00 -8.34662560E-01  4.30783663E-01  2.56989366E+00  7.76355780E-01  3.07463636E-01
 -1.23898478E+00  1.00000000E+00  1.00117511E+00 -8.34667873E-01  4.30690493E-01  2.56955618E+00  7.76434636E-01  3.07392264E-01
 -1.19006769E+00  1.00000000E+00  9.70479549E-01 -8.34648056E-01  4.30569505E-01  2.56932855E+00  7.76495336E-01  3.07342837E-01
 -1.14115060E+00  1.00000000E+00  9.39783987E-01 -8.34628242E-01  4.30413314E-01  2.56910095E+00  7.76556042E-01  3.07293413E-01
 -1.09223351E+00  1.00000000E+00  9.09116079E-01 -8.34548592E-01  4.30308893E-01  2.56869109E+00  7.76582226E-01  3.07218663E-01
 -1.04331642E+00  1.00000000E+00  8.78448170E-01 -8.34468952E-01  4.30242313E-01  2.56828130E+00  7.76608414E-01  3.07143924E-01
 -9.94399333E-01  1.00000000E+00  8.47977416E-01 -8.34252032E-01  4.30201724E-01  2.56771432E+00  7.76614259E-01  3.07045725E-01
 -9.45482243E-01  1.00000000E+00  8.17506663E-01 -8.34035152E-01  4.30155214E-01  2.56714747E+00  7.76620131E-01  3.06947544E-01
 -8.96565154E-01  1.00000000E+00  7.87238525E-01 -8.34152301E-01  4.30121461E-01  2.56730040E+00  7.76672473E-01  3.06964787E-01
 -8.47648064E-01  1.00000000E+00  7.56970388E-01 -8.34269458E-01  4.30065910E-01  2.56745334E+00  7.76724821E-01  3.06982032E-01
 -7.99501858E-01  1.00000000E+00  7.27536941E-01 -8.34288195E-01  4.30178010E-01  2.56763751E+00  7.76699271E-01  3.07017985E-01
 -7.51355652E-01  1.00000000E+00  6.98103494E-01 -8.34306934E-01  4.30363462E-01  2.56782170E+00  7.76673721E-01  3.07053939E-01
 -7.08111109E-01  1.00000000E+00  6.72010031E-01 -8.34507469E-01  4.30658523E-01  2.56916247E+00  7.76468442E-01  3.07318977E-01
 -6.64866566E-01  1.00000000E+00  6.45916567E-01 -8.34708104E-01  4.31181165E-01  2.57050396E+00  7.76263267E-01  3.07584118E-01
 -6.26599939E-01  1.00000000E+00  6.23264858E-01 -8.35494456E-01  4.31868755E-01  2.57354788E+00  7.76051315E-01  3.08142268E-01
 -5.88333313E-01  1.00000000E+00  6.00613149E-01 -8.36281582E-01  4.32673561E-01  2.57659537E+00  7.75839844E-01  3.08700947E-01
 -5.54471587E-01  1.00000000E+00  5.80991124E-01 -8.36646067E-01  4.33889659E-01  2.58189398E+00  7.74751241E-01  3.09795897E-01
 -5.20609860E-01  1.00000000E+00  5.61369098E-01 -8.37011652E-01  4.35228523E-01  2.58720431E+00  7.73664545E-01  3.10892531E-01
 -4.90645977E-01  1.00000000E+00  5.44551964E-01 -8.39127239E-01  4.36719290E-01  2.59358945E+00  7.73570927E-01  3.12003175E-01
 -4.60682095E-01  1.00000000E+00  5.27734829E-01 -8.41247224E-01  4.38447149E-01  2.59999042E+00  7.73479742E-01  3.13116116E-01
 -4.34167380E-01  1.00000000E+00  5.13434368E-01 -8.42049018E-01  4.40830357E-01  2.60972109E+00  7.71594127E-01  3.15107479E-01
 -4.07652666E-01  1.00000000E+00  4.99133907E-01 -8.42854696E-01  4.43395766E-01  2.61949053E+00  7.69714580E-01  3.17104449E-01
 -3.84190072E-01  1.00000000E+00  4.86916863E-01 -8.45740164E-01  4.46007800E-01  2.63033856E+00  7.69065604E-01  3.19075363E-01
 -3.60727478E-01  1.00000000E+00  4.74699819E-01 -8.48635589E-01  4.48892284E-01  2.64123117E+00  7.68422600E-01  3.21052897E-01
 -3.39965684E-01  1.00000000E+00  4.64579656E-01 -8.50724692E-01  4.52491967E-01  2.65551198E+00  7.66375702E-01  3.23851934E-01
 -3.19203889E-01  1.00000000E+00  4.54459494E-01 -8.52824475E-01  4.56273119E-01  2.66987167E+00  7.64339341E-01  3.26662686E-01
 -3.00831998E-01  1.00000000E+00  4.46040043E-01 -8.56618631E-01  4.60333849E-01  2.68688329E+00  7.62920780E-01  3.29822144E-01
 -2.82460107E-01  1.00000000E+00  4.37620592E-01 -8.60433234E-01  4.64732128E-01  2.70400278E+00  7.61515409E-01  3.32997835E-01
 -2.66203017E-01  1.00000000E+00  4.30779958E-01 -8.63124590E-01  4.69892115E-01  2.72438990E+00  7.58521016E-01  3.37006094E-01
 -2.49945927E-01  1.00000000E+00  4.23939325E-01 -8.65835882E-01  4.75291096E-01  2.74493523E+00  7.55547464E-01  3.41037903E-01
 -2.35560203E-01  1.00000000E+00  4.18734230E-01 -8.70681232E-01  4.80796216E-01  2.76763358E+00  7.53664574E-01  3.45251830E-01
 -2.21174479E-01  1.00000000E+00  4.13529135E-01 -8.75560723E-01  4.86721858E-01  2.79051905E+00  7.51803518E-01  3.49494091E-01
 -2.08421419E-01  1.00000000E+00  4.09402781E-01 -8.80656922E-01  4.93466428E-01  2.81776725E+00  7.49092663E-01  3.54629929E-01
 -1.95668358E-01  1.00000000E+00  4.05276427E-01 -8.85796559E-01  5.00580068E-01  2.84528248E+00  7.46412993E-01  3.59806197E-01
 -1.83439085E-01  1.00000000E+00  4.02447605E-01 -8.89484366E-01  5.08972179E-01  2.87725009E+00  7.41864509E-01  3.66066100E-01
 -1.71209813E-01  1.00000000E+00  3.99618783E-01 -8.93214545E-01  5.17723464E-01  2.90959124E+00  7.37361268E-01  3.72382280E-01
 -1.58980541E-01  1.00000000E+00  3.97340473E-01 -9.01699956E-01  5.28073129E-01  2.94905196E+00  7.34630802E-01  3.79615055E-01
 -1.46751268E-01  1.00000000E+00  3.95062164E-01 -9.10283783E-01  5.38895629E-01  2.98904580E+00  7.31958397E-01  3.86929269E-01
 -1.34521996E-01  1.00000000E+00  3.96870460E-01 -9.16558732E-01  5.53361514E-01  3.04651918E+00  7.24337894E-01  3.98088221E-01
 -1.22292724E-01  1.00000000E+00  3.98678755E-01 -9.22957603E-01  5.68403509E-01  3.10514623E+00  7.16845162E-01  4.09423040E-01
 -1.10063451E-01  1.00000000E+00  3.94238339E-01 -9.40399546E-01  5.88738363E-01  3.16938646E+00  7.15454178E-01  4.20674105E-01
 -9.78341789E-02  1.00000000E+00  3.89797924E-01 -9.58152131E-01  6.08572373E-01  3.23495003E+00  7.14217203E-01  4.32125628E-01
 -8.56049065E-02  1.00000000E+00  4.18768519E-01 -9.47888857E-01  6.39145278E-01  3.36909615E+00  6.84437193E-01  4.60227251E-01
 -7.33756342E-02  1.00000000E+00  4.47739114E-01 -9.37741135E-01  6.74634003E-01  3.51037901E+00  6.55770299E-01  4.89361494E-01
 -6.11463618E-02  1.00000000E+00  3.85041350E-01 -1.00336273E+00  7.17084729E-01  3.56723363E+00  6.83376876E-01  4.94375444E-01
 -4.89170895E-02  1.00000000E+00  3.22343585E-01 -1.07068728E+00  7.29835939E-01  3.62744281E+00  7.12852923E-01  4.99643981E-01
 -3.66878171E-02  1.00000000E+00  7.14305551E-01 -1.38032631E+00  7.95896373E-01  4.21437788E+00  8.08416460E-01  5.83879101E-01
 -2.44585447E-02  1.00000000E+00  1.10626752E+00 -1.74362435E+00  9.37871670E-01  4.91872231E+00  9.36583858E-01  6.82652306E-01
 -1.22292724E-02  1.00000000E+00  2.06793755E-01  4.90991206E-02  1.74119890E+00  5.11660696E+00  3.15179520E-01  8.23101846E-01
  0.00000000E+00  1.00000000E+00 -6.92680007E-01  2.38170584E+00  3.58237997E+00  8.47971135E+00  8.64138842E-01  1.30552672E+00
