# curve 5 (die wall), step =     1000, time =   8.00000000E+02
# N1 = tau_xx - tau_yy = G ( c_xx - c_yy ),  G =  4.4444E-02  (polymer part only)
#              x               y        pressure            c_xy        gammadot            c_xx            c_yy              N1
 -3.00000000E+00  1.00000000E+00  2.99025477E+00 -3.60189465E+00  4.00357629E-01  2.69652492E+01  9.99542117E-01  1.15403143E+00
 -2.95108291E+00  1.00000000E+00  2.95021553E+00 -3.60215496E+00  4.00357662E-01  2.69728769E+01  9.99496812E-01  1.15437245E+00
 -2.90216582E+00  1.00000000E+00  2.91017629E+00 -3.60241523E+00  4.00345923E-01  2.69805068E+01  9.99451496E-01  1.15471357E+00
 -2.85324873E+00  1.00000000E+00  2.87099513E+00 -3.60130558E+00  4.00157994E-01  2.69599124E+01  9.99564431E-01  1.15379324E+00
 -2.80433164E+00  1.00000000E+00  2.83181396E+00 -3.60019621E+00  4.00005051E-01  2.69393342E+01  9.99677347E-01  1.15287364E+00
 -2.75541455E+00  1.00000000E+00  2.79260120E+00 -3.59931829E+00  4.00195790E-01  2.69370922E+01  9.99411410E-01  1.15278581E+00
 -2.70649746E+00  1.00000000E+00  2.75338844E+00 -3.59844052E+00  4.00253938E-01  2.69348504E+01  9.99145540E-01  1.15269800E+00
 -2.65758037E+00  1.00000000E+00  2.71427888E+00 -3.60183987E+00  4.00271063E-01  2.69464786E+01  9.99858906E-01  1.15318310E+00
 -2.60866328E+00  1.00000000E+00  2.67516932E+00 -3.60524125E+00  4.00207799E-01  2.69581126E+01  1.00057295E+00  1.15366843E+00
 -2.55974619E+00  1.00000000E+00  2.63637697E+00 -3.60582629E+00  4.00062668E-01  2.69702803E+01  1.00061606E+00  1.15420730E+00
 -2.51082911E+00  1.00000000E+00  2.59758462E+00 -3.60641127E+00  4.00113667E-01  2.69824537E+01  1.00065915E+00  1.15474643E+00
 -2.46191202E+00  1.00000000E+00  2.55793415E+00 -3.60301285E+00  4.00020152E-01  2.69662333E+01  1.00002354E+00  1.15405377E+00
 -2.41299493E+00  1.00000000E+00  2.51828368E+00 -3.59961694E+00  3.99983343E-01  2.69500231E+01  9.99388522E-01  1.15336154E+00
 -2.36407784E+00  1.00000000E+00  2.47943370E+00 -3.60181714E+00  3.99994847E-01  2.69534892E+01  9.99959562E-01  1.15349021E+00
 -2.31516075E+00  1.00000000E+00  2.44058373E+00 -3.60401792E+00  3.99938975E-01  2.69569564E+01  1.00053095E+00  1.15361891E+00
 -2.26624366E+00  1.00000000E+00  2.40146329E+00 -3.60383277E+00  3.99874873E-01  2.69686084E+01  1.00029321E+00  1.15414734E+00
 -2.21732657E+00  1.00000000E+00  2.36234285E+00 -3.60364718E+00  3.99903563E-01  2.69802661E+01  1.00005548E+00  1.15467603E+00
 -2.16840948E+00  1.00000000E+00  2.32292093E+00 -3.60308595E+00  3.99918431E-01  2.69698269E+01  1.00003300E+00  1.15421306E+00
 -2.11949239E+00  1.00000000E+00  2.28349901E+00 -3.60252475E+00  3.99882879E-01  2.69593920E+01  1.00001051E+00  1.15375029E+00
 -2.07057530E+00  1.00000000E+00  2.24478519E+00 -3.60521311E+00  3.99937846E-01  2.69852778E+01  1.00032786E+00  1.15488666E+00
 -2.02165821E+00  1.00000000E+00  2.20607136E+00 -3.60790361E+00  3.99939104E-01  2.70111885E+01  1.00064539E+00  1.15602414E+00
 -1.97274112E+00  1.00000000E+00  2.16653357E+00 -3.60416875E+00  3.99838842E-01  2.69921577E+01  9.99939272E-01  1.15520971E+00
 -1.92382403E+00  1.00000000E+00  2.12699578E+00 -3.60043706E+00  3.99807813E-01  2.69731406E+01  9.99233862E-01  1.15439585E+00
 -1.87490694E+00  1.00000000E+00  2.08783581E+00 -3.60217276E+00  3.99909223E-01  2.69625614E+01  9.99872196E-01  1.15389730E+00
 -1.82598985E+00  1.00000000E+00  2.04867584E+00 -3.60390737E+00  3.99931931E-01  2.69519884E+01  1.00051082E+00  1.15339900E+00
 -1.77707276E+00  1.00000000E+00  2.00970220E+00 -3.60619548E+00  3.99979890E-01  2.69747799E+01  1.00075901E+00  1.15440093E+00
 -1.72815567E+00  1.00000000E+00  1.97072856E+00 -3.60848515E+00  3.99928450E-01  2.69975907E+01  1.00100731E+00  1.15540371E+00
 -1.67923858E+00  1.00000000E+00  1.93151993E+00 -3.60956691E+00  3.99645789E-01  2.69978582E+01  1.00132179E+00  1.15540162E+00
 -1.63032150E+00  1.00000000E+00  1.89231131E+00 -3.61064875E+00  3.99601194E-01  2.69981260E+01  1.00163635E+00  1.15539954E+00
 -1.58140441E+00  1.00000000E+00  1.85344764E+00 -3.60959578E+00  3.99372195E-01  2.69730921E+01  1.00193980E+00  1.15427344E+00
 -1.53248732E+00  1.00000000E+00  1.81458396E+00 -3.60854301E+00  3.99267212E-01  2.69480824E+01  1.00224328E+00  1.15314841E+00
 -1.48357023E+00  1.00000000E+00  1.77484904E+00 -3.59816625E+00  3.99207696E-01  2.69229394E+01  9.99728347E-01  1.15214271E+00
 -1.43465314E+00  1.00000000E+00  1.73511411E+00 -3.58780546E+00  3.99393813E-01  2.68978312E+01  9.97220555E-01  1.15113825E+00
 -1.38573605E+00  1.00000000E+00  1.69604740E+00 -3.58992474E+00  3.99286710E-01  2.68670945E+01  9.98487857E-01  1.14971585E+00
 -1.33681896E+00  1.00000000E+00  1.65698069E+00 -3.59203970E+00  3.99134882E-01  2.68364008E+01  9.99756011E-01  1.14829532E+00
 -1.28790187E+00  1.00000000E+00  1.61743572E+00 -3.59109684E+00  3.98792204E-01  2.68021637E+01  1.00012112E+00  1.14675745E+00
 -1.23898478E+00  1.00000000E+00  1.57789076E+00 -3.59015303E+00  3.98400596E-01  2.67679728E+01  1.00048608E+00  1.14522163E+00
 -1.19006769E+00  1.00000000E+00  1.53954945E+00 -3.59253212E+00  3.97926894E-01  2.67524630E+01  1.00152725E+00  1.14448603E+00
 -1.14115060E+00  1.00000000E+00  1.50120815E+00 -3.59490951E+00  3.97399366E-01  2.67369663E+01  1.00256917E+00  1.14375098E+00
 -1.09223351E+00  1.00000000E+00  1.46156054E+00 -3.58506879E+00  3.96710462E-01  2.66615547E+01  1.00147265E+00  1.14044809E+00
 -1.04331642E+00  1.00000000E+00  1.42191294E+00 -3.57525504E+00  3.96112242E-01  2.65863558E+01  1.00037960E+00  1.13715450E+00
 -9.94399333E-01  1.00000000E+00  1.38326207E+00 -3.57316095E+00  3.95422801E-01  2.65010266E+01  1.00142126E+00  1.13331579E+00
 -9.45482243E-01  1.00000000E+00  1.34461119E+00 -3.57106005E+00  3.94606318E-01  2.64159882E+01  1.00246211E+00  1.12949005E+00
 -8.96565154E-01  1.00000000E+00  1.30623859E+00 -3.56693877E+00  3.93505944E-01  2.63278516E+01  1.00333273E+00  1.12553417E+00
 -8.47648064E-01  1.00000000E+00  1.26786599E+00 -3.56282093E+00  3.92303123E-01  2.62400200E+01  1.00420337E+00  1.12159185E+00
 -7.99501858E-01  1.00000000E+00  1.23126812E+00 -3.55536078E+00  3.90596262E-01  2.60921564E+01  1.00520075E+00  1.11497580E+00
 -7.51355652E-01  1.00000000E+00  1.19467025E+00 -3.54791087E+00  3.89210975E-01  2.59451549E+01  1.00619672E+00  1.10839814E+00
 -7.08111109E-01  1.00000000E+00  1.16226829E+00 -3.52665394E+00  3.87330555E-01  2.57350055E+01  1.00449943E+00  1.09913360E+00
 -6.64866566E-01  1.00000000E+00  1.12986632E+00 -3.50553653E+00  3.86081827E-01  2.55265653E+01  1.00281257E+00  1.08994456E+00
 -6.26599939E-01  1.00000000E+00  1.10220724E+00 -3.49311409E+00  3.84982555E-01  2.53559174E+01  1.00273329E+00  1.08236374E+00
 -5.88333313E-01  1.00000000E+00  1.07454817E+00 -3.48073803E+00  3.83806922E-01  2.51864312E+01  1.00265391E+00  1.07483455E+00
 -5.54471587E-01  1.00000000E+00  1.05165940E+00 -3.47163139E+00  3.82971470E-01  2.50714632E+01  1.00240949E+00  1.06973572E+00
 -5.20609860E-01  1.00000000E+00  1.02877063E+00 -3.46255070E+00  3.81977356E-01  2.49570277E+01  1.00216558E+00  1.06466054E+00
 -4.90645977E-01  1.00000000E+00  1.00991804E+00 -3.45196777E+00  3.80713827E-01  2.47973670E+01  1.00232328E+00  1.05755750E+00
 -4.60682095E-01  1.00000000E+00  9.91065455E-01 -3.44141568E+00  3.79884605E-01  2.46387523E+01  1.00247960E+00  1.05050101E+00
 -4.34167380E-01  1.00000000E+00  9.76099620E-01 -3.43109470E+00  3.79767769E-01  2.45735068E+01  1.00075476E+00  1.04767787E+00
 -4.07652666E-01  1.00000000E+00  9.61133786E-01 -3.42080273E+00  3.79471108E-01  2.45084347E+01  9.99034777E-01  1.04486222E+00
 -3.84190072E-01  1.00000000E+00  9.49196013E-01 -3.41166750E+00  3.79071493E-01  2.44116322E+01  9.98174360E-01  1.04059813E+00
 -3.60727478E-01  1.00000000E+00  9.37258239E-01 -3.40255845E+00  3.79132849E-01  2.43152152E+01  9.97315311E-01  1.03635111E+00
 -3.39965684E-01  1.00000000E+00  9.28727467E-01 -3.40204393E+00  3.79672809E-01  2.43098096E+01  9.96936800E-01  1.03612768E+00
 -3.19203889E-01  1.00000000E+00  9.20196695E-01 -3.40152941E+00  3.80063081E-01  2.43044052E+01  9.96558494E-01  1.03590430E+00
 -3.00831998E-01  1.00000000E+00  9.15743460E-01 -3.41685352E+00  3.80415160E-01  2.43577501E+01  9.99872195E-01  1.03812791E+00
 -2.82460107E-01  1.00000000E+00  9.11290226E-01 -3.43222309E+00  3.80530039E-01  2.44112286E+01  1.00320074E+00  1.04035679E+00
 -2.66203017E-01  1.00000000E+00  9.07639244E-01 -3.42544042E+00  3.81191613E-01  2.44860287E+01  9.99540258E-01  1.04384393E+00
 -2.49945927E-01  1.00000000E+00  9.03988262E-01 -3.41862282E+00  3.82052334E-01  2.45611235E+01  9.95887404E-01  1.04734383E+00
 -2.35560203E-01  1.00000000E+00  9.04434939E-01 -3.44227132E+00  3.82920691E-01  2.46829352E+01  1.00006941E+00  1.05257182E+00
 -2.21174479E-01  1.00000000E+00  9.04881617E-01 -3.46605542E+00  3.83686986E-01  2.48053651E+01  1.00428054E+00  1.05782598E+00
 -2.08421419E-01  1.00000000E+00  9.06759802E-01 -3.47875858E+00  3.84708757E-01  2.49448301E+01  1.00497478E+00  1.06399357E+00
 -1.95668358E-01  1.00000000E+00  9.08637987E-01 -3.49151362E+00  3.85643559E-01  2.50850862E+01  1.00567166E+00  1.07019620E+00
 -1.83439085E-01  1.00000000E+00  9.13539492E-01 -3.49870381E+00  3.86910254E-01  2.52568399E+01  1.00415865E+00  1.07789694E+00
 -1.71209813E-01  1.00000000E+00  9.18440996E-01 -3.50589174E+00  3.88050952E-01  2.54298236E+01  1.00264244E+00  1.08565250E+00
 -1.58980541E-01  1.00000000E+00  9.23916962E-01 -3.52083376E+00  3.88424508E-01  2.54961723E+01  1.00611593E+00  1.08844695E+00
 -1.46751268E-01  1.00000000E+00  9.29392928E-01 -3.53582719E+00  3.88503820E-01  2.55627028E+01  1.00960334E+00  1.09124886E+00
 -1.34521996E-01  1.00000000E+00  9.44498365E-01 -3.56830537E+00  3.87815408E-01  2.55398458E+01  1.01981882E+00  1.08977898E+00
 -1.22292724E-01  1.00000000E+00  9.59603802E-01 -3.60080408E+00  3.83044026E-01  2.55172959E+01  1.03012881E+00  1.08831854E+00
 -1.10063451E-01  1.00000000E+00  9.71520645E-01 -3.60997110E+00  3.64287761E-01  2.37695323E+01  1.08130889E+00  1.00836549E+00
 -9.78341789E-02  1.00000000E+00  9.83437489E-01 -3.61353767E+00  3.41865965E-01  2.21545001E+01  1.13339010E+00  9.34271557E-01
 -8.56049065E-02  1.00000000E+00  1.07004224E+00 -3.36173305E+00  3.07604632E-01  1.96548176E+01  1.12965586E+00  8.23340520E-01
 -7.33756342E-02  1.00000000E+00  1.15664699E+00 -3.13057885E+00  2.60838372E-01  1.74410679E+01  1.12734504E+00  7.25054351E-01
 -6.11463618E-02  1.00000000E+00  1.34541429E+00 -2.23513933E+00  1.66980114E-01  7.69822515E+00  1.35280619E+00  2.82018620E-01
 -4.89170895E-02  1.00000000E+00  1.53418159E+00 -1.71540531E+00  9.05672019E-02  3.55068989E+00  1.66719319E+00  8.37109644E-02
 -3.66878171E-02  1.00000000E+00  2.55962344E+00 -2.33780659E+00  1.81762056E-01  3.17351657E+00  2.35978415E+00  3.61658851E-02
 -2.44585447E-02  1.00000000E+00  3.58506529E+00 -3.03091260E+00  2.51721354E-01  3.20004449E+00  3.30050388E+00 -4.46486159E-03
 -1.22292724E-02  1.00000000E+00  1.41219299E+00  1.27839141E+00  8.46352064E-01  2.71563161E+00  2.54317294E+00  7.66482984E-03
  0.00000000E+00  1.00000000E+00 -7.60679319E-01  3.47285407E+01  5.83211402E+00  3.63015933E+01  3.37803575E+01  1.12054923E-01
