# curve 5 (die wall), step =      500, time =   2.00000000E+02
# N1 = tau_xx - tau_yy = G ( c_xx - c_yy ),  G =  4.0000E-01  (polymer part only)
#              x               y        pressure            c_xy        gammadot            c_xx            c_yy              N1
 -1.00000000E+01  1.00000000E+00  8.12426382E+00 -4.81120166E-01  4.02926576E-01  1.46248366E+00  1.00010297E+00  1.84952275E-01
 -9.95040609E+00  1.00000000E+00  8.08516458E+00 -4.81046740E-01  4.02938157E-01  1.46252591E+00  1.00006262E+00  1.84985315E-01
 -9.90081218E+00  1.00000000E+00  8.04606533E+00 -4.80973313E-01  4.02945520E-01  1.46256817E+00  1.00002227E+00  1.85018357E-01
 -9.85121827E+00  1.00000000E+00  8.00702131E+00 -4.81016387E-01  4.02948230E-01  1.46256547E+00  1.00004165E+00  1.85009528E-01
 -9.80162437E+00  1.00000000E+00  7.96797728E+00 -4.81059462E-01  4.02956400E-01  1.46256277E+00  1.00006102E+00  1.85000699E-01
 -9.75203046E+00  1.00000000E+00  7.92890591E+00 -4.81080783E-01  4.02943153E-01  1.46251421E+00  1.00007995E+00  1.84973705E-01
 -9.70243655E+00  1.00000000E+00  7.88983453E+00 -4.81102103E-01  4.02928386E-01  1.46246566E+00  1.00009888E+00  1.84946712E-01
 -9.65284264E+00  1.00000000E+00  7.85077173E+00 -4.81106902E-01  4.02934655E-01  1.46247573E+00  1.00010390E+00  1.84948730E-01
 -9.60324873E+00  1.00000000E+00  7.81170893E+00 -4.81111700E-01  4.02929604E-01  1.46248580E+00  1.00010892E+00  1.84950749E-01
 -9.55365482E+00  1.00000000E+00  7.77265856E+00 -4.81151780E-01  4.02923246E-01  1.46247573E+00  1.00012893E+00  1.84938719E-01
 -9.50406091E+00  1.00000000E+00  7.73360818E+00 -4.81191859E-01  4.02930767E-01  1.46246566E+00  1.00014894E+00  1.84926690E-01
 -9.45446701E+00  1.00000000E+00  7.69451282E+00 -4.81114357E-01  4.02913063E-01  1.46248058E+00  1.00011022E+00  1.84948145E-01
 -9.40487310E+00  1.00000000E+00  7.65541747E+00 -4.81036856E-01  4.02913586E-01  1.46249551E+00  1.00007150E+00  1.84969601E-01
 -9.35527919E+00  1.00000000E+00  7.61637627E+00 -4.81170345E-01  4.02915444E-01  1.46243900E+00  1.00014087E+00  1.84919253E-01
 -9.30568528E+00  1.00000000E+00  7.57733507E+00 -4.81303832E-01  4.02908286E-01  1.46238252E+00  1.00021025E+00  1.84868907E-01
 -9.25609137E+00  1.00000000E+00  7.53825007E+00 -4.81198441E-01  4.02913339E-01  1.46246014E+00  1.00014450E+00  1.84926254E-01
 -9.20649746E+00  1.00000000E+00  7.49916508E+00 -4.81093048E-01  4.02933029E-01  1.46253778E+00  1.00007877E+00  1.84983605E-01
 -9.15690355E+00  1.00000000E+00  7.46010181E+00 -4.81117134E-01  4.02923087E-01  1.46248425E+00  1.00010073E+00  1.84953409E-01
 -9.10730965E+00  1.00000000E+00  7.42103853E+00 -4.81141218E-01  4.02917018E-01  1.46243073E+00  1.00012270E+00  1.84923215E-01
 -9.05771574E+00  1.00000000E+00  7.38197722E+00 -4.81134186E-01  4.02929561E-01  1.46248185E+00  1.00010796E+00  1.84949555E-01
 -9.00812183E+00  1.00000000E+00  7.34291591E+00 -4.81127153E-01  4.02941746E-01  1.46253297E+00  1.00009323E+00  1.84975896E-01
 -8.95852792E+00  1.00000000E+00  7.30385344E+00 -4.81144694E-01  4.02931774E-01  1.46248272E+00  1.00011239E+00  1.84948132E-01
 -8.90893401E+00  1.00000000E+00  7.26479097E+00 -4.81162235E-01  4.02919296E-01  1.46243247E+00  1.00013155E+00  1.84920368E-01
 -8.85934010E+00  1.00000000E+00  7.22571695E+00 -4.81132827E-01  4.02930942E-01  1.46248290E+00  1.00011063E+00  1.84948908E-01
 -8.80974619E+00  1.00000000E+00  7.18664294E+00 -4.81103419E-01  4.02940933E-01  1.46253333E+00  1.00008971E+00  1.84977449E-01
 -8.76015229E+00  1.00000000E+00  7.14757499E+00 -4.81119252E-01  4.02926834E-01  1.46248693E+00  1.00010050E+00  1.84954573E-01
 -8.71055838E+00  1.00000000E+00  7.10850705E+00 -4.81135084E-01  4.02919348E-01  1.46244054E+00  1.00011130E+00  1.84931698E-01
 -8.66096447E+00  1.00000000E+00  7.06944476E+00 -4.81080835E-01  4.02934884E-01  1.46250217E+00  1.00007964E+00  1.84969011E-01
 -8.61137056E+00  1.00000000E+00  7.03038246E+00 -4.81026585E-01  4.02948739E-01  1.46256381E+00  1.00004799E+00  1.85006326E-01
 -8.56177665E+00  1.00000000E+00  6.99132032E+00 -4.81053854E-01  4.02939922E-01  1.46253354E+00  1.00006426E+00  1.84987713E-01
 -8.51218274E+00  1.00000000E+00  6.95225818E+00 -4.81081123E-01  4.02932627E-01  1.46250327E+00  1.00008052E+00  1.84969099E-01
 -8.46258884E+00  1.00000000E+00  6.91319426E+00 -4.81158314E-01  4.02934243E-01  1.46246490E+00  1.00012606E+00  1.84935536E-01
 -8.41299493E+00  1.00000000E+00  6.87413034E+00 -4.81235504E-01  4.02922757E-01  1.46242653E+00  1.00017159E+00  1.84901974E-01
 -8.36340102E+00  1.00000000E+00  6.83504605E+00 -4.81112523E-01  4.02922585E-01  1.46250012E+00  1.00009904E+00  1.84960431E-01
 -8.31380711E+00  1.00000000E+00  6.79596175E+00 -4.80989538E-01  4.02942564E-01  1.46257373E+00  1.00002651E+00  1.85018891E-01
 -8.26421320E+00  1.00000000E+00  6.75691803E+00 -4.81046068E-01  4.02936246E-01  1.46252590E+00  1.00006253E+00  1.84985350E-01
 -8.21461929E+00  1.00000000E+00  6.71787431E+00 -4.81102597E-01  4.02928105E-01  1.46247808E+00  1.00009855E+00  1.84951810E-01
 -8.16502538E+00  1.00000000E+00  6.67881005E+00 -4.81169646E-01  4.02929936E-01  1.46245093E+00  1.00013515E+00  1.84926310E-01
 -8.11543148E+00  1.00000000E+00  6.63974579E+00 -4.81236694E-01  4.02917291E-01  1.46242378E+00  1.00017176E+00  1.84900811E-01
 -8.06583757E+00  1.00000000E+00  6.60066000E+00 -4.81132749E-01  4.02922644E-01  1.46249050E+00  1.00011043E+00  1.84952027E-01
 -8.01624366E+00  1.00000000E+00  6.56157421E+00 -4.81028802E-01  4.02941499E-01  1.46255724E+00  1.00004912E+00  1.85003246E-01
 -7.96664975E+00  1.00000000E+00  6.52252184E+00 -4.81061078E-01  4.02931686E-01  1.46252021E+00  1.00007106E+00  1.84979663E-01
 -7.91705584E+00  1.00000000E+00  6.48346947E+00 -4.81093355E-01  4.02927366E-01  1.46248319E+00  1.00009299E+00  1.84956081E-01
 -7.86746193E+00  1.00000000E+00  6.44440860E+00 -4.81170252E-01  4.02929765E-01  1.46245408E+00  1.00013243E+00  1.84928660E-01
 -7.81786802E+00  1.00000000E+00  6.40534773E+00 -4.81247149E-01  4.02923186E-01  1.46242498E+00  1.00017189E+00  1.84901239E-01
 -7.76827412E+00  1.00000000E+00  6.36626280E+00 -4.81121961E-01  4.02926154E-01  1.46250166E+00  1.00010139E+00  1.84960109E-01
 -7.71868021E+00  1.00000000E+00  6.32717786E+00 -4.80996768E-01  4.02943788E-01  1.46257837E+00  1.00003091E+00  1.85018983E-01
 -7.66908630E+00  1.00000000E+00  6.28812904E+00 -4.81049846E-01  4.02935444E-01  1.46252392E+00  1.00006524E+00  1.84983475E-01
 -7.61949239E+00  1.00000000E+00  6.24908022E+00 -4.81102923E-01  4.02925217E-01  1.46246948E+00  1.00009956E+00  1.84947969E-01
 -7.56989848E+00  1.00000000E+00  6.21001886E+00 -4.81170554E-01  4.02928247E-01  1.46244886E+00  1.00013565E+00  1.84925284E-01
 -7.52030457E+00  1.00000000E+00  6.17095750E+00 -4.81238184E-01  4.02917365E-01  1.46242825E+00  1.00017175E+00  1.84902599E-01
 -7.47071066E+00  1.00000000E+00  6.13187077E+00 -4.81132766E-01  4.02922347E-01  1.46249229E+00  1.00011037E+00  1.84952770E-01
 -7.42111676E+00  1.00000000E+00  6.09278404E+00 -4.81027345E-01  4.02941512E-01  1.46255636E+00  1.00004900E+00  1.85002943E-01
 -7.37152285E+00  1.00000000E+00  6.05373237E+00 -4.81059579E-01  4.02931745E-01  1.46252126E+00  1.00007005E+00  1.84980487E-01
 -7.32192894E+00  1.00000000E+00  6.01468070E+00 -4.81091812E-01  4.02927588E-01  1.46248618E+00  1.00009110E+00  1.84958032E-01
 -7.27233503E+00  1.00000000E+00  5.97561930E+00 -4.81170253E-01  4.02930661E-01  1.46245557E+00  1.00013228E+00  1.84929317E-01
 -7.22274112E+00  1.00000000E+00  5.93655790E+00 -4.81248693E-01  4.02923896E-01  1.46242498E+00  1.00017347E+00  1.84900604E-01
 -7.17314721E+00  1.00000000E+00  5.89747187E+00 -4.81122472E-01  4.02925787E-01  1.46250130E+00  1.00010217E+00  1.84959650E-01
 -7.12355330E+00  1.00000000E+00  5.85838584E+00 -4.80996246E-01  4.02943246E-01  1.46257765E+00  1.00003089E+00  1.85018701E-01
 -7.07395940E+00  1.00000000E+00  5.81933827E+00 -4.81049567E-01  4.02934956E-01  1.46252341E+00  1.00006526E+00  1.84983262E-01
 -7.02436549E+00  1.00000000E+00  5.78029071E+00 -4.81102886E-01  4.02925039E-01  1.46246919E+00  1.00009963E+00  1.84947824E-01
 -6.97477158E+00  1.00000000E+00  5.74122903E+00 -4.81170621E-01  4.02928379E-01  1.46244905E+00  1.00013558E+00  1.84925387E-01
 -6.92517767E+00  1.00000000E+00  5.70216736E+00 -4.81238356E-01  4.02917661E-01  1.46242891E+00  1.00017153E+00  1.84902950E-01
 -6.87558376E+00  1.00000000E+00  5.66308044E+00 -4.81133640E-01  4.02922717E-01  1.46249295E+00  1.00011085E+00  1.84952843E-01
 -6.82598985E+00  1.00000000E+00  5.62399353E+00 -4.81028922E-01  4.02941815E-01  1.46255702E+00  1.00005017E+00  1.85002738E-01
 -6.77639594E+00  1.00000000E+00  5.58494227E+00 -4.81060220E-01  4.02931179E-01  1.46251999E+00  1.00007104E+00  1.84979580E-01
 -6.72680204E+00  1.00000000E+00  5.54589102E+00 -4.81091518E-01  4.02926471E-01  1.46248297E+00  1.00009191E+00  1.84956424E-01
 -6.67720813E+00  1.00000000E+00  5.50683002E+00 -4.81170335E-01  4.02930045E-01  1.46245398E+00  1.00013249E+00  1.84928594E-01
 -6.62761422E+00  1.00000000E+00  5.46776902E+00 -4.81249152E-01  4.02924227E-01  1.46242500E+00  1.00017308E+00  1.84900765E-01
 -6.57802031E+00  1.00000000E+00  5.42868240E+00 -4.81123059E-01  4.02926029E-01  1.46250083E+00  1.00010243E+00  1.84959358E-01
 -6.52842640E+00  1.00000000E+00  5.38959578E+00 -4.80996962E-01  4.02943078E-01  1.46257668E+00  1.00003179E+00  1.85017956E-01
 -6.47883249E+00  1.00000000E+00  5.35054791E+00 -4.81049794E-01  4.02934467E-01  1.46252181E+00  1.00006594E+00  1.84982347E-01
 -6.42923858E+00  1.00000000E+00  5.31150004E+00 -4.81102624E-01  4.02924362E-01  1.46246695E+00  1.00010010E+00  1.84946739E-01
 -6.37964468E+00  1.00000000E+00  5.27243869E+00 -4.81170136E-01  4.02927669E-01  1.46244785E+00  1.00013560E+00  1.84924902E-01
 -6.33005077E+00  1.00000000E+00  5.23337733E+00 -4.81237648E-01  4.02917186E-01  1.46242877E+00  1.00017110E+00  1.84903066E-01
 -6.28045686E+00  1.00000000E+00  5.19429070E+00 -4.81132432E-01  4.02922422E-01  1.46249264E+00  1.00010997E+00  1.84953068E-01
 -6.23086295E+00  1.00000000E+00  5.15520407E+00 -4.81027214E-01  4.02941676E-01  1.46255652E+00  1.00004884E+00  1.85003072E-01
 -6.18126904E+00  1.00000000E+00  5.11615203E+00 -4.81059738E-01  4.02931974E-01  1.46252171E+00  1.00006994E+00  1.84980710E-01
 -6.13167513E+00  1.00000000E+00  5.07709999E+00 -4.81092261E-01  4.02927744E-01  1.46248690E+00  1.00009103E+00  1.84958348E-01
 -6.08208123E+00  1.00000000E+00  5.03803854E+00 -4.81169588E-01  4.02930611E-01  1.46245488E+00  1.00013214E+00  1.84929097E-01
 -6.03248732E+00  1.00000000E+00  4.99897710E+00 -4.81246914E-01  4.02923307E-01  1.46242287E+00  1.00017325E+00  1.84899848E-01
 -5.98289341E+00  1.00000000E+00  4.95989196E+00 -4.81122031E-01  4.02925657E-01  1.46250076E+00  1.00010204E+00  1.84959487E-01
 -5.93329950E+00  1.00000000E+00  4.92080683E+00 -4.80997144E-01  4.02943799E-01  1.46257867E+00  1.00003085E+00  1.85019130E-01
 -5.88370559E+00  1.00000000E+00  4.88175755E+00 -4.81050754E-01  4.02935844E-01  1.46252462E+00  1.00006566E+00  1.84983583E-01
 -5.83411168E+00  1.00000000E+00  4.84270827E+00 -4.81104363E-01  4.02925868E-01  1.46247058E+00  1.00010048E+00  1.84948039E-01
 -5.78451777E+00  1.00000000E+00  4.80364665E+00 -4.81170397E-01  4.02927838E-01  1.46244773E+00  1.00013602E+00  1.84924681E-01
 -5.73492387E+00  1.00000000E+00  4.76458503E+00 -4.81236431E-01  4.02915648E-01  1.46242488E+00  1.00017157E+00  1.84901325E-01
 -5.68532996E+00  1.00000000E+00  4.72549896E+00 -4.81126453E-01  4.02921993E-01  1.46249338E+00  1.00010668E+00  1.84954680E-01
 -5.63573605E+00  1.00000000E+00  4.68641288E+00 -4.81016471E-01  4.02942777E-01  1.46256190E+00  1.00004180E+00  1.85008039E-01
 -5.58614214E+00  1.00000000E+00  4.64736085E+00 -4.81047753E-01  4.02934499E-01  1.46253452E+00  1.00005967E+00  1.84989937E-01
 -5.53654823E+00  1.00000000E+00  4.60830882E+00 -4.81079036E-01  4.02931645E-01  1.46250713E+00  1.00007754E+00  1.84971836E-01
 -5.48695432E+00  1.00000000E+00  4.56924437E+00 -4.81156835E-01  4.02935159E-01  1.46246795E+00  1.00012389E+00  1.84937623E-01
 -5.43736041E+00  1.00000000E+00  4.53017991E+00 -4.81234635E-01  4.02923708E-01  1.46242877E+00  1.00017024E+00  1.84903411E-01
 -5.38776651E+00  1.00000000E+00  4.49109551E+00 -4.81112387E-01  4.02923457E-01  1.46250148E+00  1.00009840E+00  1.84961232E-01
 -5.33817260E+00  1.00000000E+00  4.45201112E+00 -4.80990137E-01  4.02943082E-01  1.46257421E+00  1.00002657E+00  1.85019056E-01
 -5.28857869E+00  1.00000000E+00  4.41296727E+00 -4.81046147E-01  4.02936503E-01  1.46252597E+00  1.00006251E+00  1.84985382E-01
 -5.23898478E+00  1.00000000E+00  4.37392342E+00 -4.81102157E-01  4.02928080E-01  1.46247773E+00  1.00009846E+00  1.84951710E-01
 -5.18939087E+00  1.00000000E+00  4.33485935E+00 -4.81168879E-01  4.02929953E-01  1.46245194E+00  1.00013411E+00  1.84927132E-01
 -5.13979696E+00  1.00000000E+00  4.29579527E+00 -4.81235601E-01  4.02918029E-01  1.46242614E+00  1.00016976E+00  1.84902554E-01
 -5.09020305E+00  1.00000000E+00  4.25670466E+00 -4.81125847E-01  4.02925390E-01  1.46249465E+00  1.00010478E+00  1.84955950E-01
 -5.04060915E+00  1.00000000E+00  4.21761405E+00 -4.81016092E-01  4.02944272E-01  1.46256318E+00  1.00003981E+00  1.85009349E-01
 -4.99101524E+00  1.00000000E+00  4.17856727E+00 -4.81050500E-01  4.02936570E-01  1.46253669E+00  1.00006108E+00  1.84990245E-01
 -4.94142133E+00  1.00000000E+00  4.13952049E+00 -4.81084907E-01  4.02936232E-01  1.46251021E+00  1.00008235E+00  1.84971142E-01
 -4.89182742E+00  1.00000000E+00  4.10045792E+00 -4.81140314E-01  4.02934905E-01  1.46248107E+00  1.00011385E+00  1.84946888E-01
 -4.84223351E+00  1.00000000E+00  4.06139535E+00 -4.81195720E-01  4.02928688E-01  1.46245193E+00  1.00014534E+00  1.84922634E-01
 -4.79263960E+00  1.00000000E+00  4.02231057E+00 -4.81107801E-01  4.02927656E-01  1.46250531E+00  1.00009595E+00  1.84963745E-01
 -4.74304569E+00  1.00000000E+00  3.98322580E+00 -4.81019880E-01  4.02939136E-01  1.46255870E+00  1.00004656E+00  1.85004857E-01
 -4.69345179E+00  1.00000000E+00  3.94417532E+00 -4.81061008E-01  4.02931608E-01  1.46251461E+00  1.00007354E+00  1.84976426E-01
 -4.64385788E+00  1.00000000E+00  3.90512485E+00 -4.81102136E-01  4.02921441E-01  1.46247052E+00  1.00010053E+00  1.84947996E-01
 -4.59426397E+00  1.00000000E+00  3.86607432E+00 -4.81179751E-01  4.02924003E-01  1.46244033E+00  1.00014506E+00  1.84918110E-01
 -4.54467006E+00  1.00000000E+00  3.82702378E+00 -4.81257366E-01  4.02913419E-01  1.46241015E+00  1.00018959E+00  1.84888224E-01
 -4.49507615E+00  1.00000000E+00  3.78795427E+00 -4.81279995E-01  4.02907169E-01  1.46240410E+00  1.00019942E+00  1.84881872E-01
 -4.44548224E+00  1.00000000E+00  3.74888476E+00 -4.81302624E-01  4.02910381E-01  1.46239806E+00  1.00020926E+00  1.84875519E-01
 -4.39588833E+00  1.00000000E+00  3.70978815E+00 -4.81129838E-01  4.02908330E-01  1.46247208E+00  1.00011410E+00  1.84943193E-01
 -4.34629443E+00  1.00000000E+00  3.67069153E+00 -4.80957049E-01  4.02917920E-01  1.46254615E+00  1.00001897E+00  1.85010873E-01
 -4.29670052E+00  1.00000000E+00  3.63164977E+00 -4.81082386E-01  4.02925804E-01  1.46250081E+00  1.00008652E+00  1.84965715E-01
 -4.24710661E+00  1.00000000E+00  3.59260801E+00 -4.81207723E-01  4.02933201E-01  1.46245548E+00  1.00015408E+00  1.84920560E-01
 -4.19751270E+00  1.00000000E+00  3.55351920E+00 -4.81086395E-01  4.02927709E-01  1.46252400E+00  1.00008038E+00  1.84977447E-01
 -4.14791879E+00  1.00000000E+00  3.51443039E+00 -4.80965064E-01  4.02947603E-01  1.46259254E+00  1.00000669E+00  1.85034338E-01
 -4.09832488E+00  1.00000000E+00  3.47538350E+00 -4.81020227E-01  4.02945795E-01  1.46255913E+00  1.00004385E+00  1.85006112E-01
 -4.04873097E+00  1.00000000E+00  3.43633661E+00 -4.81075390E-01  4.02946660E-01  1.46252573E+00  1.00008101E+00  1.84977887E-01
 -3.99913707E+00  1.00000000E+00  3.39726726E+00 -4.81089438E-01  4.02932124E-01  1.46248921E+00  1.00009529E+00  1.84957571E-01
 -3.94954316E+00  1.00000000E+00  3.35819791E+00 -4.81103485E-01  4.02911882E-01  1.46245270E+00  1.00010956E+00  1.84937255E-01
 -3.89994925E+00  1.00000000E+00  3.31915317E+00 -4.81197951E-01  4.02918953E-01  1.46243596E+00  1.00015666E+00  1.84911721E-01
 -3.85035534E+00  1.00000000E+00  3.28010842E+00 -4.81292417E-01  4.02914033E-01  1.46241923E+00  1.00020376E+00  1.84886188E-01
 -3.80076143E+00  1.00000000E+00  3.24100701E+00 -4.81179311E-01  4.02914332E-01  1.46248396E+00  1.00013377E+00  1.84940077E-01
 -3.75116752E+00  1.00000000E+00  3.20190559E+00 -4.81066203E-01  4.02934498E-01  1.46254871E+00  1.00006379E+00  1.84993969E-01
 -3.70157361E+00  1.00000000E+00  3.16284816E+00 -4.81146761E-01  4.02925955E-01  1.46249006E+00  1.00011082E+00  1.84951698E-01
 -3.65197971E+00  1.00000000E+00  3.12379073E+00 -4.81227318E-01  4.02924882E-01  1.46243143E+00  1.00015785E+00  1.84909430E-01
 -3.60238580E+00  1.00000000E+00  3.08472911E+00 -4.81213299E-01  4.02916149E-01  1.46241769E+00  1.00015434E+00  1.84905341E-01
 -3.55279189E+00  1.00000000E+00  3.04566750E+00 -4.81199281E-01  4.02905765E-01  1.46240395E+00  1.00015082E+00  1.84901251E-01
 -3.50319798E+00  1.00000000E+00  3.00660034E+00 -4.81139137E-01  4.02920574E-01  1.46246281E+00  1.00011287E+00  1.84939974E-01
 -3.45360407E+00  1.00000000E+00  2.96753317E+00 -4.81078992E-01  4.02930568E-01  1.46252167E+00  1.00007493E+00  1.84978698E-01
 -3.40401016E+00  1.00000000E+00  2.92848743E+00 -4.81182106E-01  4.02925818E-01  1.46246368E+00  1.00013744E+00  1.84930496E-01
 -3.35441626E+00  1.00000000E+00  2.88944169E+00 -4.81285217E-01  4.02917677E-01  1.46240570E+00  1.00019997E+00  1.84882295E-01
 -3.30482235E+00  1.00000000E+00  2.85034701E+00 -4.81153949E-01  4.02921616E-01  1.46248143E+00  1.00012322E+00  1.84943284E-01
 -3.25522844E+00  1.00000000E+00  2.81125232E+00 -4.81022678E-01  4.02938843E-01  1.46255719E+00  1.00004649E+00  1.85004278E-01
 -3.20563453E+00  1.00000000E+00  2.77218700E+00 -4.81049921E-01  4.02928770E-01  1.46251465E+00  1.00006301E+00  1.84980660E-01
 -3.15604062E+00  1.00000000E+00  2.73312169E+00 -4.81077163E-01  4.02926250E-01  1.46247213E+00  1.00007952E+00  1.84957043E-01
 -3.10644671E+00  1.00000000E+00  2.69406619E+00 -4.81045422E-01  4.02935815E-01  1.46251496E+00  1.00006295E+00  1.84980803E-01
 -3.05685280E+00  1.00000000E+00  2.65501069E+00 -4.81013680E-01  4.02939314E-01  1.46255780E+00  1.00004639E+00  1.85004564E-01
 -3.00725890E+00  1.00000000E+00  2.61596321E+00 -4.81125062E-01  4.02933958E-01  1.46249297E+00  1.00011270E+00  1.84952109E-01
 -2.95766499E+00  1.00000000E+00  2.57691572E+00 -4.81236441E-01  4.02920732E-01  1.46242816E+00  1.00017902E+00  1.84899657E-01
 -2.90807108E+00  1.00000000E+00  2.53782271E+00 -4.81117509E-01  4.02916940E-01  1.46249248E+00  1.00010893E+00  1.84953421E-01
 -2.85847717E+00  1.00000000E+00  2.49872970E+00 -4.80998576E-01  4.02927829E-01  1.46255682E+00  1.00003885E+00  1.85007189E-01
 -2.80888326E+00  1.00000000E+00  2.45969532E+00 -4.81173036E-01  4.02923104E-01  1.46246408E+00  1.00013786E+00  1.84930489E-01
 -2.75928935E+00  1.00000000E+00  2.42066094E+00 -4.81347492E-01  4.02909566E-01  1.46237140E+00  1.00023691E+00  1.84853796E-01
 -2.70969544E+00  1.00000000E+00  2.38157085E+00 -4.81268697E-01  4.02905094E-01  1.46240897E+00  1.00018930E+00  1.84887867E-01
 -2.66010154E+00  1.00000000E+00  2.34248077E+00 -4.81189901E-01  4.02915559E-01  1.46244655E+00  1.00014171E+00  1.84921939E-01
 -2.61050763E+00  1.00000000E+00  2.30341182E+00 -4.81113385E-01  4.02916048E-01  1.46248395E+00  1.00010011E+00  1.84953539E-01
 -2.56091372E+00  1.00000000E+00  2.26434288E+00 -4.81036868E-01  4.02932166E-01  1.46252136E+00  1.00005851E+00  1.84985139E-01
 -2.51131981E+00  1.00000000E+00  2.22527450E+00 -4.81051793E-01  4.02930479E-01  1.46251183E+00  1.00006526E+00  1.84978628E-01
 -2.46172590E+00  1.00000000E+00  2.18620613E+00 -4.81066718E-01  4.02928446E-01  1.46250229E+00  1.00007200E+00  1.84972117E-01
 -2.41213199E+00  1.00000000E+00  2.14715450E+00 -4.81153969E-01  4.02930828E-01  1.46246642E+00  1.00012360E+00  1.84937130E-01
 -2.36253808E+00  1.00000000E+00  2.10810288E+00 -4.81241221E-01  4.02920849E-01  1.46243057E+00  1.00017521E+00  1.84902144E-01
 -2.31294418E+00  1.00000000E+00  2.06902269E+00 -4.81121410E-01  4.02919640E-01  1.46249082E+00  1.00010350E+00  1.84954927E-01
 -2.26335027E+00  1.00000000E+00  2.02994250E+00 -4.81001598E-01  4.02936468E-01  1.46255109E+00  1.00003181E+00  1.85007713E-01
 -2.21375636E+00  1.00000000E+00  1.99087361E+00 -4.81033203E-01  4.02935368E-01  1.46252913E+00  1.00005180E+00  1.84990931E-01
 -2.16416245E+00  1.00000000E+00  1.95180472E+00 -4.81064807E-01  4.02932329E-01  1.46250717E+00  1.00007179E+00  1.84974149E-01
 -2.11456854E+00  1.00000000E+00  1.91275137E+00 -4.81089001E-01  4.02930299E-01  1.46249645E+00  1.00008765E+00  1.84963521E-01
 -2.06497463E+00  1.00000000E+00  1.87369801E+00 -4.81113194E-01  4.02928662E-01  1.46248574E+00  1.00010351E+00  1.84952893E-01
 -2.01538072E+00  1.00000000E+00  1.83463140E+00 -4.81121283E-01  4.02911841E-01  1.46243725E+00  1.00011776E+00  1.84927796E-01
 -1.96578682E+00  1.00000000E+00  1.79556479E+00 -4.81129372E-01  4.02892146E-01  1.46238876E+00  1.00013201E+00  1.84902700E-01
 -1.91619291E+00  1.00000000E+00  1.75650025E+00 -4.81104132E-01  4.02900925E-01  1.46242650E+00  1.00011252E+00  1.84925589E-01
 -1.86659900E+00  1.00000000E+00  1.71743571E+00 -4.81078892E-01  4.02909546E-01  1.46246423E+00  1.00009304E+00  1.84948479E-01
 -1.81700509E+00  1.00000000E+00  1.67836442E+00 -4.81092841E-01  4.02887505E-01  1.46239806E+00  1.00011035E+00  1.84915086E-01
 -1.76741118E+00  1.00000000E+00  1.63929314E+00 -4.81106788E-01  4.02869387E-01  1.46233190E+00  1.00012766E+00  1.84881695E-01
 -1.71781727E+00  1.00000000E+00  1.60023851E+00 -4.81050029E-01  4.02870845E-01  1.46235844E+00  1.00009889E+00  1.84903823E-01
 -1.66822336E+00  1.00000000E+00  1.56118387E+00 -4.80993268E-01  4.02868425E-01  1.46238499E+00  1.00007011E+00  1.84925951E-01
 -1.61862946E+00  1.00000000E+00  1.52212995E+00 -4.81002812E-01  4.02842304E-01  1.46230980E+00  1.00008979E+00  1.84888004E-01
 -1.56903555E+00  1.00000000E+00  1.48307603E+00 -4.81012355E-01  4.02813587E-01  1.46223462E+00  1.00010947E+00  1.84850059E-01
 -1.51944164E+00  1.00000000E+00  1.44405967E+00 -4.81027491E-01  4.02797071E-01  1.46217429E+00  1.00013941E+00  1.84813953E-01
 -1.46984773E+00  1.00000000E+00  1.40504331E+00 -4.81042627E-01  4.02766827E-01  1.46211396E+00  1.00016935E+00  1.84777847E-01
 -1.42025382E+00  1.00000000E+00  1.36598288E+00 -4.80899111E-01  4.02722490E-01  1.46210539E+00  1.00010226E+00  1.84801254E-01
 -1.37065991E+00  1.00000000E+00  1.32692245E+00 -4.80755600E-01  4.02711147E-01  1.46209684E+00  1.00003518E+00  1.84824661E-01
 -1.32106600E+00  1.00000000E+00  1.28796427E+00 -4.80825739E-01  4.02680999E-01  1.46195737E+00  1.00010133E+00  1.84742415E-01
 -1.27147210E+00  1.00000000E+00  1.24900610E+00 -4.80895875E-01  4.02632260E-01  1.46181792E+00  1.00016749E+00  1.84660175E-01
 -1.22187819E+00  1.00000000E+00  1.21005286E+00 -4.80822341E-01  4.02587286E-01  1.46175184E+00  1.00015152E+00  1.84640129E-01
 -1.17228428E+00  1.00000000E+00  1.17109962E+00 -4.80748810E-01  4.02553760E-01  1.46168576E+00  1.00013555E+00  1.84620083E-01
 -1.12269037E+00  1.00000000E+00  1.13224193E+00 -4.80716173E-01  4.02513851E-01  1.46160552E+00  1.00013805E+00  1.84586987E-01
 -1.07309646E+00  1.00000000E+00  1.09338423E+00 -4.80683538E-01  4.02473614E-01  1.46152528E+00  1.00014055E+00  1.84553893E-01
 -1.02350255E+00  1.00000000E+00  1.05464199E+00 -4.80651760E-01  4.02462815E-01  1.46151737E+00  1.00014520E+00  1.84548871E-01
 -9.73908645E-01  1.00000000E+00  1.01589975E+00 -4.80619981E-01  4.02473298E-01  1.46150947E+00  1.00014985E+00  1.84543849E-01
 -9.24314736E-01  1.00000000E+00  9.77325372E-01 -4.80676156E-01  4.02524840E-01  1.46167104E+00  1.00011134E+00  1.84623882E-01
 -8.74720828E-01  1.00000000E+00  9.38750993E-01 -4.80732334E-01  4.02586526E-01  1.46183263E+00  1.00007283E+00  1.84703921E-01
 -8.25312107E-01  1.00000000E+00  9.00582895E-01 -4.80932464E-01  4.02765536E-01  1.46228276E+00  1.00008755E+00  1.84878081E-01
 -7.75903387E-01  1.00000000E+00  8.62414798E-01 -4.81132646E-01  4.03002165E-01  1.46273302E+00  1.00010230E+00  1.85052289E-01
 -7.30665613E-01  1.00000000E+00  8.27818345E-01 -4.81664323E-01  4.03440680E-01  1.46362848E+00  1.00012432E+00  1.85401664E-01
 -6.85427839E-01  1.00000000E+00  7.93221891E-01 -4.82196264E-01  4.03920161E-01  1.46452456E+00  1.00014654E+00  1.85751210E-01
 -6.45465100E-01  1.00000000E+00  7.63093698E-01 -4.82945357E-01  4.04639056E-01  1.46610352E+00  1.00008481E+00  1.86407483E-01
 -6.05502361E-01  1.00000000E+00  7.32965505E-01 -4.83695089E-01  4.05454096E-01  1.46768428E+00  1.00002350E+00  1.87064310E-01
 -5.70199545E-01  1.00000000E+00  7.06742928E-01 -4.84870105E-01  4.06499399E-01  1.47006521E+00  1.00001598E+00  1.88019690E-01
 -5.34896729E-01  1.00000000E+00  6.80520350E-01 -4.86046678E-01  4.07701928E-01  1.47245026E+00  1.00000942E+00  1.88976335E-01
 -5.03710456E-01  1.00000000E+00  6.57698518E-01 -4.87798076E-01  4.09189353E-01  1.47587449E+00  1.00000363E+00  1.90348344E-01
 -4.72524184E-01  1.00000000E+00  6.34876686E-01 -4.89552785E-01  4.10868658E-01  1.47930732E+00  9.99999987E-01  1.91722934E-01
 -4.44974441E-01  1.00000000E+00  6.15425611E-01 -4.92042742E-01  4.12951207E-01  1.48405679E+00  1.00004794E+00  1.93603541E-01
 -4.17424698E-01  1.00000000E+00  5.95974537E-01 -4.94539253E-01  4.15317455E-01  1.48882286E+00  1.00010017E+00  1.95489075E-01
 -3.93087440E-01  1.00000000E+00  5.79220918E-01 -4.97453349E-01  4.17735897E-01  1.49435187E+00  1.00029263E+00  1.97623695E-01
 -3.68750182E-01  1.00000000E+00  5.62467299E-01 -5.00376546E-01  4.20610483E-01  1.49990325E+00  1.00049074E+00  1.99765006E-01
 -3.47250809E-01  1.00000000E+00  5.48149644E-01 -5.03847059E-01  4.23906896E-01  1.50745548E+00  1.00014231E+00  2.02925268E-01
 -3.25751437E-01  1.00000000E+00  5.33831988E-01 -5.07331318E-01  4.27583934E-01  1.51504756E+00  9.99802814E-01  2.06097899E-01
 -3.06759035E-01  1.00000000E+00  5.21784567E-01 -5.11957696E-01  4.31471645E-01  1.52408622E+00  1.00004650E+00  2.09615888E-01
 -2.87766633E-01  1.00000000E+00  5.09737146E-01 -5.16607157E-01  4.35752838E-01  1.53318302E+00  1.00030426E+00  2.13151501E-01
 -2.70988873E-01  1.00000000E+00  4.99680264E-01 -5.21611429E-01  4.40549065E-01  1.54405217E+00  1.00000189E+00  2.17620111E-01
 -2.54211113E-01  1.00000000E+00  4.89623381E-01 -5.26644094E-01  4.45676405E-01  1.55500199E+00  9.99717093E-01  2.22113959E-01
 -2.39389755E-01  1.00000000E+00  4.81482711E-01 -5.32668348E-01  4.51182600E-01  1.56774390E+00  9.99750840E-01  2.27197225E-01
 -2.24568396E-01  1.00000000E+00  4.73342040E-01 -5.38733207E-01  4.57062377E-01  1.58059575E+00  9.99808453E-01  2.32314921E-01
 -2.11472015E-01  1.00000000E+00  4.66753436E-01 -5.45578813E-01  4.63371781E-01  1.59558296E+00  9.99766845E-01  2.38326446E-01
 -1.98375634E-01  1.00000000E+00  4.60164832E-01 -5.52477698E-01  4.70083351E-01  1.61071845E+00  9.99755745E-01  2.44385082E-01
 -1.85977157E-01  1.00000000E+00  4.54988671E-01 -5.61315402E-01  4.77950243E-01  1.62988845E+00  1.00001422E+00  2.51949690E-01
 -1.73578680E-01  1.00000000E+00  4.49812510E-01 -5.70240712E-01  4.86329412E-01  1.64929686E+00  1.00032149E+00  2.59590149E-01
 -1.61180203E-01  1.00000000E+00  4.45417662E-01 -5.80538983E-01  4.96785681E-01  1.67412461E+00  9.99708110E-01  2.69766601E-01
 -1.48781726E-01  1.00000000E+00  4.41022815E-01 -5.90962928E-01  5.07961159E-01  1.69933450E+00  9.99163724E-01  2.80068312E-01
 -1.36383248E-01  1.00000000E+00  4.39974302E-01 -6.06147195E-01  5.21896753E-01  1.73608095E+00  9.99210024E-01  2.94748368E-01
 -1.23984771E-01  1.00000000E+00  4.38925789E-01 -6.21604286E-01  5.37271052E-01  1.77363866E+00  9.99393439E-01  3.09698087E-01
 -1.11586294E-01  1.00000000E+00  4.34496025E-01 -6.41553404E-01  5.57909321E-01  1.82208409E+00  9.99870893E-01  3.28885281E-01
 -9.91878171E-02  1.00000000E+00  4.30066260E-01 -6.61958895E-01  5.79517627E-01  1.87187909E+00  1.00057389E+00  3.48522082E-01
 -8.67893400E-02  1.00000000E+00  4.55413619E-01 -6.89857327E-01  6.11291756E-01  1.97692087E+00  9.90939574E-01  3.94392518E-01
 -7.43908628E-02  1.00000000E+00  4.80760978E-01 -7.19002074E-01  6.51975706E-01  2.08781936E+00  9.81905361E-01  4.42365599E-01
 -6.19923857E-02  1.00000000E+00  4.27292597E-01 -7.46298273E-01  7.02580510E-01  2.16194675E+00  9.83179834E-01  4.71506768E-01
 -4.95939085E-02  1.00000000E+00  3.73824216E-01 -7.74422729E-01  7.44168284E-01  2.23872523E+00  9.84810581E-01  5.01565859E-01
 -3.71954314E-02  1.00000000E+00  7.34000632E-01 -9.51875834E-01  8.53169870E-01  2.75212468E+00  1.00487149E+00  6.98901279E-01
 -2.47969543E-02  1.00000000E+00  1.09417705E+00 -1.16479900E+00  1.06014111E+00  3.38329615E+00  1.03775793E+00  9.38215286E-01
 -1.23984771E-02  1.00000000E+00  2.53422880E-01 -3.72385771E-01  1.77954948E+00  4.35850602E+00  6.11187244E-01  1.49892751E+00
  0.00000000E+00  1.00000000E+00 -5.87331289E-01  6.51636135E-01  3.19397049E+00  6.49840565E+00  5.20833549E-01  2.39102884E+00
