# curve 5 (die wall), step =     1000, time =   2.00000000E+02
# N1 = tau_xx - tau_yy = G ( c_xx - c_yy ),  G =  1.8750E-01  (polymer part only)
#              x               y        pressure            c_xy        gammadot            c_xx            c_yy              N1
 -1.00000000E+01  1.00000000E+00  1.03157672E+01 -9.65249602E-01  4.21383281E-01  2.86283426E+00  1.00005919E+00  3.49270325E-01
 -9.95040609E+00  1.00000000E+00  1.02665157E+01 -9.65032603E-01  4.21429596E-01  2.86224107E+00  1.00003273E+00  3.49164063E-01
 -9.90081218E+00  1.00000000E+00  1.02172642E+01 -9.64815644E-01  4.21467357E-01  2.86164800E+00  1.00000629E+00  3.49057821E-01
 -9.85121827E+00  1.00000000E+00  1.01679992E+01 -9.64907580E-01  4.21455966E-01  2.86198271E+00  1.00002902E+00  3.49116317E-01
 -9.80162437E+00  1.00000000E+00  1.01187341E+01 -9.64999524E-01  4.21420618E-01  2.86231747E+00  1.00005176E+00  3.49174820E-01
 -9.75203046E+00  1.00000000E+00  1.00694020E+01 -9.65104480E-01  4.21410927E-01  2.86240398E+00  1.00004416E+00  3.49192466E-01
 -9.70243655E+00  1.00000000E+00  1.00200698E+01 -9.65209435E-01  4.21421570E-01  2.86249050E+00  1.00003656E+00  3.49210113E-01
 -9.65284264E+00  1.00000000E+00  9.97079239E+00 -9.65229528E-01  4.21409036E-01  2.86258129E+00  1.00007638E+00  3.49219672E-01
 -9.60324873E+00  1.00000000E+00  9.92151497E+00 -9.65249620E-01  4.21381495E-01  2.86267209E+00  1.00011619E+00  3.49229231E-01
 -9.55365482E+00  1.00000000E+00  9.87223782E+00 -9.65363965E-01  4.21366020E-01  2.86320588E+00  1.00012804E+00  3.49327094E-01
 -9.50406091E+00  1.00000000E+00  9.82296068E+00 -9.65478326E-01  4.21319374E-01  2.86373976E+00  1.00013989E+00  3.49424976E-01
 -9.45446701E+00  1.00000000E+00  9.77361676E+00 -9.65252599E-01  4.21349233E-01  2.86300791E+00  1.00010666E+00  3.49293984E-01
 -9.40487310E+00  1.00000000E+00  9.72427285E+00 -9.65026923E-01  4.21369792E-01  2.86227624E+00  1.00007345E+00  3.49163023E-01
 -9.35527919E+00  1.00000000E+00  9.67500834E+00 -9.65488428E-01  4.21357031E-01  2.86344728E+00  1.00012953E+00  3.49372078E-01
 -9.30568528E+00  1.00000000E+00  9.62574383E+00 -9.65950101E-01  4.21323977E-01  2.86461881E+00  1.00018569E+00  3.49581211E-01
 -9.25609137E+00  1.00000000E+00  9.57644342E+00 -9.65562018E-01  4.21353611E-01  2.86378314E+00  1.00013369E+00  3.49434271E-01
 -9.20649746E+00  1.00000000E+00  9.52714300E+00 -9.65174034E-01  4.21376802E-01  2.86294772E+00  1.00008175E+00  3.49287369E-01
 -9.15690355E+00  1.00000000E+00  9.47783574E+00 -9.65292786E-01  4.21387078E-01  2.86301710E+00  1.00008415E+00  3.49299928E-01
 -9.10730965E+00  1.00000000E+00  9.42852849E+00 -9.65411536E-01  4.21401013E-01  2.86308649E+00  1.00008656E+00  3.49312487E-01
 -9.05771574E+00  1.00000000E+00  9.37925689E+00 -9.65333012E-01  4.21410500E-01  2.86308686E+00  1.00007221E+00  3.49315247E-01
 -9.00812183E+00  1.00000000E+00  9.32998530E+00 -9.65254487E-01  4.21405457E-01  2.86308724E+00  1.00005787E+00  3.49318008E-01
 -8.95852792E+00  1.00000000E+00  9.28066481E+00 -9.65340887E-01  4.21397164E-01  2.86305600E+00  1.00006923E+00  3.49310019E-01
 -8.90893401E+00  1.00000000E+00  9.23134432E+00 -9.65427282E-01  4.21403316E-01  2.86302477E+00  1.00008060E+00  3.49302032E-01
 -8.85934010E+00  1.00000000E+00  9.18206737E+00 -9.65297356E-01  4.21408432E-01  2.86296077E+00  1.00007185E+00  3.49291674E-01
 -8.80974619E+00  1.00000000E+00  9.13279042E+00 -9.65167428E-01  4.21390141E-01  2.86289679E+00  1.00006311E+00  3.49281316E-01
 -8.76015229E+00  1.00000000E+00  9.08345944E+00 -9.65266471E-01  4.21390066E-01  2.86292400E+00  1.00005659E+00  3.49287640E-01
 -8.71055838E+00  1.00000000E+00  9.03412846E+00 -9.65365510E-01  4.21415546E-01  2.86295122E+00  1.00005008E+00  3.49293963E-01
 -8.66096447E+00  1.00000000E+00  8.98486044E+00 -9.65138875E-01  4.21429933E-01  2.86244020E+00  1.00004130E+00  3.49199795E-01
 -8.61137056E+00  1.00000000E+00  8.93559242E+00 -9.64912272E-01  4.21427340E-01  2.86192929E+00  1.00003254E+00  3.49105640E-01
 -8.56177665E+00  1.00000000E+00  8.88631816E+00 -9.65056053E-01  4.21426830E-01  2.86216664E+00  1.00007222E+00  3.49142704E-01
 -8.51218274E+00  1.00000000E+00  8.83704390E+00 -9.65199845E-01  4.21418854E-01  2.86240402E+00  1.00011191E+00  3.49179771E-01
 -8.46258884E+00  1.00000000E+00  8.78771153E+00 -9.65407031E-01  4.21381622E-01  2.86321438E+00  1.00010706E+00  3.49332622E-01
 -8.41299493E+00  1.00000000E+00  8.73837916E+00 -9.65614267E-01  4.21335797E-01  2.86402497E+00  1.00010223E+00  3.49485514E-01
 -8.36340102E+00  1.00000000E+00  8.68908733E+00 -9.65203472E-01  4.21395924E-01  2.86293152E+00  1.00005502E+00  3.49289344E-01
 -8.31380711E+00  1.00000000E+00  8.63979550E+00 -9.64792815E-01  4.21412390E-01  2.86183850E+00  1.00000788E+00  3.49093242E-01
 -8.26421320E+00  1.00000000E+00  8.59053206E+00 -9.65023610E-01  4.21414779E-01  2.86218753E+00  1.00005583E+00  3.49149694E-01
 -8.21461929E+00  1.00000000E+00  8.54126862E+00 -9.65254428E-01  4.21412386E-01  2.86253661E+00  1.00010380E+00  3.49206152E-01
 -8.16502538E+00  1.00000000E+00  8.49194081E+00 -9.65469478E-01  4.21389032E-01  2.86332853E+00  1.00012601E+00  3.49350473E-01
 -8.11543148E+00  1.00000000E+00  8.44261301E+00 -9.65684578E-01  4.21345856E-01  2.86412067E+00  1.00014823E+00  3.49494832E-01
 -8.06583757E+00  1.00000000E+00  8.39329838E+00 -9.65305773E-01  4.21380889E-01  2.86312625E+00  1.00008938E+00  3.49319412E-01
 -8.01624366E+00  1.00000000E+00  8.34398375E+00 -9.64927086E-01  4.21402488E-01  2.86213218E+00  1.00003059E+00  3.49144049E-01
 -7.96664975E+00  1.00000000E+00  8.29474918E+00 -9.65085746E-01  4.21408027E-01  2.86234201E+00  1.00007401E+00  3.49175251E-01
 -7.91705584E+00  1.00000000E+00  8.24551461E+00 -9.65244417E-01  4.21405165E-01  2.86255186E+00  1.00011744E+00  3.49206455E-01
 -7.86746193E+00  1.00000000E+00  8.19618374E+00 -9.65460016E-01  4.21384122E-01  2.86333817E+00  1.00010287E+00  3.49356619E-01
 -7.81786802E+00  1.00000000E+00  8.14685287E+00 -9.65675664E-01  4.21354491E-01  2.86412469E+00  1.00008831E+00  3.49506820E-01
 -7.76827412E+00  1.00000000E+00  8.09753954E+00 -9.65242828E-01  4.21402770E-01  2.86301722E+00  1.00004669E+00  3.49306974E-01
 -7.71868021E+00  1.00000000E+00  8.04822621E+00 -9.64810140E-01  4.21412567E-01  2.86191019E+00  1.00000514E+00  3.49107196E-01
 -7.66908630E+00  1.00000000E+00  7.99897041E+00 -9.65032368E-01  4.21411324E-01  2.86223817E+00  1.00004522E+00  3.49161179E-01
 -7.61949239E+00  1.00000000E+00  7.94971460E+00 -9.65254617E-01  4.21406518E-01  2.86256620E+00  1.00008532E+00  3.49215166E-01
 -7.56989848E+00  1.00000000E+00  7.90039363E+00 -9.65474089E-01  4.21386396E-01  2.86333362E+00  1.00011945E+00  3.49352656E-01
 -7.52030457E+00  1.00000000E+00  7.85107266E+00 -9.65693612E-01  4.21346232E-01  2.86410123E+00  1.00015360E+00  3.49490181E-01
 -7.47071066E+00  1.00000000E+00  7.80175265E+00 -9.65311124E-01  4.21382364E-01  2.86310411E+00  1.00009344E+00  3.49314501E-01
 -7.42111676E+00  1.00000000E+00  7.75243263E+00 -9.64928755E-01  4.21405220E-01  2.86210735E+00  1.00003333E+00  3.49138877E-01
 -7.37152285E+00  1.00000000E+00  7.70319795E+00 -9.65085780E-01  4.21410523E-01  2.86232463E+00  1.00007582E+00  3.49171652E-01
 -7.32192894E+00  1.00000000E+00  7.65396326E+00 -9.65242816E-01  4.21407809E-01  2.86254193E+00  1.00011832E+00  3.49204428E-01
 -7.27233503E+00  1.00000000E+00  7.60462773E+00 -9.65457325E-01  4.21384794E-01  2.86334072E+00  1.00010327E+00  3.49357021E-01
 -7.22274112E+00  1.00000000E+00  7.55529219E+00 -9.65671885E-01  4.21351754E-01  2.86413972E+00  1.00008824E+00  3.49509653E-01
 -7.17314721E+00  1.00000000E+00  7.50598310E+00 -9.65236896E-01  4.21400819E-01  2.86302045E+00  1.00004509E+00  3.49307882E-01
 -7.12355330E+00  1.00000000E+00  7.45667402E+00 -9.64802056E-01  4.21411624E-01  2.86190163E+00  1.00000200E+00  3.49106181E-01
 -7.07395940E+00  1.00000000E+00  7.40741987E+00 -9.65026640E-01  4.21411698E-01  2.86223825E+00  1.00004201E+00  3.49161796E-01
 -7.02436549E+00  1.00000000E+00  7.35816573E+00 -9.65251246E-01  4.21408341E-01  2.86257493E+00  1.00008203E+00  3.49217417E-01
 -6.97477158E+00  1.00000000E+00  7.30884405E+00 -9.65475927E-01  4.21387451E-01  2.86334140E+00  1.00012135E+00  3.49353759E-01
 -6.92517767E+00  1.00000000E+00  7.25952237E+00 -9.65700661E-01  4.21345170E-01  2.86410807E+00  1.00016068E+00  3.49490137E-01
 -6.87558376E+00  1.00000000E+00  7.21020337E+00 -9.65320230E-01  4.21379713E-01  2.86310578E+00  1.00010357E+00  3.49312915E-01
 -6.82598985E+00  1.00000000E+00  7.16088437E+00 -9.64939919E-01  4.21401159E-01  2.86210384E+00  1.00004651E+00  3.49135750E-01
 -6.77639594E+00  1.00000000E+00  7.11164932E+00 -9.65091096E-01  4.21405952E-01  2.86232690E+00  1.00008203E+00  3.49170913E-01
 -6.72680204E+00  1.00000000E+00  7.06241426E+00 -9.65242285E-01  4.21404012E-01  2.86254998E+00  1.00011757E+00  3.49206078E-01
 -6.67720813E+00  1.00000000E+00  7.01307739E+00 -9.65458633E-01  4.21383802E-01  2.86335138E+00  1.00010103E+00  3.49359442E-01
 -6.62761422E+00  1.00000000E+00  6.96374053E+00 -9.65675032E-01  4.21353185E-01  2.86415301E+00  1.00008450E+00  3.49512844E-01
 -6.57802031E+00  1.00000000E+00  6.91442990E+00 -9.65239389E-01  4.21400141E-01  2.86303313E+00  1.00004321E+00  3.49310610E-01
 -6.52842640E+00  1.00000000E+00  6.86511928E+00 -9.64803895E-01  4.21410546E-01  2.86191371E+00  1.00000199E+00  3.49108447E-01
 -6.47883249E+00  1.00000000E+00  6.81586671E+00 -9.65028486E-01  4.21410961E-01  2.86225169E+00  1.00004100E+00  3.49164504E-01
 -6.42923858E+00  1.00000000E+00  6.76661415E+00 -9.65253099E-01  4.21408367E-01  2.86258973E+00  1.00008004E+00  3.49220567E-01
 -6.37964468E+00  1.00000000E+00  6.71729233E+00 -9.65474891E-01  4.21388159E-01  2.86334442E+00  1.00011686E+00  3.49355166E-01
 -6.33005077E+00  1.00000000E+00  6.66797052E+00 -9.65696734E-01  4.21347766E-01  2.86409930E+00  1.00015370E+00  3.49489799E-01
 -6.28045686E+00  1.00000000E+00  6.61864959E+00 -9.65312349E-01  4.21383361E-01  2.86310436E+00  1.00009254E+00  3.49314716E-01
 -6.23086295E+00  1.00000000E+00  6.56932866E+00 -9.64928086E-01  4.21405650E-01  2.86210977E+00  1.00003143E+00  3.49139689E-01
 -6.18126904E+00  1.00000000E+00  6.52009370E+00 -9.65087335E-01  4.21410684E-01  2.86232713E+00  1.00007594E+00  3.49172098E-01
 -6.13167513E+00  1.00000000E+00  6.47085874E+00 -9.65246595E-01  4.21407810E-01  2.86254451E+00  1.00012046E+00  3.49204510E-01
 -6.08208123E+00  1.00000000E+00  6.42152408E+00 -9.65455847E-01  4.21384612E-01  2.86334140E+00  1.00010233E+00  3.49357325E-01
 -6.03248732E+00  1.00000000E+00  6.37218942E+00 -9.65665147E-01  4.21351947E-01  2.86413851E+00  1.00008422E+00  3.49510179E-01
 -5.98289341E+00  1.00000000E+00  6.32287681E+00 -9.65237219E-01  4.21402264E-01  2.86302866E+00  1.00004478E+00  3.49309477E-01
 -5.93329950E+00  1.00000000E+00  6.27356421E+00 -9.64809436E-01  4.21412410E-01  2.86191924E+00  1.00000540E+00  3.49108845E-01
 -5.88370559E+00  1.00000000E+00  6.22431019E+00 -9.65033744E-01  4.21410724E-01  2.86224416E+00  1.00004834E+00  3.49161717E-01
 -5.83411168E+00  1.00000000E+00  6.17505618E+00 -9.65258074E-01  4.21404870E-01  2.86256914E+00  1.00009130E+00  3.49214595E-01
 -5.78451777E+00  1.00000000E+00  6.12573905E+00 -9.65474269E-01  4.21382374E-01  2.86334314E+00  1.00012055E+00  3.49354236E-01
 -5.73492387E+00  1.00000000E+00  6.07642191E+00 -9.65690513E-01  4.21343677E-01  2.86411735E+00  1.00014981E+00  3.49493914E-01
 -5.68532996E+00  1.00000000E+00  6.02709623E+00 -9.65273359E-01  4.21388322E-01  2.86306107E+00  1.00007052E+00  3.49310728E-01
 -5.63573605E+00  1.00000000E+00  5.97777055E+00 -9.64856347E-01  4.21417132E-01  2.86200519E+00  9.99991293E-01  3.49127605E-01
 -5.58614214E+00  1.00000000E+00  5.92853627E+00 -9.65033460E-01  4.21427507E-01  2.86222201E+00  1.00005527E+00  3.49156263E-01
 -5.53654823E+00  1.00000000E+00  5.87930199E+00 -9.65210587E-01  4.21424903E-01  2.86243885E+00  1.00011926E+00  3.49184923E-01
 -5.48695432E+00  1.00000000E+00  5.82996124E+00 -9.65407764E-01  4.21388496E-01  2.86321949E+00  1.00010683E+00  3.49333624E-01
 -5.43736041E+00  1.00000000E+00  5.78062048E+00 -9.65604986E-01  4.21339920E-01  2.86400034E+00  1.00009441E+00  3.49482361E-01
 -5.38776651E+00  1.00000000E+00  5.73132817E+00 -9.65199179E-01  4.21398799E-01  2.86291815E+00  1.00004969E+00  3.49287837E-01
 -5.33817260E+00  1.00000000E+00  5.68203586E+00 -9.64793507E-01  4.21414064E-01  2.86183638E+00  1.00000502E+00  3.49093380E-01
 -5.28857869E+00  1.00000000E+00  5.63277355E+00 -9.65022326E-01  4.21415738E-01  2.86217899E+00  1.00005324E+00  3.49148578E-01
 -5.23898478E+00  1.00000000E+00  5.58351123E+00 -9.65251168E-01  4.21412864E-01  2.86252165E+00  1.00010147E+00  3.49203782E-01
 -5.18939087E+00  1.00000000E+00  5.53418249E+00 -9.65464448E-01  4.21390307E-01  2.86332638E+00  1.00012046E+00  3.49351109E-01
 -5.13979696E+00  1.00000000E+00  5.48485375E+00 -9.65677779E-01  4.21351092E-01  2.86413133E+00  1.00013947E+00  3.49498475E-01
 -5.09020305E+00  1.00000000E+00  5.43552952E+00 -9.65266191E-01  4.21394575E-01  2.86305523E+00  1.00006297E+00  3.49311048E-01
 -5.04060915E+00  1.00000000E+00  5.38620530E+00 -9.64854745E-01  4.21420540E-01  2.86197954E+00  9.99986536E-01  3.49123688E-01
 -4.99101524E+00  1.00000000E+00  5.33698808E+00 -9.65023489E-01  4.21423245E-01  2.86222591E+00  1.00004725E+00  3.49158499E-01
 -4.94142133E+00  1.00000000E+00  5.28777086E+00 -9.65192248E-01  4.21412404E-01  2.86247232E+00  1.00010798E+00  3.49193313E-01
 -4.89182742E+00  1.00000000E+00  5.23842010E+00 -9.65357573E-01  4.21392158E-01  2.86301975E+00  1.00011461E+00  3.49294713E-01
 -4.84223351E+00  1.00000000E+00  5.18906933E+00 -9.65522925E-01  4.21361512E-01  2.86356729E+00  1.00012126E+00  3.49396132E-01
 -4.79263960E+00  1.00000000E+00  5.13976250E+00 -9.65211635E-01  4.21388989E-01  2.86281509E+00  1.00008089E+00  3.49262662E-01
 -4.74304569E+00  1.00000000E+00  5.09045567E+00 -9.64900419E-01  4.21399610E-01  2.86206309E+00  1.00004056E+00  3.49129224E-01
 -4.69345179E+00  1.00000000E+00  5.04120684E+00 -9.65074735E-01  4.21398145E-01  2.86235702E+00  1.00006772E+00  3.49179243E-01
 -4.64385788E+00  1.00000000E+00  4.99195800E+00 -9.65249066E-01  4.21395945E-01  2.86265098E+00  1.00009490E+00  3.49229266E-01
 -4.59426397E+00  1.00000000E+00  4.94266829E+00 -9.65524076E-01  4.21374061E-01  2.86341349E+00  1.00015883E+00  3.49360248E-01
 -4.54467006E+00  1.00000000E+00  4.89337858E+00 -9.65799154E-01  4.21321407E-01  2.86417620E+00  1.00022280E+00  3.49491264E-01
 -4.49507615E+00  1.00000000E+00  4.84402320E+00 -9.65830035E-01  4.21316880E-01  2.86445376E+00  1.00018010E+00  3.49551310E-01
 -4.44548224E+00  1.00000000E+00  4.79466782E+00 -9.65860920E-01  4.21298128E-01  2.86473134E+00  1.00013741E+00  3.49611361E-01
 -4.39588833E+00  1.00000000E+00  4.74541295E+00 -9.65312560E-01  4.21362169E-01  2.86325642E+00  1.00007037E+00  3.49347384E-01
 -4.34629443E+00  1.00000000E+00  4.69615808E+00 -9.64764451E-01  4.21419149E-01  2.86178227E+00  1.00000344E+00  3.49083531E-01
 -4.29670052E+00  1.00000000E+00  4.64683910E+00 -9.65139515E-01  4.21409798E-01  2.86282252E+00  1.00004255E+00  3.49271246E-01
 -4.24710661E+00  1.00000000E+00  4.59752013E+00 -9.65514699E-01  4.21355348E-01  2.86386316E+00  1.00008170E+00  3.49459023E-01
 -4.19751270E+00  1.00000000E+00  4.54821984E+00 -9.65103931E-01  4.21416583E-01  2.86271400E+00  1.00002185E+00  3.49254779E-01
 -4.14791879E+00  1.00000000E+00  4.49891955E+00 -9.64693310E-01  4.21458340E-01  2.86156530E+00  9.99962049E-01  3.49050610E-01
 -4.09832488E+00  1.00000000E+00  4.44964001E+00 -9.64898144E-01  4.21448435E-01  2.86197350E+00  1.00003668E+00  3.49113153E-01
 -4.04873097E+00  1.00000000E+00  4.40036047E+00 -9.65103008E-01  4.21395685E-01  2.86238175E+00  1.00011133E+00  3.49175705E-01
 -3.99913707E+00  1.00000000E+00  4.35106684E+00 -9.65176690E-01  4.21383006E-01  2.86249536E+00  1.00010237E+00  3.49198685E-01
 -3.94954316E+00  1.00000000E+00  4.30177320E+00 -9.65250374E-01  4.21392436E-01  2.86260897E+00  1.00009342E+00  3.49221666E-01
 -3.89994925E+00  1.00000000E+00  4.25247868E+00 -9.65545100E-01  4.21358778E-01  2.86372031E+00  1.00013474E+00  3.49422294E-01
 -3.85035534E+00  1.00000000E+00  4.20318415E+00 -9.65839922E-01  4.21304121E-01  2.86483208E+00  1.00017608E+00  3.49622998E-01
 -3.80076143E+00  1.00000000E+00  4.15387245E+00 -9.65440004E-01  4.21350122E-01  2.86372175E+00  1.00011089E+00  3.49427035E-01
 -3.75116752E+00  1.00000000E+00  4.10456075E+00 -9.65040226E-01  4.21376266E-01  2.86261185E+00  1.00004575E+00  3.49231143E-01
 -3.70157361E+00  1.00000000E+00  4.05527042E+00 -9.65320075E-01  4.21375255E-01  2.86324104E+00  1.00006800E+00  3.49344945E-01
 -3.65197971E+00  1.00000000E+00  4.00598009E+00 -9.65599976E-01  4.21354432E-01  2.86387038E+00  1.00009028E+00  3.49458768E-01
 -3.60238580E+00  1.00000000E+00  3.95665011E+00 -9.65563297E-01  4.21355476E-01  2.86368015E+00  1.00006386E+00  3.49428054E-01
 -3.55279189E+00  1.00000000E+00  3.90732014E+00 -9.65526620E-01  4.21387798E-01  2.86348993E+00  1.00003744E+00  3.49397342E-01
 -3.50319798E+00  1.00000000E+00  3.85810325E+00 -9.65356638E-01  4.21405859E-01  2.86296964E+00  1.00007267E+00  3.49293184E-01
 -3.45360407E+00  1.00000000E+00  3.80888635E+00 -9.65186682E-01  4.21413664E-01  2.86244945E+00  1.00010791E+00  3.49189040E-01
 -3.40401016E+00  1.00000000E+00  3.75954464E+00 -9.65485188E-01  4.21384678E-01  2.86346707E+00  1.00012572E+00  3.49376504E-01
 -3.35441626E+00  1.00000000E+00  3.71020293E+00 -9.65783786E-01  4.21321282E-01  2.86448505E+00  1.00014355E+00  3.49564030E-01
 -3.30482235E+00  1.00000000E+00  3.66089406E+00 -9.65314389E-01  4.21368819E-01  2.86329713E+00  1.00006443E+00  3.49356130E-01
 -3.25522844E+00  1.00000000E+00  3.61158519E+00 -9.64845169E-01  4.21399604E-01  2.86210971E+00  9.99985392E-01  3.49148311E-01
 -3.20563453E+00  1.00000000E+00  3.56227815E+00 -9.65007723E-01  4.21418318E-01  2.86229210E+00  1.00000240E+00  3.49179319E-01
 -3.15604062E+00  1.00000000E+00  3.51297112E+00 -9.65170283E-01  4.21432679E-01  2.86247452E+00  1.00001943E+00  3.49210329E-01
 -3.10644671E+00  1.00000000E+00  3.46372833E+00 -9.65053212E-01  4.21435886E-01  2.86215949E+00  1.00006296E+00  3.49143101E-01
 -3.05685280E+00  1.00000000E+00  3.41448554E+00 -9.64936149E-01  4.21418787E-01  2.86184451E+00  1.00010650E+00  3.49075877E-01
 -3.00725890E+00  1.00000000E+00  3.36516248E+00 -9.65293192E-01  4.21386836E-01  2.86296250E+00  1.00013261E+00  3.49280605E-01
 -2.95766499E+00  1.00000000E+00  3.31583942E+00 -9.65650355E-01  4.21329988E-01  2.86408093E+00  1.00015877E+00  3.49485406E-01
 -2.90807108E+00  1.00000000E+00  3.26653633E+00 -9.65258846E-01  4.21365334E-01  2.86298430E+00  1.00012418E+00  3.49286273E-01
 -2.85847717E+00  1.00000000E+00  3.21723324E+00 -9.64867467E-01  4.21387532E-01  2.86188810E+00  1.00008965E+00  3.49087209E-01
 -2.80888326E+00  1.00000000E+00  3.16800728E+00 -9.65465143E-01  4.21347479E-01  2.86351241E+00  1.00015303E+00  3.49379884E-01
 -2.75928935E+00  1.00000000E+00  3.11878133E+00 -9.66063118E-01  4.21283365E-01  2.86513764E+00  1.00021653E+00  3.49672709E-01
 -2.70969544E+00  1.00000000E+00  3.06939391E+00 -9.65749084E-01  4.21322894E-01  2.86449209E+00  1.00010549E+00  3.49572487E-01
 -2.66010154E+00  1.00000000E+00  3.02000648E+00 -9.65435123E-01  4.21353780E-01  2.86384669E+00  9.99994488E-01  3.49472287E-01
 -2.61050763E+00  1.00000000E+00  2.97071592E+00 -9.65238806E-01  4.21401449E-01  2.86311765E+00  1.00001330E+00  3.49332064E-01
 -2.56091372E+00  1.00000000E+00  2.92142536E+00 -9.65042531E-01  4.21425475E-01  2.86238879E+00  1.00003214E+00  3.49191873E-01
 -2.51131981E+00  1.00000000E+00  2.87217532E+00 -9.65090958E-01  4.21428444E-01  2.86237889E+00  1.00005655E+00  3.49185439E-01
 -2.46172590E+00  1.00000000E+00  2.82292528E+00 -9.65139385E-01  4.21423808E-01  2.86236899E+00  1.00008097E+00  3.49179005E-01
 -2.41213199E+00  1.00000000E+00  2.77360414E+00 -9.65389099E-01  4.21398879E-01  2.86320780E+00  1.00009960E+00  3.49332787E-01
 -2.36253808E+00  1.00000000E+00  2.72428300E+00 -9.65638877E-01  4.21346999E-01  2.86404685E+00  1.00011826E+00  3.49486610E-01
 -2.31294418E+00  1.00000000E+00  2.67496795E+00 -9.65254769E-01  4.21395947E-01  2.86300987E+00  1.00006071E+00  3.49302966E-01
 -2.26335027E+00  1.00000000E+00  2.62565290E+00 -9.64870786E-01  4.21428333E-01  2.86197327E+00  1.00000322E+00  3.49119384E-01
 -2.21375636E+00  1.00000000E+00  2.57637734E+00 -9.64999023E-01  4.21425793E-01  2.86208942E+00  1.00004466E+00  3.49133391E-01
 -2.16416245E+00  1.00000000E+00  2.52710178E+00 -9.65127265E-01  4.21415268E-01  2.86220557E+00  1.00008611E+00  3.49147399E-01
 -2.11456854E+00  1.00000000E+00  2.47781863E+00 -9.65172009E-01  4.21399779E-01  2.86257187E+00  1.00008283E+00  3.49216695E-01
 -2.06497463E+00  1.00000000E+00  2.42853547E+00 -9.65216754E-01  4.21369860E-01  2.86293821E+00  1.00007955E+00  3.49286000E-01
 -2.01538072E+00  1.00000000E+00  2.37921424E+00 -9.65295316E-01  4.21355926E-01  2.86292610E+00  1.00008537E+00  3.49282638E-01
 -1.96578682E+00  1.00000000E+00  2.32989300E+00 -9.65373874E-01  4.21368144E-01  2.86291400E+00  1.00009119E+00  3.49279276E-01
 -1.91619291E+00  1.00000000E+00  2.28061241E+00 -9.65270220E-01  4.21369875E-01  2.86289897E+00  1.00008646E+00  3.49277346E-01
 -1.86659900E+00  1.00000000E+00  2.23133182E+00 -9.65166562E-01  4.21343125E-01  2.86288396E+00  1.00008173E+00  3.49275417E-01
 -1.81700509E+00  1.00000000E+00  2.18199376E+00 -9.65264156E-01  4.21331168E-01  2.86284867E+00  1.00007604E+00  3.49269867E-01
 -1.76741118E+00  1.00000000E+00  2.13265569E+00 -9.65361741E-01  4.21339392E-01  2.86281339E+00  1.00007036E+00  3.49264317E-01
 -1.71781727E+00  1.00000000E+00  2.08340556E+00 -9.65151000E-01  4.21326519E-01  2.86244281E+00  1.00005203E+00  3.49198272E-01
 -1.66822336E+00  1.00000000E+00  2.03415543E+00 -9.64940280E-01  4.21290461E-01  2.86207229E+00  1.00003371E+00  3.49132234E-01
 -1.61862946E+00  1.00000000E+00  1.98488777E+00 -9.65035813E-01  4.21266228E-01  2.86202196E+00  1.00004756E+00  3.49120200E-01
 -1.56903555E+00  1.00000000E+00  1.93562010E+00 -9.65131341E-01  4.21255463E-01  2.86197164E+00  1.00006142E+00  3.49108166E-01
 -1.51944164E+00  1.00000000E+00  1.88635506E+00 -9.65219531E-01  4.21187159E-01  2.86235399E+00  1.00013162E+00  3.49166693E-01
 -1.46984773E+00  1.00000000E+00  1.83709003E+00 -9.65307730E-01  4.21069353E-01  2.86273638E+00  1.00020183E+00  3.49225228E-01
 -1.42025382E+00  1.00000000E+00  1.78785011E+00 -9.64881145E-01  4.21060121E-01  2.86152609E+00  1.00012148E+00  3.49013365E-01
 -1.37065991E+00  1.00000000E+00  1.73861018E+00 -9.64454722E-01  4.21037046E-01  2.86031632E+00  1.00004119E+00  3.48801587E-01
 -1.32106600E+00  1.00000000E+00  1.68944638E+00 -9.64767675E-01  4.20975984E-01  2.86092377E+00  1.00010969E+00  3.48902640E-01
 -1.27147210E+00  1.00000000E+00  1.64028257E+00 -9.65080689E-01  4.20867687E-01  2.86153137E+00  1.00017823E+00  3.49003714E-01
 -1.22187819E+00  1.00000000E+00  1.59117913E+00 -9.64888081E-01  4.20794847E-01  2.86092237E+00  1.00017252E+00  3.48890598E-01
 -1.17228428E+00  1.00000000E+00  1.54207569E+00 -9.64695509E-01  4.20704459E-01  2.86031351E+00  1.00016682E+00  3.48777503E-01
 -1.12269037E+00  1.00000000E+00  1.49311538E+00 -9.64622682E-01  4.20622957E-01  2.85991169E+00  1.00015447E+00  3.48704477E-01
 -1.07309646E+00  1.00000000E+00  1.44415508E+00 -9.64549863E-01  4.20544260E-01  2.85950992E+00  1.00014212E+00  3.48631462E-01
 -1.02350255E+00  1.00000000E+00  1.39538505E+00 -9.64356720E-01  4.20446848E-01  2.85875833E+00  1.00019913E+00  3.48479851E-01
 -9.73908645E-01  1.00000000E+00  1.34661503E+00 -9.64163620E-01  4.20351953E-01  2.85800694E+00  1.00025616E+00  3.48328272E-01
 -9.24314736E-01  1.00000000E+00  1.29811577E+00 -9.64067447E-01  4.20315835E-01  2.85806478E+00  1.00014050E+00  3.48360802E-01
 -8.74720828E-01  1.00000000E+00  1.24961651E+00 -9.63971279E-01  4.20293331E-01  2.85812262E+00  1.00002485E+00  3.48393332E-01
 -8.25312107E-01  1.00000000E+00  1.20178579E+00 -9.64008408E-01  4.20317254E-01  2.85785093E+00  1.00017204E+00  3.48314791E-01
 -7.75903387E-01  1.00000000E+00  1.15395508E+00 -9.64045542E-01  4.20382166E-01  2.85757927E+00  1.00031926E+00  3.48236252E-01
 -7.30665613E-01  1.00000000E+00  1.11074353E+00 -9.64509738E-01  4.20708008E-01  2.85902926E+00  1.00033384E+00  3.48505391E-01
 -6.85427839E-01  1.00000000E+00  1.06753199E+00 -9.64974136E-01  4.21030548E-01  2.86047998E+00  1.00034849E+00  3.48774654E-01
 -6.45465100E-01  1.00000000E+00  1.03007189E+00 -9.65335233E-01  4.21592066E-01  2.86274562E+00  1.00017604E+00  3.49231796E-01
 -6.05502361E-01  1.00000000E+00  9.92611788E-01 -9.65696554E-01  4.22252366E-01  2.86501311E+00  1.00000368E+00  3.49689269E-01
 -5.70199545E-01  1.00000000E+00  9.60228555E-01 -9.66472923E-01  4.23090796E-01  2.86829993E+00  9.99982551E-01  3.50309508E-01
 -5.34896729E-01  1.00000000E+00  9.27845322E-01 -9.67250022E-01  4.24116661E-01  2.87159051E+00  9.99961609E-01  3.50930420E-01
 -5.03710456E-01  1.00000000E+00  8.99861967E-01 -9.68960321E-01  4.25379145E-01  2.87755149E+00  1.00008682E+00  3.52024625E-01
 -4.72524184E-01  1.00000000E+00  8.71878613E-01 -9.70673668E-01  4.26842954E-01  2.88352477E+00  1.00021295E+00  3.53120968E-01
 -4.44974441E-01  1.00000000E+00  8.48428612E-01 -9.73196261E-01  4.28801787E-01  2.89248877E+00  1.00041150E+00  3.54764489E-01
 -4.17424698E-01  1.00000000E+00  8.24978611E-01 -9.75725567E-01  4.30989102E-01  2.90148050E+00  1.00061197E+00  3.56412850E-01
 -3.93087440E-01  1.00000000E+00  8.04990695E-01 -9.78227422E-01  4.33033648E-01  2.91018601E+00  1.00088178E+00  3.57994544E-01
 -3.68750182E-01  1.00000000E+00  7.85002780E-01 -9.80735752E-01  4.35710684E-01  2.91891752E+00  1.00115342E+00  3.59580768E-01
 -3.47250809E-01  1.00000000E+00  7.68210985E-01 -9.83290259E-01  4.38803326E-01  2.93256307E+00  1.00033864E+00  3.62292079E-01
 -3.25751437E-01  1.00000000E+00  7.51419191E-01 -9.85854347E-01  4.42345277E-01  2.94627331E+00  9.99527079E-01  3.65014917E-01
 -3.06759035E-01  1.00000000E+00  7.37683113E-01 -9.90638536E-01  4.45948668E-01  2.96182640E+00  1.00023418E+00  3.67798540E-01
 -2.87766633E-01  1.00000000E+00  7.23947035E-01 -9.95444979E-01  4.50014858E-01  2.97746132E+00  1.00094804E+00  3.70596239E-01
 -2.70988873E-01  1.00000000E+00  7.12892053E-01 -9.99488205E-01  4.54663307E-01  2.99651136E+00  1.00028798E+00  3.74291882E-01
 -2.54211113E-01  1.00000000E+00  7.01837070E-01 -1.00355242E+00  4.59603894E-01  3.01568396E+00  9.99634018E-01  3.78009365E-01
 -2.39389755E-01  1.00000000E+00  6.93275815E-01 -1.00883462E+00  4.64840266E-01  3.03670808E+00  9.99698131E-01  3.81939365E-01
 -2.24568396E-01  1.00000000E+00  6.84714560E-01 -1.01414765E+00  4.70481933E-01  3.05787840E+00  9.99770490E-01  3.85895233E-01
 -2.11472015E-01  1.00000000E+00  6.78345670E-01 -1.02023182E+00  4.76498262E-01  3.08236110E+00  9.99812140E-01  3.90477931E-01
 -1.98375634E-01  1.00000000E+00  6.71976781E-01 -1.02635672E+00  4.82929903E-01  3.10703941E+00  9.99864649E-01  3.95095267E-01
 -1.85977157E-01  1.00000000E+00  6.67490934E-01 -1.03484069E+00  4.90515658E-01  3.13736316E+00  1.00073692E+00  4.00617420E-01
 -1.73578680E-01  1.00000000E+00  6.63005086E-01 -1.04339620E+00  4.98629963E-01  3.16798157E+00  1.00162917E+00  4.06191076E-01
 -1.61180203E-01  1.00000000E+00  6.60388236E-01 -1.05103842E+00  5.08806622E-01  3.20622436E+00  1.00036328E+00  4.13598954E-01
 -1.48781726E-01  1.00000000E+00  6.57771386E-01 -1.05875480E+00  5.19629497E-01  3.24493329E+00  9.99117276E-01  4.21090503E-01
 -1.36383248E-01  1.00000000E+00  6.58887217E-01 -1.07180211E+00  5.32920708E-01  3.29717264E+00  9.99767911E-01  4.30763386E-01
 -1.23984771E-01  1.00000000E+00  6.60003049E-01 -1.08502649E+00  5.47673545E-01  3.35025104E+00  1.00046313E+00  4.40585233E-01
 -1.11586294E-01  1.00000000E+00  6.59977557E-01 -1.10122190E+00  5.68148347E-01  3.41535717E+00  1.00124872E+00  4.52645333E-01
 -9.91878171E-02  1.00000000E+00  6.59952064E-01 -1.11768332E+00  5.89631682E-01  3.48172550E+00  1.00210186E+00  4.64929431E-01
 -8.67893400E-02  1.00000000E+00  6.95885037E-01 -1.12936923E+00  6.19633012E-01  3.62745528E+00  9.87035588E-01  4.95078691E-01
 -7.43908628E-02  1.00000000E+00  7.31818009E-01 -1.14141130E+00  6.60258317E-01  3.77980678E+00  9.72216601E-01  5.26423159E-01
 -6.19923857E-02  1.00000000E+00  6.74399745E-01 -1.14397100E+00  7.15673120E-01  3.83679816E+00  9.65190011E-01  5.38426528E-01
 -4.95939085E-02  1.00000000E+00  6.16981481E-01 -1.14656252E+00  7.56459078E-01  3.89474340E+00  9.58211766E-01  5.50599682E-01
 -3.71954314E-02  1.00000000E+00  1.09849815E+00 -1.43775261E+00  8.62825177E-01  4.49695776E+00  1.06090320E+00  6.44260231E-01
 -2.47969543E-02  1.00000000E+00  1.58001482E+00 -1.77889513E+00  1.10494144E+00  5.20475521E+00  1.18899073E+00  7.52955840E-01
 -1.23984771E-02  1.00000000E+00  3.32006068E-01 -2.58258236E-01  1.88354327E+00  5.58703167E+00  6.12027406E-01  9.32813300E-01
  0.00000000E+00  1.00000000E+00 -9.16002688E-01  1.53430295E+00  3.73873974E+00  7.76144600E+00  7.82242541E-01  1.30860065E+00
