-0.3964907288
-0.6343851688
-0.872279608
-1.189472186
-1.585962918
-0.3964895258
-0.6343832396
-0.872276954
-1.189468574
-1.5859581
-0.3964883182
-0.6343813092
-0.8722743
-1.189464956
-1.585953272
-0.3964870912
-0.6343793468
-0.872271604
-1.189461274
-1.585948368
-0.396485823
-0.6343773156
-0.872268808
-1.189457466
-1.585943286
-0.3964852964
-0.6343764744
-0.872267648
-1.189455888
-1.58594118
-0.3964879022
-0.634380646
-0.872273388
-1.189463712
-1.585951614
-0.3964869002
-0.6343790432
-0.87227118
-1.189460702
-1.585947602
-0.3964861008
-0.6343777592
-0.872269422
-1.189458302
-1.585944408
-0.396485553
-0.6343768828
-0.872268216
-1.189456658
-1.585942202
-0.3964852416
-0.6343763864
-0.872267532
-1.189455726
-1.585940966
-0.3964851744
-0.6343762772
-0.872267384
-1.189455524
-1.585940696
-0.3964871314
-0.634379414
-0.872271692
-1.189461402
-1.585948538
-0.3964858248
-0.6343773192
-0.87226881
-1.189457474
-1.585943298
-0.3964849328
-0.6343758892
-0.872266852
-1.189454794
-1.585939728
-0.3964846044
-0.634375366
-0.872266128
-1.189453812
-1.58593842
-0.3964848476
-0.6343757596
-0.87226667
-1.18945455
-1.585939394
-0.3964850912
-0.6343761444
-0.872267198
-1.189455272
-1.58594036
-0.3965980284
-0.634556846
-0.872515666
-1.189794088
-1.58639212
-0.396539267
-0.634462834
-0.872386392
-1.189617802
-1.586157076
-0.3964993678
-0.6343989876
-0.872298606
-1.1894981
-1.585997468
-0.3964804858
-0.6343687764
-0.87225707
-1.189441458
-1.585921944
-0.3964795906
-0.6343673476
-0.872255104
-1.189438778
-1.585918372
-0.3964837382
-0.6343739796
-0.872264224
-1.189451212
-1.585934948
-0.397091755
-0.635346808
-0.87360186
-1.191275264
-1.588367014
-0.396803057
-0.634884892
-0.872966728
-1.190409172
-1.587212228
-0.3966006606
-0.634561058
-0.872521456
-1.189801988
-1.58640265
-0.3965007734
-0.6344012372
-0.872301702
-1.189502326
-1.586003098
-0.3964741348
-0.6343586176
-0.8722431
-1.189422408
-1.585896546
-0.3964816832
-0.634370692
-0.872259704
-1.18944505
-1.585926738
-0.3979757876
-0.63676126
-0.875546738
-1.19392737
-1.591903156
-0.397422184
-0.635875488
-0.874328798
-1.192266548
-1.589688728
-0.3968270462
-0.634923274
-0.873019498
-1.190481134
-1.587308182
-0.3965552674
-0.634488426
-0.872421588
-1.1896658
-1.586221068
-0.3964708282
-0.6343533244
-0.872235822
-1.189412486
-1.585883314
-0.3964792996
-0.6343668796
-0.872254456
-1.189437894
-1.585917196
-0.3988032044
-0.638085132
-0.877367054
-1.196409616
-1.595212822
-0.3984202776
-0.637472442
-0.87652461
-1.195260828
-1.593681102
-0.3972351546
-0.635576246
-0.873917342
-1.19170546
-1.588940614
-0.396645993
-0.634633586
-0.872621178
-1.18993798
-1.58658397
-0.3964707542
-0.6343532036
-0.872235654
-1.189412258
-1.585883004
-0.396476799
-0.634362882
-0.872248964
-1.189430404
-1.585907206
