# curve 5 (die wall), step =        1, time =   8.00000000E-01
# N1 = tau_xx - tau_yy = G ( c_xx - c_yy ),  G =  3.0000E-01  (polymer part only)
#              x               y        pressure            c_xy        gammadot            c_xx            c_yy              N1
 -3.00000000E+00  1.00000000E+00  7.43167250E-01  0.00000000E+00  3.99993778E-01  1.00000000E+00  1.00000000E+00  0.00000000E+00
 -2.95108291E+00  1.00000000E+00  7.31843302E-01  0.00000000E+00  3.99996026E-01  1.00000000E+00  1.00000000E+00  0.00000000E+00
 -2.90216582E+00  1.00000000E+00  7.20519354E-01  0.00000000E+00  3.99998499E-01  1.00000000E+00  1.00000000E+00  0.00000000E+00
 -2.85324873E+00  1.00000000E+00  7.09189751E-01  0.00000000E+00  3.99999650E-01  1.00000000E+00  1.00000000E+00  0.00000000E+00
 -2.80433164E+00  1.00000000E+00  6.97860148E-01  0.00000000E+00  3.99999944E-01  1.00000000E+00  1.00000000E+00  0.00000000E+00
 -2.75541455E+00  1.00000000E+00  6.86532337E-01  0.00000000E+00  3.99999979E-01  1.00000000E+00  1.00000000E+00  0.00000000E+00
 -2.70649746E+00  1.00000000E+00  6.75204526E-01  0.00000000E+00  3.99999993E-01  1.00000000E+00  1.00000000E+00  0.00000000E+00
 -2.65758037E+00  1.00000000E+00  6.63876169E-01  0.00000000E+00  3.99999884E-01  1.00000000E+00  1.00000000E+00  0.00000000E+00
 -2.60866328E+00  1.00000000E+00  6.52547811E-01  0.00000000E+00  3.99999696E-01  1.00000000E+00  1.00000000E+00  0.00000000E+00
 -2.55974619E+00  1.00000000E+00  6.41219635E-01  0.00000000E+00  3.99999425E-01  1.00000000E+00  1.00000000E+00  0.00000000E+00
 -2.51082911E+00  1.00000000E+00  6.29891459E-01  0.00000000E+00  3.99999123E-01  1.00000000E+00  1.00000000E+00  0.00000000E+00
 -2.46191202E+00  1.00000000E+00  6.18563226E-01  0.00000000E+00  3.99998730E-01  1.00000000E+00  1.00000000E+00  0.00000000E+00
 -2.41299493E+00  1.00000000E+00  6.07234994E-01  0.00000000E+00  3.99998299E-01  1.00000000E+00  1.00000000E+00  0.00000000E+00
 -2.36407784E+00  1.00000000E+00  5.95906823E-01  0.00000000E+00  3.99997676E-01  1.00000000E+00  1.00000000E+00  0.00000000E+00
 -2.31516075E+00  1.00000000E+00  5.84578653E-01  0.00000000E+00  3.99996964E-01  1.00000000E+00  1.00000000E+00  0.00000000E+00
 -2.26624366E+00  1.00000000E+00  5.73250533E-01  0.00000000E+00  3.99995969E-01  1.00000000E+00  1.00000000E+00  0.00000000E+00
 -2.21732657E+00  1.00000000E+00  5.61922413E-01  0.00000000E+00  3.99994818E-01  1.00000000E+00  1.00000000E+00  0.00000000E+00
 -2.16840948E+00  1.00000000E+00  5.50594252E-01  0.00000000E+00  3.99993284E-01  1.00000000E+00  1.00000000E+00  0.00000000E+00
 -2.11949239E+00  1.00000000E+00  5.39266091E-01  0.00000000E+00  3.99991556E-01  1.00000000E+00  1.00000000E+00  0.00000000E+00
 -2.07057530E+00  1.00000000E+00  5.27938335E-01  0.00000000E+00  3.99989055E-01  1.00000000E+00  1.00000000E+00  0.00000000E+00
 -2.02165821E+00  1.00000000E+00  5.16610578E-01  0.00000000E+00  3.99986287E-01  1.00000000E+00  1.00000000E+00  0.00000000E+00
 -1.97274112E+00  1.00000000E+00  5.05282751E-01  0.00000000E+00  3.99983087E-01  1.00000000E+00  1.00000000E+00  0.00000000E+00
 -1.92382403E+00  1.00000000E+00  4.93954924E-01  0.00000000E+00  3.99979249E-01  1.00000000E+00  1.00000000E+00  0.00000000E+00
 -1.87490694E+00  1.00000000E+00  4.82627840E-01  0.00000000E+00  3.99974138E-01  1.00000000E+00  1.00000000E+00  0.00000000E+00
 -1.82598985E+00  1.00000000E+00  4.71300757E-01  0.00000000E+00  3.99968388E-01  1.00000000E+00  1.00000000E+00  0.00000000E+00
 -1.77707276E+00  1.00000000E+00  4.59974576E-01  0.00000000E+00  3.99961063E-01  1.00000000E+00  1.00000000E+00  0.00000000E+00
 -1.72815567E+00  1.00000000E+00  4.48648394E-01  0.00000000E+00  3.99952318E-01  1.00000000E+00  1.00000000E+00  0.00000000E+00
 -1.67923858E+00  1.00000000E+00  4.37323997E-01  0.00000000E+00  3.99940985E-01  1.00000000E+00  1.00000000E+00  0.00000000E+00
 -1.63032150E+00  1.00000000E+00  4.25999600E-01  0.00000000E+00  3.99929015E-01  1.00000000E+00  1.00000000E+00  0.00000000E+00
 -1.58140441E+00  1.00000000E+00  4.14676067E-01  0.00000000E+00  3.99915016E-01  1.00000000E+00  1.00000000E+00  0.00000000E+00
 -1.53248732E+00  1.00000000E+00  4.03352535E-01  0.00000000E+00  3.99900767E-01  1.00000000E+00  1.00000000E+00  0.00000000E+00
 -1.48357023E+00  1.00000000E+00  3.92034133E-01  0.00000000E+00  3.99883918E-01  1.00000000E+00  1.00000000E+00  0.00000000E+00
 -1.43465314E+00  1.00000000E+00  3.80715732E-01  0.00000000E+00  3.99863999E-01  1.00000000E+00  1.00000000E+00  0.00000000E+00
 -1.38573605E+00  1.00000000E+00  3.69404923E-01  0.00000000E+00  3.99838891E-01  1.00000000E+00  1.00000000E+00  0.00000000E+00
 -1.33681896E+00  1.00000000E+00  3.58094114E-01  0.00000000E+00  3.99816035E-01  1.00000000E+00  1.00000000E+00  0.00000000E+00
 -1.28790187E+00  1.00000000E+00  3.46788870E-01  0.00000000E+00  3.99793767E-01  1.00000000E+00  1.00000000E+00  0.00000000E+00
 -1.23898478E+00  1.00000000E+00  3.35483627E-01  0.00000000E+00  3.99770927E-01  1.00000000E+00  1.00000000E+00  0.00000000E+00
 -1.19006769E+00  1.00000000E+00  3.24193277E-01  0.00000000E+00  3.99750075E-01  1.00000000E+00  1.00000000E+00  0.00000000E+00
 -1.14115060E+00  1.00000000E+00  3.12902927E-01  0.00000000E+00  3.99730437E-01  1.00000000E+00  1.00000000E+00  0.00000000E+00
 -1.09223351E+00  1.00000000E+00  3.01641181E-01  0.00000000E+00  3.99732999E-01  1.00000000E+00  1.00000000E+00  0.00000000E+00
 -1.04331642E+00  1.00000000E+00  2.90379435E-01  0.00000000E+00  3.99740818E-01  1.00000000E+00  1.00000000E+00  0.00000000E+00
 -9.94399333E-01  1.00000000E+00  2.79137788E-01  0.00000000E+00  3.99774116E-01  1.00000000E+00  1.00000000E+00  0.00000000E+00
 -9.45482243E-01  1.00000000E+00  2.67896140E-01  0.00000000E+00  3.99822831E-01  1.00000000E+00  1.00000000E+00  0.00000000E+00
 -8.96565154E-01  1.00000000E+00  2.56700443E-01  0.00000000E+00  3.99946438E-01  1.00000000E+00  1.00000000E+00  0.00000000E+00
 -8.47648064E-01  1.00000000E+00  2.45504747E-01  0.00000000E+00  4.00095715E-01  1.00000000E+00  1.00000000E+00  0.00000000E+00
 -7.99501858E-01  1.00000000E+00  2.34561883E-01  0.00000000E+00  4.00368936E-01  1.00000000E+00  1.00000000E+00  0.00000000E+00
 -7.51355652E-01  1.00000000E+00  2.23619020E-01  0.00000000E+00  4.00699188E-01  1.00000000E+00  1.00000000E+00  0.00000000E+00
 -7.08111109E-01  1.00000000E+00  2.13866472E-01  0.00000000E+00  4.01170604E-01  1.00000000E+00  1.00000000E+00  0.00000000E+00
 -6.64866566E-01  1.00000000E+00  2.04113924E-01  0.00000000E+00  4.01779969E-01  1.00000000E+00  1.00000000E+00  0.00000000E+00
 -6.26599939E-01  1.00000000E+00  1.95515154E-01  0.00000000E+00  4.02589658E-01  1.00000000E+00  1.00000000E+00  0.00000000E+00
 -5.88333313E-01  1.00000000E+00  1.86916383E-01  0.00000000E+00  4.03522042E-01  1.00000000E+00  1.00000000E+00  0.00000000E+00
 -5.54471587E-01  1.00000000E+00  1.79508758E-01  0.00000000E+00  4.04752608E-01  1.00000000E+00  1.00000000E+00  0.00000000E+00
 -5.20609860E-01  1.00000000E+00  1.72101133E-01  0.00000000E+00  4.06115970E-01  1.00000000E+00  1.00000000E+00  0.00000000E+00
 -4.90645977E-01  1.00000000E+00  1.65403147E-01  0.00000000E+00  4.07716057E-01  1.00000000E+00  1.00000000E+00  0.00000000E+00
 -4.60682095E-01  1.00000000E+00  1.58705161E-01  0.00000000E+00  4.09451237E-01  1.00000000E+00  1.00000000E+00  0.00000000E+00
 -4.34167380E-01  1.00000000E+00  1.53231812E-01  0.00000000E+00  4.11651595E-01  1.00000000E+00  1.00000000E+00  0.00000000E+00
 -4.07652666E-01  1.00000000E+00  1.47758464E-01  0.00000000E+00  4.14074599E-01  1.00000000E+00  1.00000000E+00  0.00000000E+00
 -3.84190072E-01  1.00000000E+00  1.42655366E-01  0.00000000E+00  4.16633345E-01  1.00000000E+00  1.00000000E+00  0.00000000E+00
 -3.60727478E-01  1.00000000E+00  1.37552267E-01  0.00000000E+00  4.19383456E-01  1.00000000E+00  1.00000000E+00  0.00000000E+00
 -3.39965684E-01  1.00000000E+00  1.33263788E-01  0.00000000E+00  4.22700116E-01  1.00000000E+00  1.00000000E+00  0.00000000E+00
 -3.19203889E-01  1.00000000E+00  1.28975309E-01  0.00000000E+00  4.26185287E-01  1.00000000E+00  1.00000000E+00  0.00000000E+00
 -3.00831998E-01  1.00000000E+00  1.25218328E-01  0.00000000E+00  4.30032857E-01  1.00000000E+00  1.00000000E+00  0.00000000E+00
 -2.82460107E-01  1.00000000E+00  1.21461347E-01  0.00000000E+00  4.34283670E-01  1.00000000E+00  1.00000000E+00  0.00000000E+00
 -2.66203017E-01  1.00000000E+00  1.18348706E-01  0.00000000E+00  4.39011784E-01  1.00000000E+00  1.00000000E+00  0.00000000E+00
 -2.49945927E-01  1.00000000E+00  1.15236065E-01  0.00000000E+00  4.43940061E-01  1.00000000E+00  1.00000000E+00  0.00000000E+00
 -2.35560203E-01  1.00000000E+00  1.12425190E-01  0.00000000E+00  4.49104339E-01  1.00000000E+00  1.00000000E+00  0.00000000E+00
 -2.21174479E-01  1.00000000E+00  1.09614316E-01  0.00000000E+00  4.54727932E-01  1.00000000E+00  1.00000000E+00  0.00000000E+00
 -2.08421419E-01  1.00000000E+00  1.07101829E-01  0.00000000E+00  4.60921182E-01  1.00000000E+00  1.00000000E+00  0.00000000E+00
 -1.95668358E-01  1.00000000E+00  1.04589343E-01  0.00000000E+00  4.67519818E-01  1.00000000E+00  1.00000000E+00  0.00000000E+00
 -1.83439085E-01  1.00000000E+00  1.02728268E-01  0.00000000E+00  4.75061634E-01  1.00000000E+00  1.00000000E+00  0.00000000E+00
 -1.71209813E-01  1.00000000E+00  1.00867194E-01  0.00000000E+00  4.82946537E-01  1.00000000E+00  1.00000000E+00  0.00000000E+00
 -1.58980541E-01  1.00000000E+00  9.88292234E-02  0.00000000E+00  4.92584743E-01  1.00000000E+00  1.00000000E+00  0.00000000E+00
 -1.46751268E-01  1.00000000E+00  9.67912529E-02  0.00000000E+00  5.02970164E-01  1.00000000E+00  1.00000000E+00  0.00000000E+00
 -1.34521996E-01  1.00000000E+00  9.49211249E-02  0.00000000E+00  5.15882434E-01  1.00000000E+00  1.00000000E+00  0.00000000E+00
 -1.22292724E-01  1.00000000E+00  9.30509969E-02  0.00000000E+00  5.29255755E-01  1.00000000E+00  1.00000000E+00  0.00000000E+00
 -1.10063451E-01  1.00000000E+00  9.01056677E-02  0.00000000E+00  5.49025008E-01  1.00000000E+00  1.00000000E+00  0.00000000E+00
 -9.78341789E-02  1.00000000E+00  8.71603385E-02  0.00000000E+00  5.69514726E-01  1.00000000E+00  1.00000000E+00  0.00000000E+00
 -8.56049065E-02  1.00000000E+00  9.27764118E-02  0.00000000E+00  5.96096447E-01  1.00000000E+00  1.00000000E+00  0.00000000E+00
 -7.33756342E-02  1.00000000E+00  9.83924852E-02  0.00000000E+00  6.26976356E-01  1.00000000E+00  1.00000000E+00  0.00000000E+00
 -6.11463618E-02  1.00000000E+00  6.90140935E-02  0.00000000E+00  6.81342799E-01  1.00000000E+00  1.00000000E+00  0.00000000E+00
 -4.89170895E-02  1.00000000E+00  3.96357019E-02  0.00000000E+00  7.36309295E-01  1.00000000E+00  1.00000000E+00  0.00000000E+00
 -3.66878171E-02  1.00000000E+00  1.22509365E-01  0.00000000E+00  8.30074390E-01  1.00000000E+00  1.00000000E+00  0.00000000E+00
 -2.44585447E-02  1.00000000E+00  2.05383028E-01  0.00000000E+00  9.52374427E-01  1.00000000E+00  1.00000000E+00  0.00000000E+00
 -1.22292724E-02  1.00000000E+00 -3.94986265E-03  0.00000000E+00  1.32500549E+00  1.00000000E+00  1.00000000E+00  0.00000000E+00
  0.00000000E+00  1.00000000E+00 -2.13282753E-01  0.00000000E+00  2.01844515E+00  1.00000000E+00  1.00000000E+00  0.00000000E+00
