# curve 5 (die wall), step =      500, time =   2.00000000E+02
# N1 = tau_xx - tau_yy = G ( c_xx - c_yy ),  G =  6.6667E-02  (polymer part only)
#              x               y        pressure            c_xy        gammadot            c_xx            c_yy              N1
 -1.00000000E+01  1.00000000E+00  6.86185471E+00 -1.73547113E+00  4.21967423E-01  7.02321534E+00  1.00001579E+00  4.01546637E-01
 -9.95040609E+00  1.00000000E+00  6.82947014E+00 -1.73515674E+00  4.22019960E-01  7.02094059E+00  1.00001335E+00  4.01395149E-01
 -9.90081218E+00  1.00000000E+00  6.79708557E+00 -1.73484242E+00  4.22058931E-01  7.01866660E+00  1.00001093E+00  4.01243711E-01
 -9.85121827E+00  1.00000000E+00  6.76474009E+00 -1.73497284E+00  4.22038656E-01  7.02044950E+00  1.00001812E+00  4.01362092E-01
 -9.80162437E+00  1.00000000E+00  6.73239460E+00 -1.73510325E+00  4.21994047E-01  7.02223289E+00  1.00002531E+00  4.01480505E-01
 -9.75203046E+00  1.00000000E+00  6.69992174E+00 -1.73508003E+00  4.21990836E-01  7.02157782E+00  9.99949646E-01  4.01441878E-01
 -9.70243655E+00  1.00000000E+00  6.66744887E+00 -1.73505680E+00  4.22019309E-01  7.02092282E+00  9.99873992E-01  4.01403255E-01
 -9.65284264E+00  1.00000000E+00  6.63507996E+00 -1.73542244E+00  4.22001790E-01  7.02199670E+00  1.00004614E+00  4.01463371E-01
 -9.60324873E+00  1.00000000E+00  6.60271106E+00 -1.73578816E+00  4.21944018E-01  7.02307075E+00  1.00021832E+00  4.01523496E-01
 -9.55365482E+00  1.00000000E+00  6.57037919E+00 -1.73601405E+00  4.21911250E-01  7.02596649E+00  1.00021972E+00  4.01716451E-01
 -9.50406091E+00  1.00000000E+00  6.53804732E+00 -1.73623995E+00  4.21834415E-01  7.02886351E+00  1.00022111E+00  4.01909494E-01
 -9.45446701E+00  1.00000000E+00  6.50551743E+00 -1.73571834E+00  4.21878679E-01  7.02546329E+00  1.00015509E+00  4.01687213E-01
 -9.40487310E+00  1.00000000E+00  6.47298753E+00 -1.73519692E+00  4.21913296E-01  7.02206473E+00  1.00008910E+00  4.01465043E-01
 -9.35527919E+00  1.00000000E+00  6.44063546E+00 -1.73606388E+00  4.21920162E-01  7.02628226E+00  1.00013018E+00  4.01743472E-01
 -9.30568528E+00  1.00000000E+00  6.40828339E+00 -1.73693131E+00  4.21892302E-01  7.03050232E+00  1.00017137E+00  4.02022063E-01
 -9.25609137E+00  1.00000000E+00  6.37592415E+00 -1.73636883E+00  4.21907599E-01  7.02813798E+00  1.00018539E+00  4.01863506E-01
 -9.20649746E+00  1.00000000E+00  6.34356490E+00 -1.73580651E+00  4.21931957E-01  7.02577444E+00  1.00019948E+00  4.01704998E-01
 -9.15690355E+00  1.00000000E+00  6.31109940E+00 -1.73572530E+00  4.21952791E-01  7.02500169E+00  1.00010173E+00  4.01659998E-01
 -9.10730965E+00  1.00000000E+00  6.27863389E+00 -1.73564409E+00  4.21985210E-01  7.02422903E+00  1.00000399E+00  4.01615003E-01
 -9.05771574E+00  1.00000000E+00  6.24627742E+00 -1.73554088E+00  4.22013253E-01  7.02465883E+00  9.99942965E-01  4.01647724E-01
 -9.00812183E+00  1.00000000E+00  6.21392095E+00 -1.73543767E+00  4.22024067E-01  7.02508868E+00  9.99881939E-01  4.01680449E-01
 -8.95852792E+00  1.00000000E+00  6.18149320E+00 -1.73558730E+00  4.22019281E-01  7.02436135E+00  9.99957546E-01  4.01626920E-01
 -8.90893401E+00  1.00000000E+00  6.14906545E+00 -1.73573691E+00  4.22020761E-01  7.02363414E+00  1.00003316E+00  4.01573399E-01
 -8.85934010E+00  1.00000000E+00  6.11671736E+00 -1.73567725E+00  4.22011870E-01  7.02424373E+00  1.00006369E+00  4.01612003E-01
 -8.80974619E+00  1.00000000E+00  6.08436927E+00 -1.73561756E+00  4.21966564E-01  7.02485340E+00  1.00009422E+00  4.01650612E-01
 -8.76015229E+00  1.00000000E+00  6.05189213E+00 -1.73557909E+00  4.21967745E-01  7.02393920E+00  1.00003319E+00  4.01593734E-01
 -8.71055838E+00  1.00000000E+00  6.01941499E+00 -1.73554059E+00  4.22008896E-01  7.02302513E+00  9.99972156E-01  4.01536865E-01
 -8.66096447E+00  1.00000000E+00  5.98706907E+00 -1.73526071E+00  4.22012927E-01  7.02145988E+00  1.00001297E+00  4.01429794E-01
 -8.61137056E+00  1.00000000E+00  5.95472314E+00 -1.73498087E+00  4.21990991E-01  7.01989498E+00  1.00005380E+00  4.01322745E-01
 -8.56177665E+00  1.00000000E+00  5.92232561E+00 -1.73525135E+00  4.21998791E-01  7.02079578E+00  1.00010690E+00  4.01379259E-01
 -8.51218274E+00  1.00000000E+00  5.88992809E+00 -1.73552186E+00  4.21994591E-01  7.02169669E+00  1.00016000E+00  4.01435780E-01
 -8.46258884E+00  1.00000000E+00  5.85749866E+00 -1.73588676E+00  4.21951427E-01  7.02522387E+00  1.00011022E+00  4.01674243E-01
 -8.41299493E+00  1.00000000E+00  5.82506923E+00 -1.73625177E+00  4.21897250E-01  7.02875290E+00  1.00006044E+00  4.01912831E-01
 -8.36340102E+00  1.00000000E+00  5.79268635E+00 -1.73548793E+00  4.21959770E-01  7.02459579E+00  1.00002806E+00  4.01637848E-01
 -8.31380711E+00  1.00000000E+00  5.76030347E+00 -1.73472448E+00  4.21974539E-01  7.02044114E+00  9.99995758E-01  4.01363025E-01
 -8.26421320E+00  1.00000000E+00  5.72789225E+00 -1.73511064E+00  4.21987271E-01  7.02124281E+00  1.00004575E+00  4.01413138E-01
 -8.21461929E+00  1.00000000E+00  5.69548104E+00 -1.73549684E+00  4.21998760E-01  7.02204460E+00  1.00009577E+00  4.01463255E-01
 -8.16502538E+00  1.00000000E+00  5.66308045E+00 -1.73602543E+00  4.21974902E-01  7.02575862E+00  1.00014419E+00  4.01707628E-01
 -8.11543148E+00  1.00000000E+00  5.63067986E+00 -1.73655420E+00  4.21912414E-01  7.02947465E+00  1.00019263E+00  4.01952135E-01
 -8.06583757E+00  1.00000000E+00  5.59825212E+00 -1.73576715E+00  4.21927676E-01  7.02546473E+00  1.00010475E+00  4.01690665E-01
 -8.01624366E+00  1.00000000E+00  5.56582439E+00 -1.73498049E+00  4.21947628E-01  7.02145710E+00  1.00001694E+00  4.01429343E-01
 -7.96664975E+00  1.00000000E+00  5.53347716E+00 -1.73525824E+00  4.21972481E-01  7.02193198E+00  1.00007442E+00  4.01457171E-01
 -7.91705584E+00  1.00000000E+00  5.50112994E+00 -1.73553601E+00  4.21987477E-01  7.02240692E+00  1.00013191E+00  4.01485001E-01
 -7.86746193E+00  1.00000000E+00  5.46870579E+00 -1.73590480E+00  4.21979739E-01  7.02555734E+00  1.00004227E+00  4.01701005E-01
 -7.81786802E+00  1.00000000E+00  5.43628164E+00 -1.73627371E+00  4.21962467E-01  7.02870923E+00  9.99952660E-01  4.01917104E-01
 -7.76827412E+00  1.00000000E+00  5.40388278E+00 -1.73549427E+00  4.22002240E-01  7.02470518E+00  9.99946067E-01  4.01650607E-01
 -7.71868021E+00  1.00000000E+00  5.37148392E+00 -1.73471522E+00  4.22000182E-01  7.02070341E+00  9.99939573E-01  4.01384256E-01
 -7.66908630E+00  1.00000000E+00  5.33907538E+00 -1.73505291E+00  4.22000424E-01  7.02132883E+00  9.99978794E-01  4.01423336E-01
 -7.61949239E+00  1.00000000E+00  5.30666685E+00 -1.73539063E+00  4.21999214E-01  7.02195433E+00  1.00001804E+00  4.01462419E-01
 -7.56989848E+00  1.00000000E+00  5.27427964E+00 -1.73604397E+00  4.21977391E-01  7.02561157E+00  1.00013752E+00  4.01698270E-01
 -7.52030457E+00  1.00000000E+00  5.24189244E+00 -1.73669759E+00  4.21912060E-01  7.02927073E+00  1.00025704E+00  4.01934246E-01
 -7.47071066E+00  1.00000000E+00  5.20945343E+00 -1.73585645E+00  4.21926710E-01  7.02525181E+00  1.00015091E+00  4.01673394E-01
 -7.42111676E+00  1.00000000E+00  5.17701442E+00 -1.73501575E+00  4.21948673E-01  7.02123520E+00  1.00004486E+00  4.01412689E-01
 -7.37152285E+00  1.00000000E+00  5.14466338E+00 -1.73527776E+00  4.21971377E-01  7.02175975E+00  1.00009174E+00  4.01444534E-01
 -7.32192894E+00  1.00000000E+00  5.11231234E+00 -1.73553980E+00  4.21985303E-01  7.02228436E+00  1.00013864E+00  4.01476381E-01
 -7.27233503E+00  1.00000000E+00  5.07988167E+00 -1.73588157E+00  4.21974597E-01  7.02553490E+00  1.00003757E+00  4.01699822E-01
 -7.22274112E+00  1.00000000E+00  5.04745101E+00 -1.73622346E+00  4.21952811E-01  7.02878701E+00  9.99936529E-01  4.01923365E-01
 -7.17314721E+00  1.00000000E+00  5.01505945E+00 -1.73544520E+00  4.21996464E-01  7.02471810E+00  9.99930133E-01  4.01652531E-01
 -7.12355330E+00  1.00000000E+00  4.98266789E+00 -1.73466733E+00  4.21997211E-01  7.02065154E+00  9.99923832E-01  4.01381847E-01
 -7.07395940E+00  1.00000000E+00  4.95026181E+00 -1.73501184E+00  4.22001005E-01  7.02132692E+00  9.99961137E-01  4.01424386E-01
 -7.02436549E+00  1.00000000E+00  4.91785573E+00 -1.73535638E+00  4.22003395E-01  7.02200240E+00  9.99998470E-01  4.01466928E-01
 -6.97477158E+00  1.00000000E+00  4.88547009E+00 -1.73606193E+00  4.21978936E-01  7.02569469E+00  1.00014787E+00  4.01703121E-01
 -6.92517767E+00  1.00000000E+00  4.85308444E+00 -1.73676780E+00  4.21905577E-01  7.02938893E+00  1.00029732E+00  4.01939441E-01
 -6.87558376E+00  1.00000000E+00  4.82064961E+00 -1.73595182E+00  4.21915804E-01  7.02537113E+00  1.00020544E+00  4.01677712E-01
 -6.82598985E+00  1.00000000E+00  4.78821477E+00 -1.73513625E+00  4.21934995E-01  7.02135562E+00  1.00011365E+00  4.01416131E-01
 -6.77639594E+00  1.00000000E+00  4.75585648E+00 -1.73530589E+00  4.21957710E-01  7.02182182E+00  1.00011251E+00  4.01447287E-01
 -6.72680204E+00  1.00000000E+00  4.72349819E+00 -1.73547553E+00  4.21975905E-01  7.02228805E+00  1.00011139E+00  4.01478444E-01
 -6.67720813E+00  1.00000000E+00  4.69106701E+00 -1.73582847E+00  4.21975133E-01  7.02551438E+00  1.00000707E+00  4.01700487E-01
 -6.62761422E+00  1.00000000E+00  4.65863583E+00 -1.73618153E+00  4.21962863E-01  7.02874225E+00  9.99902767E-01  4.01922632E-01
 -6.57802031E+00  1.00000000E+00  4.62624388E+00 -1.73542126E+00  4.22001934E-01  7.02474573E+00  9.99906996E-01  4.01655916E-01
 -6.52842640E+00  1.00000000E+00  4.59385194E+00 -1.73466136E+00  4.22001857E-01  7.02075149E+00  9.99911320E-01  4.01389345E-01
 -6.47883249E+00  1.00000000E+00  4.56144854E+00 -1.73501013E+00  4.22005903E-01  7.02143372E+00  9.99950457E-01  4.01432217E-01
 -6.42923858E+00  1.00000000E+00  4.52904514E+00 -1.73535893E+00  4.22008938E-01  7.02211603E+00  9.99989624E-01  4.01475094E-01
 -6.37964468E+00  1.00000000E+00  4.49665906E+00 -1.73604735E+00  4.21985969E-01  7.02567901E+00  1.00012762E+00  4.01703426E-01
 -6.33005077E+00  1.00000000E+00  4.46427298E+00 -1.73673607E+00  4.21919048E-01  7.02924380E+00  1.00026566E+00  4.01931876E-01
 -6.28045686E+00  1.00000000E+00  4.43183072E+00 -1.73586624E+00  4.21930962E-01  7.02522300E+00  1.00014892E+00  4.01671605E-01
 -6.23086295E+00  1.00000000E+00  4.39938845E+00 -1.73499686E+00  4.21950552E-01  7.02120449E+00  1.00003227E+00  4.01411481E-01
 -6.18126904E+00  1.00000000E+00  4.36703741E+00 -1.73528306E+00  4.21971876E-01  7.02175311E+00  1.00009086E+00  4.01444150E-01
 -6.13167513E+00  1.00000000E+00  4.33468637E+00 -1.73556928E+00  4.21984452E-01  7.02230178E+00  1.00014946E+00  4.01476822E-01
 -6.08208123E+00  1.00000000E+00  4.30225613E+00 -1.73588376E+00  4.21973046E-01  7.02553943E+00  1.00004064E+00  4.01699919E-01
 -6.03248732E+00  1.00000000E+00  4.26982589E+00 -1.73619834E+00  4.21950930E-01  7.02877864E+00  9.99931848E-01  4.01923119E-01
 -5.98289341E+00  1.00000000E+00  4.23742876E+00 -1.73545139E+00  4.21995956E-01  7.02475877E+00  9.99935179E-01  4.01654906E-01
 -5.93329950E+00  1.00000000E+00  4.20503163E+00 -1.73470481E+00  4.21995962E-01  7.02074121E+00  9.99938598E-01  4.01386841E-01
 -5.88370559E+00  1.00000000E+00  4.17262739E+00 -1.73506335E+00  4.21996393E-01  7.02137547E+00  9.99988272E-01  4.01425813E-01
 -5.83411168E+00  1.00000000E+00  4.14022315E+00 -1.73542190E+00  4.21993976E-01  7.02200981E+00  1.00003798E+00  4.01464789E-01
 -5.78451777E+00  1.00000000E+00  4.10784729E+00 -1.73606523E+00  4.21967481E-01  7.02572946E+00  1.00014738E+00  4.01705472E-01
 -5.73492387E+00  1.00000000E+00  4.07547144E+00 -1.73670882E+00  4.21907286E-01  7.02945109E+00  1.00025682E+00  4.01946285E-01
 -5.68532996E+00  1.00000000E+00  4.04301175E+00 -1.73565638E+00  4.21939798E-01  7.02494948E+00  1.00006372E+00  4.01659051E-01
 -5.63573605E+00  1.00000000E+00  4.01055206E+00 -1.73460458E+00  4.21974159E-01  7.02045075E+00  9.99870753E-01  4.01372000E-01
 -5.58614214E+00  1.00000000E+00  3.97821599E+00 -1.73512634E+00  4.22003107E-01  7.02125647E+00  1.00004102E+00  4.01414364E-01
 -5.53654823E+00  1.00000000E+00  3.94587991E+00 -1.73564818E+00  4.22007806E-01  7.02206234E+00  1.00021133E+00  4.01456734E-01
 -5.48695432E+00  1.00000000E+00  3.91343871E+00 -1.73591471E+00  4.21967674E-01  7.02531058E+00  1.00011100E+00  4.01679972E-01
 -5.43736041E+00  1.00000000E+00  3.88099752E+00 -1.73618129E+00  4.21912545E-01  7.02856043E+00  1.00001067E+00  4.01903317E-01
 -5.38776651E+00  1.00000000E+00  3.84862021E+00 -1.73544191E+00  4.21973407E-01  7.02448325E+00  9.99993439E-01  4.01632654E-01
 -5.33817260E+00  1.00000000E+00  3.81624291E+00 -1.73470289E+00  4.21984516E-01  7.02040844E+00  9.99976278E-01  4.01362144E-01
 -5.28857869E+00  1.00000000E+00  3.78383219E+00 -1.73509515E+00  4.21994644E-01  7.02117750E+00  1.00003380E+00  4.01409580E-01
 -5.23898478E+00  1.00000000E+00  3.75142148E+00 -1.73548744E+00  4.22003358E-01  7.02194668E+00  1.00009135E+00  4.01457022E-01
 -5.18939087E+00  1.00000000E+00  3.71902161E+00 -1.73600509E+00  4.21980183E-01  7.02575585E+00  1.00012968E+00  4.01708412E-01
 -5.13979696E+00  1.00000000E+00  3.68662174E+00 -1.73652292E+00  4.21926875E-01  7.02956715E+00  1.00016802E+00  4.01959943E-01
 -5.09020305E+00  1.00000000E+00  3.65416638E+00 -1.73555935E+00  4.21958709E-01  7.02489667E+00  1.00001608E+00  4.01658706E-01
 -5.04060915E+00  1.00000000E+00  3.62171101E+00 -1.73459636E+00  4.21983731E-01  7.02022929E+00  9.99864244E-01  4.01357670E-01
 -4.99101524E+00  1.00000000E+00  3.58941461E+00 -1.73511226E+00  4.21990092E-01  7.02123749E+00  1.00003911E+00  4.01413225E-01
 -4.94142133E+00  1.00000000E+00  3.55711821E+00 -1.73562826E+00  4.21972441E-01  7.02224588E+00  1.00021403E+00  4.01468790E-01
 -4.89182742E+00  1.00000000E+00  3.52465766E+00 -1.73588741E+00  4.21953059E-01  7.02452430E+00  1.00017740E+00  4.01623126E-01
 -4.84223351E+00  1.00000000E+00  3.49219711E+00 -1.73614661E+00  4.21917939E-01  7.02680348E+00  1.00014078E+00  4.01777514E-01
 -4.79263960E+00  1.00000000E+00  3.45978158E+00 -1.73555429E+00  4.21942934E-01  7.02401257E+00  1.00008959E+00  4.01594865E-01
 -4.74304569E+00  1.00000000E+00  3.42736606E+00 -1.73496219E+00  4.21955568E-01  7.02122276E+00  1.00003845E+00  4.01412287E-01
 -4.69345179E+00  1.00000000E+00  3.39498670E+00 -1.73519140E+00  4.21963564E-01  7.02202142E+00  1.00003019E+00  4.01466082E-01
 -4.64385788E+00  1.00000000E+00  3.36260734E+00 -1.73542063E+00  4.21980144E-01  7.02282018E+00  1.00002195E+00  4.01519882E-01
 -4.59426397E+00  1.00000000E+00  3.33024024E+00 -1.73622729E+00  4.21967182E-01  7.02639261E+00  1.00019794E+00  4.01746311E-01
 -4.54467006E+00  1.00000000E+00  3.29787314E+00 -1.73703432E+00  4.21900454E-01  7.02996686E+00  1.00037401E+00  4.01972857E-01
 -4.49507615E+00  1.00000000E+00  3.26541839E+00 -1.73687604E+00  4.21890304E-01  7.03094025E+00  1.00020750E+00  4.02048850E-01
 -4.44548224E+00  1.00000000E+00  3.23296364E+00 -1.73671774E+00  4.21876343E-01  7.03191385E+00  1.00004101E+00  4.02124856E-01
 -4.39588833E+00  1.00000000E+00  3.20060513E+00 -1.73565997E+00  4.21926831E-01  7.02613811E+00  9.99995132E-01  4.01742865E-01
 -4.34629443E+00  1.00000000E+00  3.16824662E+00 -1.73460294E+00  4.21992730E-01  7.02036712E+00  9.99949395E-01  4.01361182E-01
 -4.29670052E+00  1.00000000E+00  3.13580007E+00 -1.73527329E+00  4.22001201E-01  7.02429107E+00  9.99946392E-01  4.01622978E-01
 -4.24710661E+00  1.00000000E+00  3.10335353E+00 -1.73594394E+00  4.21941929E-01  7.02821722E+00  9.99943450E-01  4.01884918E-01
 -4.19751270E+00  1.00000000E+00  3.07096098E+00 -1.73516110E+00  4.21999139E-01  7.02359668E+00  9.99907666E-01  4.01579268E-01
 -4.14791879E+00  1.00000000E+00  3.03856844E+00 -1.73437868E+00  4.22046004E-01  7.01897920E+00  9.99871946E-01  4.01273817E-01
 -4.09832488E+00  1.00000000E+00  3.00619729E+00 -1.73494089E+00  4.22023166E-01  7.02086200E+00  1.00004962E+00  4.01387492E-01
 -4.04873097E+00  1.00000000E+00  2.97382613E+00 -1.73550327E+00  4.21934003E-01  7.02274531E+00  1.00022734E+00  4.01501198E-01
 -3.99913707E+00  1.00000000E+00  2.94136820E+00 -1.73539355E+00  4.21935912E-01  7.02256428E+00  1.00009572E+00  4.01497904E-01
 -3.94954316E+00  1.00000000E+00  2.90891026E+00 -1.73528385E+00  4.21974946E-01  7.02238326E+00  9.99964125E-01  4.01494609E-01
 -3.89994925E+00  1.00000000E+00  2.87658377E+00 -1.73620803E+00  4.21946611E-01  7.02800239E+00  1.00011390E+00  4.01859232E-01
 -3.85035534E+00  1.00000000E+00  2.84425729E+00 -1.73713278E+00  4.21874659E-01  7.03362607E+00  1.00026374E+00  4.02224155E-01
 -3.80076143E+00  1.00000000E+00  2.81181489E+00 -1.73609765E+00  4.21900859E-01  7.02881780E+00  1.00011457E+00  4.01913549E-01
 -3.75116752E+00  1.00000000E+00  2.77937250E+00 -1.73506317E+00  4.21929146E-01  7.02401282E+00  9.99965522E-01  4.01603153E-01
 -3.70157361E+00  1.00000000E+00  2.74695412E+00 -1.73548615E+00  4.21949012E-01  7.02574954E+00  9.99935614E-01  4.01720929E-01
 -3.65197971E+00  1.00000000E+00  2.71453574E+00 -1.73590922E+00  4.21944250E-01  7.02748670E+00  9.99905757E-01  4.01838729E-01
 -3.60238580E+00  1.00000000E+00  2.68208907E+00 -1.73576424E+00  4.21966075E-01  7.02618432E+00  9.99853286E-01  4.01755402E-01
 -3.55279189E+00  1.00000000E+00  2.64964240E+00 -1.73561927E+00  4.22024781E-01  7.02488220E+00  9.99800816E-01  4.01672092E-01
 -3.50319798E+00  1.00000000E+00  2.61736024E+00 -1.73571882E+00  4.22042521E-01  7.02364304E+00  1.00002354E+00  4.01574633E-01
 -3.45360407E+00  1.00000000E+00  2.58507808E+00 -1.73581837E+00  4.22032600E-01  7.02240416E+00  1.00024630E+00  4.01477191E-01
 -3.40401016E+00  1.00000000E+00  2.55262838E+00 -1.73623661E+00  4.21986425E-01  7.02687786E+00  1.00019818E+00  4.01778646E-01
 -3.35441626E+00  1.00000000E+00  2.52017869E+00 -1.73665496E+00  4.21886299E-01  7.03135459E+00  1.00015004E+00  4.02080303E-01
 -3.30482235E+00  1.00000000E+00  2.48777923E+00 -1.73563941E+00  4.21915675E-01  7.02624767E+00  1.00002697E+00  4.01748046E-01
 -3.25522844E+00  1.00000000E+00  2.45537978E+00 -1.73462451E+00  4.21944058E-01  7.02114446E+00  9.99904016E-01  4.01416029E-01
 -3.20563453E+00  1.00000000E+00  2.42291484E+00 -1.73483648E+00  4.21988030E-01  7.02098940E+00  9.99885942E-01  4.01406897E-01
 -3.15604062E+00  1.00000000E+00  2.39044990E+00 -1.73504842E+00  4.22021254E-01  7.02083439E+00  9.99867893E-01  4.01397767E-01
 -3.10644671E+00  1.00000000E+00  2.35813893E+00 -1.73521958E+00  4.22019432E-01  7.02065118E+00  1.00009146E+00  4.01370648E-01
 -3.05685280E+00  1.00000000E+00  2.32582795E+00 -1.73539076E+00  4.21973365E-01  7.02046798E+00  1.00031507E+00  4.01343528E-01
 -3.00725890E+00  1.00000000E+00  2.29339659E+00 -1.73590836E+00  4.21941656E-01  7.02527678E+00  1.00023517E+00  4.01669441E-01
 -2.95766499E+00  1.00000000E+00  2.26096523E+00 -1.73642617E+00  4.21877420E-01  7.03008903E+00  1.00015528E+00  4.01995583E-01
 -2.90807108E+00  1.00000000E+00  2.22852991E+00 -1.73571349E+00  4.21908069E-01  7.02568225E+00  1.00016264E+00  4.01701307E-01
 -2.85847717E+00  1.00000000E+00  2.19609459E+00 -1.73500118E+00  4.21933827E-01  7.02127826E+00  1.00017007E+00  4.01407213E-01
 -2.80888326E+00  1.00000000E+00  2.16380865E+00 -1.73612997E+00  4.21905163E-01  7.02753622E+00  1.00019115E+00  4.01823005E-01
 -2.75928935E+00  1.00000000E+00  2.13152272E+00 -1.73725961E+00  4.21859031E-01  7.03379977E+00  1.00021240E+00  4.02239158E-01
 -2.70969544E+00  1.00000000E+00  2.09901136E+00 -1.73633817E+00  4.21911113E-01  7.03074359E+00  9.99931787E-01  4.02054120E-01
 -2.66010154E+00  1.00000000E+00  2.06650000E+00 -1.73541716E+00  4.21975356E-01  7.02768877E+00  9.99651308E-01  4.01869164E-01
 -2.61050763E+00  1.00000000E+00  2.03409793E+00 -1.73530994E+00  4.22020550E-01  7.02494290E+00  9.99812252E-01  4.01675376E-01
 -2.56091372E+00  1.00000000E+00  2.00169587E+00 -1.73520272E+00  4.22044393E-01  7.02219822E+00  9.99973212E-01  4.01481667E-01
 -2.51131981E+00  1.00000000E+00  1.96933888E+00 -1.73531838E+00  4.22049468E-01  7.02214910E+00  1.00003425E+00  4.01474323E-01
 -2.46172590E+00  1.00000000E+00  1.93698188E+00 -1.73543404E+00  4.22038382E-01  7.02209998E+00  1.00009529E+00  4.01466979E-01
 -2.41213199E+00  1.00000000E+00  1.90456793E+00 -1.73593096E+00  4.22002008E-01  7.02567429E+00  1.00011021E+00  4.01704272E-01
 -2.36253808E+00  1.00000000E+00  1.87215397E+00 -1.73642805E+00  4.21927644E-01  7.02925047E+00  1.00012514E+00  4.01941689E-01
 -2.31294418E+00  1.00000000E+00  1.83974653E+00 -1.73566262E+00  4.21970429E-01  7.02499185E+00  1.00007189E+00  4.01661331E-01
 -2.26335027E+00  1.00000000E+00  1.80733908E+00 -1.73489757E+00  4.22001366E-01  7.02073582E+00  1.00001871E+00  4.01381140E-01
 -2.21375636E+00  1.00000000E+00  1.77491452E+00 -1.73509985E+00  4.22002782E-01  7.02062165E+00  1.00005888E+00  4.01370852E-01
 -2.16416245E+00  1.00000000E+00  1.74248997E+00 -1.73530212E+00  4.21993255E-01  7.02050751E+00  1.00009905E+00  4.01360564E-01
 -2.11456854E+00  1.00000000E+00  1.71013826E+00 -1.73543393E+00  4.21982117E-01  7.02285766E+00  1.00007772E+00  4.01518663E-01
 -2.06497463E+00  1.00000000E+00  1.67778655E+00 -1.73556571E+00  4.21951051E-01  7.02520867E+00  1.00005638E+00  4.01676820E-01
 -2.01538072E+00  1.00000000E+00  1.64531376E+00 -1.73556746E+00  4.21942545E-01  7.02442460E+00  1.00003257E+00  4.01626135E-01
 -1.96578682E+00  1.00000000E+00  1.61284096E+00 -1.73556919E+00  4.21969268E-01  7.02364064E+00  1.00000877E+00  4.01575458E-01
 -1.91619291E+00  1.00000000E+00  1.58049197E+00 -1.73563236E+00  4.21977876E-01  7.02472306E+00  1.00006342E+00  4.01643976E-01
 -1.86659900E+00  1.00000000E+00  1.54814297E+00 -1.73569552E+00  4.21939496E-01  7.02580567E+00  1.00011807E+00  4.01712506E-01
 -1.81700509E+00  1.00000000E+00  1.51563508E+00 -1.73560945E+00  4.21927036E-01  7.02446454E+00  1.00004930E+00  4.01627683E-01
 -1.76741118E+00  1.00000000E+00  1.48312718E+00 -1.73552336E+00  4.21944765E-01  7.02312370E+00  9.99980526E-01  4.01542878E-01
 -1.71781727E+00  1.00000000E+00  1.45080320E+00 -1.73522637E+00  4.21916048E-01  7.02215703E+00  9.99970498E-01  4.01479102E-01
 -1.66822336E+00  1.00000000E+00  1.41847923E+00 -1.73492941E+00  4.21856750E-01  7.02119050E+00  9.99960490E-01  4.01415334E-01
 -1.61862946E+00  1.00000000E+00  1.38604679E+00 -1.73494937E+00  4.21835559E-01  7.02017840E+00  9.99949727E-01  4.01348578E-01
 -1.56903555E+00  1.00000000E+00  1.35361436E+00 -1.73496928E+00  4.21828246E-01  7.01916648E+00  9.99938966E-01  4.01281835E-01
 -1.51944164E+00  1.00000000E+00  1.32127786E+00 -1.73556534E+00  4.21706878E-01  7.02196027E+00  1.00021228E+00  4.01449866E-01
 -1.46984773E+00  1.00000000E+00  1.28894136E+00 -1.73616161E+00  4.21489548E-01  7.02475518E+00  1.00048568E+00  4.01617967E-01
 -1.42025382E+00  1.00000000E+00  1.25652869E+00 -1.73506300E+00  4.21439038E-01  7.01906955E+00  1.00031467E+00  4.01250326E-01
 -1.37065991E+00  1.00000000E+00  1.22411602E+00 -1.73396514E+00  4.21376206E-01  7.01338853E+00  1.00014378E+00  4.00882984E-01
 -1.32106600E+00  1.00000000E+00  1.19176094E+00 -1.73434193E+00  4.21268827E-01  7.01473635E+00  1.00016900E+00  4.00971157E-01
 -1.27147210E+00  1.00000000E+00  1.15940587E+00 -1.73471879E+00  4.21098342E-01  7.01608443E+00  1.00019424E+00  4.01059346E-01
 -1.22187819E+00  1.00000000E+00  1.12713586E+00 -1.73428028E+00  4.20936589E-01  7.01284189E+00  1.00022452E+00  4.00841158E-01
 -1.17228428E+00  1.00000000E+00  1.09486585E+00 -1.73384192E+00  4.20738210E-01  7.00960088E+00  1.00025481E+00  4.00623071E-01
 -1.12269037E+00  1.00000000E+00  1.06269351E+00 -1.73342884E+00  4.20520076E-01  7.00605284E+00  1.00025343E+00  4.00386627E-01
 -1.07309646E+00  1.00000000E+00  1.03052117E+00 -1.73301588E+00  4.20292118E-01  7.00250667E+00  1.00025205E+00  4.00150308E-01
 -1.02350255E+00  1.00000000E+00  9.98547829E-01 -1.73236318E+00  4.19958033E-01  6.99736907E+00  1.00037844E+00  3.99799375E-01
 -9.73908645E-01  1.00000000E+00  9.66574489E-01 -1.73171084E+00  4.19597059E-01  6.99223534E+00  1.00050492E+00  3.99448695E-01
 -9.24314736E-01  1.00000000E+00  9.34800563E-01 -1.73100665E+00  4.19248060E-01  6.98817200E+00  1.00041775E+00  3.99183617E-01
 -8.74720828E-01  1.00000000E+00  9.03026636E-01 -1.73030279E+00  4.18888926E-01  6.98411104E+00  1.00033062E+00  3.98918695E-01
 -8.25312107E-01  1.00000000E+00  8.71875760E-01 -1.72957550E+00  4.18419918E-01  6.97670544E+00  1.00056877E+00  3.98409111E-01
 -7.75903387E-01  1.00000000E+00  8.40724884E-01 -1.72884871E+00  4.17963833E-01  6.96930808E+00  1.00080700E+00  3.97900072E-01
 -7.30665613E-01  1.00000000E+00  8.12714945E-01 -1.72844754E+00  4.17743935E-01  6.96580412E+00  1.00081883E+00  3.97665686E-01
 -6.85427839E-01  1.00000000E+00  7.84705005E-01 -1.72804649E+00  4.17448749E-01  6.96230199E+00  1.00083065E+00  3.97431422E-01
 -6.45465100E-01  1.00000000E+00  7.60622787E-01 -1.72712040E+00  4.17312948E-01  6.96007137E+00  1.00052351E+00  3.97303191E-01
 -6.05502361E-01  1.00000000E+00  7.36540570E-01 -1.72619467E+00  4.17252012E-01  6.95784157E+00  1.00021652E+00  3.97175003E-01
 -5.70199545E-01  1.00000000E+00  7.16049974E-01 -1.72566236E+00  4.17281473E-01  6.95675731E+00  1.00007129E+00  3.97112401E-01
 -5.34896729E-01  1.00000000E+00  6.95559378E-01 -1.72513014E+00  4.17479421E-01  6.95567326E+00  9.99926114E-01  3.97049810E-01
 -5.03710456E-01  1.00000000E+00  6.78106047E-01 -1.72697462E+00  4.17816892E-01  6.96193344E+00  1.00037598E+00  3.97437164E-01
 -4.72524184E-01  1.00000000E+00  6.60652716E-01 -1.72882080E+00  4.18254036E-01  6.96819934E+00  1.00082636E+00  3.97824865E-01
 -4.44974441E-01  1.00000000E+00  6.46424637E-01 -1.73201587E+00  4.19236270E-01  6.98314407E+00  1.00140400E+00  3.98782671E-01
 -4.17424698E-01  1.00000000E+00  6.32196558E-01 -1.73521710E+00  4.20247146E-01  6.99812082E+00  1.00198282E+00  3.99742533E-01
 -3.93087440E-01  1.00000000E+00  6.20304332E-01 -1.73666961E+00  4.21091202E-01  7.01038654E+00  1.00190250E+00  4.00565603E-01
 -3.68750182E-01  1.00000000E+00  6.08412107E-01 -1.73812369E+00  4.22609793E-01  7.02267459E+00  1.00182223E+00  4.01390157E-01
 -3.47250809E-01  1.00000000E+00  5.98878996E-01 -1.73941797E+00  4.24523410E-01  7.04845565E+00  1.00044472E+00  4.03200729E-01
 -3.25751437E-01  1.00000000E+00  5.89345886E-01 -1.74071348E+00  4.26848431E-01  7.07434088E+00  9.99068372E-01  4.05018167E-01
 -3.06759035E-01  1.00000000E+00  5.82123872E-01 -1.74809655E+00  4.29136557E-01  7.10705571E+00  1.00047342E+00  4.07105487E-01
 -2.87766633E-01  1.00000000E+00  5.74901857E-01 -1.75551123E+00  4.31770177E-01  7.13992159E+00  1.00188513E+00  4.09202431E-01
 -2.70988873E-01  1.00000000E+00  5.69531244E-01 -1.75919691E+00  4.34999716E-01  7.18080242E+00  1.00068367E+00  4.12007917E-01
 -2.54211113E-01  1.00000000E+00  5.64160630E-01 -1.76289415E+00  4.38443944E-01  7.22193097E+00  9.99483698E-01  4.14829818E-01
 -2.39389755E-01  1.00000000E+00  5.60635406E-01 -1.76930599E+00  4.42116498E-01  7.26784427E+00  9.99476440E-01  4.17891189E-01
 -2.24568396E-01  1.00000000E+00  5.57110182E-01 -1.77574748E+00  4.46073782E-01  7.31405568E+00  9.99472070E-01  4.20972241E-01
 -2.11472015E-01  1.00000000E+00  5.55305814E-01 -1.78471817E+00  4.50370230E-01  7.37042829E+00  9.99972363E-01  4.24697062E-01
 -1.98375634E-01  1.00000000E+00  5.53501446E-01 -1.79374342E+00  4.54884006E-01  7.42724013E+00  1.00047947E+00  4.28450711E-01
 -1.85977157E-01  1.00000000E+00  5.53525179E-01 -1.80672838E+00  4.60369833E-01  7.49931688E+00  1.00199288E+00  4.33154933E-01
 -1.73578680E-01  1.00000000E+00  5.53548911E-01 -1.81981926E+00  4.66166140E-01  7.57209552E+00  1.00352215E+00  4.37904891E-01
 -1.61180203E-01  1.00000000E+00  5.54942302E-01 -1.82882701E+00  4.73740032E-01  7.66102821E+00  1.00179657E+00  4.43948776E-01
 -1.48781726E-01  1.00000000E+00  5.56335693E-01 -1.83789724E+00  4.81676060E-01  7.75105410E+00  1.00007616E+00  4.50065196E-01
 -1.36383248E-01  1.00000000E+00  5.62766550E-01 -1.85544143E+00  4.91489239E-01  7.87713872E+00  1.00039843E+00  4.58449352E-01
 -1.23984771E-01  1.00000000E+00  5.69197407E-01 -1.87319474E+00  5.02390264E-01  8.00531389E+00  1.00074036E+00  4.66971569E-01
 -1.11586294E-01  1.00000000E+00  5.73133172E-01 -1.90424265E+00  5.17818265E-01  8.16384521E+00  1.00527508E+00  4.77238009E-01
 -9.91878171E-02  1.00000000E+00  5.77068936E-01 -1.93583811E+00  5.33063809E-01  8.32551372E+00  1.00990669E+00  4.87707136E-01
 -8.67893400E-02  1.00000000E+00  6.15580295E-01 -1.89716470E+00  5.56183601E-01  8.62043118E+00  9.74370409E-01  5.09737385E-01
 -7.43908628E-02  1.00000000E+00  6.54091653E-01 -1.85685658E+00  5.88535385E-01  8.93044912E+00  9.39717754E-01  5.32715424E-01
 -6.19923857E-02  1.00000000E+00  6.10549540E-01 -1.76572499E+00  6.25476789E-01  8.89534001E+00  9.03704103E-01  5.32775727E-01
 -4.95939085E-02  1.00000000E+00  5.67007426E-01 -1.67577840E+00  6.34515640E-01  8.86356951E+00  8.69412492E-01  5.32943801E-01
 -3.71954314E-02  1.00000000E+00  1.01722539E+00 -2.89689215E+00  6.77695435E-01  1.10150598E+01  1.28877244E+00  6.48419156E-01
 -2.47969543E-02  1.00000000E+00  1.46744335E+00 -4.56842446E+00  8.23512831E-01  1.40146313E+01  1.97993730E+00  8.02312936E-01
 -1.23984771E-02  1.00000000E+00  5.79131895E-01  7.25425654E-01  1.62526607E+00  1.14586895E+01  7.21252373E-01  7.15829139E-01
  0.00000000E+00  1.00000000E+00 -3.09179556E-01  7.86999235E+00  4.15347474E+00  1.88394145E+01  3.74977954E+00  1.00597567E+00
