# curve 5 (die wall), step =      341, time =   1.36400000E+02
# N1 = tau_xx - tau_yy = G ( c_xx - c_yy ),  G =  1.5000E-01  (polymer part only)
#              x               y        pressure            c_xy        gammadot            c_xx            c_yy              N1
 -1.00000000E+01  1.00000000E+00  7.85343678E+00 -6.48180786E-01  4.06978345E-01  1.83260401E+00  9.14739232E-01  1.37679717E-01
 -9.95040609E+00  1.00000000E+00  7.81553014E+00 -6.48041407E-01  4.06996426E-01  1.83248391E+00  9.14691179E-01  1.37668910E-01
 -9.90081218E+00  1.00000000E+00  7.77762350E+00 -6.47902038E-01  4.07011590E-01  1.83236383E+00  9.14643138E-01  1.37658103E-01
 -9.85121827E+00  1.00000000E+00  7.73974633E+00 -6.47986015E-01  4.07009795E-01  1.83246267E+00  9.14670951E-01  1.37668758E-01
 -9.80162437E+00  1.00000000E+00  7.70186916E+00 -6.48069997E-01  4.07000781E-01  1.83256152E+00  9.14698769E-01  1.37679413E-01
 -9.75203046E+00  1.00000000E+00  7.66395647E+00 -6.48105088E-01  4.06990347E-01  1.83252172E+00  9.14721083E-01  1.37670096E-01
 -9.70243655E+00  1.00000000E+00  7.62604378E+00 -6.48140177E-01  4.06988425E-01  1.83248193E+00  9.14743398E-01  1.37660779E-01
 -9.65284264E+00  1.00000000E+00  7.58815137E+00 -6.48164177E-01  4.06989707E-01  1.83253288E+00  9.14752618E-01  1.37667039E-01
 -9.60324873E+00  1.00000000E+00  7.55025897E+00 -6.48188177E-01  4.06977061E-01  1.83258383E+00  9.14761837E-01  1.37673298E-01
 -9.55365482E+00  1.00000000E+00  7.51237188E+00 -6.48293881E-01  4.06970699E-01  1.83272170E+00  9.14791627E-01  1.37689511E-01
 -9.50406091E+00  1.00000000E+00  7.47448480E+00 -6.48399593E-01  4.06957399E-01  1.83285959E+00  9.14821424E-01  1.37705724E-01
 -9.45446701E+00  1.00000000E+00  7.43655952E+00 -6.48233480E-01  4.06957653E-01  1.83267510E+00  9.14770330E-01  1.37685716E-01
 -9.40487310E+00  1.00000000E+00  7.39863424E+00 -6.48067383E-01  4.06964776E-01  1.83249065E+00  9.14719252E-01  1.37665709E-01
 -9.35527919E+00  1.00000000E+00  7.36075500E+00 -6.48346645E-01  4.06961658E-01  1.83271639E+00  9.14816972E-01  1.37684913E-01
 -9.30568528E+00  1.00000000E+00  7.32287577E+00 -6.48625941E-01  4.06944752E-01  1.83294221E+00  9.14914742E-01  1.37704120E-01
 -9.25609137E+00  1.00000000E+00  7.28496975E+00 -6.48404756E-01  4.06958126E-01  1.83282428E+00  9.14821398E-01  1.37700433E-01
 -9.20649746E+00  1.00000000E+00  7.24706373E+00 -6.48183588E-01  4.06975324E-01  1.83270640E+00  9.14728087E-01  1.37696747E-01
 -9.15690355E+00  1.00000000E+00  7.20915882E+00 -6.48224179E-01  4.06971709E-01  1.83264526E+00  9.14761851E-01  1.37682512E-01
 -9.10730965E+00  1.00000000E+00  7.17125391E+00 -6.48264768E-01  4.06971969E-01  1.83258413E+00  9.14795617E-01  1.37668277E-01
 -9.05771574E+00  1.00000000E+00  7.13337015E+00 -6.48252127E-01  4.06980451E-01  1.83265859E+00  9.14771045E-01  1.37683132E-01
 -9.00812183E+00  1.00000000E+00  7.09548639E+00 -6.48239486E-01  4.06983071E-01  1.83273306E+00  9.14746475E-01  1.37697988E-01
 -8.95852792E+00  1.00000000E+00  7.05757632E+00 -6.48262711E-01  4.06976287E-01  1.83267045E+00  9.14771531E-01  1.37684839E-01
 -8.90893401E+00  1.00000000E+00  7.01966625E+00 -6.48285937E-01  4.06974775E-01  1.83260785E+00  9.14796587E-01  1.37671690E-01
 -8.85934010E+00  1.00000000E+00  6.98177141E+00 -6.48235596E-01  4.06985530E-01  1.83264914E+00  9.14763832E-01  1.37682796E-01
 -8.80974619E+00  1.00000000E+00  6.94387658E+00 -6.48185255E-01  4.06985125E-01  1.83269043E+00  9.14731078E-01  1.37693903E-01
 -8.76015229E+00  1.00000000E+00  6.90596524E+00 -6.48205830E-01  4.06976122E-01  1.83263255E+00  9.14747935E-01  1.37682692E-01
 -8.71055838E+00  1.00000000E+00  6.86805391E+00 -6.48226405E-01  4.06980856E-01  1.83257467E+00  9.14764793E-01  1.37671482E-01
 -8.66096447E+00  1.00000000E+00  6.83016309E+00 -6.48108212E-01  4.06994535E-01  1.83251376E+00  9.14719917E-01  1.37669076E-01
 -8.61137056E+00  1.00000000E+00  6.79227228E+00 -6.47990022E-01  4.07000604E-01  1.83245286E+00  9.14675050E-01  1.37666671E-01
 -8.56177665E+00  1.00000000E+00  6.75438314E+00 -6.48056184E-01  4.06995723E-01  1.83248050E+00  9.14705563E-01  1.37666241E-01
 -8.51218274E+00  1.00000000E+00  6.71649400E+00 -6.48122348E-01  4.06991044E-01  1.83250815E+00  9.14736079E-01  1.37665811E-01
 -8.46258884E+00  1.00000000E+00  6.67858712E+00 -6.48292957E-01  4.06981047E-01  1.83268640E+00  9.14789599E-01  1.37684521E-01
 -8.41299493E+00  1.00000000E+00  6.64068023E+00 -6.48463583E-01  4.06956205E-01  1.83286469E+00  9.14843137E-01  1.37703233E-01
 -8.36340102E+00  1.00000000E+00  6.60276997E+00 -6.48198245E-01  4.06975111E-01  1.83265653E+00  9.14744661E-01  1.37686780E-01
 -8.31380711E+00  1.00000000E+00  6.56485971E+00 -6.47932940E-01  4.06990174E-01  1.83244843E+00  9.14646229E-01  1.37670330E-01
 -8.26421320E+00  1.00000000E+00  6.52698204E+00 -6.48045026E-01  4.06988851E-01  1.83248164E+00  9.14699315E-01  1.37667349E-01
 -8.21461929E+00  1.00000000E+00  6.48910438E+00 -6.48157116E-01  4.06986192E-01  1.83251487E+00  9.14752411E-01  1.37664368E-01
 -8.16502538E+00  1.00000000E+00  6.45120192E+00 -6.48320860E-01  4.06980578E-01  1.83270110E+00  9.14802496E-01  1.37684790E-01
 -8.11543148E+00  1.00000000E+00  6.41329946E+00 -6.48484621E-01  4.06958317E-01  1.83288736E+00  9.14852598E-01  1.37705214E-01
 -8.06583757E+00  1.00000000E+00  6.37537623E+00 -6.48229720E-01  4.06976433E-01  1.83267294E+00  9.14757776E-01  1.37687275E-01
 -8.01624366E+00  1.00000000E+00  6.33745300E+00 -6.47974849E-01  4.06994131E-01  1.83245859E+00  9.14662996E-01  1.37669339E-01
 -7.96664975E+00  1.00000000E+00  6.29958469E+00 -6.48049735E-01  4.06991298E-01  1.83249639E+00  9.14697714E-01  1.37669802E-01
 -7.91705584E+00  1.00000000E+00  6.26171638E+00 -6.48124622E-01  4.06988539E-01  1.83253420E+00  9.14732436E-01  1.37670265E-01
 -7.86746193E+00  1.00000000E+00  6.22380979E+00 -6.48249376E-01  4.06983435E-01  1.83264306E+00  9.14776312E-01  1.37680012E-01
 -7.81786802E+00  1.00000000E+00  6.18590320E+00 -6.48374137E-01  4.06970153E-01  1.83275193E+00  9.14820199E-01  1.37689760E-01
 -7.76827412E+00  1.00000000E+00  6.14798317E+00 -6.48183422E-01  4.06978910E-01  1.83261763E+00  9.14747060E-01  1.37680586E-01
 -7.71868021E+00  1.00000000E+00  6.11006314E+00 -6.47992723E-01  4.06987861E-01  1.83248336E+00  9.14673945E-01  1.37671412E-01
 -7.66908630E+00  1.00000000E+00  6.07218996E+00 -6.48080439E-01  4.06984448E-01  1.83250862E+00  9.14715440E-01  1.37668978E-01
 -7.61949239E+00  1.00000000E+00  6.03431679E+00 -6.48168157E-01  4.06981265E-01  1.83253389E+00  9.14756940E-01  1.37666543E-01
 -7.56989848E+00  1.00000000E+00  5.99641616E+00 -6.48326164E-01  4.06977477E-01  1.83270903E+00  9.14803617E-01  1.37685812E-01
 -7.52030457E+00  1.00000000E+00  5.95851553E+00 -6.48484185E-01  4.06958481E-01  1.83288419E+00  9.14850308E-01  1.37705083E-01
 -7.47071066E+00  1.00000000E+00  5.92059674E+00 -6.48251437E-01  4.06974909E-01  1.83269518E+00  9.14765291E-01  1.37689483E-01
 -7.42111676E+00  1.00000000E+00  5.88267795E+00 -6.48018713E-01  4.06991346E-01  1.83250621E+00  9.14680309E-01  1.37673885E-01
 -7.37152285E+00  1.00000000E+00  5.84480081E+00 -6.48090126E-01  4.06986603E-01  1.83251641E+00  9.14718992E-01  1.37669613E-01
 -7.32192894E+00  1.00000000E+00  5.80692366E+00 -6.48161540E-01  4.06983211E-01  1.83252662E+00  9.14757679E-01  1.37665341E-01
 -7.27233503E+00  1.00000000E+00  5.76901978E+00 -6.48317770E-01  4.06977006E-01  1.83270015E+00  9.14797460E-01  1.37685403E-01
 -7.22274112E+00  1.00000000E+00  5.73111591E+00 -6.48474013E-01  4.06960585E-01  1.83287370E+00  9.14837257E-01  1.37705467E-01
 -7.17314721E+00  1.00000000E+00  5.69320197E+00 -6.48212183E-01  4.06981386E-01  1.83267509E+00  9.14742779E-01  1.37689847E-01
 -7.12355330E+00  1.00000000E+00  5.65528803E+00 -6.47950382E-01  4.06993779E-01  1.83247655E+00  9.14648345E-01  1.37674231E-01
 -7.07395940E+00  1.00000000E+00  5.61740681E+00 -6.48057784E-01  4.06989718E-01  1.83249775E+00  9.14701552E-01  1.37669430E-01
 -7.02436549E+00  1.00000000E+00  5.57952558E+00 -6.48165188E-01  4.06984024E-01  1.83251897E+00  9.14754769E-01  1.37664630E-01
 -6.97477158E+00  1.00000000E+00  5.54162516E+00 -6.48323981E-01  4.06978222E-01  1.83269915E+00  9.14804241E-01  1.37684236E-01
 -6.92517767E+00  1.00000000E+00  5.50372473E+00 -6.48482789E-01  4.06955849E-01  1.83287935E+00  9.14853729E-01  1.37703843E-01
 -6.87558376E+00  1.00000000E+00  5.46580634E+00 -6.48230527E-01  4.06973013E-01  1.83267476E+00  9.14758283E-01  1.37687472E-01
 -6.82598985E+00  1.00000000E+00  5.42788795E+00 -6.47978295E-01  4.06991915E-01  1.83247024E+00  9.14662878E-01  1.37671104E-01
 -6.77639594E+00  1.00000000E+00  5.39001245E+00 -6.48050529E-01  4.06991685E-01  1.83249619E+00  9.14697945E-01  1.37669737E-01
 -6.72680204E+00  1.00000000E+00  5.35213694E+00 -6.48122764E-01  4.06991425E-01  1.83252215E+00  9.14733016E-01  1.37668370E-01
 -6.67720813E+00  1.00000000E+00  5.31422849E+00 -6.48293592E-01  4.06982804E-01  1.83269345E+00  9.14788213E-01  1.37685786E-01
 -6.62761422E+00  1.00000000E+00  5.27632004E+00 -6.48464436E-01  4.06957151E-01  1.83286478E+00  9.14843429E-01  1.37703203E-01
 -6.57802031E+00  1.00000000E+00  5.23840961E+00 -6.48198746E-01  4.06975251E-01  1.83265666E+00  9.14744744E-01  1.37686787E-01
 -6.52842640E+00  1.00000000E+00  5.20049919E+00 -6.47933088E-01  4.06990103E-01  1.83244860E+00  9.14646105E-01  1.37670374E-01
 -6.47883249E+00  1.00000000E+00  5.16262099E+00 -6.48044175E-01  4.06988634E-01  1.83248022E+00  9.14699046E-01  1.37667176E-01
 -6.42923858E+00  1.00000000E+00  5.12474279E+00 -6.48155266E-01  4.06985715E-01  1.83251185E+00  9.14751995E-01  1.37663978E-01
 -6.37964468E+00  1.00000000E+00  5.08684226E+00 -6.48324538E-01  4.06979644E-01  1.83270191E+00  9.14804938E-01  1.37684546E-01
 -6.33005077E+00  1.00000000E+00  5.04894173E+00 -6.48493827E-01  4.06957195E-01  1.83289201E+00  9.14857898E-01  1.37705117E-01
 -6.28045686E+00  1.00000000E+00  5.01101657E+00 -6.48232701E-01  4.06975725E-01  1.83267500E+00  9.14758972E-01  1.37687404E-01
 -6.23086295E+00  1.00000000E+00  4.97309142E+00 -6.47971609E-01  4.06993902E-01  1.83245805E+00  9.14660089E-01  1.37669694E-01
 -6.18126904E+00  1.00000000E+00  4.93522338E+00 -6.48049818E-01  4.06992287E-01  1.83250074E+00  9.14695972E-01  1.37670715E-01
 -6.13167513E+00  1.00000000E+00  4.89735534E+00 -6.48128028E-01  4.06990371E-01  1.83254344E+00  9.14731859E-01  1.37671737E-01
 -6.08208123E+00  1.00000000E+00  4.85944923E+00 -6.48254622E-01  4.06984187E-01  1.83264905E+00  9.14778169E-01  1.37680633E-01
 -6.03248732E+00  1.00000000E+00  4.82154312E+00 -6.48381223E-01  4.06969855E-01  1.83275468E+00  9.14824490E-01  1.37689529E-01
 -5.98289341E+00  1.00000000E+00  4.78362346E+00 -6.48193375E-01  4.06977609E-01  1.83262197E+00  9.14752695E-01  1.37680391E-01
 -5.93329950E+00  1.00000000E+00  4.74570379E+00 -6.48005542E-01  4.06986051E-01  1.83248928E+00  9.14680922E-01  1.37671254E-01
 -5.88370559E+00  1.00000000E+00  4.70783031E+00 -6.48091802E-01  4.06982411E-01  1.83251512E+00  9.14720919E-01  1.37669131E-01
 -5.83411168E+00  1.00000000E+00  4.66995682E+00 -6.48178063E-01  4.06978930E-01  1.83254097E+00  9.14760921E-01  1.37667008E-01
 -5.78451777E+00  1.00000000E+00  4.63205537E+00 -6.48330028E-01  4.06976984E-01  1.83271087E+00  9.14805382E-01  1.37685823E-01
 -5.73492387E+00  1.00000000E+00  4.59415392E+00 -6.48482007E-01  4.06959429E-01  1.83288078E+00  9.14849857E-01  1.37704639E-01
 -5.68532996E+00  1.00000000E+00  4.55623631E+00 -6.48250088E-01  4.06974405E-01  1.83269101E+00  9.14765368E-01  1.37688846E-01
 -5.63573605E+00  1.00000000E+00  4.51831871E+00 -6.48018194E-01  4.06990760E-01  1.83250129E+00  9.14680913E-01  1.37673056E-01
 -5.58614214E+00  1.00000000E+00  4.48044192E+00 -6.48088435E-01  4.06987076E-01  1.83251356E+00  9.14718218E-01  1.37669301E-01
 -5.53654823E+00  1.00000000E+00  4.44256513E+00 -6.48158678E-01  4.06984524E-01  1.83252583E+00  9.14755527E-01  1.37665546E-01
 -5.48695432E+00  1.00000000E+00  4.40466085E+00 -6.48322519E-01  4.06978154E-01  1.83270374E+00  9.14800352E-01  1.37685508E-01
 -5.43736041E+00  1.00000000E+00  4.36675657E+00 -6.48486374E-01  4.06960304E-01  1.83288167E+00  9.14845194E-01  1.37705471E-01
 -5.38776651E+00  1.00000000E+00  4.32884034E+00 -6.48220653E-01  4.06978754E-01  1.83267809E+00  9.14749246E-01  1.37689326E-01
 -5.33817260E+00  1.00000000E+00  4.29092411E+00 -6.47954962E-01  4.06990944E-01  1.83247457E+00  9.14653344E-01  1.37673184E-01
 -5.28857869E+00  1.00000000E+00  4.25304420E+00 -6.48062450E-01  4.06987060E-01  1.83249723E+00  9.14705730E-01  1.37668725E-01
 -5.23898478E+00  1.00000000E+00  4.21516430E+00 -6.48169940E-01  4.06981961E-01  1.83251991E+00  9.14758124E-01  1.37664267E-01
 -5.18939087E+00  1.00000000E+00  4.17726441E+00 -6.48326158E-01  4.06977201E-01  1.83269882E+00  9.14805508E-01  1.37683997E-01
 -5.13979696E+00  1.00000000E+00  4.13936452E+00 -6.48482391E-01  4.06956084E-01  1.83287777E+00  9.14852906E-01  1.37703729E-01
 -5.09020305E+00  1.00000000E+00  4.10144716E+00 -6.48248735E-01  4.06971504E-01  1.83268568E+00  9.14767113E-01  1.37687784E-01
 -5.04060915E+00  1.00000000E+00  4.06352981E+00 -6.48015104E-01  4.06988523E-01  1.83249364E+00  9.14681354E-01  1.37671842E-01
 -4.99101524E+00  1.00000000E+00  4.02565450E+00 -6.48086047E-01  4.06985411E-01  1.83250788E+00  9.14718440E-01  1.37668417E-01
 -4.94142133E+00  1.00000000E+00  3.98777920E+00 -6.48156991E-01  4.06983502E-01  1.83252214E+00  9.14755529E-01  1.37664991E-01
 -4.89182742E+00  1.00000000E+00  3.94987416E+00 -6.48322881E-01  4.06977864E-01  1.83270290E+00  9.14800808E-01  1.37685314E-01
 -4.84223351E+00  1.00000000E+00  3.91196913E+00 -6.48488785E-01  4.06960466E-01  1.83288370E+00  9.14846104E-01  1.37705639E-01
 -4.79263960E+00  1.00000000E+00  3.87405455E+00 -6.48220342E-01  4.06978168E-01  1.83267623E+00  9.14749497E-01  1.37689010E-01
 -4.74304569E+00  1.00000000E+00  3.83613996E+00 -6.47951931E-01  4.06990284E-01  1.83246882E+00  9.14652936E-01  1.37672383E-01
 -4.69345179E+00  1.00000000E+00  3.79825730E+00 -6.48058539E-01  4.06985908E-01  1.83248974E+00  9.14705197E-01  1.37667681E-01
 -4.64385788E+00  1.00000000E+00  3.76037464E+00 -6.48165149E-01  4.06979332E-01  1.83251066E+00  9.14757466E-01  1.37662979E-01
 -4.59426397E+00  1.00000000E+00  3.72248909E+00 -6.48350891E-01  4.06972454E-01  1.83270440E+00  9.14822814E-01  1.37682238E-01
 -4.54467006E+00  1.00000000E+00  3.68460354E+00 -6.48536654E-01  4.06946090E-01  1.83289818E+00  9.14888184E-01  1.37701500E-01
 -4.49507615E+00  1.00000000E+00  3.64668553E+00 -6.48583901E-01  4.06944031E-01  1.83296011E+00  9.14895166E-01  1.37709742E-01
 -4.44548224E+00  1.00000000E+00  3.60876752E+00 -6.48631150E-01  4.06936200E-01  1.83302204E+00  9.14902150E-01  1.37717984E-01
 -4.39588833E+00  1.00000000E+00  3.57085933E+00 -6.48276612E-01  4.06955911E-01  1.83272940E+00  9.14774983E-01  1.37693162E-01
 -4.34629443E+00  1.00000000E+00  3.53295113E+00 -6.47922131E-01  4.06979319E-01  1.83243687E+00  9.14647897E-01  1.37668346E-01
 -4.29670052E+00  1.00000000E+00  3.49507551E+00 -6.48193794E-01  4.06975882E-01  1.83267511E+00  9.14742792E-01  1.37689847E-01
 -4.24710661E+00  1.00000000E+00  3.45719990E+00 -6.48465492E-01  4.06959263E-01  1.83291342E+00  9.14837734E-01  1.37711352E-01
 -4.19751270E+00  1.00000000E+00  3.41926842E+00 -6.48201469E-01  4.06974904E-01  1.83266942E+00  9.14744945E-01  1.37688671E-01
 -4.14791879E+00  1.00000000E+00  3.38133694E+00 -6.47937482E-01  4.06992622E-01  1.83242549E+00  9.14652200E-01  1.37665993E-01
 -4.09832488E+00  1.00000000E+00  3.34345480E+00 -6.47943328E-01  4.07000997E-01  1.83242264E+00  9.14656233E-01  1.37664960E-01
 -4.04873097E+00  1.00000000E+00  3.30557266E+00 -6.47949174E-01  4.07005277E-01  1.83241978E+00  9.14660266E-01  1.37663927E-01
 -3.99913707E+00  1.00000000E+00  3.26768657E+00 -6.48032886E-01  4.06999465E-01  1.83246013E+00  9.14702554E-01  1.37663636E-01
 -3.94954316E+00  1.00000000E+00  3.22980049E+00 -6.48116602E-01  4.06987175E-01  1.83250048E+00  9.14744847E-01  1.37663345E-01
 -3.89994925E+00  1.00000000E+00  3.19190680E+00 -6.48410805E-01  4.06970491E-01  1.83279826E+00  9.14835454E-01  1.37694421E-01
 -3.85035534E+00  1.00000000E+00  3.15401312E+00 -6.48705055E-01  4.06939010E-01  1.83309612E+00  9.14926115E-01  1.37725501E-01
 -3.80076143E+00  1.00000000E+00  3.11607818E+00 -6.48383654E-01  4.06958986E-01  1.83283788E+00  9.14806629E-01  1.37704687E-01
 -3.75116752E+00  1.00000000E+00  3.07814324E+00 -6.48062302E-01  4.06976291E-01  1.83257973E+00  9.14687210E-01  1.37683878E-01
 -3.70157361E+00  1.00000000E+00  3.04028085E+00 -6.48256967E-01  4.06969823E-01  1.83273484E+00  9.14759102E-01  1.37696361E-01
 -3.65197971E+00  1.00000000E+00  3.00241847E+00 -6.48451650E-01  4.06963230E-01  1.83288999E+00  9.14831019E-01  1.37708845E-01
 -3.60238580E+00  1.00000000E+00  2.96448976E+00 -6.48425304E-01  4.06954193E-01  1.83279137E+00  9.14833813E-01  1.37693634E-01
 -3.55279189E+00  1.00000000E+00  2.92656105E+00 -6.48398958E-01  4.06953846E-01  1.83269276E+00  9.14836608E-01  1.37678423E-01
 -3.50319798E+00  1.00000000E+00  2.88867860E+00 -6.48261424E-01  4.06968416E-01  1.83263229E+00  9.14779069E-01  1.37677984E-01
 -3.45360407E+00  1.00000000E+00  2.85079614E+00 -6.48123896E-01  4.06980595E-01  1.83257184E+00  9.14721544E-01  1.37677545E-01
 -3.40401016E+00  1.00000000E+00  2.81290482E+00 -6.48353787E-01  4.06972201E-01  1.83278012E+00  9.14803879E-01  1.37696436E-01
 -3.35441626E+00  1.00000000E+00  2.77501349E+00 -6.48583705E-01  4.06947202E-01  1.83298845E+00  9.14886247E-01  1.37715330E-01
 -3.30482235E+00  1.00000000E+00  2.73709544E+00 -6.48290559E-01  4.06964853E-01  1.83275403E+00  9.14775236E-01  1.37696819E-01
 -3.25522844E+00  1.00000000E+00  2.69917738E+00 -6.47997454E-01  4.06984479E-01  1.83251969E+00  9.14664280E-01  1.37678311E-01
 -3.20563453E+00  1.00000000E+00  2.66127512E+00 -6.48053101E-01  4.06985379E-01  1.83249824E+00  9.14693945E-01  1.37670645E-01
 -3.15604062E+00  1.00000000E+00  2.62337285E+00 -6.48108748E-01  4.06990586E-01  1.83247681E+00  9.14723612E-01  1.37662979E-01
 -3.10644671E+00  1.00000000E+00  2.58548927E+00 -6.48041074E-01  4.06999481E-01  1.83246299E+00  9.14699010E-01  1.37664597E-01
 -3.05685280E+00  1.00000000E+00  2.54760568E+00 -6.47973402E-01  4.06996673E-01  1.83244918E+00  9.14674411E-01  1.37666215E-01
 -3.00725890E+00  1.00000000E+00  2.50970929E+00 -6.48213017E-01  4.06983757E-01  1.83265321E+00  9.14762364E-01  1.37683627E-01
 -2.95766499E+00  1.00000000E+00  2.47181289E+00 -6.48452660E-01  4.06953007E-01  1.83285730E+00  9.14850354E-01  1.37701041E-01
 -2.90807108E+00  1.00000000E+00  2.43390348E+00 -6.48204801E-01  4.06965805E-01  1.83266604E+00  9.14756930E-01  1.37686366E-01
 -2.85847717E+00  1.00000000E+00  2.39599406E+00 -6.47956970E-01  4.06982084E-01  1.83247483E+00  9.14663546E-01  1.37671693E-01
 -2.80888326E+00  1.00000000E+00  2.35812523E+00 -6.48369583E-01  4.06965202E-01  1.83281167E+00  9.14816598E-01  1.37699261E-01
 -2.75928935E+00  1.00000000E+00  2.32025640E+00 -6.48782275E-01  4.06928067E-01  1.83314867E+00  9.14969757E-01  1.37726837E-01
 -2.70969544E+00  1.00000000E+00  2.28232012E+00 -6.48575390E-01  4.06936026E-01  1.83298223E+00  9.14881426E-01  1.37715121E-01
 -2.66010154E+00  1.00000000E+00  2.24438383E+00 -6.48368526E-01  4.06949083E-01  1.83281584E+00  9.14793123E-01  1.37703407E-01
 -2.61050763E+00  1.00000000E+00  2.20649200E+00 -6.48215566E-01  4.06966878E-01  1.83266711E+00  9.14746538E-01  1.37688086E-01
 -2.56091372E+00  1.00000000E+00  2.16860016E+00 -6.48062618E-01  4.06983975E-01  1.83251841E+00  9.14699967E-01  1.37672766E-01
 -2.51131981E+00  1.00000000E+00  2.13070614E+00 -6.48087646E-01  4.06985613E-01  1.83251020E+00  9.14716007E-01  1.37669130E-01
 -2.46172590E+00  1.00000000E+00  2.09281213E+00 -6.48112675E-01  4.06983655E-01  1.83250200E+00  9.14732047E-01  1.37665493E-01
 -2.41213199E+00  1.00000000E+00  2.05492308E+00 -6.48327505E-01  4.06978259E-01  1.83271539E+00  9.14804331E-01  1.37686659E-01
 -2.36253808E+00  1.00000000E+00  2.01703403E+00 -6.48542361E-01  4.06955118E-01  1.83292883E+00  9.14876643E-01  1.37707828E-01
 -2.31294418E+00  1.00000000E+00  1.97911520E+00 -6.48272957E-01  4.06967376E-01  1.83271038E+00  9.14775179E-01  1.37690281E-01
 -2.26335027E+00  1.00000000E+00  1.94119638E+00 -6.48003588E-01  4.06985532E-01  1.83249200E+00  9.14673761E-01  1.37672737E-01
 -2.21375636E+00  1.00000000E+00  1.90330217E+00 -6.48053770E-01  4.06984616E-01  1.83248230E+00  9.14704274E-01  1.37666703E-01
 -2.16416245E+00  1.00000000E+00  1.86540797E+00 -6.48103951E-01  4.06982916E-01  1.83247259E+00  9.14734789E-01  1.37660670E-01
 -2.11456854E+00  1.00000000E+00  1.82751952E+00 -6.48150732E-01  4.06980752E-01  1.83255510E+00  9.14742151E-01  1.37671942E-01
 -2.06497463E+00  1.00000000E+00  1.78963106E+00 -6.48197515E-01  4.06971001E-01  1.83263761E+00  9.14749514E-01  1.37683214E-01
 -2.01538072E+00  1.00000000E+00  1.75172360E+00 -6.48211347E-01  4.06959006E-01  1.83258312E+00  9.14767216E-01  1.37672386E-01
 -1.96578682E+00  1.00000000E+00  1.71381613E+00 -6.48225178E-01  4.06954775E-01  1.83252864E+00  9.14784918E-01  1.37661558E-01
 -1.91619291E+00  1.00000000E+00  1.67593005E+00 -6.48208412E-01  4.06958181E-01  1.83257629E+00  9.14773296E-01  1.37670449E-01
 -1.86659900E+00  1.00000000E+00  1.63804397E+00 -6.48191646E-01  4.06948523E-01  1.83262395E+00  9.14761675E-01  1.37679341E-01
 -1.81700509E+00  1.00000000E+00  1.60012960E+00 -6.48207626E-01  4.06930086E-01  1.83253238E+00  9.14785098E-01  1.37662093E-01
 -1.76741118E+00  1.00000000E+00  1.56221523E+00 -6.48223605E-01  4.06923106E-01  1.83244083E+00  9.14808521E-01  1.37644846E-01
 -1.71781727E+00  1.00000000E+00  1.52434291E+00 -6.48147808E-01  4.06921532E-01  1.83242977E+00  9.14776177E-01  1.37648040E-01
 -1.66822336E+00  1.00000000E+00  1.48647060E+00 -6.48072011E-01  4.06909277E-01  1.83241873E+00  9.14743837E-01  1.37651233E-01
 -1.61862946E+00  1.00000000E+00  1.44857736E+00 -6.48092990E-01  4.06885678E-01  1.83231052E+00  9.14780614E-01  1.37629487E-01
 -1.56903555E+00  1.00000000E+00  1.41068413E+00 -6.48113969E-01  4.06864526E-01  1.83220233E+00  9.14817392E-01  1.37607741E-01
 -1.51944164E+00  1.00000000E+00  1.37284567E+00 -6.48190060E-01  4.06838037E-01  1.83228361E+00  9.14855083E-01  1.37614279E-01
 -1.46984773E+00  1.00000000E+00  1.33500721E+00 -6.48266155E-01  4.06794147E-01  1.83236489E+00  9.14892777E-01  1.37620816E-01
 -1.42025382E+00  1.00000000E+00  1.29710969E+00 -6.48027554E-01  4.06765649E-01  1.83208568E+00  9.14828211E-01  1.37588620E-01
 -1.37065991E+00  1.00000000E+00  1.25921217E+00 -6.47788987E-01  4.06747018E-01  1.83180653E+00  9.14763679E-01  1.37556428E-01
 -1.32106600E+00  1.00000000E+00  1.22142558E+00 -6.48126061E-01  4.06711577E-01  1.83198419E+00  9.14916134E-01  1.37560209E-01
 -1.27147210E+00  1.00000000E+00  1.18363899E+00 -6.48463177E-01  4.06647367E-01  1.83216195E+00  9.15068665E-01  1.37563993E-01
 -1.22187819E+00  1.00000000E+00  1.14584601E+00 -6.48075884E-01  4.06622732E-01  1.83181575E+00  9.14940145E-01  1.37531341E-01
 -1.17228428E+00  1.00000000E+00  1.10805303E+00 -6.47688662E-01  4.06606602E-01  1.83146970E+00  9.14811719E-01  1.37498696E-01
 -1.12269037E+00  1.00000000E+00  1.07036841E+00 -6.47714888E-01  4.06581436E-01  1.83135664E+00  9.14852637E-01  1.37475600E-01
 -1.07309646E+00  1.00000000E+00  1.03268379E+00 -6.47741113E-01  4.06554921E-01  1.83124359E+00  9.14893556E-01  1.37452505E-01
 -1.02350255E+00  1.00000000E+00  9.95108957E-01 -6.47740635E-01  4.06550185E-01  1.83122530E+00  9.14919072E-01  1.37445935E-01
 -9.73908645E-01  1.00000000E+00  9.57534125E-01 -6.47740156E-01  4.06559322E-01  1.83120702E+00  9.14944589E-01  1.37439364E-01
 -9.24314736E-01  1.00000000E+00  9.20102734E-01 -6.47780957E-01  4.06626028E-01  1.83150260E+00  9.14851245E-01  1.37497704E-01
 -8.74720828E-01  1.00000000E+00  8.82671343E-01 -6.47821764E-01  4.06709843E-01  1.83179824E+00  9.14757914E-01  1.37556048E-01
 -8.25312107E-01  1.00000000E+00  8.45632451E-01 -6.48032488E-01  4.06909516E-01  1.83240733E+00  9.14729696E-01  1.37651645E-01
 -7.75903387E-01  1.00000000E+00  8.08593559E-01 -6.48243268E-01  4.07157355E-01  1.83301662E+00  9.14701507E-01  1.37747267E-01
 -7.30665613E-01  1.00000000E+00  7.75013024E-01 -6.48822332E-01  4.07626964E-01  1.83444810E+00  9.14599299E-01  1.37977320E-01
 -6.85427839E-01  1.00000000E+00  7.41432488E-01 -6.49401742E-01  4.08136080E-01  1.83588072E+00  9.14497354E-01  1.38207505E-01
 -6.45465100E-01  1.00000000E+00  7.12153785E-01 -6.50099604E-01  4.08889125E-01  1.83820735E+00  9.14174205E-01  1.38604972E-01
 -6.05502361E-01  1.00000000E+00  6.82875082E-01 -6.50798145E-01  4.09746661E-01  1.84053691E+00  9.13851600E-01  1.39002796E-01
 -5.70199545E-01  1.00000000E+00  6.57355061E-01 -6.51932470E-01  4.10840976E-01  1.84398746E+00  9.13489114E-01  1.39574752E-01
 -5.34896729E-01  1.00000000E+00  6.31835040E-01 -6.53068443E-01  4.12097518E-01  1.84744446E+00  9.13127791E-01  1.40147501E-01
 -5.03710456E-01  1.00000000E+00  6.09567185E-01 -6.54898402E-01  4.13645467E-01  1.85260957E+00  9.12671200E-01  1.40990755E-01
 -4.72524184E-01  1.00000000E+00  5.87299329E-01 -6.56732327E-01  4.15388883E-01  1.85778914E+00  9.12217384E-01  1.41835763E-01
 -4.44974441E-01  1.00000000E+00  5.68276620E-01 -6.59291351E-01  4.17541254E-01  1.86490801E+00  9.11626832E-01  1.42992176E-01
 -4.17424698E-01  1.00000000E+00  5.49253911E-01 -6.61857992E-01  4.19981154E-01  1.87205425E+00  9.11041569E-01  1.44151902E-01
 -3.93087440E-01  1.00000000E+00  5.32815169E-01 -6.64760642E-01  4.22467442E-01  1.88001980E+00  9.10489186E-01  1.45429592E-01
 -3.68750182E-01  1.00000000E+00  5.16376427E-01 -6.67672991E-01  4.25431872E-01  1.88801940E+00  9.09943181E-01  1.46711434E-01
 -3.47250809E-01  1.00000000E+00  5.02243711E-01 -6.70862194E-01  4.28804979E-01  1.89894046E+00  9.08458291E-01  1.48572326E-01
 -3.25751437E-01  1.00000000E+00  4.88110996E-01 -6.74065692E-01  4.32580640E-01  1.90992415E+00  9.06984721E-01  1.50440914E-01
 -3.06759035E-01  1.00000000E+00  4.76071385E-01 -6.78765141E-01  4.36568545E-01  1.92294324E+00  9.06129674E-01  1.52522035E-01
 -2.87766633E-01  1.00000000E+00  4.64031775E-01 -6.83489865E-01  4.40964789E-01  1.93605142E+00  9.05290988E-01  1.54614065E-01
 -2.70988873E-01  1.00000000E+00  4.53946926E-01 -6.88107859E-01  4.45871365E-01  1.95142422E+00  9.03486720E-01  1.57190625E-01
 -2.54211113E-01  1.00000000E+00  4.43862078E-01 -6.92754476E-01  4.51116500E-01  1.96691813E+00  9.01703509E-01  1.59782193E-01
 -2.39389755E-01  1.00000000E+00  4.35515369E-01 -6.98412624E-01  4.56735436E-01  1.98467591E+00  9.00085469E-01  1.62688565E-01
 -2.24568396E-01  1.00000000E+00  4.27168660E-01 -7.04111018E-01  4.62761817E-01  2.00259313E+00  8.98494243E-01  1.65614833E-01
 -2.11472015E-01  1.00000000E+00  4.20271725E-01 -7.10466866E-01  4.69207829E-01  2.02332941E+00  8.96540907E-01  1.69018275E-01
 -1.98375634E-01  1.00000000E+00  4.13374789E-01 -7.16874789E-01  4.76095059E-01  2.04427891E+00  8.94622077E-01  1.72448526E-01
 -1.85977157E-01  1.00000000E+00  4.07622891E-01 -7.25235275E-01  4.84153895E-01  2.07029418E+00  8.92697558E-01  1.76639494E-01
 -1.73578680E-01  1.00000000E+00  4.01870993E-01 -7.33680661E-01  4.92745496E-01  2.09663894E+00  8.90825882E-01  1.80871958E-01
 -1.61180203E-01  1.00000000E+00  3.97008258E-01 -7.42322351E-01  5.03363621E-01  2.12962903E+00  8.86995916E-01  1.86394967E-01
 -1.48781726E-01  1.00000000E+00  3.92145524E-01 -7.51073185E-01  5.14772853E-01  2.16313396E+00  8.83242396E-01  1.91983734E-01
 -1.36383248E-01  1.00000000E+00  3.89197055E-01 -7.64649042E-01  5.29033259E-01  2.21053127E+00  8.79422511E-01  1.99666314E-01
 -1.23984771E-01  1.00000000E+00  3.86248586E-01 -7.78465258E-01  5.44708337E-01  2.25895885E+00  8.75746612E-01  2.07481836E-01
 -1.11586294E-01  1.00000000E+00  3.82186159E-01 -7.94452487E-01  5.65721601E-01  2.31897921E+00  8.70570305E-01  2.17261336E-01
 -9.91878171E-02  1.00000000E+00  3.78123731E-01 -8.10785635E-01  5.87993656E-01  2.38058160E+00  8.65602936E-01  2.27246799E-01
 -8.67893400E-02  1.00000000E+00  3.94954739E-01 -8.29552516E-01  6.20056264E-01  2.51336007E+00  8.44328660E-01  2.50354711E-01
 -7.43908628E-02  1.00000000E+00  4.11785747E-01 -8.49281643E-01  6.61850559E-01  2.65375219E+00  8.23955646E-01  2.74469482E-01
 -6.19923857E-02  1.00000000E+00  3.67064494E-01 -8.61447393E-01  7.16841211E-01  2.72351064E+00  8.16422499E-01  2.86063221E-01
 -4.95939085E-02  1.00000000E+00  3.22343240E-01 -8.73887801E-01  7.61719754E-01  2.79512093E+00  8.09070745E-01  2.97907527E-01
 -3.71954314E-02  1.00000000E+00  6.43520932E-01 -1.07091028E+00  8.68829848E-01  3.40775849E+00  8.15530908E-01  3.88834137E-01
 -2.47969543E-02  1.00000000E+00  9.64698623E-01 -1.30575660E+00  1.10215628E+00  4.15511764E+00  8.38454517E-01  4.97499469E-01
 -1.23984771E-02  1.00000000E+00  9.86180418E-04 -1.39347766E-01  1.78651697E+00  4.72455601E+00  4.01143129E-01  6.48511932E-01
  0.00000000E+00  1.00000000E+00 -9.62726262E-01  1.27892105E+00  3.31955545E+00  6.84099150E+00  5.28235486E-01  9.46913403E-01
