# curve 5 (die wall), step =      500, time =   2.00000000E+02
# N1 = tau_xx - tau_yy = G ( c_xx - c_yy ),  G =  2.0000E-01  (polymer part only)
#              x               y        pressure            c_xy        gammadot            c_xx            c_yy              N1
 -1.00000000E+01  1.00000000E+00  7.98089943E+00 -9.04015634E-01  4.07158477E-01  2.66154223E+00  9.59341968E-01  3.40440053E-01
 -9.95040609E+00  1.00000000E+00  7.94266305E+00 -9.03731006E-01  4.07174755E-01  2.66114167E+00  9.59253294E-01  3.40377675E-01
 -9.90081218E+00  1.00000000E+00  7.90442668E+00 -9.03446421E-01  4.07186085E-01  2.66074119E+00  9.59164656E-01  3.40315307E-01
 -9.85121827E+00  1.00000000E+00  7.86639619E+00 -9.03645662E-01  4.07184378E-01  2.66113006E+00  9.59221532E-01  3.40381705E-01
 -9.80162437E+00  1.00000000E+00  7.82836571E+00 -9.03844932E-01  4.07193733E-01  2.66151899E+00  9.59278423E-01  3.40448113E-01
 -9.75203046E+00  1.00000000E+00  7.79020403E+00 -9.03821296E-01  4.07168049E-01  2.66126695E+00  9.59282462E-01  3.40396898E-01
 -9.70243655E+00  1.00000000E+00  7.75204236E+00 -9.03797660E-01  4.07147179E-01  2.66101494E+00  9.59286502E-01  3.40345688E-01
 -9.65284264E+00  1.00000000E+00  7.71394707E+00 -9.03920989E-01  4.07155931E-01  2.66115967E+00  9.59362364E-01  3.40359460E-01
 -9.60324873E+00  1.00000000E+00  7.67585178E+00 -9.04044329E-01  4.07121398E-01  2.66130440E+00  9.59438234E-01  3.40373233E-01
 -9.55365482E+00  1.00000000E+00  7.63781994E+00 -9.04219747E-01  4.07093372E-01  2.66169638E+00  9.59475487E-01  3.40444179E-01
 -9.50406091E+00  1.00000000E+00  7.59978809E+00 -9.04395189E-01  4.07092440E-01  2.66208843E+00  9.59512751E-01  3.40515135E-01
 -9.45446701E+00  1.00000000E+00  7.56152304E+00 -9.04069283E-01  4.07062443E-01  2.66154865E+00  9.59413763E-01  3.40426977E-01
 -9.40487310E+00  1.00000000E+00  7.52325800E+00 -9.03743443E-01  4.07072610E-01  2.66100901E+00  9.59314820E-01  3.40338837E-01
 -9.35527919E+00  1.00000000E+00  7.48523410E+00 -9.04249987E-01  4.07089944E-01  2.66158728E+00  9.59473559E-01  3.40422744E-01
 -9.30568528E+00  1.00000000E+00  7.44721021E+00 -9.04756639E-01  4.07078897E-01  2.66216577E+00  9.59632414E-01  3.40506672E-01
 -9.25609137E+00  1.00000000E+00  7.40907429E+00 -9.04386279E-01  4.07081784E-01  2.66200176E+00  9.59476481E-01  3.40505057E-01
 -9.20649746E+00  1.00000000E+00  7.37093837E+00 -9.04015948E-01  4.07127606E-01  2.66183785E+00  9.59320618E-01  3.40503447E-01
 -9.15690355E+00  1.00000000E+00  7.33278993E+00 -9.04016639E-01  4.07113221E-01  2.66152251E+00  9.59352640E-01  3.40433974E-01
 -9.10730965E+00  1.00000000E+00  7.29464149E+00 -9.04017328E-01  4.07108614E-01  2.66120721E+00  9.59384664E-01  3.40364510E-01
 -9.05771574E+00  1.00000000E+00  7.25656111E+00 -9.04046866E-01  4.07146041E-01  2.66158541E+00  9.59340052E-01  3.40449072E-01
 -9.00812183E+00  1.00000000E+00  7.21848073E+00 -9.04076406E-01  4.07180213E-01  2.66196367E+00  9.59295443E-01  3.40533645E-01
 -8.95852792E+00  1.00000000E+00  7.18035964E+00 -9.04074931E-01  4.07160480E-01  2.66167849E+00  9.59339772E-01  3.40467743E-01
 -8.90893401E+00  1.00000000E+00  7.14223855E+00 -9.04073455E-01  4.07131279E-01  2.66139334E+00  9.59384102E-01  3.40401848E-01
 -8.85934010E+00  1.00000000E+00  7.10413391E+00 -9.04056772E-01  4.07152233E-01  2.66159490E+00  9.59359281E-01  3.40447124E-01
 -8.80974619E+00  1.00000000E+00  7.06602926E+00 -9.04040087E-01  4.07167150E-01  2.66179647E+00  9.59334460E-01  3.40492403E-01
 -8.76015229E+00  1.00000000E+00  7.02787550E+00 -9.03992728E-01  4.07138709E-01  2.66150182E+00  9.59330305E-01  3.40434303E-01
 -8.71055838E+00  1.00000000E+00  6.98972173E+00 -9.03945372E-01  4.07130812E-01  2.66120720E+00  9.59326149E-01  3.40376211E-01
 -8.66096447E+00  1.00000000E+00  6.95163479E+00 -9.03802059E-01  4.07160018E-01  2.66116022E+00  9.59278221E-01  3.40376400E-01
 -8.61137056E+00  1.00000000E+00  6.91354785E+00 -9.03658748E-01  4.07181863E-01  2.66111325E+00  9.59230302E-01  3.40376590E-01
 -8.56177665E+00  1.00000000E+00  6.87543259E+00 -9.03746739E-01  4.07169248E-01  2.66114472E+00  9.59267659E-01  3.40375412E-01
 -8.51218274E+00  1.00000000E+00  6.83731732E+00 -9.03834731E-01  4.07152904E-01  2.66117619E+00  9.59305019E-01  3.40374235E-01
 -8.46258884E+00  1.00000000E+00  6.79921547E+00 -9.04164686E-01  4.07143607E-01  2.66160434E+00  9.59420947E-01  3.40436679E-01
 -8.41299493E+00  1.00000000E+00  6.76111361E+00 -9.04494697E-01  4.07105486E-01  2.66203259E+00  9.59536923E-01  3.40499134E-01
 -8.36340102E+00  1.00000000E+00  6.72296328E+00 -9.04027042E-01  4.07109719E-01  2.66158267E+00  9.59360864E-01  3.40444360E-01
 -8.31380711E+00  1.00000000E+00  6.68481295E+00 -9.03559473E-01  4.07154362E-01  2.66113292E+00  9.59184909E-01  3.40389601E-01
 -8.26421320E+00  1.00000000E+00  6.64671630E+00 -9.03717239E-01  4.07147831E-01  2.66111944E+00  9.59259156E-01  3.40372057E-01
 -8.21461929E+00  1.00000000E+00  6.60861966E+00 -9.03875004E-01  4.07137962E-01  2.66110598E+00  9.59333417E-01  3.40354514E-01
 -8.16502538E+00  1.00000000E+00  6.57054281E+00 -9.04215584E-01  4.07139299E-01  2.66162455E+00  9.59448292E-01  3.40435251E-01
 -8.11543148E+00  1.00000000E+00  6.53246596E+00 -9.04556233E-01  4.07095233E-01  2.66214324E+00  9.59563217E-01  3.40516005E-01
 -8.06583757E+00  1.00000000E+00  6.49427929E+00 -9.04113426E-01  4.07098707E-01  2.66167281E+00  9.59394041E-01  3.40455754E-01
 -8.01624366E+00  1.00000000E+00  6.45609263E+00 -9.03670705E-01  4.07144572E-01  2.66120254E+00  9.59224954E-01  3.40395518E-01
 -7.96664975E+00  1.00000000E+00  6.41801308E+00 -9.03785214E-01  4.07137664E-01  2.66119701E+00  9.59283373E-01  3.40382728E-01
 -7.91705584E+00  1.00000000E+00  6.37993354E+00 -9.03899724E-01  4.07136274E-01  2.66119150E+00  9.59341799E-01  3.40369939E-01
 -7.86746193E+00  1.00000000E+00  6.34184100E+00 -9.04201235E-01  4.07143297E-01  2.66166762E+00  9.59418414E-01  3.40449841E-01
 -7.81786802E+00  1.00000000E+00  6.30374847E+00 -9.04502798E-01  4.07127407E-01  2.66214385E+00  9.59495068E-01  3.40529757E-01
 -7.76827412E+00  1.00000000E+00  6.26559739E+00 -9.04050592E-01  4.07129433E-01  2.66168190E+00  9.59342515E-01  3.40467877E-01
 -7.71868021E+00  1.00000000E+00  6.22744630E+00 -9.03598466E-01  4.07165039E-01  2.66122012E+00  9.59190058E-01  3.40406012E-01
 -7.66908630E+00  1.00000000E+00  6.18933704E+00 -9.03732306E-01  4.07153204E-01  2.66117063E+00  9.59252984E-01  3.40383530E-01
 -7.61949239E+00  1.00000000E+00  6.15122778E+00 -9.03866143E-01  4.07137421E-01  2.66112117E+00  9.59315921E-01  3.40361049E-01
 -7.56989848E+00  1.00000000E+00  6.11316010E+00 -9.04220411E-01  4.07140823E-01  2.66163823E+00  9.59443968E-01  3.40438853E-01
 -7.52030457E+00  1.00000000E+00  6.07509243E+00 -9.04574753E-01  4.07098163E-01  2.66215543E+00  9.59572069E-01  3.40516673E-01
 -7.47071066E+00  1.00000000E+00  6.03690088E+00 -9.04118307E-01  4.07099085E-01  2.66166540E+00  9.59398495E-01  3.40453382E-01
 -7.42111676E+00  1.00000000E+00  5.99870933E+00 -9.03661954E-01  4.07145812E-01  2.66117555E+00  9.59225017E-01  3.40390106E-01
 -7.37152285E+00  1.00000000E+00  5.96063115E+00 -9.03778041E-01  4.07138068E-01  2.66118437E+00  9.59281350E-01  3.40380605E-01
 -7.32192894E+00  1.00000000E+00  5.92255298E+00 -9.03894129E-01  4.07136315E-01  2.66119321E+00  9.59337690E-01  3.40371104E-01
 -7.27233503E+00  1.00000000E+00  5.88445845E+00 -9.04204939E-01  4.07143809E-01  2.66167465E+00  9.59420932E-01  3.40450743E-01
 -7.22274112E+00  1.00000000E+00  5.84636392E+00 -9.04515803E-01  4.07125890E-01  2.66215619E+00  9.59504216E-01  3.40530396E-01
 -7.17314721E+00  1.00000000E+00  5.80821131E+00 -9.04054562E-01  4.07125854E-01  2.66168200E+00  9.59347232E-01  3.40466954E-01
 -7.12355330E+00  1.00000000E+00  5.77005870E+00 -9.03593405E-01  4.07161692E-01  2.66120799E+00  9.59190347E-01  3.40403528E-01
 -7.07395940E+00  1.00000000E+00  5.73195221E+00 -9.03729046E-01  4.07150847E-01  2.66116266E+00  9.59253025E-01  3.40381927E-01
 -7.02436549E+00  1.00000000E+00  5.69384573E+00 -9.03864685E-01  4.07136732E-01  2.66111736E+00  9.59315714E-01  3.40360329E-01
 -6.97477158E+00  1.00000000E+00  5.65577828E+00 -9.04222655E-01  4.07140607E-01  2.66164079E+00  9.59445576E-01  3.40439044E-01
 -6.92517767E+00  1.00000000E+00  5.61771084E+00 -9.04580700E-01  4.07097204E-01  2.66216437E+00  9.59575495E-01  3.40517775E-01
 -6.87558376E+00  1.00000000E+00  5.57952042E+00 -9.04129033E-01  4.07097373E-01  2.66167267E+00  9.59406109E-01  3.40453313E-01
 -6.82598985E+00  1.00000000E+00  5.54132999E+00 -9.03677458E-01  4.07143488E-01  2.66118115E+00  9.59236817E-01  3.40388867E-01
 -6.77639594E+00  1.00000000E+00  5.50325078E+00 -9.03784724E-01  4.07133860E-01  2.66117644E+00  9.59288498E-01  3.40377589E-01
 -6.72680204E+00  1.00000000E+00  5.46517156E+00 -9.03891990E-01  4.07131774E-01  2.66117174E+00  9.59340185E-01  3.40366312E-01
 -6.67720813E+00  1.00000000E+00  5.42707729E+00 -9.04202822E-01  4.07142587E-01  2.66167012E+00  9.59418796E-01  3.40450264E-01
 -6.62761422E+00  1.00000000E+00  5.38898302E+00 -9.04513709E-01  4.07128891E-01  2.66216861E+00  9.59497448E-01  3.40534231E-01
 -6.57802031E+00  1.00000000E+00  5.35083019E+00 -9.04056260E-01  4.07127199E-01  2.66168939E+00  9.59345526E-01  3.40468773E-01
 -6.52842640E+00  1.00000000E+00  5.31267737E+00 -9.03598894E-01  4.07161500E-01  2.66121035E+00  9.59193701E-01  3.40403330E-01
 -6.47883249E+00  1.00000000E+00  5.27457014E+00 -9.03732385E-01  4.07150146E-01  2.66116260E+00  9.59255120E-01  3.40381496E-01
 -6.42923858E+00  1.00000000E+00  5.23646291E+00 -9.03865874E-01  4.07136109E-01  2.66111487E+00  9.59316550E-01  3.40359663E-01
 -6.37964468E+00  1.00000000E+00  5.19839473E+00 -9.04217969E-01  4.07140435E-01  2.66163805E+00  9.59441495E-01  3.40439311E-01
 -6.33005077E+00  1.00000000E+00  5.16032656E+00 -9.04570137E-01  4.07099361E-01  2.66216137E+00  9.59566492E-01  3.40518975E-01
 -6.28045686E+00  1.00000000E+00  5.12213570E+00 -9.04115414E-01  4.07100585E-01  2.66167127E+00  9.59394539E-01  3.40455347E-01
 -6.23086295E+00  1.00000000E+00  5.08394483E+00 -9.03660783E-01  4.07146972E-01  2.66118136E+00  9.59222681E-01  3.40391735E-01
 -6.18126904E+00  1.00000000E+00  5.04586587E+00 -9.03779441E-01  4.07138996E-01  2.66119120E+00  9.59280639E-01  3.40382113E-01
 -6.13167513E+00  1.00000000E+00  5.00778691E+00 -9.03898101E-01  4.07136685E-01  2.66120106E+00  9.59338605E-01  3.40372492E-01
 -6.08208123E+00  1.00000000E+00  4.96969219E+00 -9.04202708E-01  4.07143401E-01  2.66166845E+00  9.59420636E-01  3.40449563E-01
 -6.03248732E+00  1.00000000E+00  4.93159748E+00 -9.04507367E-01  4.07124598E-01  2.66213594E+00  9.59502707E-01  3.40526647E-01
 -5.98289341E+00  1.00000000E+00  4.89344599E+00 -9.04054502E-01  4.07125954E-01  2.66167828E+00  9.59347717E-01  3.40466114E-01
 -5.93329950E+00  1.00000000E+00  4.85529451E+00 -9.03601716E-01  4.07162689E-01  2.66122079E+00  9.59192822E-01  3.40405595E-01
 -5.88370559E+00  1.00000000E+00  4.81718450E+00 -9.03738707E-01  4.07151380E-01  2.66116926E+00  9.59259075E-01  3.40382038E-01
 -5.83411168E+00  1.00000000E+00  4.77907449E+00 -9.03875696E-01  4.07135539E-01  2.66111775E+00  9.59325339E-01  3.40358483E-01
 -5.78451777E+00  1.00000000E+00  4.74100907E+00 -9.04220918E-01  4.07135881E-01  2.66163182E+00  9.59446466E-01  3.40437071E-01
 -5.73492387E+00  1.00000000E+00  4.70294365E+00 -9.04566210E-01  4.07093102E-01  2.66214602E+00  9.59567644E-01  3.40515674E-01
 -5.68532996E+00  1.00000000E+00  4.66474769E+00 -9.04073500E-01  4.07102697E-01  2.66162903E+00  9.59374207E-01  3.40450964E-01
 -5.63573605E+00  1.00000000E+00  4.62655174E+00 -9.03580899E-01  4.07155820E-01  2.66111224E+00  9.59180883E-01  3.40386271E-01
 -5.58614214E+00  1.00000000E+00  4.58848013E+00 -9.03715397E-01  4.07152988E-01  2.66117576E+00  9.59242213E-01  3.40386709E-01
 -5.53654823E+00  1.00000000E+00  4.55040853E+00 -9.03849899E-01  4.07151450E-01  2.66123929E+00  9.59303553E-01  3.40387148E-01
 -5.48695432E+00  1.00000000E+00  4.51230326E+00 -9.04165424E-01  4.07148889E-01  2.66164550E+00  9.59412193E-01  3.40446660E-01
 -5.43736041E+00  1.00000000E+00  4.47419799E+00 -9.04480999E-01  4.07112233E-01  2.66205179E+00  9.59520878E-01  3.40506183E-01
 -5.38776651E+00  1.00000000E+00  4.43605027E+00 -9.04020392E-01  4.07116446E-01  2.66160092E+00  9.59350409E-01  3.40450103E-01
 -5.33817260E+00  1.00000000E+00  4.39790254E+00 -9.03559869E-01  4.07159431E-01  2.66115022E+00  9.59180039E-01  3.40394036E-01
 -5.28857869E+00  1.00000000E+00  4.35980538E+00 -9.03716305E-01  4.07151780E-01  2.66113015E+00  9.59255329E-01  3.40374964E-01
 -5.23898478E+00  1.00000000E+00  4.32170822E+00 -9.03872740E-01  4.07140716E-01  2.66111010E+00  9.59330632E-01  3.40355894E-01
 -5.18939087E+00  1.00000000E+00  4.28363173E+00 -9.04210076E-01  4.07142072E-01  2.66164041E+00  9.59439966E-01  3.40440090E-01
 -5.13979696E+00  1.00000000E+00  4.24555524E+00 -9.04547480E-01  4.07102191E-01  2.66217086E+00  9.59549349E-01  3.40524303E-01
 -5.09020305E+00  1.00000000E+00  4.20734679E+00 -9.04060252E-01  4.07115781E-01  2.66162748E+00  9.59363122E-01  3.40452871E-01
 -5.04060915E+00  1.00000000E+00  4.16913834E+00 -9.03573134E-01  4.07162354E-01  2.66108429E+00  9.59177004E-01  3.40381458E-01
 -4.99101524E+00  1.00000000E+00  4.13109850E+00 -9.03728093E-01  4.07152086E-01  2.66118624E+00  9.59251290E-01  3.40386990E-01
 -4.94142133E+00  1.00000000E+00  4.09305867E+00 -9.03883060E-01  4.07149199E-01  2.66128820E+00  9.59325589E-01  3.40392522E-01
 -4.89182742E+00  1.00000000E+00  4.05494397E+00 -9.04104228E-01  4.07141796E-01  2.66153566E+00  9.59402851E-01  3.40426561E-01
 -4.84223351E+00  1.00000000E+00  4.01682927E+00 -9.04325417E-01  4.07119666E-01  2.66178315E+00  9.59480135E-01  3.40460604E-01
 -4.79263960E+00  1.00000000E+00  3.97866868E+00 -9.04004474E-01  4.07113417E-01  2.66147182E+00  9.59366121E-01  3.40421140E-01
 -4.74304569E+00  1.00000000E+00  3.94050808E+00 -9.03683570E-01  4.07139092E-01  2.66116057E+00  9.59252155E-01  3.40381683E-01
 -4.69345179E+00  1.00000000E+00  3.90240871E+00 -9.03791237E-01  4.07128557E-01  2.66116044E+00  9.59294801E-01  3.40373127E-01
 -4.64385788E+00  1.00000000E+00  3.86430934E+00 -9.03898903E-01  4.07117196E-01  2.66116031E+00  9.59337453E-01  3.40364572E-01
 -4.59426397E+00  1.00000000E+00  3.82625729E+00 -9.04290438E-01  4.07126432E-01  2.66167312E+00  9.59487825E-01  3.40437059E-01
 -4.54467006E+00  1.00000000E+00  3.78820523E+00 -9.04682056E-01  4.07087606E-01  2.66218607E+00  9.59638265E-01  3.40509561E-01
 -4.49507615E+00  1.00000000E+00  3.75007431E+00 -9.04728522E-01  4.07072689E-01  2.66236002E+00  9.59619349E-01  3.40548135E-01
 -4.44548224E+00  1.00000000E+00  3.71194338E+00 -9.04774991E-01  4.07080474E-01  2.66253399E+00  9.59600435E-01  3.40586711E-01
 -4.39588833E+00  1.00000000E+00  3.67375416E+00 -9.04089341E-01  4.07068101E-01  2.66170442E+00  9.59371815E-01  3.40466522E-01
 -4.34629443E+00  1.00000000E+00  3.63556493E+00 -9.03403911E-01  4.07098244E-01  2.66087528E+00  9.59143406E-01  3.40346375E-01
 -4.29670052E+00  1.00000000E+00  3.59749845E+00 -9.03908985E-01  4.07124382E-01  2.66146312E+00  9.59318013E-01  3.40429021E-01
 -4.24710661E+00  1.00000000E+00  3.55943197E+00 -9.04414175E-01  4.07128010E-01  2.66205118E+00  9.59492736E-01  3.40511689E-01
 -4.19751270E+00  1.00000000E+00  3.52126804E+00 -9.03898496E-01  4.07120681E-01  2.66150450E+00  9.59294946E-01  3.40441911E-01
 -4.14791879E+00  1.00000000E+00  3.48310411E+00 -9.03382935E-01  4.07176403E-01  2.66095804E+00  9.59097279E-01  3.40372152E-01
 -4.09832488E+00  1.00000000E+00  3.44504858E+00 -9.03644293E-01  4.07166159E-01  2.66114885E+00  9.59228528E-01  3.40384065E-01
 -4.04873097E+00  1.00000000E+00  3.40699304E+00 -9.03905679E-01  4.07147265E-01  2.66133971E+00  9.59359812E-01  3.40395980E-01
 -3.99913707E+00  1.00000000E+00  3.36881837E+00 -9.03885681E-01  4.07123479E-01  2.66115947E+00  9.59358181E-01  3.40360258E-01
 -3.94954316E+00  1.00000000E+00  3.33064369E+00 -9.03865682E-01  4.07090838E-01  2.66097925E+00  9.59356549E-01  3.40324539E-01
 -3.89994925E+00  1.00000000E+00  3.29263576E+00 -9.04381672E-01  4.07102569E-01  2.66185797E+00  9.59516025E-01  3.40468389E-01
 -3.85035534E+00  1.00000000E+00  3.25462783E+00 -9.04897832E-01  4.07074785E-01  2.66273704E+00  9.59675612E-01  3.40612286E-01
 -3.80076143E+00  1.00000000E+00  3.21641172E+00 -9.04358730E-01  4.07071080E-01  2.66219268E+00  9.59456227E-01  3.40547290E-01
 -3.75116752E+00  1.00000000E+00  3.17819561E+00 -9.03819756E-01  4.07122565E-01  2.66164855E+00  9.59236978E-01  3.40482314E-01
 -3.70157361E+00  1.00000000E+00  3.14008809E+00 -9.04092443E-01  4.07118264E-01  2.66180437E+00  9.59337981E-01  3.40493278E-01
 -3.65197971E+00  1.00000000E+00  3.10198057E+00 -9.04365145E-01  4.07125605E-01  2.66196025E+00  9.59439022E-01  3.40504246E-01
 -3.60238580E+00  1.00000000E+00  3.06386166E+00 -9.04261473E-01  4.07116657E-01  2.66172974E+00  9.59408569E-01  3.40464234E-01
 -3.55279189E+00  1.00000000E+00  3.02574276E+00 -9.04157809E-01  4.07111843E-01  2.66149925E+00  9.59378121E-01  3.40424225E-01
 -3.50319798E+00  1.00000000E+00  2.98765068E+00 -9.04018383E-01  4.07147475E-01  2.66142699E+00  9.59339068E-01  3.40417585E-01
 -3.45360407E+00  1.00000000E+00  2.94955860E+00 -9.03878959E-01  4.07160017E-01  2.66135475E+00  9.59300025E-01  3.40410945E-01
 -3.40401016E+00  1.00000000E+00  2.91150084E+00 -9.04317848E-01  4.07140997E-01  2.66192407E+00  9.59463191E-01  3.40492175E-01
 -3.35441626E+00  1.00000000E+00  2.87344308E+00 -9.04756838E-01  4.07096560E-01  2.66249357E+00  9.59626443E-01  3.40573425E-01
 -3.30482235E+00  1.00000000E+00  2.83525556E+00 -9.04186198E-01  4.07091950E-01  2.66185289E+00  9.59412678E-01  3.40488042E-01
 -3.25522844E+00  1.00000000E+00  2.79706804E+00 -9.03615709E-01  4.07134456E-01  2.66121249E+00  9.59199062E-01  3.40402685E-01
 -3.20563453E+00  1.00000000E+00  2.75891988E+00 -9.03663506E-01  4.07132471E-01  2.66105041E+00  9.59222046E-01  3.40365672E-01
 -3.15604062E+00  1.00000000E+00  2.72077173E+00 -9.03711299E-01  4.07139918E-01  2.66088834E+00  9.59245031E-01  3.40328663E-01
 -3.10644671E+00  1.00000000E+00  2.68270803E+00 -9.03703077E-01  4.07154947E-01  2.66097753E+00  9.59269999E-01  3.40341505E-01
 -3.05685280E+00  1.00000000E+00  2.64464432E+00 -9.03694853E-01  4.07141069E-01  2.66106671E+00  9.59294969E-01  3.40354349E-01
 -3.00725890E+00  1.00000000E+00  2.60657621E+00 -9.04137030E-01  4.07124387E-01  2.66160841E+00  9.59444209E-01  3.40432840E-01
 -2.95766499E+00  1.00000000E+00  2.56850809E+00 -9.04579300E-01  4.07081547E-01  2.66215029E+00  9.59593537E-01  3.40511350E-01
 -2.90807108E+00  1.00000000E+00  2.53029758E+00 -9.04095182E-01  4.07075341E-01  2.66163956E+00  9.59415905E-01  3.40444731E-01
 -2.85847717E+00  1.00000000E+00  2.49208706E+00 -9.03611165E-01  4.07104502E-01  2.66112902E+00  9.59238382E-01  3.40378128E-01
 -2.80888326E+00  1.00000000E+00  2.45409939E+00 -9.04314050E-01  4.07097300E-01  2.66191192E+00  9.59481238E-01  3.40486137E-01
 -2.75928935E+00  1.00000000E+00  2.41611172E+00 -9.05017151E-01  4.07066864E-01  2.66269525E+00  9.59724320E-01  3.40594185E-01
 -2.70969544E+00  1.00000000E+00  2.37790598E+00 -9.04627119E-01  4.07065174E-01  2.66231244E+00  9.59549169E-01  3.40552653E-01
 -2.66010154E+00  1.00000000E+00  2.33970024E+00 -9.04237157E-01  4.07109393E-01  2.66192974E+00  9.59374089E-01  3.40511131E-01
 -2.61050763E+00  1.00000000E+00  2.30157592E+00 -9.03971931E-01  4.07110442E-01  2.66156964E+00  9.59299903E-01  3.40453947E-01
 -2.56091372E+00  1.00000000E+00  2.26345159E+00 -9.03706738E-01  4.07152807E-01  2.66120961E+00  9.59225748E-01  3.40396772E-01
 -2.51131981E+00  1.00000000E+00  2.22532692E+00 -9.03749806E-01  4.07158633E-01  2.66120344E+00  9.59248605E-01  3.40390966E-01
 -2.46172590E+00  1.00000000E+00  2.18720225E+00 -9.03792874E-01  4.07152259E-01  2.66119727E+00  9.59271463E-01  3.40385161E-01
 -2.41213199E+00  1.00000000E+00  2.14914185E+00 -9.04175708E-01  4.07151955E-01  2.66168698E+00  9.59412001E-01  3.40454996E-01
 -2.36253808E+00  1.00000000E+00  2.11108145E+00 -9.04558619E-01  4.07115402E-01  2.66217683E+00  9.59552603E-01  3.40524846E-01
 -2.31294418E+00  1.00000000E+00  2.07292929E+00 -9.04055649E-01  4.07115522E-01  2.66165939E+00  9.59357076E-01  3.40460464E-01
 -2.26335027E+00  1.00000000E+00  2.03477714E+00 -9.03552788E-01  4.07158340E-01  2.66114216E+00  9.59161667E-01  3.40396099E-01
 -2.21375636E+00  1.00000000E+00  1.99663430E+00 -9.03652130E-01  4.07159202E-01  2.66105565E+00  9.59222136E-01  3.40366702E-01
 -2.16416245E+00  1.00000000E+00  1.95849145E+00 -9.03751469E-01  4.07152221E-01  2.66096915E+00  9.59282612E-01  3.40337308E-01
 -2.11456854E+00  1.00000000E+00  1.92043104E+00 -9.03918519E-01  4.07150409E-01  2.66132400E+00  9.59331765E-01  3.40398448E-01
 -2.06497463E+00  1.00000000E+00  1.88237062E+00 -9.04085591E-01  4.07145670E-01  2.66167891E+00  9.59380929E-01  3.40459596E-01
 -2.01538072E+00  1.00000000E+00  1.84422454E+00 -9.04052605E-01  4.07109873E-01  2.66139445E+00  9.59400002E-01  3.40398890E-01
 -1.96578682E+00  1.00000000E+00  1.80607845E+00 -9.04019621E-01  4.07073648E-01  2.66111003E+00  9.59419076E-01  3.40338190E-01
 -1.91619291E+00  1.00000000E+00  1.76798910E+00 -9.04027388E-01  4.07102706E-01  2.66140333E+00  9.59384527E-01  3.40403760E-01
 -1.86659900E+00  1.00000000E+00  1.72989976E+00 -9.04035154E-01  4.07126693E-01  2.66169666E+00  9.59349979E-01  3.40469337E-01
 -1.81700509E+00  1.00000000E+00  1.69172322E+00 -9.03988719E-01  4.07090759E-01  2.66131241E+00  9.59363307E-01  3.40389821E-01
 -1.76741118E+00  1.00000000E+00  1.65354669E+00 -9.03942287E-01  4.07069913E-01  2.66092822E+00  9.59376635E-01  3.40310316E-01
 -1.71781727E+00  1.00000000E+00  1.61547923E+00 -9.03805331E-01  4.07078320E-01  2.66091781E+00  9.59318737E-01  3.40319815E-01
 -1.66822336E+00  1.00000000E+00  1.57741178E+00 -9.03668376E-01  4.07075722E-01  2.66090742E+00  9.59260848E-01  3.40329314E-01
 -1.61862946E+00  1.00000000E+00  1.53927316E+00 -9.03648040E-01  4.07042230E-01  2.66055239E+00  9.59291765E-01  3.40252125E-01
 -1.56903555E+00  1.00000000E+00  1.50113454E+00 -9.03627704E-01  4.07004043E-01  2.66019741E+00  9.59322682E-01  3.40174946E-01
 -1.51944164E+00  1.00000000E+00  1.46315187E+00 -9.03905071E-01  4.06959610E-01  2.66044644E+00  9.59490459E-01  3.40191196E-01
 -1.46984773E+00  1.00000000E+00  1.42516920E+00 -9.04182481E-01  4.06868565E-01  2.66069553E+00  9.59658280E-01  3.40207450E-01
 -1.42025382E+00  1.00000000E+00  1.38697604E+00 -9.03581521E-01  4.06796174E-01  2.65973612E+00  9.59466731E-01  3.40053877E-01
 -1.37065991E+00  1.00000000E+00  1.34878288E+00 -9.02980780E-01  4.06785057E-01  2.65877714E+00  9.59275334E-01  3.39900360E-01
 -1.32106600E+00  1.00000000E+00  1.31079822E+00 -9.03255809E-01  4.06736128E-01  2.65869914E+00  9.59424202E-01  3.39854988E-01
 -1.27147210E+00  1.00000000E+00  1.27281356E+00 -9.03530837E-01  4.06655453E-01  2.65862123E+00  9.59573114E-01  3.39809623E-01
 -1.22187819E+00  1.00000000E+00  1.23481272E+00 -9.03288792E-01  4.06575697E-01  2.65804206E+00  9.59541556E-01  3.39700101E-01
 -1.17228428E+00  1.00000000E+00  1.19681189E+00 -9.03046794E-01  4.06512964E-01  2.65746302E+00  9.59510022E-01  3.39590600E-01
 -1.12269037E+00  1.00000000E+00  1.15892044E+00 -9.02860348E-01  4.06418313E-01  2.65673753E+00  9.59520345E-01  3.39443436E-01
 -1.07309646E+00  1.00000000E+00  1.12102900E+00 -9.02673943E-01  4.06322229E-01  2.65601223E+00  9.59530681E-01  3.39296309E-01
 -1.02350255E+00  1.00000000E+00  1.08330467E+00 -9.02478564E-01  4.06240294E-01  2.65536428E+00  9.59566639E-01  3.39159529E-01
 -9.73908645E-01  1.00000000E+00  1.04558034E+00 -9.02283223E-01  4.06168298E-01  2.65471650E+00  9.59602620E-01  3.39022776E-01
 -9.24314736E-01  1.00000000E+00  1.00800903E+00 -9.02124512E-01  4.06113045E-01  2.65444442E+00  9.59526709E-01  3.38983543E-01
 -8.74720828E-01  1.00000000E+00  9.70437715E-01 -9.01965820E-01  4.06060602E-01  2.65417238E+00  9.59450809E-01  3.38944314E-01
 -8.25312107E-01  1.00000000E+00  9.33385609E-01 -9.02042311E-01  4.06103305E-01  2.65450133E+00  9.59483670E-01  3.39003532E-01
 -7.75903387E-01  1.00000000E+00  8.96333504E-01 -9.02118810E-01  4.06201227E-01  2.65483032E+00  9.59516532E-01  3.39062757E-01
 -7.30665613E-01  1.00000000E+00  8.62797034E-01 -9.02686981E-01  4.06494486E-01  2.65667298E+00  9.59484347E-01  3.39437727E-01
 -6.85427839E-01  1.00000000E+00  8.29260563E-01 -9.03255484E-01  4.06819687E-01  2.65851692E+00  9.59452309E-01  3.39812922E-01
 -6.45465100E-01  1.00000000E+00  8.00182357E-01 -9.04005719E-01  4.07376796E-01  2.66217615E+00  9.59194962E-01  3.40596238E-01
 -6.05502361E-01  1.00000000E+00  7.71104151E-01 -9.04756799E-01  4.08025830E-01  2.66584045E+00  9.58937960E-01  3.41380499E-01
 -5.70199545E-01  1.00000000E+00  7.45942186E-01 -9.06220468E-01  4.08912747E-01  2.67198747E+00  9.58731961E-01  3.42651102E-01
 -5.34896729E-01  1.00000000E+00  7.20780221E-01 -9.07686916E-01  4.09946474E-01  2.67814864E+00  9.58526882E-01  3.43924352E-01
 -5.03710456E-01  1.00000000E+00  6.99027806E-01 -9.10387541E-01  4.11235585E-01  2.68803697E+00  9.58411156E-01  3.45925162E-01
 -4.72524184E-01  1.00000000E+00  6.77275392E-01 -9.13096548E-01  4.12683302E-01  2.69796160E+00  9.58298314E-01  3.47932658E-01
 -4.44974441E-01  1.00000000E+00  6.58956965E-01 -9.16817604E-01  4.14579666E-01  2.71185091E+00  9.58037057E-01  3.50762770E-01
 -4.17424698E-01  1.00000000E+00  6.40638539E-01 -9.20554709E-01  4.16725916E-01  2.72581133E+00  9.57781499E-01  3.53605967E-01
 -3.93087440E-01  1.00000000E+00  6.24936198E-01 -9.24997626E-01  4.18968759E-01  2.74257858E+00  9.57629103E-01  3.56989896E-01
 -3.68750182E-01  1.00000000E+00  6.09233858E-01 -9.29463482E-01  4.21655779E-01  2.75944849E+00  9.57484080E-01  3.60392882E-01
 -3.47250809E-01  1.00000000E+00  5.96031517E-01 -9.34284551E-01  4.24819377E-01  2.78166179E+00  9.56258793E-01  3.65080599E-01
 -3.25751437E-01  1.00000000E+00  5.82829177E-01 -9.39137488E-01  4.28367886E-01  2.80405437E+00  9.55045579E-01  3.69801757E-01
 -3.06759035E-01  1.00000000E+00  5.72088918E-01 -9.46852910E-01  4.32100213E-01  2.83243722E+00  9.54987159E-01  3.75490012E-01
 -2.87766633E-01  1.00000000E+00  5.61348659E-01 -9.54634444E-01  4.36165963E-01  2.86110590E+00  9.54950103E-01  3.81231159E-01
 -2.70988873E-01  1.00000000E+00  5.52503059E-01 -9.61791497E-01  4.40818888E-01  2.89342198E+00  9.53520039E-01  3.87980389E-01
 -2.54211113E-01  1.00000000E+00  5.43657458E-01 -9.69015143E-01  4.45806463E-01  2.92610362E+00  9.52113485E-01  3.94798027E-01
 -2.39389755E-01  1.00000000E+00  5.36833612E-01 -9.78281530E-01  4.51192953E-01  2.96489459E+00  9.51239155E-01  4.02731087E-01
 -2.24568396E-01  1.00000000E+00  5.30009765E-01 -9.87650120E-01  4.56900882E-01  3.00419885E+00  9.50397251E-01  4.10760320E-01
 -2.11472015E-01  1.00000000E+00  5.24841380E-01 -9.98396813E-01  4.63053526E-01  3.04994033E+00  9.49432819E-01  4.20101502E-01
 -1.98375634E-01  1.00000000E+00  5.19672994E-01 -1.00927964E+00  4.69533506E-01  3.09637743E+00  9.48510393E-01  4.29573408E-01
 -1.85977157E-01  1.00000000E+00  5.16273420E-01 -1.02294684E+00  4.77178044E-01  3.15459442E+00  9.47514688E-01  4.41415946E-01
 -1.73578680E-01  1.00000000E+00  5.12873845E-01 -1.03682845E+00  4.85331480E-01  3.21390459E+00  9.46583474E-01  4.53464222E-01
 -1.61180203E-01  1.00000000E+00  5.09938434E-01 -1.05155471E+00  4.95652188E-01  3.28636739E+00  9.43885545E-01  4.68496369E-01
 -1.48781726E-01  1.00000000E+00  5.07003022E-01 -1.06655343E+00  5.06593249E-01  3.36047422E+00  9.41272469E-01  4.83840350E-01
 -1.36383248E-01  1.00000000E+00  5.09585501E-01 -1.08908097E+00  5.20358340E-01  3.47112781E+00  9.38382252E-01  5.06549112E-01
 -1.23984771E-01  1.00000000E+00  5.12167980E-01 -1.11221641E+00  5.35676725E-01  3.58544703E+00  9.35659978E-01  5.29957410E-01
 -1.11586294E-01  1.00000000E+00  5.08370442E-01 -1.14229795E+00  5.56223102E-01  3.72469059E+00  9.33677339E-01  5.58202650E-01
 -9.91878171E-02  1.00000000E+00  5.04572904E-01 -1.17335520E+00  5.77451270E-01  3.86934934E+00  9.31962958E-01  5.87477276E-01
 -8.67893400E-02  1.00000000E+00  5.37942076E-01 -1.18911961E+00  6.09970822E-01  4.13277947E+00  9.05472607E-01  6.45461372E-01
 -7.43908628E-02  1.00000000E+00  5.71311247E-01 -1.20563937E+00  6.50720775E-01  4.41598853E+00  8.79721965E-01  7.07253312E-01
 -6.19923857E-02  1.00000000E+00  5.06506540E-01 -1.21476485E+00  6.94599128E-01  4.53900749E+00  8.71321975E-01  7.33537103E-01
 -4.95939085E-02  1.00000000E+00  4.41701834E-01 -1.22404718E+00  7.23316880E-01  4.66570995E+00  8.63004843E-01  7.60541021E-01
 -3.71954314E-02  1.00000000E+00  9.17813883E-01 -1.64189147E+00  8.07541409E-01  6.08979878E+00  9.39140134E-01  1.03013173E+00
 -2.47969543E-02  1.00000000E+00  1.39392593E+00 -2.18293677E+00  9.84081213E-01  7.95293391E+00  1.05378384E+00  1.37983001E+00
 -1.23984771E-02  1.00000000E+00  4.90690253E-01  3.75927779E-01  1.77646864E+00  8.57921592E+00  4.81695964E-01  1.61950399E+00
  0.00000000E+00  1.00000000E+00 -4.12545426E-01  3.99845998E+00  3.64547195E+00  1.36283928E+01  1.49641899E+00  2.42639476E+00
