# curve 5 (die wall), step =      200, time =   1.60000000E+02
# N1 = tau_xx - tau_yy = G ( c_xx - c_yy ),  G =  1.3333E-01  (polymer part only)
#              x               y        pressure            c_xy        gammadot            c_xx            c_yy              N1
 -3.00000000E+00  1.00000000E+00  2.74337627E+00 -1.20094153E+00  4.00066068E-01  3.88217057E+00  1.00014888E+00  3.84269559E-01
 -2.95108291E+00  1.00000000E+00  2.70391202E+00 -1.20112706E+00  4.00068496E-01  3.88252218E+00  1.00019605E+00  3.84310151E-01
 -2.90216582E+00  1.00000000E+00  2.66444777E+00 -1.20131261E+00  4.00074886E-01  3.88287382E+00  1.00024322E+00  3.84350747E-01
 -2.85324873E+00  1.00000000E+00  2.62536390E+00 -1.20123528E+00  4.00027252E-01  3.88209185E+00  1.00029107E+00  3.84240105E-01
 -2.80433164E+00  1.00000000E+00  2.58628002E+00 -1.20115795E+00  3.99966847E-01  3.88131005E+00  1.00033892E+00  3.84129485E-01
 -2.75541455E+00  1.00000000E+00  2.54711670E+00 -1.20089976E+00  4.00007191E-01  3.88129709E+00  1.00022589E+00  3.84142826E-01
 -2.70649746E+00  1.00000000E+00  2.50795338E+00 -1.20064157E+00  4.00005824E-01  3.88128416E+00  1.00011290E+00  3.84156169E-01
 -2.65758037E+00  1.00000000E+00  2.46883005E+00 -1.20079069E+00  4.00000950E-01  3.88151619E+00  1.00017227E+00  3.84179189E-01
 -2.60866328E+00  1.00000000E+00  2.42970672E+00 -1.20093981E+00  4.00008353E-01  3.88174824E+00  1.00023166E+00  3.84202211E-01
 -2.55974619E+00  1.00000000E+00  2.39061162E+00 -1.20085155E+00  3.99976294E-01  3.88204329E+00  1.00017922E+00  3.84248544E-01
 -2.51082911E+00  1.00000000E+00  2.35151651E+00 -1.20076328E+00  4.00018834E-01  3.88233839E+00  1.00012678E+00  3.84294882E-01
 -2.46191202E+00  1.00000000E+00  2.31230357E+00 -1.20065088E+00  4.00000963E-01  3.88154941E+00  1.00011752E+00  3.84190919E-01
 -2.41299493E+00  1.00000000E+00  2.27309064E+00 -1.20053849E+00  3.99983891E-01  3.88076060E+00  1.00010827E+00  3.84086978E-01
 -2.36407784E+00  1.00000000E+00  2.23400862E+00 -1.20053146E+00  4.00004511E-01  3.88114953E+00  1.00010541E+00  3.84139215E-01
 -2.31516075E+00  1.00000000E+00  2.19492660E+00 -1.20052443E+00  4.00010875E-01  3.88153851E+00  1.00010256E+00  3.84191460E-01
 -2.26624366E+00  1.00000000E+00  2.15578809E+00 -1.20082817E+00  3.99985882E-01  3.88202173E+00  1.00018654E+00  3.84244693E-01
 -2.21732657E+00  1.00000000E+00  2.11664958E+00 -1.20113195E+00  3.99991137E-01  3.88250504E+00  1.00027054E+00  3.84297933E-01
 -2.16840948E+00  1.00000000E+00  2.07748930E+00 -1.20101375E+00  3.99983252E-01  3.88192744E+00  1.00024893E+00  3.84223803E-01
 -2.11949239E+00  1.00000000E+00  2.03832903E+00 -1.20089557E+00  3.99953294E-01  3.88134994E+00  1.00022731E+00  3.84149684E-01
 -2.07057530E+00  1.00000000E+00  1.99923764E+00 -1.20131098E+00  3.99972157E-01  3.88267244E+00  1.00032197E+00  3.84313396E-01
 -2.02165821E+00  1.00000000E+00  1.96014625E+00 -1.20172653E+00  3.99988565E-01  3.88399538E+00  1.00041666E+00  3.84477163E-01
 -1.97274112E+00  1.00000000E+00  1.92096064E+00 -1.20139996E+00  3.99945838E-01  3.88280386E+00  1.00033818E+00  3.84328757E-01
 -1.92382403E+00  1.00000000E+00  1.88177504E+00 -1.20107348E+00  3.99915973E-01  3.88161269E+00  1.00025972E+00  3.84180396E-01
 -1.87490694E+00  1.00000000E+00  1.84265880E+00 -1.20085260E+00  3.99940732E-01  3.88120138E+00  1.00022759E+00  3.84129840E-01
 -1.82598985E+00  1.00000000E+00  1.80354255E+00 -1.20063175E+00  3.99940130E-01  3.88079013E+00  1.00019547E+00  3.84079288E-01
 -1.77707276E+00  1.00000000E+00  1.76445955E+00 -1.20105325E+00  3.99945126E-01  3.88178940E+00  1.00029720E+00  3.84198960E-01
 -1.72815567E+00  1.00000000E+00  1.72537654E+00 -1.20147485E+00  3.99943703E-01  3.88278894E+00  1.00039898E+00  3.84318661E-01
 -1.67923858E+00  1.00000000E+00  1.68616895E+00 -1.20124737E+00  3.99874048E-01  3.88237853E+00  1.00033532E+00  3.84272429E-01
 -1.63032150E+00  1.00000000E+00  1.64696135E+00 -1.20101992E+00  3.99885732E-01  3.88196818E+00  1.00027167E+00  3.84226202E-01
 -1.58140441E+00  1.00000000E+00  1.60796379E+00 -1.20091879E+00  3.99837220E-01  3.88083930E+00  1.00035259E+00  3.84064896E-01
 -1.53248732E+00  1.00000000E+00  1.56896624E+00 -1.20081767E+00  3.99811031E-01  3.87971078E+00  1.00043352E+00  3.83903636E-01
 -1.48357023E+00  1.00000000E+00  1.52976166E+00 -1.20046917E+00  3.99785612E-01  3.87909271E+00  1.00025633E+00  3.83844850E-01
 -1.43465314E+00  1.00000000E+00  1.49055708E+00 -1.20012073E+00  3.99776606E-01  3.87847475E+00  1.00007919E+00  3.83786074E-01
 -1.38573605E+00  1.00000000E+00  1.45148617E+00 -1.19994851E+00  3.99724280E-01  3.87769100E+00  1.00013302E+00  3.83674398E-01
 -1.33681896E+00  1.00000000E+00  1.41241527E+00 -1.19977631E+00  3.99695296E-01  3.87690741E+00  1.00018687E+00  3.83562739E-01
 -1.28790187E+00  1.00000000E+00  1.37333642E+00 -1.19954002E+00  3.99592454E-01  3.87560996E+00  1.00019601E+00  3.83388527E-01
 -1.23898478E+00  1.00000000E+00  1.33425757E+00 -1.19930380E+00  3.99483263E-01  3.87431295E+00  1.00020516E+00  3.83214371E-01
 -1.19006769E+00  1.00000000E+00  1.29531305E+00 -1.19934432E+00  3.99405089E-01  3.87394718E+00  1.00028277E+00  3.83155255E-01
 -1.14115060E+00  1.00000000E+00  1.25636853E+00 -1.19938484E+00  3.99336022E-01  3.87358146E+00  1.00036038E+00  3.83096144E-01
 -1.09223351E+00  1.00000000E+00  1.21743237E+00 -1.19890235E+00  3.99204667E-01  3.87143596E+00  1.00032570E+00  3.82814701E-01
 -1.04331642E+00  1.00000000E+00  1.17849620E+00 -1.19842008E+00  3.99077017E-01  3.86929165E+00  1.00029106E+00  3.82533412E-01
 -9.94399333E-01  1.00000000E+00  1.13974915E+00 -1.19791590E+00  3.99000169E-01  3.86766854E+00  1.00021553E+00  3.82327067E-01
 -9.45482243E-01  1.00000000E+00  1.10100210E+00 -1.19741192E+00  3.98909503E-01  3.86604611E+00  1.00014007E+00  3.82120805E-01
 -8.96565154E-01  1.00000000E+00  1.06249692E+00 -1.19748436E+00  3.98843394E-01  3.86555067E+00  1.00025911E+00  3.82038876E-01
 -8.47648064E-01  1.00000000E+00  1.02399175E+00 -1.19755679E+00  3.98767077E-01  3.86505533E+00  1.00037815E+00  3.81956957E-01
 -7.99501858E-01  1.00000000E+00  9.86522108E-01 -1.19743932E+00  3.98711569E-01  3.86476068E+00  1.00037948E+00  3.81917494E-01
 -7.51355652E-01  1.00000000E+00  9.49052469E-01 -1.19732186E+00  3.98770814E-01  3.86446606E+00  1.00038081E+00  3.81878033E-01
 -7.08111109E-01  1.00000000E+00  9.15760905E-01 -1.19761181E+00  3.98860995E-01  3.86654495E+00  1.00027267E+00  3.82169637E-01
 -6.64866566E-01  1.00000000E+00  8.82469341E-01 -1.19790187E+00  3.99157354E-01  3.86862499E+00  1.00016455E+00  3.82461392E-01
 -6.26599939E-01  1.00000000E+00  8.53560889E-01 -1.19941613E+00  3.99582252E-01  3.87481045E+00  1.00028757E+00  3.83269716E-01
 -5.88333313E-01  1.00000000E+00  8.24652436E-01 -1.20093246E+00  4.00080781E-01  3.88100576E+00  1.00041110E+00  3.84079289E-01
 -5.54471587E-01  1.00000000E+00  7.99645343E-01 -1.20243820E+00  4.00902312E-01  3.89197917E+00  9.99791402E-01  3.85625036E-01
 -5.20609860E-01  1.00000000E+00  7.74638249E-01 -1.20394717E+00  4.01819275E-01  3.90298480E+00  9.99172669E-01  3.87174950E-01
 -4.90645977E-01  1.00000000E+00  7.53188696E-01 -1.20865020E+00  4.02924148E-01  3.92083360E+00  9.99927030E-01  3.89454209E-01
 -4.60682095E-01  1.00000000E+00  7.31739143E-01 -1.21337217E+00  4.04143223E-01  3.93876376E+00  1.00068602E+00  3.91743699E-01
 -4.34167380E-01  1.00000000E+00  7.13439828E-01 -1.21663673E+00  4.05859639E-01  3.96129435E+00  9.99583454E-01  3.94894786E-01
 -4.07652666E-01  1.00000000E+00  6.95140513E-01 -1.21991553E+00  4.07760592E-01  3.98395812E+00  9.98484720E-01  3.98063121E-01
 -3.84190072E-01  1.00000000E+00  6.79676137E-01 -1.22782357E+00  4.09849879E-01  4.01745348E+00  9.99319350E-01  4.02417884E-01
 -3.60727478E-01  1.00000000E+00  6.64211760E-01 -1.23578816E+00  4.12043678E-01  4.05123020E+00  1.00016624E+00  4.06808528E-01
 -3.39965684E-01  1.00000000E+00  6.51278227E-01 -1.24268397E+00  4.14807480E-01  4.08994169E+00  9.99424631E-01  4.12068941E-01
 -3.19203889E-01  1.00000000E+00  6.38344694E-01 -1.24963166E+00  4.17772583E-01  4.12902894E+00  9.98693637E-01  4.17378041E-01
 -3.00831998E-01  1.00000000E+00  6.27802683E-01 -1.26101939E+00  4.21106689E-01  4.18204912E+00  9.99332682E-01  4.24362192E-01
 -2.82460107E-01  1.00000000E+00  6.17260672E-01 -1.27252822E+00  4.24558672E-01  4.23575224E+00  9.99995835E-01  4.31434188E-01
 -2.66203017E-01  1.00000000E+00  6.08593763E-01 -1.28235803E+00  4.28672456E-01  4.29415513E+00  9.98700349E-01  4.39393971E-01
 -2.49945927E-01  1.00000000E+00  5.99926855E-01 -1.29229320E+00  4.33072099E-01  4.35337904E+00  9.97425949E-01  4.47460412E-01
 -2.35560203E-01  1.00000000E+00  5.93596164E-01 -1.30885670E+00  4.37782492E-01  4.43256390E+00  9.98513951E-01  4.57873326E-01
 -2.21174479E-01  1.00000000E+00  5.87265473E-01 -1.32566879E+00  4.42571179E-01  4.51319485E+00  9.99648576E-01  4.68472836E-01
 -2.08421419E-01  1.00000000E+00  5.82328550E-01 -1.34226210E+00  4.48022157E-01  4.60023647E+00  9.99688754E-01  4.80073029E-01
 -1.95668358E-01  1.00000000E+00  5.77391628E-01 -1.35911310E+00  4.53711045E-01  4.68897212E+00  9.99775746E-01  4.91892850E-01
 -1.83439085E-01  1.00000000E+00  5.74244375E-01 -1.37555927E+00  4.60658752E-01  4.79347481E+00  9.97746335E-01  5.06097130E-01
 -1.71209813E-01  1.00000000E+00  5.71097123E-01 -1.39228418E+00  4.68114386E-01  4.90036072E+00  9.95765982E-01  5.20612631E-01
 -1.58980541E-01  1.00000000E+00  5.68179051E-01 -1.42324489E+00  4.77111377E-01  5.05801443E+00  9.97980943E-01  5.41337799E-01
 -1.46751268E-01  1.00000000E+00  5.65260978E-01 -1.45501965E+00  4.85858789E-01  5.22077054E+00  1.00033293E+00  5.62725015E-01
 -1.34521996E-01  1.00000000E+00  5.70385829E-01 -1.49048648E+00  4.98101977E-01  5.43681156E+00  9.99148271E-01  5.91688438E-01
 -1.22292724E-01  1.00000000E+00  5.75510679E-01 -1.52708448E+00  5.11129839E-01  5.66194868E+00  9.98134524E-01  6.21841887E-01
 -1.10063451E-01  1.00000000E+00  5.68233170E-01 -1.57808162E+00  5.28421457E-01  5.96373585E+00  9.98821931E-01  6.61988523E-01
 -9.78341789E-02  1.00000000E+00  5.60955662E-01 -1.63121561E+00  5.45751993E-01  6.28181812E+00  9.99823479E-01  7.04265952E-01
 -8.56049065E-02  1.00000000E+00  5.97100324E-01 -1.67282795E+00  5.75390234E-01  6.77921597E+00  9.81490912E-01  7.73030008E-01
 -7.33756342E-02  1.00000000E+00  6.33244986E-01 -1.71608753E+00  6.05536558E-01  7.31877779E+00  9.63440789E-01  8.47378266E-01
 -6.11463618E-02  1.00000000E+00  5.57378283E-01 -1.88052876E+00  6.04388794E-01  7.29500049E+00  1.05376139E+00  8.32165213E-01
 -4.89170895E-02  1.00000000E+00  4.81511581E-01 -2.04953245E+00  5.64184256E-01  7.28524150E+00  1.15252415E+00  8.17695647E-01
 -3.66878171E-02  1.00000000E+00  1.22737068E+00 -3.28904256E+00  5.46695979E-01  9.47306838E+00  1.69767175E+00  1.03671955E+00
 -2.44585447E-02  1.00000000E+00  1.97322978E+00 -5.03902402E+00  5.81035693E-01  1.25409710E+01  2.55137847E+00  1.33194567E+00
 -1.22292724E-02  1.00000000E+00  5.57439431E-01  8.78819634E-01  1.35120139E+00  1.24422664E+01  6.90568318E-01  1.56689307E+00
  0.00000000E+00  1.00000000E+00 -8.58350914E-01  1.17515587E+01  3.53258202E+00  2.93530634E+01  5.02017179E+00  3.24438555E+00
