# curve 5 (die wall), step =      900, time =   7.20000000E+02
# N1 = tau_xx - tau_yy = G ( c_xx - c_yy ),  G =  1.6000E-01  (polymer part only)
#              x               y        pressure            c_xy        gammadot            c_xx            c_yy              N1
 -3.00000000E+00  1.00000000E+00  3.01554861E+00 -2.00155843E+00  4.00319167E-01  9.01324178E+00  9.99795465E-01  1.28215141E+00
 -2.95108291E+00  1.00000000E+00  2.97535432E+00 -2.00188300E+00  4.00345018E-01  9.01519200E+00  9.99834267E-01  1.28245724E+00
 -2.90216582E+00  1.00000000E+00  2.93516003E+00 -2.00220762E+00  4.00384722E-01  9.01714264E+00  9.99873078E-01  1.28276313E+00
 -2.85324873E+00  1.00000000E+00  2.89617936E+00 -2.00220778E+00  4.00174501E-01  9.01228271E+00  1.00016101E+00  1.28193947E+00
 -2.80433164E+00  1.00000000E+00  2.85719869E+00 -2.00220783E+00  3.99957858E-01  9.00742581E+00  1.00044898E+00  1.28111629E+00
 -2.75541455E+00  1.00000000E+00  2.81799220E+00 -2.00143077E+00  4.00118580E-01  9.00752179E+00  1.00007690E+00  1.28119118E+00
 -2.70649746E+00  1.00000000E+00  2.77878571E+00 -2.00065379E+00  4.00162828E-01  9.00761804E+00  9.99704959E-01  1.28126609E+00
 -2.65758037E+00  1.00000000E+00  2.73969300E+00 -2.00161156E+00  4.00177031E-01  9.00919428E+00  1.00006957E+00  1.28145995E+00
 -2.60866328E+00  1.00000000E+00  2.70060029E+00 -2.00256959E+00  4.00149537E-01  9.01077099E+00  1.00043434E+00  1.28165386E+00
 -2.55974619E+00  1.00000000E+00  2.66169431E+00 -2.00214729E+00  4.00005155E-01  9.01204331E+00  1.00023771E+00  1.28188890E+00
 -2.51082911E+00  1.00000000E+00  2.62278833E+00 -2.00172490E+00  4.00132299E-01  9.01331604E+00  1.00004113E+00  1.28212398E+00
 -2.46191202E+00  1.00000000E+00  2.58319959E+00 -2.00129102E+00  4.00094568E-01  9.01005661E+00  9.99974376E-01  1.28161316E+00
 -2.41299493E+00  1.00000000E+00  2.54361085E+00 -2.00085724E+00  4.00054529E-01  9.00679839E+00  9.99907628E-01  1.28110252E+00
 -2.36407784E+00  1.00000000E+00  2.50479630E+00 -2.00125605E+00  4.00053481E-01  9.00749021E+00  1.00011963E+00  1.28117929E+00
 -2.31516075E+00  1.00000000E+00  2.46598175E+00 -2.00165491E+00  4.00002248E-01  9.00818211E+00  1.00033168E+00  1.28125607E+00
 -2.26624366E+00  1.00000000E+00  2.42677750E+00 -2.00161772E+00  3.99928166E-01  9.00998929E+00  1.00019129E+00  1.28156768E+00
 -2.21732657E+00  1.00000000E+00  2.38757324E+00 -2.00158052E+00  3.99969627E-01  9.01179691E+00  1.00005091E+00  1.28187936E+00
 -2.16840948E+00  1.00000000E+00  2.34824458E+00 -2.00177069E+00  4.00008112E-01  9.01011438E+00  1.00017364E+00  1.28159052E+00
 -2.11949239E+00  1.00000000E+00  2.30891592E+00 -2.00196078E+00  3.99965563E-01  9.00843230E+00  1.00029638E+00  1.28130175E+00
 -2.07057530E+00  1.00000000E+00  2.27006623E+00 -2.00255484E+00  4.00010377E-01  9.01391421E+00  1.00031600E+00  1.28217571E+00
 -2.02165821E+00  1.00000000E+00  2.23121654E+00 -2.00314910E+00  4.00028453E-01  9.01939958E+00  1.00033562E+00  1.28305023E+00
 -1.97274112E+00  1.00000000E+00  2.19169953E+00 -2.00222403E+00  3.99948204E-01  9.01513396E+00  1.00008966E+00  1.28240709E+00
 -1.92382403E+00  1.00000000E+00  2.15218251E+00 -2.00129938E+00  3.99922396E-01  9.01087036E+00  9.99843803E-01  1.28176425E+00
 -1.87490694E+00  1.00000000E+00  2.11306096E+00 -2.00176413E+00  3.99982614E-01  9.00866437E+00  1.00021278E+00  1.28135225E+00
 -1.82598985E+00  1.00000000E+00  2.07393941E+00 -2.00222880E+00  3.99941345E-01  9.00645927E+00  1.00058187E+00  1.28094038E+00
 -1.77707276E+00  1.00000000E+00  2.03493153E+00 -2.00293949E+00  3.99916506E-01  9.00999627E+00  1.00074329E+00  1.28148048E+00
 -1.72815567E+00  1.00000000E+00  1.99592365E+00 -2.00365045E+00  3.99852968E-01  9.01353466E+00  1.00090475E+00  1.28202079E+00
 -1.67923858E+00  1.00000000E+00  1.95666935E+00 -2.00264334E+00  3.99534993E-01  9.01019670E+00  1.00066450E+00  1.28152515E+00
 -1.63032150E+00  1.00000000E+00  1.91741505E+00 -2.00163663E+00  3.99523231E-01  9.00686002E+00  1.00042439E+00  1.28102970E+00
 -1.58140441E+00  1.00000000E+00  1.87828281E+00 -2.00110266E+00  3.99325002E-01  8.99749332E+00  1.00077215E+00  1.27947539E+00
 -1.53248732E+00  1.00000000E+00  1.83915058E+00 -2.00056886E+00  3.99215118E-01  8.98813713E+00  1.00111998E+00  1.27792274E+00
 -1.48357023E+00  1.00000000E+00  1.79952034E+00 -1.99824037E+00  3.99121686E-01  8.98263222E+00  1.00022450E+00  1.27718524E+00
 -1.43465314E+00  1.00000000E+00  1.75989010E+00 -1.99591387E+00  3.99126351E-01  8.97713127E+00  9.99329965E-01  1.27644821E+00
 -1.38573605E+00  1.00000000E+00  1.72078723E+00 -1.99484017E+00  3.98759347E-01  8.96202277E+00  9.99831313E-01  1.27395063E+00
 -1.33681896E+00  1.00000000E+00  1.68168436E+00 -1.99376736E+00  3.98452966E-01  8.94694132E+00  1.00033288E+00  1.27145735E+00
 -1.28790187E+00  1.00000000E+00  1.64231737E+00 -1.99247588E+00  3.97859659E-01  8.92964199E+00  1.00076877E+00  1.26861972E+00
 -1.23898478E+00  1.00000000E+00  1.60295037E+00 -1.99118545E+00  3.97197406E-01  8.91237820E+00  1.00120474E+00  1.26578775E+00
 -1.19006769E+00  1.00000000E+00  1.56451156E+00 -1.98806871E+00  3.96404213E-01  8.89223980E+00  1.00105616E+00  1.26258938E+00
 -1.14115060E+00  1.00000000E+00  1.52607275E+00 -1.98495773E+00  3.95735707E-01  8.87214722E+00  1.00090838E+00  1.25939821E+00
 -1.09223351E+00  1.00000000E+00  1.48626574E+00 -1.98026119E+00  3.95001434E-01  8.84004313E+00  1.00061781E+00  1.25430805E+00
 -1.04331642E+00  1.00000000E+00  1.44645872E+00 -1.97557787E+00  3.94295161E-01  8.80805653E+00  1.00032867E+00  1.24923646E+00
 -9.94399333E-01  1.00000000E+00  1.40828959E+00 -1.97216369E+00  3.93320744E-01  8.76956836E+00  1.00102360E+00  1.24296716E+00
 -9.45482243E-01  1.00000000E+00  1.37012046E+00 -1.96875720E+00  3.92175807E-01  8.73125683E+00  1.00171888E+00  1.23672607E+00
 -8.96565154E-01  1.00000000E+00  1.33206270E+00 -1.96287559E+00  3.90678683E-01  8.68745045E+00  1.00183604E+00  1.22969831E+00
 -8.47648064E-01  1.00000000E+00  1.29400494E+00 -1.95701636E+00  3.89312881E-01  8.64386755E+00  1.00195587E+00  1.22270587E+00
 -7.99501858E-01  1.00000000E+00  1.25789414E+00 -1.94995705E+00  3.87596295E-01  8.58585378E+00  1.00214811E+00  1.21339291E+00
 -7.51355652E-01  1.00000000E+00  1.22178334E+00 -1.94293023E+00  3.86240588E-01  8.52823941E+00  1.00234277E+00  1.20414346E+00
 -7.08111109E-01  1.00000000E+00  1.18986869E+00 -1.93309168E+00  3.84737432E-01  8.46600904E+00  1.00133426E+00  1.19434796E+00
 -6.64866566E-01  1.00000000E+00  1.15795405E+00 -1.92331059E+00  3.83763136E-01  8.40423643E+00  1.00033245E+00  1.18462464E+00
 -6.26599939E-01  1.00000000E+00  1.13083023E+00 -1.91829090E+00  3.83043378E-01  8.36324531E+00  1.00034110E+00  1.17806467E+00
 -5.88333313E-01  1.00000000E+00  1.10370641E+00 -1.91328753E+00  3.82155880E-01  8.32245952E+00  1.00035067E+00  1.17153742E+00
 -5.54471587E-01  1.00000000E+00  1.08142349E+00 -1.90971426E+00  3.81696852E-01  8.30043991E+00  9.99943119E-01  1.16807949E+00
 -5.20609860E-01  1.00000000E+00  1.05914056E+00 -1.90614863E+00  3.81195023E-01  8.27847897E+00  9.99536486E-01  1.16463080E+00
 -4.90645977E-01  1.00000000E+00  1.04093576E+00 -1.90557292E+00  3.80771480E-01  8.26251025E+00  1.00018176E+00  1.16197256E+00
 -4.60682095E-01  1.00000000E+00  1.02273095E+00 -1.90499670E+00  3.80556435E-01  8.24657584E+00  1.00082708E+00  1.15931980E+00
 -4.34167380E-01  1.00000000E+00  1.00792382E+00 -1.90348340E+00  3.80992078E-01  8.25381518E+00  9.99460410E-01  1.16069676E+00
 -4.07652666E-01  1.00000000E+00  9.93116697E-01 -1.90196946E+00  3.81478662E-01  8.26106492E+00  9.98095214E-01  1.16207515E+00
 -3.84190072E-01  1.00000000E+00  9.81619491E-01 -1.90721901E+00  3.82283001E-01  8.28769062E+00  9.98868030E-01  1.16621161E+00
 -3.60727478E-01  1.00000000E+00  9.70122285E-01 -1.91248381E+00  3.83158129E-01  8.31440204E+00  9.99643609E-01  1.17036135E+00
 -3.39965684E-01  1.00000000E+00  9.61429222E-01 -1.91689301E+00  3.84484553E-01  8.35775613E+00  9.98891800E-01  1.17741829E+00
 -3.19203889E-01  1.00000000E+00  9.52736159E-01 -1.92131641E+00  3.85851072E-01  8.40134554E+00  9.98141315E-01  1.18451268E+00
 -3.00831998E-01  1.00000000E+00  9.46775710E-01 -1.93148500E+00  3.87501500E-01  8.46757846E+00  9.98980130E-01  1.19497573E+00
 -2.82460107E-01  1.00000000E+00  9.40815261E-01 -1.94171679E+00  3.89141345E-01  8.53433869E+00  9.99826055E-01  1.20552202E+00
 -2.66203017E-01  1.00000000E+00  9.36403944E-01 -1.94917840E+00  3.91293561E-01  8.61132616E+00  9.98481735E-01  1.21805511E+00
 -2.49945927E-01  1.00000000E+00  9.31992627E-01 -1.95667937E+00  3.93644233E-01  8.68903873E+00  9.97140531E-01  1.23070371E+00
 -2.35560203E-01  1.00000000E+00  9.30276728E-01 -1.97291546E+00  3.96131133E-01  8.79179796E+00  9.98760523E-01  1.24688599E+00
 -2.21174479E-01  1.00000000E+00  9.28560829E-01 -1.98930667E+00  3.98417823E-01  8.89578122E+00  1.00039915E+00  1.26326113E+00
 -2.08421419E-01  1.00000000E+00  9.27670895E-01 -2.00294071E+00  4.00769339E-01  8.99412478E+00  1.00098880E+00  1.27890176E+00
 -1.95668358E-01  1.00000000E+00  9.26780961E-01 -2.01668806E+00  4.03134603E-01  9.09357190E+00  1.00158928E+00  1.29471722E+00
 -1.83439085E-01  1.00000000E+00  9.26976592E-01 -2.02828401E+00  4.05612282E-01  9.19583377E+00  1.00111015E+00  1.31115578E+00
 -1.71209813E-01  1.00000000E+00  9.27172222E-01 -2.03996475E+00  4.07837603E-01  9.29927981E+00  1.00063600E+00  1.32778301E+00
 -1.58980541E-01  1.00000000E+00  9.21266982E-01 -2.05276180E+00  4.08253765E-01  9.30645058E+00  1.00678262E+00  1.32794687E+00
 -1.46751268E-01  1.00000000E+00  9.15361742E-01 -2.06559484E+00  4.06354983E-01  9.31368043E+00  1.01296749E+00  1.32811407E+00
 -1.34521996E-01  1.00000000E+00  9.10540783E-01 -2.05911050E+00  3.97833603E-01  8.97986287E+00  1.03351456E+00  1.27141573E+00
 -1.22292724E-01  1.00000000E+00  9.05719825E-01 -2.05253003E+00  3.77272749E-01  8.65952366E+00  1.05432908E+00  1.21683113E+00
 -1.10063451E-01  1.00000000E+00  9.27415026E-01 -1.85271986E+00  3.14153384E-01  6.84898081E+00  1.10292694E+00  9.19368618E-01
 -9.78341789E-02  1.00000000E+00  9.49110226E-01 -1.68252092E+00  2.58877138E-01  5.43164590E+00  1.15715523E+00  6.83918507E-01
 -8.56049065E-02  1.00000000E+00  1.09923519E+00 -1.26806190E+00  1.91175360E-01  3.89065164E+00  1.09498251E+00  4.47307062E-01
 -7.33756342E-02  1.00000000E+00  1.24936016E+00 -9.58228703E-01  1.24943214E-01  2.78561158E+00  1.06063862E+00  2.75995674E-01
 -6.11463618E-02  1.00000000E+00  1.58856056E+00 -3.88904107E-01  6.54611930E-02  1.09088860E+00  1.26123034E+00 -2.72546799E-02
 -4.89170895E-02  1.00000000E+00  1.92776097E+00 -7.94208744E-02  9.48230424E-02  4.31509917E-01  1.72133486E+00 -2.06371991E-01
 -3.66878171E-02  1.00000000E+00  2.80447420E+00 -1.65207084E-01  2.49746754E-01  5.14338971E-01  1.42928414E+00 -1.46391226E-01
 -2.44585447E-02  1.00000000E+00  3.68118743E+00 -2.45675163E-01  2.86129843E-01  6.17753618E-01  1.19900486E+00 -9.30001980E-02
 -1.22292724E-02  1.00000000E+00  1.73482794E+00  1.69307827E+00  7.62461521E-01  2.12913967E+00  2.42802718E+00 -4.78220027E-02
  0.00000000E+00  1.00000000E+00 -2.11531563E-01  1.25973916E+01  6.92240093E+00  1.39182237E+01  1.19620735E+01  3.12984025E-01
