# curve 5 (die wall), step =      337, time =   1.34800000E+02
# N1 = tau_xx - tau_yy = G ( c_xx - c_yy ),  G =  5.0000E-01  (polymer part only)
#              x               y        pressure            c_xy        gammadot            c_xx            c_yy              N1
 -1.00000000E+01  1.00000000E+00  8.11377855E+00 -3.86251390E-01  4.02671910E-01  1.28767373E+00  9.85156583E-01  1.51258575E-01
 -9.95040609E+00  1.00000000E+00  8.07463261E+00 -3.86213754E-01  4.02682320E-01  1.28772867E+00  9.85121965E-01  1.51303353E-01
 -9.90081218E+00  1.00000000E+00  8.03548666E+00 -3.86176117E-01  4.02689851E-01  1.28778361E+00  9.85087349E-01  1.51348132E-01
 -9.85121827E+00  1.00000000E+00  7.99637937E+00 -3.86200115E-01  4.02693108E-01  1.28776478E+00  9.85104428E-01  1.51330174E-01
 -9.80162437E+00  1.00000000E+00  7.95727209E+00 -3.86224113E-01  4.02699083E-01  1.28774594E+00  9.85121508E-01  1.51312217E-01
 -9.75203046E+00  1.00000000E+00  7.91814905E+00 -3.86239469E-01  4.02686937E-01  1.28770922E+00  9.85141673E-01  1.51283773E-01
 -9.70243655E+00  1.00000000E+00  7.87902601E+00 -3.86254825E-01  4.02674615E-01  1.28767250E+00  9.85161838E-01  1.51255330E-01
 -9.65284264E+00  1.00000000E+00  7.83990356E+00 -3.86254933E-01  4.02680359E-01  1.28767869E+00  9.85161319E-01  1.51258685E-01
 -9.60324873E+00  1.00000000E+00  7.80078110E+00 -3.86255042E-01  4.02676811E-01  1.28768488E+00  9.85160799E-01  1.51262041E-01
 -9.55365482E+00  1.00000000E+00  7.76167070E+00 -3.86275967E-01  4.02673555E-01  1.28766258E+00  9.85177659E-01  1.51242461E-01
 -9.50406091E+00  1.00000000E+00  7.72256031E+00 -3.86296892E-01  4.02679719E-01  1.28764028E+00  9.85194518E-01  1.51222882E-01
 -9.45446701E+00  1.00000000E+00  7.68341138E+00 -3.86253334E-01  4.02666475E-01  1.28767711E+00  9.85161527E-01  1.51257793E-01
 -9.40487310E+00  1.00000000E+00  7.64426246E+00 -3.86209775E-01  4.02667619E-01  1.28771395E+00  9.85128538E-01  1.51292705E-01
 -9.35527919E+00  1.00000000E+00  7.60516846E+00 -3.86286779E-01  4.02666997E-01  1.28763254E+00  9.85191321E-01  1.51220612E-01
 -9.30568528E+00  1.00000000E+00  7.56607447E+00 -3.86363781E-01  4.02657141E-01  1.28755116E+00  9.85254111E-01  1.51148523E-01
 -9.25609137E+00  1.00000000E+00  7.52692894E+00 -3.86301839E-01  4.02664024E-01  1.28763300E+00  9.85195804E-01  1.51218598E-01
 -9.20649746E+00  1.00000000E+00  7.48778340E+00 -3.86239896E-01  4.02680093E-01  1.28771485E+00  9.85137502E-01  1.51288676E-01
 -9.15690355E+00  1.00000000E+00  7.44866641E+00 -3.86257632E-01  4.02670718E-01  1.28767653E+00  9.85159492E-01  1.51258520E-01
 -9.10730965E+00  1.00000000E+00  7.40954943E+00 -3.86275367E-01  4.02665436E-01  1.28763821E+00  9.85181483E-01  1.51228364E-01
 -9.05771574E+00  1.00000000E+00  7.37042980E+00 -3.86269831E-01  4.02675562E-01  1.28766583E+00  9.85169103E-01  1.51248364E-01
 -9.00812183E+00  1.00000000E+00  7.33131018E+00 -3.86264294E-01  4.02683915E-01  1.28769345E+00  9.85156723E-01  1.51268364E-01
 -8.95852792E+00  1.00000000E+00  7.29219057E+00 -3.86277604E-01  4.02673504E-01  1.28765729E+00  9.85176277E-01  1.51240506E-01
 -8.90893401E+00  1.00000000E+00  7.25307096E+00 -3.86290913E-01  4.02663551E-01  1.28762113E+00  9.85195831E-01  1.51212647E-01
 -8.85934010E+00  1.00000000E+00  7.21393907E+00 -3.86267355E-01  4.02676548E-01  1.28766669E+00  9.85169232E-01  1.51248729E-01
 -8.80974619E+00  1.00000000E+00  7.17480718E+00 -3.86243797E-01  4.02685907E-01  1.28771226E+00  9.85142634E-01  1.51284812E-01
 -8.76015229E+00  1.00000000E+00  7.13568439E+00 -3.86258444E-01  4.02673420E-01  1.28767788E+00  9.85159133E-01  1.51259372E-01
 -8.71055838E+00  1.00000000E+00  7.09656160E+00 -3.86273091E-01  4.02666464E-01  1.28764350E+00  9.85175633E-01  1.51233934E-01
 -8.66096447E+00  1.00000000E+00  7.05743715E+00 -3.86239307E-01  4.02679788E-01  1.28770159E+00  9.85142530E-01  1.51279529E-01
 -8.61137056E+00  1.00000000E+00  7.01831269E+00 -3.86205522E-01  4.02691486E-01  1.28775968E+00  9.85109430E-01  1.51325127E-01
 -8.56177665E+00  1.00000000E+00  6.97919455E+00 -3.86222904E-01  4.02684048E-01  1.28773176E+00  9.85126185E-01  1.51302789E-01
 -8.51218274E+00  1.00000000E+00  6.94007641E+00 -3.86240286E-01  4.02678565E-01  1.28770384E+00  9.85142941E-01  1.51280451E-01
 -8.46258884E+00  1.00000000E+00  6.90096074E+00 -3.86282037E-01  4.02680087E-01  1.28765269E+00  9.85180590E-01  1.51236051E-01
 -8.41299493E+00  1.00000000E+00  6.86184507E+00 -3.86323787E-01  4.02669995E-01  1.28760155E+00  9.85218243E-01  1.51191653E-01
 -8.36340102E+00  1.00000000E+00  6.82269746E+00 -3.86252616E-01  4.02671803E-01  1.28768834E+00  9.85154495E-01  1.51266921E-01
 -8.31380711E+00  1.00000000E+00  6.78354985E+00 -3.86181443E-01  4.02688307E-01  1.28777514E+00  9.85090754E-01  1.51342193E-01
 -8.26421320E+00  1.00000000E+00  6.74445121E+00 -3.86217615E-01  4.02682432E-01  1.28772938E+00  9.85124280E-01  1.51302551E-01
 -8.21461929E+00  1.00000000E+00  6.70535258E+00 -3.86253786E-01  4.02675776E-01  1.28768362E+00  9.85157807E-01  1.51262909E-01
 -8.16502538E+00  1.00000000E+00  6.66623224E+00 -3.86288648E-01  4.02677159E-01  1.28764101E+00  9.85187983E-01  1.51226513E-01
 -8.11543148E+00  1.00000000E+00  6.62711190E+00 -3.86323509E-01  4.02665764E-01  1.28759840E+00  9.85218162E-01  1.51190117E-01
 -8.06583757E+00  1.00000000E+00  6.58796572E+00 -3.86261048E-01  4.02673543E-01  1.28768052E+00  9.85160742E-01  1.51259889E-01
 -8.01624366E+00  1.00000000E+00  6.54881954E+00 -3.86198585E-01  4.02688914E-01  1.28776266E+00  9.85103328E-01  1.51329664E-01
 -7.96664975E+00  1.00000000E+00  6.50971181E+00 -3.86219585E-01  4.02681797E-01  1.28773468E+00  9.85122942E-01  1.51305869E-01
 -7.91705584E+00  1.00000000E+00  6.47060408E+00 -3.86240585E-01  4.02681189E-01  1.28770670E+00  9.85142556E-01  1.51282074E-01
 -7.86746193E+00  1.00000000E+00  6.43148973E+00 -3.86270999E-01  4.02680498E-01  1.28767024E+00  9.85168964E-01  1.51250638E-01
 -7.81786802E+00  1.00000000E+00  6.39237537E+00 -3.86301412E-01  4.02675835E-01  1.28763378E+00  9.85195373E-01  1.51219202E-01
 -7.76827412E+00  1.00000000E+00  6.35322712E+00 -3.86249064E-01  4.02677013E-01  1.28769766E+00  9.85149705E-01  1.51273980E-01
 -7.71868021E+00  1.00000000E+00  6.31407887E+00 -3.86196715E-01  4.02686973E-01  1.28776156E+00  9.85104041E-01  1.51328760E-01
 -7.66908630E+00  1.00000000E+00  6.27497679E+00 -3.86223867E-01  4.02680687E-01  1.28772234E+00  9.85130426E-01  1.51295958E-01
 -7.61949239E+00  1.00000000E+00  6.23587471E+00 -3.86251019E-01  4.02673489E-01  1.28768313E+00  9.85156813E-01  1.51263156E-01
 -7.56989848E+00  1.00000000E+00  6.19675804E+00 -3.86287848E-01  4.02675004E-01  1.28763992E+00  9.85188181E-01  1.51225869E-01
 -7.52030457E+00  1.00000000E+00  6.15764136E+00 -3.86324676E-01  4.02664841E-01  1.28759671E+00  9.85219551E-01  1.51188582E-01
 -7.47071066E+00  1.00000000E+00  6.11849789E+00 -3.86265019E-01  4.02672389E-01  1.28767629E+00  9.85164612E-01  1.51255840E-01
 -7.42111676E+00  1.00000000E+00  6.07935442E+00 -3.86205361E-01  4.02688542E-01  1.28775588E+00  9.85109678E-01  1.51323102E-01
 -7.37152285E+00  1.00000000E+00  6.04024215E+00 -3.86226594E-01  4.02679550E-01  1.28772240E+00  9.85131213E-01  1.51295594E-01
 -7.32192894E+00  1.00000000E+00  6.00112987E+00 -3.86247826E-01  4.02675224E-01  1.28768892E+00  9.85152748E-01  1.51268087E-01
 -7.27233503E+00  1.00000000E+00  5.96201676E+00 -3.86288598E-01  4.02676018E-01  1.28764046E+00  9.85187302E-01  1.51226577E-01
 -7.22274112E+00  1.00000000E+00  5.92290365E+00 -3.86329369E-01  4.02668240E-01  1.28759199E+00  9.85221858E-01  1.51185068E-01
 -7.17314721E+00  1.00000000E+00  5.88375474E+00 -3.86257037E-01  4.02674144E-01  1.28768501E+00  9.85156871E-01  1.51264069E-01
 -7.12355330E+00  1.00000000E+00  5.84460583E+00 -3.86184704E-01  4.02690036E-01  1.28777804E+00  9.85091892E-01  1.51343074E-01
 -7.07395940E+00  1.00000000E+00  5.80550389E+00 -3.86220083E-01  4.02682813E-01  1.28772793E+00  9.85126282E-01  1.51300822E-01
 -7.02436549E+00  1.00000000E+00  5.76640195E+00 -3.86255462E-01  4.02674470E-01  1.28767782E+00  9.85160674E-01  1.51258571E-01
 -6.97477158E+00  1.00000000E+00  5.72728204E+00 -3.86288888E-01  4.02675753E-01  1.28763842E+00  9.85188892E-01  1.51224764E-01
 -6.92517767E+00  1.00000000E+00  5.68816213E+00 -3.86322315E-01  4.02664593E-01  1.28759903E+00  9.85217112E-01  1.51190959E-01
 -6.87558376E+00  1.00000000E+00  5.64902111E+00 -3.86260796E-01  4.02671487E-01  1.28767968E+00  9.85161168E-01  1.51259258E-01
 -6.82598985E+00  1.00000000E+00  5.60988009E+00 -3.86199277E-01  4.02687952E-01  1.28776035E+00  9.85105230E-01  1.51327560E-01
 -6.77639594E+00  1.00000000E+00  5.57076802E+00 -3.86219046E-01  4.02680486E-01  1.28773298E+00  9.85123098E-01  1.51304942E-01
 -6.72680204E+00  1.00000000E+00  5.53165595E+00 -3.86238815E-01  4.02677869E-01  1.28770562E+00  9.85140968E-01  1.51282325E-01
 -6.67720813E+00  1.00000000E+00  5.49254011E+00 -3.86281500E-01  4.02680539E-01  1.28765365E+00  9.85179709E-01  1.51236970E-01
 -6.62761422E+00  1.00000000E+00  5.45342428E+00 -3.86324184E-01  4.02670412E-01  1.28760169E+00  9.85218453E-01  1.51191617E-01
 -6.57802031E+00  1.00000000E+00  5.41427667E+00 -3.86252809E-01  4.02671848E-01  1.28768831E+00  9.85154657E-01  1.51266826E-01
 -6.52842640E+00  1.00000000E+00  5.37512906E+00 -3.86181432E-01  4.02688147E-01  1.28777495E+00  9.85090868E-01  1.51342039E-01
 -6.47883249E+00  1.00000000E+00  5.33603013E+00 -3.86217123E-01  4.02682136E-01  1.28772906E+00  9.85124080E-01  1.51302488E-01
 -6.42923858E+00  1.00000000E+00  5.29693119E+00 -3.86252813E-01  4.02675419E-01  1.28768317E+00  9.85157295E-01  1.51262937E-01
 -6.37964468E+00  1.00000000E+00  5.25781223E+00 -3.86289101E-01  4.02676869E-01  1.28763971E+00  9.85188925E-01  1.51225391E-01
 -6.33005077E+00  1.00000000E+00  5.21869327E+00 -3.86325390E-01  4.02665054E-01  1.28759625E+00  9.85220556E-01  1.51187845E-01
 -6.28045686E+00  1.00000000E+00  5.17954588E+00 -3.86261729E-01  4.02672973E-01  1.28767922E+00  9.85161858E-01  1.51258682E-01
 -6.23086295E+00  1.00000000E+00  5.14039849E+00 -3.86198067E-01  4.02688833E-01  1.28776221E+00  9.85103165E-01  1.51329521E-01
 -6.18126904E+00  1.00000000E+00  5.10129068E+00 -3.86219598E-01  4.02682153E-01  1.28773500E+00  9.85122581E-01  1.51306210E-01
 -6.13167513E+00  1.00000000E+00  5.06218287E+00 -3.86241130E-01  4.02681968E-01  1.28770779E+00  9.85141998E-01  1.51282898E-01
 -6.08208123E+00  1.00000000E+00  5.02306801E+00 -3.86272302E-01  4.02681282E-01  1.28767045E+00  9.85169395E-01  1.51250528E-01
 -6.03248732E+00  1.00000000E+00  4.98395315E+00 -3.86303474E-01  4.02676268E-01  1.28763311E+00  9.85196794E-01  1.51218158E-01
 -5.98289341E+00  1.00000000E+00  4.94480619E+00 -3.86251496E-01  4.02676620E-01  1.28769583E+00  9.85151639E-01  1.51272094E-01
 -5.93329950E+00  1.00000000E+00  4.90565923E+00 -3.86199517E-01  4.02686193E-01  1.28775855E+00  9.85106488E-01  1.51326033E-01
 -5.88370559E+00  1.00000000E+00  4.86655645E+00 -3.86226378E-01  4.02679926E-01  1.28771916E+00  9.85132775E-01  1.51293192E-01
 -5.83411168E+00  1.00000000E+00  4.82745367E+00 -3.86253240E-01  4.02672330E-01  1.28767977E+00  9.85159063E-01  1.51260352E-01
 -5.78451777E+00  1.00000000E+00  4.78833529E+00 -3.86288448E-01  4.02674713E-01  1.28763995E+00  9.85188000E-01  1.51225975E-01
 -5.73492387E+00  1.00000000E+00  4.74921692E+00 -3.86323655E-01  4.02665800E-01  1.28760014E+00  9.85216939E-01  1.51191599E-01
 -5.68532996E+00  1.00000000E+00  4.71007503E+00 -3.86265068E-01  4.02672551E-01  1.28767801E+00  9.85163666E-01  1.51257171E-01
 -5.63573605E+00  1.00000000E+00  4.67093313E+00 -3.86206479E-01  4.02688210E-01  1.28775589E+00  9.85110399E-01  1.51322745E-01
 -5.58614214E+00  1.00000000E+00  4.63182182E+00 -3.86226309E-01  4.02679205E-01  1.28772228E+00  9.85131106E-01  1.51295588E-01
 -5.53654823E+00  1.00000000E+00  4.59271051E+00 -3.86246137E-01  4.02675220E-01  1.28768867E+00  9.85151813E-01  1.51268430E-01
 -5.48695432E+00  1.00000000E+00  4.55359722E+00 -3.86288728E-01  4.02676804E-01  1.28764018E+00  9.85187510E-01  1.51226336E-01
 -5.43736041E+00  1.00000000E+00  4.51448393E+00 -3.86331318E-01  4.02669140E-01  1.28759169E+00  9.85223209E-01  1.51184242E-01
 -5.38776651E+00  1.00000000E+00  4.47533356E+00 -3.86258012E-01  4.02673659E-01  1.28768411E+00  9.85157937E-01  1.51263087E-01
 -5.33817260E+00  1.00000000E+00  4.43618319E+00 -3.86184705E-01  4.02689186E-01  1.28777655E+00  9.85092673E-01  1.51341936E-01
 -5.28857869E+00  1.00000000E+00  4.39708185E+00 -3.86220006E-01  4.02681901E-01  1.28772636E+00  9.85126890E-01  1.51299734E-01
 -5.23898478E+00  1.00000000E+00  4.35798050E+00 -3.86255307E-01  4.02673604E-01  1.28767618E+00  9.85161109E-01  1.51257534E-01
 -5.18939087E+00  1.00000000E+00  4.31886134E+00 -3.86288924E-01  4.02675152E-01  1.28763769E+00  9.85189087E-01  1.51224303E-01
 -5.13979696E+00  1.00000000E+00  4.27974218E+00 -3.86322541E-01  4.02664668E-01  1.28759921E+00  9.85217067E-01  1.51191073E-01
 -5.09020305E+00  1.00000000E+00  4.24060040E+00 -3.86264135E-01  4.02671588E-01  1.28767694E+00  9.85163770E-01  1.51256584E-01
 -5.04060915E+00  1.00000000E+00  4.20145863E+00 -3.86205728E-01  4.02687452E-01  1.28775467E+00  9.85110477E-01  1.51322098E-01
 -4.99101524E+00  1.00000000E+00  4.16234806E+00 -3.86225771E-01  4.02678605E-01  1.28772138E+00  9.85131199E-01  1.51295092E-01
 -4.94142133E+00  1.00000000E+00  4.12323748E+00 -3.86245814E-01  4.02674866E-01  1.28768810E+00  9.85151921E-01  1.51268087E-01
 -4.89182742E+00  1.00000000E+00  4.08412403E+00 -3.86289195E-01  4.02676802E-01  1.28764026E+00  9.85187721E-01  1.51226272E-01
 -4.84223351E+00  1.00000000E+00  4.04501058E+00 -3.86332576E-01  4.02669730E-01  1.28759244E+00  9.85223524E-01  1.51184457E-01
 -4.79263960E+00  1.00000000E+00  4.00586078E+00 -3.86258640E-01  4.02673739E-01  1.28768414E+00  9.85158365E-01  1.51262888E-01
 -4.74304569E+00  1.00000000E+00  3.96671098E+00 -3.86184702E-01  4.02688842E-01  1.28777586E+00  9.85093212E-01  1.51341323E-01
 -4.69345179E+00  1.00000000E+00  3.92760770E+00 -3.86218879E-01  4.02681013E-01  1.28772461E+00  9.85126871E-01  1.51298871E-01
 -4.64385788E+00  1.00000000E+00  3.88850441E+00 -3.86253057E-01  4.02671784E-01  1.28767337E+00  9.85160531E-01  1.51256420E-01
 -4.59426397E+00  1.00000000E+00  3.84939438E+00 -3.86294871E-01  4.02673018E-01  1.28762744E+00  9.85197638E-01  1.51214902E-01
 -4.54467006E+00  1.00000000E+00  3.81028436E+00 -3.86336685E-01  4.02661247E-01  1.28758152E+00  9.85234746E-01  1.51173385E-01
 -4.49507615E+00  1.00000000E+00  3.77116100E+00 -3.86347763E-01  4.02657299E-01  1.28756791E+00  9.85243275E-01  1.51162318E-01
 -4.44548224E+00  1.00000000E+00  3.73203764E+00 -3.86358840E-01  4.02657951E-01  1.28755431E+00  9.85251804E-01  1.51151251E-01
 -4.39588833E+00  1.00000000E+00  3.69288175E+00 -3.86264074E-01  4.02661653E-01  1.28765939E+00  9.85171524E-01  1.51243936E-01
 -4.34629443E+00  1.00000000E+00  3.65372585E+00 -3.86169306E-01  4.02672099E-01  1.28776451E+00  9.85091254E-01  1.51336626E-01
 -4.29670052E+00  1.00000000E+00  3.61463338E+00 -3.86242419E-01  4.02673438E-01  1.28769254E+00  9.85149596E-01  1.51271475E-01
 -4.24710661E+00  1.00000000E+00  3.57554091E+00 -3.86315530E-01  4.02677804E-01  1.28762060E+00  9.85207944E-01  1.51206326E-01
 -4.19751270E+00  1.00000000E+00  3.53639040E+00 -3.86247694E-01  4.02675207E-01  1.28769073E+00  9.85151887E-01  1.51269419E-01
 -4.14791879E+00  1.00000000E+00  3.49723989E+00 -3.86179855E-01  4.02681754E-01  1.28776086E+00  9.85095837E-01  1.51332514E-01
 -4.09832488E+00  1.00000000E+00  3.45812563E+00 -3.86187065E-01  4.02685319E-01  1.28776609E+00  9.85097838E-01  1.51334125E-01
 -4.04873097E+00  1.00000000E+00  3.41901137E+00 -3.86194275E-01  4.02695584E-01  1.28777131E+00  9.85099838E-01  1.51335736E-01
 -3.99913707E+00  1.00000000E+00  3.37989780E+00 -3.86215556E-01  4.02687885E-01  1.28773979E+00  9.85122006E-01  1.51308892E-01
 -3.94954316E+00  1.00000000E+00  3.34078423E+00 -3.86236837E-01  4.02677791E-01  1.28770827E+00  9.85144175E-01  1.51282047E-01
 -3.89994925E+00  1.00000000E+00  3.30167914E+00 -3.86307153E-01  4.02675581E-01  1.28762119E+00  9.85205228E-01  1.51207980E-01
 -3.85035534E+00  1.00000000E+00  3.26257406E+00 -3.86377466E-01  4.02659854E-01  1.28753412E+00  9.85266287E-01  1.51133916E-01
 -3.80076143E+00  1.00000000E+00  3.22341292E+00 -3.86297526E-01  4.02667444E-01  1.28763783E+00  9.85193269E-01  1.51222280E-01
 -3.75116752E+00  1.00000000E+00  3.18425178E+00 -3.86217583E-01  4.02682304E-01  1.28774156E+00  9.85120261E-01  1.51310650E-01
 -3.70157361E+00  1.00000000E+00  3.14515350E+00 -3.86268349E-01  4.02672595E-01  1.28767960E+00  9.85163228E-01  1.51258188E-01
 -3.65197971E+00  1.00000000E+00  3.10605523E+00 -3.86319113E-01  4.02674564E-01  1.28761766E+00  9.85206198E-01  1.51205729E-01
 -3.60238580E+00  1.00000000E+00  3.06693063E+00 -3.86319465E-01  4.02664799E-01  1.28759624E+00  9.85215429E-01  1.51190405E-01
 -3.55279189E+00  1.00000000E+00  3.02780604E+00 -3.86319817E-01  4.02650926E-01  1.28757482E+00  9.85224660E-01  1.51175081E-01
 -3.50319798E+00  1.00000000E+00  2.98867109E+00 -3.86277034E-01  4.02663598E-01  1.28764446E+00  9.85180338E-01  1.51232062E-01
 -3.45360407E+00  1.00000000E+00  2.94953615E+00 -3.86234251E-01  4.02673380E-01  1.28771411E+00  9.85136019E-01  1.51289045E-01
 -3.40401016E+00  1.00000000E+00  2.91043807E+00 -3.86292689E-01  4.02670000E-01  1.28764055E+00  9.85189440E-01  1.51225557E-01
 -3.35441626E+00  1.00000000E+00  2.87134000E+00 -3.86351126E-01  4.02664003E-01  1.28756701E+00  9.85242865E-01  1.51162071E-01
 -3.30482235E+00  1.00000000E+00  2.83218683E+00 -3.86276069E-01  4.02670274E-01  1.28765892E+00  9.85176256E-01  1.51241334E-01
 -3.25522844E+00  1.00000000E+00  2.79303366E+00 -3.86201011E-01  4.02684853E-01  1.28775086E+00  9.85109655E-01  1.51320600E-01
 -3.20563453E+00  1.00000000E+00  2.75391756E+00 -3.86219602E-01  4.02675382E-01  1.28771781E+00  9.85127554E-01  1.51295126E-01
 -3.15604062E+00  1.00000000E+00  2.71480146E+00 -3.86238193E-01  4.02674045E-01  1.28768476E+00  9.85145453E-01  1.51269652E-01
 -3.10644671E+00  1.00000000E+00  2.67567792E+00 -3.86216847E-01  4.02683157E-01  1.28772675E+00  9.85123257E-01  1.51301746E-01
 -3.05685280E+00  1.00000000E+00  2.63655438E+00 -3.86195500E-01  4.02686916E-01  1.28776874E+00  9.85101061E-01  1.51333841E-01
 -3.00725890E+00  1.00000000E+00  2.59745172E+00 -3.86255909E-01  4.02684107E-01  1.28768976E+00  9.85159040E-01  1.51265361E-01
 -2.95766499E+00  1.00000000E+00  2.55834906E+00 -3.86316316E-01  4.02670622E-01  1.28761079E+00  9.85217024E-01  1.51196884E-01
 -2.90807108E+00  1.00000000E+00  2.51920212E+00 -3.86250280E-01  4.02668768E-01  1.28769224E+00  9.85155594E-01  1.51268320E-01
 -2.85847717E+00  1.00000000E+00  2.48005518E+00 -3.86184242E-01  4.02680145E-01  1.28777369E+00  9.85094171E-01  1.51339760E-01
 -2.80888326E+00  1.00000000E+00  2.44096407E+00 -3.86287900E-01  4.02675990E-01  1.28764816E+00  9.85186757E-01  1.51230703E-01
 -2.75928935E+00  1.00000000E+00  2.40187297E+00 -3.86391554E-01  4.02660217E-01  1.28752266E+00  9.85279357E-01  1.51121652E-01
 -2.70969544E+00  1.00000000E+00  2.36272790E+00 -3.86342848E-01  4.02656279E-01  1.28757187E+00  9.85237876E-01  1.51166999E-01
 -2.66010154E+00  1.00000000E+00  2.32358282E+00 -3.86294141E-01  4.02662977E-01  1.28762109E+00  9.85196398E-01  1.51212346E-01
 -2.61050763E+00  1.00000000E+00  2.28445708E+00 -3.86252493E-01  4.02664106E-01  1.28767053E+00  9.85160370E-01  1.51255079E-01
 -2.56091372E+00  1.00000000E+00  2.24533135E+00 -3.86210844E-01  4.02677899E-01  1.28771997E+00  9.85124344E-01  1.51297813E-01
 -2.51131981E+00  1.00000000E+00  2.20620446E+00 -3.86221665E-01  4.02674408E-01  1.28770750E+00  9.85133189E-01  1.51287156E-01
 -2.46172590E+00  1.00000000E+00  2.16707758E+00 -3.86232487E-01  4.02670994E-01  1.28769503E+00  9.85142033E-01  1.51276500E-01
 -2.41213199E+00  1.00000000E+00  2.12797671E+00 -3.86285704E-01  4.02672751E-01  1.28763978E+00  9.85186925E-01  1.51226428E-01
 -2.36253808E+00  1.00000000E+00  2.08887585E+00 -3.86338920E-01  4.02665897E-01  1.28758453E+00  9.85231820E-01  1.51176357E-01
 -2.31294418E+00  1.00000000E+00  2.04972883E+00 -3.86267413E-01  4.02666952E-01  1.28766299E+00  9.85170183E-01  1.51246405E-01
 -2.26335027E+00  1.00000000E+00  2.01058181E+00 -3.86195904E-01  4.02678229E-01  1.28774146E+00  9.85108553E-01  1.51316456E-01
 -2.21375636E+00  1.00000000E+00  1.97146158E+00 -3.86213218E-01  4.02675113E-01  1.28772262E+00  9.85123384E-01  1.51299619E-01
 -2.16416245E+00  1.00000000E+00  1.93234136E+00 -3.86230532E-01  4.02674067E-01  1.28770378E+00  9.85138215E-01  1.51282782E-01
 -2.11456854E+00  1.00000000E+00  1.89322702E+00 -3.86239728E-01  4.02674575E-01  1.28769041E+00  9.85147749E-01  1.51271331E-01
 -2.06497463E+00  1.00000000E+00  1.85411269E+00 -3.86248925E-01  4.02672925E-01  1.28767704E+00  9.85157283E-01  1.51259880E-01
 -2.01538072E+00  1.00000000E+00  1.81499215E+00 -3.86255145E-01  4.02658746E-01  1.28764613E+00  9.85171020E-01  1.51237556E-01
 -1.96578682E+00  1.00000000E+00  1.77587161E+00 -3.86261364E-01  4.02644174E-01  1.28761522E+00  9.85184758E-01  1.51215233E-01
 -1.91619291E+00  1.00000000E+00  1.73674799E+00 -3.86243999E-01  4.02651759E-01  1.28763777E+00  9.85169309E-01  1.51234228E-01
 -1.86659900E+00  1.00000000E+00  1.69762436E+00 -3.86226633E-01  4.02655741E-01  1.28766031E+00  9.85153861E-01  1.51253224E-01
 -1.81700509E+00  1.00000000E+00  1.65850411E+00 -3.86236551E-01  4.02633905E-01  1.28761251E+00  9.85174031E-01  1.51219240E-01
 -1.76741118E+00  1.00000000E+00  1.61938386E+00 -3.86246469E-01  4.02616463E-01  1.28756472E+00  9.85194201E-01  1.51185258E-01
 -1.71781727E+00  1.00000000E+00  1.58027023E+00 -3.86212454E-01  4.02617728E-01  1.28759375E+00  9.85168700E-01  1.51212526E-01
 -1.66822336E+00  1.00000000E+00  1.54115660E+00 -3.86178440E-01  4.02615529E-01  1.28762279E+00  9.85143200E-01  1.51239796E-01
 -1.61862946E+00  1.00000000E+00  1.50204744E+00 -3.86185340E-01  4.02590516E-01  1.28756296E+00  9.85169002E-01  1.51196977E-01
 -1.56903555E+00  1.00000000E+00  1.46293828E+00 -3.86192241E-01  4.02562559E-01  1.28750312E+00  9.85194805E-01  1.51154159E-01
 -1.51944164E+00  1.00000000E+00  1.42386843E+00 -3.86185630E-01  4.02545373E-01  1.28746184E+00  9.85207397E-01  1.51127223E-01
 -1.46984773E+00  1.00000000E+00  1.38479858E+00 -3.86179019E-01  4.02524414E-01  1.28742056E+00  9.85219989E-01  1.51100287E-01
 -1.42025382E+00  1.00000000E+00  1.34567870E+00 -3.86098099E-01  4.02485788E-01  1.28744346E+00  9.85174632E-01  1.51134416E-01
 -1.37065991E+00  1.00000000E+00  1.30655882E+00 -3.86017179E-01  4.02463694E-01  1.28746637E+00  9.85129281E-01  1.51168545E-01
 -1.32106600E+00  1.00000000E+00  1.26755785E+00 -3.86094168E-01  4.02435682E-01  1.28731041E+00  9.85222116E-01  1.51044147E-01
 -1.27147210E+00  1.00000000E+00  1.22855689E+00 -3.86171152E-01  4.02387227E-01  1.28715448E+00  9.85314962E-01  1.50919759E-01
 -1.22187819E+00  1.00000000E+00  1.18952512E+00 -3.86045794E-01  4.02357741E-01  1.28721506E+00  9.85234631E-01  1.50990215E-01
 -1.17228428E+00  1.00000000E+00  1.15049336E+00 -3.85920434E-01  4.02342667E-01  1.28727566E+00  9.85154316E-01  1.51060674E-01
 -1.12269037E+00  1.00000000E+00  1.11157937E+00 -3.85926826E-01  4.02314288E-01  1.28721602E+00  9.85177614E-01  1.51019203E-01
 -1.07309646E+00  1.00000000E+00  1.07266538E+00 -3.85933219E-01  4.02287522E-01  1.28715638E+00  9.85200911E-01  1.50977734E-01
 -1.02350255E+00  1.00000000E+00  1.03386067E+00 -3.85937763E-01  4.02290526E-01  1.28716503E+00  9.85212495E-01  1.50976268E-01
 -9.73908645E-01  1.00000000E+00  9.95055959E-01 -3.85942308E-01  4.02313929E-01  1.28717368E+00  9.85224078E-01  1.50974802E-01
 -9.24314736E-01  1.00000000E+00  9.56401902E-01 -3.86008218E-01  4.02386150E-01  1.28731245E+00  9.85187371E-01  1.51062539E-01
 -8.74720828E-01  1.00000000E+00  9.17747846E-01 -3.86074131E-01  4.02470298E-01  1.28745123E+00  9.85150670E-01  1.51150281E-01
 -8.25312107E-01  1.00000000E+00  8.79475910E-01 -3.86265133E-01  4.02677676E-01  1.28778613E+00  9.85138549E-01  1.51323791E-01
 -7.75903387E-01  1.00000000E+00  8.41203974E-01 -3.86456173E-01  4.02942794E-01  1.28812113E+00  9.85126458E-01  1.51497336E-01
 -7.30665613E-01  1.00000000E+00  8.06498055E-01 -3.86914845E-01  4.03412083E-01  1.28873135E+00  9.85119137E-01  1.51806108E-01
 -6.85427839E-01  1.00000000E+00  7.71792135E-01 -3.87373680E-01  4.03926461E-01  1.28934196E+00  9.85111992E-01  1.52114986E-01
 -6.45465100E-01  1.00000000E+00  7.41525414E-01 -3.88029547E-01  4.04682398E-01  1.29041795E+00  9.85015536E-01  1.52701207E-01
 -6.05502361E-01  1.00000000E+00  7.11258694E-01 -3.88685808E-01  4.05537000E-01  1.29149499E+00  9.84919465E-01  1.53287764E-01
 -5.70199545E-01  1.00000000E+00  6.84861343E-01 -3.89687944E-01  4.06627271E-01  1.29309147E+00  9.84828876E-01  1.54131299E-01
 -5.34896729E-01  1.00000000E+00  6.58463992E-01 -3.90691004E-01  4.07876943E-01  1.29469030E+00  9.84739146E-01  1.54975580E-01
 -5.03710456E-01  1.00000000E+00  6.35432327E-01 -3.92144560E-01  4.09419979E-01  1.29695074E+00  9.84607191E-01  1.56171774E-01
 -4.72524184E-01  1.00000000E+00  6.12400663E-01 -3.93599991E-01  4.11162561E-01  1.29921594E+00  9.84477050E-01  1.57369444E-01
 -4.44974441E-01  1.00000000E+00  5.92699890E-01 -3.95669417E-01  4.13298875E-01  1.30233492E+00  9.84362518E-01  1.58986201E-01
 -4.17424698E-01  1.00000000E+00  5.72999117E-01 -3.97742578E-01  4.15728743E-01  1.30546310E+00  9.84251569E-01  1.60605764E-01
 -3.93087440E-01  1.00000000E+00  5.55966617E-01 -4.00151963E-01  4.18214292E-01  1.30905038E+00  9.84216220E-01  1.62417078E-01
 -3.68750182E-01  1.00000000E+00  5.38934118E-01 -4.02566476E-01  4.21158408E-01  1.31264983E+00  9.84185576E-01  1.64232127E-01
 -3.47250809E-01  1.00000000E+00  5.24293829E-01 -4.05482162E-01  4.24515983E-01  1.31765934E+00  9.83676581E-01  1.66991379E-01
 -3.25751437E-01  1.00000000E+00  5.09653540E-01 -4.08405784E-01  4.28257908E-01  1.32269079E+00  9.83175310E-01  1.69757741E-01
 -3.06759035E-01  1.00000000E+00  4.97176514E-01 -4.12183087E-01  4.32226156E-01  1.32856487E+00  9.83038878E-01  1.72762994E-01
 -2.87766633E-01  1.00000000E+00  4.84699489E-01 -4.15973256E-01  4.36601688E-01  1.33447034E+00  9.82914039E-01  1.75778151E-01
 -2.70988873E-01  1.00000000E+00  4.74223105E-01 -4.20159094E-01  4.41475920E-01  1.34167584E+00  9.82336232E-01  1.79669805E-01
 -2.54211113E-01  1.00000000E+00  4.63746721E-01 -4.24361435E-01  4.46690381E-01  1.34892587E+00  9.81773680E-01  1.83576096E-01
 -2.39389755E-01  1.00000000E+00  4.55089167E-01 -4.29336150E-01  4.52291300E-01  1.35729915E+00  9.81370795E-01  1.87964179E-01
 -2.24568396E-01  1.00000000E+00  4.46431613E-01 -4.34334154E-01  4.58284466E-01  1.36573245E+00  9.80988314E-01  1.92372066E-01
 -2.11472015E-01  1.00000000E+00  4.39256674E-01 -4.39980114E-01  4.64709921E-01  1.37563367E+00  9.80429623E-01  1.97602024E-01
 -1.98375634E-01  1.00000000E+00  4.32081735E-01 -4.45656840E-01  4.71567001E-01  1.38561619E+00  9.79897306E-01  2.02859440E-01
 -1.85977157E-01  1.00000000E+00  4.26129517E-01 -4.52950221E-01  4.79597780E-01  1.39827633E+00  9.79457802E-01  2.09409263E-01
 -1.73578680E-01  1.00000000E+00  4.20177300E-01 -4.60294759E-01  4.88156658E-01  1.41106786E+00  9.79060567E-01  2.16003644E-01
 -1.61180203E-01  1.00000000E+00  4.15006483E-01 -4.68913727E-01  4.98783040E-01  1.42777549E+00  9.77741337E-01  2.25017077E-01
 -1.48781726E-01  1.00000000E+00  4.09835666E-01 -4.77608563E-01  5.10183852E-01  1.44469826E+00  9.76484952E-01  2.34106657E-01
 -1.36383248E-01  1.00000000E+00  4.07190607E-01 -4.90229767E-01  5.24438785E-01  1.46929204E+00  9.75294888E-01  2.46998577E-01
 -1.23984771E-01  1.00000000E+00  4.04545548E-01 -5.03016271E-01  5.40159902E-01  1.49433948E+00  9.74229910E-01  2.60054785E-01
 -1.11586294E-01  1.00000000E+00  3.98953682E-01 -5.19568117E-01  5.61204607E-01  1.52726895E+00  9.72895267E-01  2.77186839E-01
 -9.91878171E-02  1.00000000E+00  3.93361816E-01 -5.36402987E-01  5.83359659E-01  1.56097824E+00  9.71768678E-01  2.94604781E-01
 -8.67893400E-02  1.00000000E+00  4.14606528E-01 -5.61195551E-01  6.15762929E-01  1.63542466E+00  9.60577894E-01  3.37423385E-01
 -7.43908628E-02  1.00000000E+00  4.35851240E-01 -5.86871456E-01  6.57403225E-01  1.71341641E+00  9.50059092E-01  3.81678659E-01
 -6.19923857E-02  1.00000000E+00  3.82355022E-01 -6.12276474E-01  7.10346973E-01  1.76889836E+00  9.49343121E-01  4.09777617E-01
 -4.95939085E-02  1.00000000E+00  3.28858803E-01 -6.38346721E-01  7.56171955E-01  1.82626384E+00  9.49051689E-01  4.38606074E-01
 -3.71954314E-02  1.00000000E+00  6.60205325E-01 -7.74779024E-01  8.70464699E-01  2.19677811E+00  9.40634098E-01  6.28072005E-01
 -2.47969543E-02  1.00000000E+00  9.91551848E-01 -9.33967190E-01  1.08450569E+00  2.64284663E+00  9.43522174E-01  8.49662231E-01
 -1.23984771E-02  1.00000000E+00  1.41869601E-01 -3.64859023E-01  1.78709555E+00  3.46683932E+00  5.62470145E-01  1.45218459E+00
  0.00000000E+00  1.00000000E+00 -7.07812646E-01  3.34710569E-01  3.12913814E+00  5.11462484E+00  4.19987445E-01  2.34731870E+00
