# curve 5 (die wall), step =     1000, time =   8.00000000E+02
# N1 = tau_xx - tau_yy = G ( c_xx - c_yy ),  G =  1.8000E+00  (polymer part only)
#              x               y        pressure            c_xy        gammadot            c_xx            c_yy              N1
 -3.00000000E+00  1.00000000E+00  2.63743252E+00 -2.00009519E-01  3.99995864E-01  1.07992706E+00  1.00002460E+00  1.43824426E-01
 -2.95108291E+00  1.00000000E+00  2.59828693E+00 -2.00013116E-01  3.99999860E-01  1.07993006E+00  1.00002468E+00  1.43829681E-01
 -2.90216582E+00  1.00000000E+00  2.55914135E+00 -2.00016713E-01  4.00003875E-01  1.07993306E+00  1.00002476E+00  1.43834935E-01
 -2.85324873E+00  1.00000000E+00  2.52000965E+00 -2.00017403E-01  3.99999694E-01  1.07991142E+00  1.00003197E+00  1.43783013E-01
 -2.80433164E+00  1.00000000E+00  2.48087796E+00 -2.00018093E-01  3.99991520E-01  1.07988977E+00  1.00003917E+00  1.43731091E-01
 -2.75541455E+00  1.00000000E+00  2.44173775E+00 -2.00013033E-01  3.99997561E-01  1.07992510E+00  1.00002639E+00  1.43817685E-01
 -2.70649746E+00  1.00000000E+00  2.40259755E+00 -2.00007973E-01  3.99998797E-01  1.07996043E+00  1.00001361E+00  1.43904281E-01
 -2.65758037E+00  1.00000000E+00  2.36346876E+00 -2.00010089E-01  3.99997720E-01  1.07994752E+00  1.00001850E+00  1.43872232E-01
 -2.60866328E+00  1.00000000E+00  2.32433998E+00 -2.00012205E-01  3.99999955E-01  1.07993460E+00  1.00002339E+00  1.43840185E-01
 -2.55974619E+00  1.00000000E+00  2.28520189E+00 -2.00009515E-01  3.99997938E-01  1.07995263E+00  1.00001680E+00  1.43884479E-01
 -2.51082911E+00  1.00000000E+00  2.24606380E+00 -2.00006825E-01  4.00005290E-01  1.07997065E+00  1.00001022E+00  1.43928773E-01
 -2.46191202E+00  1.00000000E+00  2.20693340E+00 -2.00008954E-01  3.99999521E-01  1.07995168E+00  1.00001696E+00  1.43882498E-01
 -2.41299493E+00  1.00000000E+00  2.16780300E+00 -2.00011083E-01  3.99993618E-01  1.07993270E+00  1.00002369E+00  1.43836224E-01
 -2.36407784E+00  1.00000000E+00  2.12866627E+00 -2.00007496E-01  3.99997042E-01  1.07995404E+00  1.00001560E+00  1.43889188E-01
 -2.31516075E+00  1.00000000E+00  2.08952954E+00 -2.00003909E-01  4.00000738E-01  1.07997537E+00  1.00000751E+00  1.43942152E-01
 -2.26624366E+00  1.00000000E+00  2.05039399E+00 -2.00008485E-01  3.99999024E-01  1.07995356E+00  1.00001597E+00  1.43887655E-01
 -2.21732657E+00  1.00000000E+00  2.01125843E+00 -2.00013061E-01  4.00000423E-01  1.07993174E+00  1.00002443E+00  1.43833158E-01
 -2.16840948E+00  1.00000000E+00  1.97213254E+00 -2.00012623E-01  3.99996147E-01  1.07992248E+00  1.00002724E+00  1.43811415E-01
 -2.11949239E+00  1.00000000E+00  1.93300664E+00 -2.00012185E-01  3.99988128E-01  1.07991321E+00  1.00003006E+00  1.43789673E-01
 -2.07057530E+00  1.00000000E+00  1.89386341E+00 -2.00011302E-01  3.99990538E-01  1.07991546E+00  1.00002911E+00  1.43795426E-01
 -2.02165821E+00  1.00000000E+00  1.85472018E+00 -2.00010418E-01  3.99993931E-01  1.07991771E+00  1.00002816E+00  1.43801180E-01
 -1.97274112E+00  1.00000000E+00  1.81559627E+00 -2.00009930E-01  3.99983886E-01  1.07989780E+00  1.00003454E+00  1.43753857E-01
 -1.92382403E+00  1.00000000E+00  1.77647235E+00 -2.00009442E-01  3.99971061E-01  1.07987789E+00  1.00004093E+00  1.43706534E-01
 -1.87490694E+00  1.00000000E+00  1.73733650E+00 -2.00000738E-01  3.99967928E-01  1.07990731E+00  1.00002930E+00  1.43780414E-01
 -1.82598985E+00  1.00000000E+00  1.69820065E+00 -1.99992033E-01  3.99962828E-01  1.07993672E+00  1.00001767E+00  1.43854295E-01
 -1.77707276E+00  1.00000000E+00  1.65907679E+00 -1.99992695E-01  3.99957985E-01  1.07991320E+00  1.00002526E+00  1.43798300E-01
 -1.72815567E+00  1.00000000E+00  1.61995293E+00 -1.99993356E-01  3.99953851E-01  1.07988968E+00  1.00003285E+00  1.43742305E-01
 -1.67923858E+00  1.00000000E+00  1.58081793E+00 -1.99984006E-01  3.99935503E-01  1.07989915E+00  1.00002699E+00  1.43769880E-01
 -1.63032150E+00  1.00000000E+00  1.54168294E+00 -1.99974656E-01  3.99927472E-01  1.07990862E+00  1.00002114E+00  1.43797456E-01
 -1.58140441E+00  1.00000000E+00  1.50258335E+00 -1.99969040E-01  3.99906680E-01  1.07988746E+00  1.00002750E+00  1.43747929E-01
 -1.53248732E+00  1.00000000E+00  1.46348377E+00 -1.99963424E-01  3.99889125E-01  1.07986631E+00  1.00003386E+00  1.43698404E-01
 -1.48357023E+00  1.00000000E+00  1.42437798E+00 -1.99951295E-01  3.99868313E-01  1.07985922E+00  1.00003395E+00  1.43685473E-01
 -1.43465314E+00  1.00000000E+00  1.38527219E+00 -1.99939166E-01  3.99842473E-01  1.07985212E+00  1.00003404E+00  1.43672542E-01
 -1.38573605E+00  1.00000000E+00  1.34617998E+00 -1.99920645E-01  3.99811284E-01  1.07986057E+00  1.00002588E+00  1.43702445E-01
 -1.33681896E+00  1.00000000E+00  1.30708778E+00 -1.99902123E-01  3.99789861E-01  1.07986901E+00  1.00001771E+00  1.43732349E-01
 -1.28790187E+00  1.00000000E+00  1.26804338E+00 -1.99890055E-01  3.99757239E-01  1.07984977E+00  1.00002043E+00  1.43692812E-01
 -1.23898478E+00  1.00000000E+00  1.22899898E+00 -1.99877987E-01  3.99724261E-01  1.07983053E+00  1.00002315E+00  1.43653276E-01
 -1.19006769E+00  1.00000000E+00  1.18999879E+00 -1.99862944E-01  3.99695096E-01  1.07981271E+00  1.00002767E+00  1.43613082E-01
 -1.14115060E+00  1.00000000E+00  1.15099861E+00 -1.99847902E-01  3.99667092E-01  1.07979490E+00  1.00003218E+00  1.43572889E-01
 -1.09223351E+00  1.00000000E+00  1.11208988E+00 -1.99844365E-01  3.99651045E-01  1.07977856E+00  1.00003626E+00  1.43536147E-01
 -1.04331642E+00  1.00000000E+00  1.07318116E+00 -1.99840829E-01  3.99635945E-01  1.07976223E+00  1.00004034E+00  1.43499405E-01
 -9.94399333E-01  1.00000000E+00  1.03437159E+00 -1.99842428E-01  3.99647262E-01  1.07979483E+00  1.00002831E+00  1.43579747E-01
 -9.45482243E-01  1.00000000E+00  9.95562016E-01 -1.99844027E-01  3.99674000E-01  1.07982744E+00  1.00001628E+00  1.43660090E-01
 -8.96565154E-01  1.00000000E+00  9.56940087E-01 -1.99901943E-01  3.99771649E-01  1.07985648E+00  1.00002551E+00  1.43695742E-01
 -8.47648064E-01  1.00000000E+00  9.18318159E-01 -1.99959861E-01  3.99899497E-01  1.07988552E+00  1.00003475E+00  1.43731396E-01
 -7.99501858E-01  1.00000000E+00  8.80584140E-01 -2.00090028E-01  4.00113825E-01  1.07998457E+00  1.00004716E+00  1.43887335E-01
 -7.51355652E-01  1.00000000E+00  8.42850122E-01 -2.00220207E-01  4.00418128E-01  1.08008363E+00  1.00005959E+00  1.44043286E-01
 -7.08111109E-01  1.00000000E+00  8.09274027E-01 -2.00459541E-01  4.00810928E-01  1.08029845E+00  1.00004568E+00  1.44454978E-01
 -6.64866566E-01  1.00000000E+00  7.75697931E-01 -2.00698909E-01  4.01395436E-01  1.08051334E+00  1.00003183E+00  1.44866726E-01
 -6.26599939E-01  1.00000000E+00  7.46285795E-01 -2.01118087E-01  4.02143974E-01  1.08081462E+00  1.00006379E+00  1.45351499E-01
 -5.88333313E-01  1.00000000E+00  7.16873660E-01 -2.01537363E-01  4.03002298E-01  1.08111613E+00  1.00009591E+00  1.45836381E-01
 -5.54471587E-01  1.00000000E+00  6.91341468E-01 -2.02129256E-01  4.04162841E-01  1.08167297E+00  1.00002280E+00  1.46970293E-01
 -5.20609860E-01  1.00000000E+00  6.65809277E-01 -2.02721353E-01  4.05446354E-01  1.08223035E+00  9.99950037E-01  1.48104571E-01
 -4.90645977E-01  1.00000000E+00  6.43424431E-01 -2.03562296E-01  4.06950687E-01  1.08282203E+00  1.00004672E+00  1.48995545E-01
 -4.60682095E-01  1.00000000E+00  6.21039584E-01 -2.04403649E-01  4.08633048E-01  1.08341458E+00  1.00014406E+00  1.49886945E-01
 -4.34167380E-01  1.00000000E+00  6.01989783E-01 -2.05475770E-01  4.10785422E-01  1.08440533E+00  1.00003255E+00  1.51871005E-01
 -4.07652666E-01  1.00000000E+00  5.82939981E-01 -2.06548560E-01  4.13123345E-01  1.08539784E+00  9.99922162E-01  1.53856225E-01
 -3.84190072E-01  1.00000000E+00  5.66195999E-01 -2.07881501E-01  4.15599616E-01  1.08642896E+00  1.00000172E+00  1.55569034E-01
 -3.60727478E-01  1.00000000E+00  5.49452017E-01 -2.09215491E-01  4.18334529E-01  1.08746243E+00  1.00008291E+00  1.57283142E-01
 -3.39965684E-01  1.00000000E+00  5.35275850E-01 -2.10854185E-01  4.21632437E-01  1.08892121E+00  1.00000239E+00  1.60053868E-01
 -3.19203889E-01  1.00000000E+00  5.21099682E-01 -2.12494474E-01  4.25102565E-01  1.09038395E+00  9.99924423E-01  1.62827149E-01
 -3.00831998E-01  1.00000000E+00  5.09052092E-01 -2.14543174E-01  4.28928835E-01  1.09204569E+00  1.00001439E+00  1.65656353E-01
 -2.82460107E-01  1.00000000E+00  4.97004503E-01 -2.16594404E-01  4.33072045E-01  1.09371316E+00  1.00010821E+00  1.68488917E-01
 -2.66203017E-01  1.00000000E+00  4.86820590E-01 -2.18931206E-01  4.37739186E-01  1.09587610E+00  9.99990366E-01  1.72594315E-01
 -2.49945927E-01  1.00000000E+00  4.76636678E-01 -2.21271374E-01  4.42621076E-01  1.09804729E+00  9.99877669E-01  1.76705320E-01
 -2.35560203E-01  1.00000000E+00  4.68297332E-01 -2.23977211E-01  4.47796022E-01  1.10040787E+00  9.99936665E-01  1.80848174E-01
 -2.21174479E-01  1.00000000E+00  4.59957986E-01 -2.26687643E-01  4.53408998E-01  1.10277892E+00  1.00000237E+00  1.84997779E-01
 -2.08421419E-01  1.00000000E+00  4.52872782E-01 -2.29957757E-01  4.59622728E-01  1.10572361E+00  1.00004118E+00  1.90228377E-01
 -1.95668358E-01  1.00000000E+00  4.45787578E-01 -2.33234689E-01  4.66181723E-01  1.10868390E+00  1.00008978E+00  1.95469424E-01
 -1.83439085E-01  1.00000000E+00  4.40311140E-01 -2.37019475E-01  4.73837182E-01  1.11248985E+00  9.99873439E-01  2.02709533E-01
 -1.71209813E-01  1.00000000E+00  4.34834702E-01 -2.40813753E-01  4.81893583E-01  1.11631875E+00  9.99670483E-01  2.09966878E-01
 -1.58980541E-01  1.00000000E+00  4.29495103E-01 -2.45999474E-01  4.91743599E-01  1.12104022E+00  9.99976073E-01  2.17915462E-01
 -1.46751268E-01  1.00000000E+00  4.24155505E-01 -2.51203250E-01  5.02127118E-01  1.12580063E+00  1.00030574E+00  2.25890792E-01
 -1.34521996E-01  1.00000000E+00  4.22453426E-01 -2.57875871E-01  5.15627385E-01  1.13342791E+00  9.99647044E-01  2.40805556E-01
 -1.22292724E-01  1.00000000E+00  4.20751346E-01 -2.64580836E-01  5.30064519E-01  1.14113512E+00  9.99030230E-01  2.55788805E-01
 -1.10063451E-01  1.00000000E+00  4.13225575E-01 -2.75337607E-01  5.50076666E-01  1.15051812E+00  1.00078117E+00  2.69526522E-01
 -9.78341789E-02  1.00000000E+00  4.05699805E-01 -2.86175490E-01  5.69570448E-01  1.16005823E+00  1.00263260E+00  2.83366148E-01
 -8.56049065E-02  1.00000000E+00  4.32155651E-01 -2.99372507E-01  5.98532793E-01  1.18324974E+00  9.97056049E-01  3.35148649E-01
 -7.33756342E-02  1.00000000E+00  4.58611497E-01 -3.12735989E-01  6.34561048E-01  1.20698042E+00  9.91686796E-01  3.87528518E-01
 -6.11463618E-02  1.00000000E+00  3.78543439E-01 -3.38728293E-01  6.87867805E-01  1.22687184E+00  1.00069799E+00  4.07112922E-01
 -4.89170895E-02  1.00000000E+00  2.98475380E-01 -3.65203803E-01  7.23676413E-01  1.24755234E+00  1.01028886E+00  4.27074264E-01
 -3.66878171E-02  1.00000000E+00  7.00467257E-01 -4.51006624E-01  8.13620738E-01  1.35434756E+00  1.02524641E+00  5.92382070E-01
 -2.44585447E-02  1.00000000E+00  1.10245913E+00 -5.43382746E-01  9.80925407E-01  1.47381935E+00  1.04593110E+00  7.70198852E-01
 -1.22292724E-02  1.00000000E+00  2.29234872E-01 -3.61133566E-01  1.69188813E+00  2.08612598E+00  7.43982012E-01  2.41585915E+00
  0.00000000E+00  1.00000000E+00 -6.43989389E-01 -1.49960630E-01  2.83227500E+00  3.06962104E+00  5.35624399E-01  4.56119395E+00
