# curve 5 (die wall), step =      200, time =   1.60000000E+02
# N1 = tau_xx - tau_yy = G ( c_xx - c_yy ),  G =  1.1111E-02  (polymer part only)
#              x               y        pressure            c_xy        gammadot            c_xx            c_yy              N1
 -3.00000000E+00  1.00000000E+00  2.72438479E+00 -3.60149357E+00  4.00093058E-01  2.69508518E+01  9.99734148E-01  2.88345751E-01
 -2.95108291E+00  1.00000000E+00  2.68496924E+00 -3.60207232E+00  4.00100993E-01  2.69589407E+01  9.99734506E-01  2.88435625E-01
 -2.90216582E+00  1.00000000E+00  2.64555368E+00 -3.60265117E+00  4.00097181E-01  2.69670322E+01  9.99734865E-01  2.88525526E-01
 -2.85324873E+00  1.00000000E+00  2.60642527E+00 -3.60210831E+00  4.00044560E-01  2.69526389E+01  9.99845059E-01  2.88364376E-01
 -2.80433164E+00  1.00000000E+00  2.56729687E+00 -3.60156538E+00  3.99989897E-01  2.69382536E+01  9.99955226E-01  2.88203316E-01
 -2.75541455E+00  1.00000000E+00  2.52814868E+00 -3.60101999E+00  4.00037912E-01  2.69342379E+01  9.99875420E-01  2.88159583E-01
 -2.70649746E+00  1.00000000E+00  2.48900049E+00 -3.60047468E+00  4.00044920E-01  2.69302228E+01  9.99795625E-01  2.88115857E-01
 -2.65758037E+00  1.00000000E+00  2.44985797E+00 -3.60154863E+00  4.00047952E-01  2.69408275E+01  9.99915338E-01  2.88232358E-01
 -2.60866328E+00  1.00000000E+00  2.41071546E+00 -3.60262292E+00  4.00046492E-01  2.69514365E+01  1.00003508E+00  2.88348904E-01
 -2.55974619E+00  1.00000000E+00  2.37165439E+00 -3.60377623E+00  4.00016901E-01  2.69651849E+01  1.00018432E+00  2.88500006E-01
 -2.51082911E+00  1.00000000E+00  2.33259331E+00 -3.60492990E+00  4.00032201E-01  2.69789404E+01  1.00033357E+00  2.88651187E-01
 -2.46191202E+00  1.00000000E+00  2.29334169E+00 -3.60281361E+00  3.99997370E-01  2.69634514E+01  1.00002451E+00  2.88482522E-01
 -2.41299493E+00  1.00000000E+00  2.25409007E+00 -3.60069854E+00  3.99988202E-01  2.69479714E+01  9.99715616E-01  2.88313953E-01
 -2.36407784E+00  1.00000000E+00  2.21502332E+00 -3.60156890E+00  4.00004162E-01  2.69535580E+01  9.99889564E-01  2.88374094E-01
 -2.31516075E+00  1.00000000E+00  2.17595657E+00 -3.60243945E+00  3.99995656E-01  2.69591458E+01  1.00006355E+00  2.88434247E-01
 -2.26624366E+00  1.00000000E+00  2.13682902E+00 -3.60399835E+00  3.99975273E-01  2.69766497E+01  1.00016569E+00  2.88627600E-01
 -2.21732657E+00  1.00000000E+00  2.09770146E+00 -3.60555799E+00  3.99974065E-01  2.69941650E+01  1.00026787E+00  2.88821079E-01
 -2.16840948E+00  1.00000000E+00  2.05849756E+00 -3.60400357E+00  3.99963207E-01  2.69814444E+01  1.00005496E+00  2.88682105E-01
 -2.11949239E+00  1.00000000E+00  2.01929366E+00 -3.60244984E+00  3.99949765E-01  2.69687298E+01  9.99842133E-01  2.88543197E-01
 -2.07057530E+00  1.00000000E+00  1.98026224E+00 -3.60512694E+00  3.99975255E-01  2.69969032E+01  1.00007541E+00  2.88853642E-01
 -2.02165821E+00  1.00000000E+00  1.94123082E+00 -3.60780620E+00  3.99980108E-01  2.70251062E+01  1.00030883E+00  2.89164415E-01
 -1.97274112E+00  1.00000000E+00  1.90199880E+00 -3.60548220E+00  3.99934211E-01  2.70044138E+01  1.00004349E+00  2.88937448E-01
 -1.92382403E+00  1.00000000E+00  1.86276677E+00 -3.60315977E+00  3.99908738E-01  2.69837372E+01  9.99778305E-01  2.88710655E-01
 -1.87490694E+00  1.00000000E+00  1.82366676E+00 -3.60291868E+00  3.99939787E-01  2.69707476E+01  9.99947617E-01  2.88564445E-01
 -1.82598985E+00  1.00000000E+00  1.78456675E+00 -3.60267738E+00  3.99950967E-01  2.69577647E+01  1.00011691E+00  2.88418309E-01
 -1.77707276E+00  1.00000000E+00  1.74548153E+00 -3.60438165E+00  3.99971193E-01  2.69831335E+01  1.00011849E+00  2.88700167E-01
 -1.72815567E+00  1.00000000E+00  1.70639631E+00 -3.60608671E+00  3.99963548E-01  2.70085267E+01  1.00012005E+00  2.88982297E-01
 -1.67923858E+00  1.00000000E+00  1.66719961E+00 -3.60654365E+00  3.99891620E-01  2.70086393E+01  1.00028433E+00  2.88981722E-01
 -1.63032150E+00  1.00000000E+00  1.62800291E+00 -3.60700062E+00  3.99883678E-01  2.70087519E+01  1.00044864E+00  2.88981147E-01
 -1.58140441E+00  1.00000000E+00  1.58901974E+00 -3.60691516E+00  3.99820413E-01  2.69951703E+01  1.00069161E+00  2.88827541E-01
 -1.53248732E+00  1.00000000E+00  1.55003658E+00 -3.60682940E+00  3.99785660E-01  2.69815961E+01  1.00093458E+00  2.88674017E-01
 -1.48357023E+00  1.00000000E+00  1.51082064E+00 -3.60184447E+00  3.99745635E-01  2.69568986E+01  9.99952400E-01  2.88410513E-01
 -1.43465314E+00  1.00000000E+00  1.47160469E+00 -3.59686514E+00  3.99780519E-01  2.69322243E+01  9.98971512E-01  2.88147254E-01
 -1.38573605E+00  1.00000000E+00  1.43255020E+00 -3.59884116E+00  3.99764652E-01  2.69279817E+01  9.99622294E-01  2.88092882E-01
 -1.33681896E+00  1.00000000E+00  1.39349570E+00 -3.60081695E+00  3.99729523E-01  2.69237411E+01  1.00027344E+00  2.88038530E-01
 -1.28790187E+00  1.00000000E+00  1.35437843E+00 -3.59916501E+00  3.99636816E-01  2.69103404E+01  1.00006100E+00  2.87891993E-01
 -1.23898478E+00  1.00000000E+00  1.31526115E+00 -3.59751384E+00  3.99551837E-01  2.68969464E+01  9.99848653E-01  2.87745530E-01
 -1.19006769E+00  1.00000000E+00  1.27637445E+00 -3.60024509E+00  3.99500230E-01  2.69135013E+01  1.00030360E+00  2.87924419E-01
 -1.14115060E+00  1.00000000E+00  1.23748775E+00 -3.60297819E+00  3.99430432E-01  2.69300666E+01  1.00075888E+00  2.88103419E-01
 -1.09223351E+00  1.00000000E+00  1.19852129E+00 -3.59998610E+00  3.99293625E-01  2.69055545E+01  1.00042333E+00  2.87834790E-01
 -1.04331642E+00  1.00000000E+00  1.15955483E+00 -3.59699657E+00  3.99176704E-01  2.68810647E+01  1.00008808E+00  2.87566407E-01
 -9.94399333E-01  1.00000000E+00  1.12079916E+00 -3.59575783E+00  3.99125935E-01  2.68626611E+01  1.00008664E+00  2.87361939E-01
 -9.45482243E-01  1.00000000E+00  1.08204349E+00 -3.59451950E+00  3.99062146E-01  2.68442705E+01  1.00008520E+00  2.87157614E-01
 -8.96565154E-01  1.00000000E+00  1.04352704E+00 -3.59537417E+00  3.99024760E-01  2.68512186E+01  1.00022212E+00  2.87233294E-01
 -8.47648064E-01  1.00000000E+00  1.00501060E+00 -3.59622905E+00  3.98967227E-01  2.68581685E+01  1.00035906E+00  2.87308993E-01
 -7.99501858E-01  1.00000000E+00  9.67520229E-01 -3.59711538E+00  3.98931900E-01  2.68587544E+01  1.00061767E+00  2.87312631E-01
 -7.51355652E-01  1.00000000E+00  9.30029862E-01 -3.59800178E+00  3.98975376E-01  2.68593406E+01  1.00087634E+00  2.87316269E-01
 -7.08111109E-01  1.00000000E+00  8.96663178E-01 -3.59714292E+00  3.99061104E-01  2.68626088E+01  1.00051664E+00  2.87356579E-01
 -6.64866566E-01  1.00000000E+00  8.63296494E-01 -3.59628401E+00  3.99342660E-01  2.68658778E+01  1.00015704E+00  2.87396897E-01
 -6.26599939E-01  1.00000000E+00  8.34348100E-01 -3.60113973E+00  3.99758909E-01  2.69058568E+01  1.00060939E+00  2.87836082E-01
 -5.88333313E-01  1.00000000E+00  8.05399707E-01 -3.60600223E+00  4.00237193E-01  2.69458952E+01  1.00106254E+00  2.88275919E-01
 -5.54471587E-01  1.00000000E+00  7.80335103E-01 -3.60252052E+00  4.01010516E-01  2.70127209E+01  9.98673185E-01  2.89044975E-01
 -5.20609860E-01  1.00000000E+00  7.55270499E-01 -3.59902075E+00  4.01903437E-01  2.70797435E+01  9.96286469E-01  2.89816189E-01
 -4.90645977E-01  1.00000000E+00  7.33650715E-01 -3.61622640E+00  4.03013660E-01  2.72021436E+01  9.98550666E-01  2.91151033E-01
 -4.60682095E-01  1.00000000E+00  7.12030932E-01 -3.63351121E+00  4.04214298E-01  2.73250977E+01  1.00082621E+00  2.92491905E-01
 -4.34167380E-01  1.00000000E+00  6.93712011E-01 -3.63214800E+00  4.05849603E-01  2.74802297E+01  9.97228255E-01  2.94255571E-01
 -4.07652666E-01  1.00000000E+00  6.75393091E-01 -3.63073171E+00  4.07679008E-01  2.76363362E+01  9.93633079E-01  2.96030035E-01
 -3.84190072E-01  1.00000000E+00  6.59728109E-01 -3.65668576E+00  4.09727144E-01  2.78928289E+01  9.95873212E-01  2.98855063E-01
 -3.60727478E-01  1.00000000E+00  6.44063128E-01 -3.68284075E+00  4.11875101E-01  2.81517087E+01  9.98129211E-01  3.01706439E-01
 -3.39965684E-01  1.00000000E+00  6.31080328E-01 -3.69554869E+00  4.14532608E-01  2.84436954E+01  9.95951237E-01  3.04974935E-01
 -3.19203889E-01  1.00000000E+00  6.18097529E-01 -3.70826926E+00  4.17376819E-01  2.87388256E+01  9.93767416E-01  3.08278425E-01
 -3.00831998E-01  1.00000000E+00  6.07348587E-01 -3.74147097E+00  4.20645985E-01  2.91478298E+01  9.95161605E-01  3.12807424E-01
 -2.82460107E-01  1.00000000E+00  5.96599645E-01 -3.77500092E+00  4.24049062E-01  2.95627109E+01  9.96568650E-01  3.17401581E-01
 -2.66203017E-01  1.00000000E+00  5.87990845E-01 -3.78997298E+00  4.27965970E-01  2.99975408E+01  9.92642189E-01  3.22276652E-01
 -2.49945927E-01  1.00000000E+00  5.79382046E-01 -3.80489668E+00  4.32196925E-01  3.04390549E+01  9.88701821E-01  3.27226145E-01
 -2.35560203E-01  1.00000000E+00  5.72639731E-01 -3.85750465E+00  4.36885505E-01  3.10917046E+01  9.91232578E-01  3.34449689E-01
 -2.21174479E-01  1.00000000E+00  5.65897416E-01 -3.91091168E+00  4.41682165E-01  3.17584654E+01  9.93796397E-01  3.41829655E-01
 -2.08421419E-01  1.00000000E+00  5.60989859E-01 -3.96710913E+00  4.46986461E-01  3.24615387E+01  9.96009629E-01  3.49616990E-01
 -1.95668358E-01  1.00000000E+00  5.56082302E-01 -4.02420425E+00  4.52469389E-01  3.31802997E+01  9.98264317E-01  3.57578171E-01
 -1.83439085E-01  1.00000000E+00  5.53219068E-01 -4.04940344E+00  4.59025511E-01  3.39778601E+01  9.91701885E-01  3.66512869E-01
 -1.71209813E-01  1.00000000E+00  5.50355833E-01 -4.07440925E+00  4.66097972E-01  3.47954288E+01  9.85097123E-01  3.75670352E-01
 -1.58980541E-01  1.00000000E+00  5.46630610E-01 -4.16428293E+00  4.74960318E-01  3.60314934E+01  9.89292470E-01  3.89357788E-01
 -1.46751268E-01  1.00000000E+00  5.42905387E-01 -4.25627337E+00  4.83667737E-01  3.73118768E+01  9.93544243E-01  4.03537029E-01
 -1.34521996E-01  1.00000000E+00  5.48900129E-01 -4.38024178E+00  4.95400649E-01  3.91401606E+01  9.95385076E-01  4.23830839E-01
 -1.22292724E-01  1.00000000E+00  5.54894871E-01 -4.50817986E+00  5.07474321E-01  4.10589464E+01  9.97343309E-01  4.45128923E-01
 -1.10063451E-01  1.00000000E+00  5.45735779E-01 -4.65642258E+00  5.23742019E-01  4.29255799E+01  1.00687351E+00  4.65763405E-01
 -9.78341789E-02  1.00000000E+00  5.36576687E-01 -4.80993676E+00  5.40053475E-01  4.48774149E+01  1.01668888E+00  4.87341400E-01
 -8.56049065E-02  1.00000000E+00  5.88101088E-01 -4.63938449E+00  5.71906990E-01  4.93418688E+01  9.30671073E-01  5.37902197E-01
 -7.33756342E-02  1.00000000E+00  6.39625490E-01 -4.42382668E+00  6.14140572E-01  5.43109563E+01  8.47623852E-01  5.94037027E-01
 -6.11463618E-02  1.00000000E+00  4.88031984E-01 -4.81303912E+00  6.40361279E-01  5.44150404E+01  9.19687898E-01  5.94392805E-01
 -4.89170895E-02  1.00000000E+00  3.36438479E-01 -5.20749779E+00  6.21739857E-01  5.45391221E+01  9.97788753E-01  5.94903703E-01
 -3.66878171E-02  1.00000000E+00  1.24282245E+00 -3.09794659E+01  6.06547390E-01  1.09803763E+02  9.16783865E+00  1.11817693E+00
 -2.44585447E-02  1.00000000E+00  2.14920643E+00 -1.15497402E+02  5.85957163E-01  2.79432096E+02  4.80272085E+01  2.57116542E+00
 -1.22292724E-02  1.00000000E+00  2.08348021E-01  4.28225052E+00  1.24517575E+00  9.16873245E+01  8.92302813E-01  1.00883357E+00
  0.00000000E+00  1.00000000E+00 -1.73251038E+00  1.24088757E+02  3.72865023E+00  2.53317387E+02  6.09825901E+01  2.13705330E+00
