# curve 5 (die wall), step =      100, time =   8.00000000E+01
# N1 = tau_xx - tau_yy = G ( c_xx - c_yy ),  G =  1.1111E-02  (polymer part only)
#              x               y        pressure            c_xy        gammadot            c_xx            c_yy              N1
 -3.00000000E+00  1.00000000E+00  2.72421300E+00 -3.60138873E+00  4.00091811E-01  2.69269323E+01  9.99750326E-01  2.88079799E-01
 -2.95108291E+00  1.00000000E+00  2.68479767E+00 -3.60196332E+00  4.00099752E-01  2.69350132E+01  9.99749720E-01  2.88169594E-01
 -2.90216582E+00  1.00000000E+00  2.64538233E+00 -3.60253801E+00  4.00095959E-01  2.69430965E+01  9.99749114E-01  2.88259416E-01
 -2.85324873E+00  1.00000000E+00  2.60625429E+00 -3.60199741E+00  4.00043330E-01  2.69287325E+01  9.99860022E-01  2.88098583E-01
 -2.80433164E+00  1.00000000E+00  2.56712624E+00 -3.60145673E+00  3.99988577E-01  2.69143765E+01  9.99970904E-01  2.87937840E-01
 -2.75541455E+00  1.00000000E+00  2.52797818E+00 -3.60091030E+00  4.00036551E-01  2.69103704E+01  9.99890865E-01  2.87894218E-01
 -2.70649746E+00  1.00000000E+00  2.48883012E+00 -3.60036394E+00  4.00043506E-01  2.69063649E+01  9.99810837E-01  2.87850601E-01
 -2.65758037E+00  1.00000000E+00  2.44968788E+00 -3.60143600E+00  4.00046534E-01  2.69169264E+01  9.99930317E-01  2.87966623E-01
 -2.60866328E+00  1.00000000E+00  2.41054564E+00 -3.60250839E+00  4.00045171E-01  2.69274920E+01  1.00004982E+00  2.88082691E-01
 -2.55974619E+00  1.00000000E+00  2.37148456E+00 -3.60365916E+00  4.00015543E-01  2.69411951E+01  1.00019856E+00  2.88233295E-01
 -2.51082911E+00  1.00000000E+00  2.33242348E+00 -3.60481028E+00  4.00030940E-01  2.69549053E+01  1.00034731E+00  2.88383977E-01
 -2.46191202E+00  1.00000000E+00  2.29317235E+00 -3.60269777E+00  3.99996135E-01  2.69394268E+01  1.00003915E+00  2.88215419E-01
 -2.41299493E+00  1.00000000E+00  2.25392122E+00 -3.60058648E+00  3.99986894E-01  2.69239572E+01  9.99731151E-01  2.88046956E-01
 -2.36407784E+00  1.00000000E+00  2.21485451E+00 -3.60145188E+00  4.00002836E-01  2.69294991E+01  9.99904166E-01  2.88106610E-01
 -2.31516075E+00  1.00000000E+00  2.17578781E+00 -3.60231747E+00  3.99994429E-01  2.69350421E+01  1.00007722E+00  2.88166277E-01
 -2.26624366E+00  1.00000000E+00  2.13666042E+00 -3.60387773E+00  3.99974114E-01  2.69525146E+01  1.00017961E+00  2.88359278E-01
 -2.21732657E+00  1.00000000E+00  2.09753303E+00 -3.60543873E+00  3.99972984E-01  2.69699986E+01  1.00028205E+00  2.88552406E-01
 -2.16840948E+00  1.00000000E+00  2.05832955E+00 -3.60388795E+00  3.99962158E-01  2.69573046E+01  1.00006979E+00  2.88413720E-01
 -2.11949239E+00  1.00000000E+00  2.01912606E+00 -3.60233787E+00  3.99948667E-01  2.69446165E+01  9.99857606E-01  2.88275099E-01
 -2.07057530E+00  1.00000000E+00  1.98009464E+00 -3.60501249E+00  3.99974167E-01  2.69727620E+01  1.00009018E+00  2.88585243E-01
 -2.02165821E+00  1.00000000E+00  1.94106321E+00 -3.60768926E+00  3.99979098E-01  2.70009371E+01  1.00032289E+00  2.88895713E-01
 -1.97274112E+00  1.00000000E+00  1.90183165E+00 -3.60536946E+00  3.99933184E-01  2.69802778E+01  1.00005850E+00  2.88669103E-01
 -1.92382403E+00  1.00000000E+00  1.86260008E+00 -3.60305124E+00  3.99907624E-01  2.69596343E+01  9.99794265E-01  2.88442667E-01
 -1.87490694E+00  1.00000000E+00  1.82350023E+00 -3.60280766E+00  3.99938616E-01  2.69466647E+01  9.99963145E-01  2.88296684E-01
 -1.82598985E+00  1.00000000E+00  1.78440037E+00 -3.60256386E+00  3.99949739E-01  2.69337017E+01  1.00013201E+00  2.88150775E-01
 -1.77707276E+00  1.00000000E+00  1.74531538E+00 -3.60426617E+00  3.99969923E-01  2.69590248E+01  1.00013318E+00  2.88432130E-01
 -1.72815567E+00  1.00000000E+00  1.70623040E+00 -3.60596927E+00  3.99962328E-01  2.69843722E+01  1.00013434E+00  2.88713754E-01
 -1.67923858E+00  1.00000000E+00  1.66703387E+00 -3.60642296E+00  3.99890387E-01  2.69844681E+01  1.00029816E+00  2.88712999E-01
 -1.63032150E+00  1.00000000E+00  1.62783734E+00 -3.60687669E+00  3.99882486E-01  2.69845640E+01  1.00046200E+00  2.88712244E-01
 -1.58140441E+00  1.00000000E+00  1.58885438E+00 -3.60679075E+00  3.99819276E-01  2.69709915E+01  1.00070509E+00  2.88558738E-01
 -1.53248732E+00  1.00000000E+00  1.54987142E+00 -3.60670449E+00  3.99784554E-01  2.69574265E+01  1.00094817E+00  2.88405315E-01
 -1.48357023E+00  1.00000000E+00  1.51065584E+00 -3.60172680E+00  3.99744572E-01  2.69327697E+01  9.99966925E-01  2.88142253E-01
 -1.43465314E+00  1.00000000E+00  1.47144026E+00 -3.59675470E+00  3.99779395E-01  2.69081363E+01  9.98986974E-01  2.87879437E-01
 -1.38573605E+00  1.00000000E+00  1.43238579E+00 -3.59872924E+00  3.99763551E-01  2.69039306E+01  9.99637276E-01  2.87825481E-01
 -1.33681896E+00  1.00000000E+00  1.39333131E+00 -3.60070356E+00  3.99728498E-01  2.68997270E+01  1.00028794E+00  2.87771545E-01
 -1.28790187E+00  1.00000000E+00  1.35421452E+00 -3.59905851E+00  3.99635835E-01  2.68863962E+01  1.00007642E+00  2.87625775E-01
 -1.23898478E+00  1.00000000E+00  1.31509772E+00 -3.59741423E+00  3.99550835E-01  2.68730720E+01  9.99864989E-01  2.87480078E-01
 -1.19006769E+00  1.00000000E+00  1.27621097E+00 -3.60013698E+00  3.99499257E-01  2.68896009E+01  1.00031839E+00  2.87658695E-01
 -1.14115060E+00  1.00000000E+00  1.23732422E+00 -3.60286159E+00  3.99429641E-01  2.69061401E+01  1.00077211E+00  2.87837422E-01
 -1.09223351E+00  1.00000000E+00  1.19835824E+00 -3.59987255E+00  3.99292922E-01  2.68816671E+01  1.00043718E+00  2.87569222E-01
 -1.04331642E+00  1.00000000E+00  1.15939226E+00 -3.59688606E+00  3.99176018E-01  2.68572164E+01  1.00010253E+00  2.87301266E-01
 -9.94399333E-01  1.00000000E+00  1.12063667E+00 -3.59564152E+00  3.99125323E-01  2.68388309E+01  1.00009994E+00  2.87097010E-01
 -9.45482243E-01  1.00000000E+00  1.08188108E+00 -3.59439740E+00  3.99061636E-01  2.68204582E+01  1.00009733E+00  2.86892898E-01
 -8.96565154E-01  1.00000000E+00  1.04336480E+00 -3.59524471E+00  3.99024462E-01  2.68273673E+01  1.00023294E+00  2.86968160E-01
 -8.47648064E-01  1.00000000E+00  1.00484852E+00 -3.59609223E+00  3.98967279E-01  2.68342782E+01  1.00036857E+00  2.87043441E-01
 -7.99501858E-01  1.00000000E+00  9.67358095E-01 -3.59696572E+00  3.98932270E-01  2.68348404E+01  1.00062478E+00  2.87046841E-01
 -7.51355652E-01  1.00000000E+00  9.29867668E-01 -3.59783928E+00  3.98976235E-01  2.68354028E+01  1.00088105E+00  2.87050242E-01
 -7.08111109E-01  1.00000000E+00  8.96500770E-01 -3.59697658E+00  3.99062641E-01  2.68387766E+01  1.00051965E+00  2.87091744E-01
 -6.64866566E-01  1.00000000E+00  8.63133873E-01 -3.59611381E+00  3.99344831E-01  2.68421511E+01  1.00015834E+00  2.87133253E-01
 -6.26599939E-01  1.00000000E+00  8.34185059E-01 -3.60097363E+00  3.99761895E-01  2.68823343E+01  1.00060990E+00  2.87574716E-01
 -5.88333313E-01  1.00000000E+00  8.05236245E-01 -3.60584026E+00  4.00240981E-01  2.69225777E+01  1.00106225E+00  2.88016838E-01
 -5.54471587E-01  1.00000000E+00  7.80171041E-01 -3.60236259E+00  4.01015062E-01  2.69895954E+01  9.98670078E-01  2.88788059E-01
 -5.20609860E-01  1.00000000E+00  7.55105837E-01 -3.59886675E+00  4.01908891E-01  2.70568113E+01  9.96280533E-01  2.89561453E-01
 -4.90645977E-01  1.00000000E+00  7.33485084E-01 -3.61608397E+00  4.03020673E-01  2.71797567E+01  9.98543909E-01  2.90902364E-01
 -4.60682095E-01  1.00000000E+00  7.11864332E-01 -3.63338065E+00  4.04222480E-01  2.73032613E+01  1.00081861E+00  2.92249363E-01
 -4.34167380E-01  1.00000000E+00  6.93544216E-01 -3.63202571E+00  4.05858568E-01  2.74587587E+01  9.97216460E-01  2.94017136E-01
 -4.07652666E-01  1.00000000E+00  6.75224100E-01 -3.63061735E+00  4.07689363E-01  2.76152361E+01  9.93617063E-01  2.95795767E-01
 -3.84190072E-01  1.00000000E+00  6.59557139E-01 -3.65665042E+00  4.09740226E-01  2.78731926E+01  9.95863471E-01  2.98636990E-01
 -3.60727478E-01  1.00000000E+00  6.43890178E-01 -3.68288574E+00  4.11889530E-01  2.81335656E+01  9.98125706E-01  3.01504888E-01
 -3.39965684E-01  1.00000000E+00  6.30907585E-01 -3.69567992E+00  4.14547820E-01  2.84269778E+01  9.95953321E-01  3.04789161E-01
 -3.19203889E-01  1.00000000E+00  6.17924993E-01 -3.70848681E+00  4.17392621E-01  2.87235665E+01  9.93774921E-01  3.08108795E-01
 -3.00831998E-01  1.00000000E+00  6.07170764E-01 -3.74167923E+00  4.20663516E-01  2.91338356E+01  9.95156565E-01  3.12651990E-01
 -2.82460107E-01  1.00000000E+00  5.96416535E-01 -3.77519937E+00  4.24069176E-01  2.95500224E+01  9.96550712E-01  3.17260797E-01
 -2.66203017E-01  1.00000000E+00  5.87809418E-01 -3.79026128E+00  4.27987365E-01  2.99862151E+01  9.92634221E-01  3.22150898E-01
 -2.49945927E-01  1.00000000E+00  5.79202301E-01 -3.80527470E+00  4.32219205E-01  3.04291364E+01  9.88703545E-01  3.27115921E-01
 -2.35560203E-01  1.00000000E+00  5.72453680E-01 -3.85780996E+00  4.36910182E-01  3.10832418E+01  9.91208948E-01  3.34355921E-01
 -2.21174479E-01  1.00000000E+00  5.65705058E-01 -3.91114135E+00  4.41710255E-01  3.17515283E+01  9.93746535E-01  3.41753131E-01
 -2.08421419E-01  1.00000000E+00  5.60794088E-01 -3.96739431E+00  4.47017312E-01  3.24557570E+01  9.95966251E-01  3.49553231E-01
 -1.95668358E-01  1.00000000E+00  5.55883119E-01 -4.02454635E+00  4.52503345E-01  3.31757292E+01  9.98227229E-01  3.57527800E-01
 -1.83439085E-01  1.00000000E+00  5.53018698E-01 -4.04979859E+00  4.59062683E-01  3.39750426E+01  9.91662120E-01  3.66482005E-01
 -1.71209813E-01  1.00000000E+00  5.50154278E-01 -4.07485540E+00  4.66138194E-01  3.47944560E+01  9.85054187E-01  3.75660020E-01
 -1.58980541E-01  1.00000000E+00  5.46418937E-01 -4.16489464E+00  4.75008314E-01  3.60344636E+01  9.89258399E-01  3.89391169E-01
 -1.46751268E-01  1.00000000E+00  5.42683597E-01 -4.25705633E+00  4.83721911E-01  3.73190773E+01  9.93518286E-01  4.03617323E-01
 -1.34521996E-01  1.00000000E+00  5.48683086E-01 -4.38082889E+00  4.95460205E-01  3.91516132E+01  9.95292661E-01  4.23959117E-01
 -1.22292724E-01  1.00000000E+00  5.54682574E-01 -4.50855200E+00  5.07541874E-01  4.10750681E+01  9.97180264E-01  4.45309865E-01
 -1.10063451E-01  1.00000000E+00  5.45464551E-01 -4.65742078E+00  5.23830975E-01  4.29464829E+01  1.00680222E+00  4.65996452E-01
 -9.78341789E-02  1.00000000E+00  5.36246527E-01 -4.81160410E+00  5.40158628E-01  4.49034978E+01  1.01671332E+00  4.87630939E-01
 -8.56049065E-02  1.00000000E+00  5.87905437E-01 -4.64333326E+00  5.72020941E-01  4.93889128E+01  9.30966851E-01  5.38421622E-01
 -7.33756342E-02  1.00000000E+00  6.39564347E-01 -4.43005755E+00  6.14241394E-01  5.43828053E+01  8.48135164E-01  5.94829668E-01
 -6.11463618E-02  1.00000000E+00  4.87738307E-01 -4.80668122E+00  6.40576954E-01  5.44535820E+01  9.18363760E-01  5.94835758E-01
 -4.89170895E-02  1.00000000E+00  3.35912266E-01 -5.18802198E+00  6.22256486E-01  5.45431938E+01  9.94280613E-01  5.94987924E-01
 -3.66878171E-02  1.00000000E+00  1.24138055E+00 -3.08930385E+01  6.07537433E-01  1.09775299E+02  9.12139500E+00  1.11837671E+00
 -2.44585447E-02  1.00000000E+00  2.14684884E+00 -1.15069254E+02  5.87247743E-01  2.79039962E+02  4.77406219E+01  2.56999266E+00
 -1.22292724E-02  1.00000000E+00  2.07466184E-01  4.31756794E+00  1.24603502E+00  9.17966702E+01  8.93921569E-01  1.01003054E+00
  0.00000000E+00  1.00000000E+00 -1.73191647E+00  1.23847388E+02  3.72726068E+00  2.52913295E+02  6.08432569E+01  2.13411153E+00
