# curve 5 (die wall), step =      800, time =   6.40000000E+02
# N1 = tau_xx - tau_yy = G ( c_xx - c_yy ),  G =  1.1111E-02  (polymer part only)
#              x               y        pressure            c_xy        gammadot            c_xx            c_yy              N1
 -3.00000000E+00  1.00000000E+00  2.72438483E+00 -3.60149354E+00  4.00093058E-01  2.69508547E+01  9.99734146E-01  2.88345784E-01
 -2.95108291E+00  1.00000000E+00  2.68496928E+00 -3.60207229E+00  4.00100993E-01  2.69589436E+01  9.99734505E-01  2.88435657E-01
 -2.90216582E+00  1.00000000E+00  2.64555372E+00 -3.60265113E+00  4.00097181E-01  2.69670350E+01  9.99734863E-01  2.88525557E-01
 -2.85324873E+00  1.00000000E+00  2.60642531E+00 -3.60210826E+00  4.00044560E-01  2.69526417E+01  9.99845056E-01  2.88364407E-01
 -2.80433164E+00  1.00000000E+00  2.56729691E+00 -3.60156533E+00  3.99989897E-01  2.69382564E+01  9.99955223E-01  2.88203346E-01
 -2.75541455E+00  1.00000000E+00  2.52814872E+00 -3.60101993E+00  4.00037912E-01  2.69342406E+01  9.99875416E-01  2.88159613E-01
 -2.70649746E+00  1.00000000E+00  2.48900053E+00 -3.60047462E+00  4.00044920E-01  2.69302254E+01  9.99795620E-01  2.88115886E-01
 -2.65758037E+00  1.00000000E+00  2.44985801E+00 -3.60154858E+00  4.00047952E-01  2.69408301E+01  9.99915333E-01  2.88232387E-01
 -2.60866328E+00  1.00000000E+00  2.41071550E+00 -3.60262287E+00  4.00046492E-01  2.69514391E+01  1.00003507E+00  2.88348933E-01
 -2.55974619E+00  1.00000000E+00  2.37165443E+00 -3.60377620E+00  4.00016901E-01  2.69651876E+01  1.00018431E+00  2.88500036E-01
 -2.51082911E+00  1.00000000E+00  2.33259335E+00 -3.60492988E+00  4.00032201E-01  2.69789431E+01  1.00033357E+00  2.88651217E-01
 -2.46191202E+00  1.00000000E+00  2.29334173E+00 -3.60281359E+00  3.99997370E-01  2.69634542E+01  1.00002451E+00  2.88482553E-01
 -2.41299493E+00  1.00000000E+00  2.25409012E+00 -3.60069852E+00  3.99988202E-01  2.69479742E+01  9.99715614E-01  2.88313985E-01
 -2.36407784E+00  1.00000000E+00  2.21502337E+00 -3.60156887E+00  4.00004162E-01  2.69535609E+01  9.99889563E-01  2.88374126E-01
 -2.31516075E+00  1.00000000E+00  2.17595662E+00 -3.60243943E+00  3.99995656E-01  2.69591487E+01  1.00006355E+00  2.88434279E-01
 -2.26624366E+00  1.00000000E+00  2.13682906E+00 -3.60399833E+00  3.99975273E-01  2.69766526E+01  1.00016569E+00  2.88627633E-01
 -2.21732657E+00  1.00000000E+00  2.09770150E+00 -3.60555798E+00  3.99974065E-01  2.69941680E+01  1.00026787E+00  2.88821112E-01
 -2.16840948E+00  1.00000000E+00  2.05849760E+00 -3.60400355E+00  3.99963208E-01  2.69814474E+01  1.00005496E+00  2.88682138E-01
 -2.11949239E+00  1.00000000E+00  2.01929370E+00 -3.60244982E+00  3.99949765E-01  2.69687328E+01  9.99842131E-01  2.88543230E-01
 -2.07057530E+00  1.00000000E+00  1.98026228E+00 -3.60512692E+00  3.99975255E-01  2.69969062E+01  1.00007541E+00  2.88853675E-01
 -2.02165821E+00  1.00000000E+00  1.94123086E+00 -3.60780618E+00  3.99980108E-01  2.70251092E+01  1.00030882E+00  2.89164449E-01
 -1.97274112E+00  1.00000000E+00  1.90199884E+00 -3.60548217E+00  3.99934211E-01  2.70044168E+01  1.00004349E+00  2.88937481E-01
 -1.92382403E+00  1.00000000E+00  1.86276681E+00 -3.60315973E+00  3.99908738E-01  2.69837402E+01  9.99778302E-01  2.88710688E-01
 -1.87490694E+00  1.00000000E+00  1.82366680E+00 -3.60291865E+00  3.99939787E-01  2.69707506E+01  9.99947615E-01  2.88564478E-01
 -1.82598985E+00  1.00000000E+00  1.78456679E+00 -3.60267735E+00  3.99950967E-01  2.69577677E+01  1.00011691E+00  2.88418342E-01
 -1.77707276E+00  1.00000000E+00  1.74548157E+00 -3.60438162E+00  3.99971193E-01  2.69831366E+01  1.00011849E+00  2.88700201E-01
 -1.72815567E+00  1.00000000E+00  1.70639635E+00 -3.60608668E+00  3.99963548E-01  2.70085298E+01  1.00012005E+00  2.88982330E-01
 -1.67923858E+00  1.00000000E+00  1.66719965E+00 -3.60654363E+00  3.99891620E-01  2.70086424E+01  1.00028433E+00  2.88981756E-01
 -1.63032150E+00  1.00000000E+00  1.62800295E+00 -3.60700060E+00  3.99883678E-01  2.70087550E+01  1.00044864E+00  2.88981182E-01
 -1.58140441E+00  1.00000000E+00  1.58901978E+00 -3.60691515E+00  3.99820413E-01  2.69951734E+01  1.00069162E+00  2.88827576E-01
 -1.53248732E+00  1.00000000E+00  1.55003662E+00 -3.60682939E+00  3.99785660E-01  2.69815993E+01  1.00093458E+00  2.88674052E-01
 -1.48357023E+00  1.00000000E+00  1.51082068E+00 -3.60184444E+00  3.99745635E-01  2.69569016E+01  9.99952398E-01  2.88410547E-01
 -1.43465314E+00  1.00000000E+00  1.47160474E+00 -3.59686511E+00  3.99780519E-01  2.69322273E+01  9.98971509E-01  2.88147287E-01
 -1.38573605E+00  1.00000000E+00  1.43255024E+00 -3.59884112E+00  3.99764652E-01  2.69279846E+01  9.99622290E-01  2.88092914E-01
 -1.33681896E+00  1.00000000E+00  1.39349575E+00 -3.60081691E+00  3.99729523E-01  2.69237439E+01  1.00027343E+00  2.88038561E-01
 -1.28790187E+00  1.00000000E+00  1.35437847E+00 -3.59916497E+00  3.99636816E-01  2.69103432E+01  1.00006100E+00  2.87892025E-01
 -1.23898478E+00  1.00000000E+00  1.31526119E+00 -3.59751381E+00  3.99551838E-01  2.68969492E+01  9.99848652E-01  2.87745562E-01
 -1.19006769E+00  1.00000000E+00  1.27637449E+00 -3.60024506E+00  3.99500230E-01  2.69135042E+01  1.00030360E+00  2.87924451E-01
 -1.14115060E+00  1.00000000E+00  1.23748780E+00 -3.60297818E+00  3.99430432E-01  2.69300695E+01  1.00075888E+00  2.88103452E-01
 -1.09223351E+00  1.00000000E+00  1.19852133E+00 -3.59998608E+00  3.99293626E-01  2.69055574E+01  1.00042333E+00  2.87834823E-01
 -1.04331642E+00  1.00000000E+00  1.15955487E+00 -3.59699654E+00  3.99176704E-01  2.68810675E+01  1.00008807E+00  2.87566438E-01
 -9.94399333E-01  1.00000000E+00  1.12079920E+00 -3.59575779E+00  3.99125935E-01  2.68626640E+01  1.00008664E+00  2.87361970E-01
 -9.45482243E-01  1.00000000E+00  1.08204353E+00 -3.59451947E+00  3.99062146E-01  2.68442733E+01  1.00008520E+00  2.87157645E-01
 -8.96565154E-01  1.00000000E+00  1.04352708E+00 -3.59537414E+00  3.99024760E-01  2.68512214E+01  1.00022212E+00  2.87233325E-01
 -8.47648064E-01  1.00000000E+00  1.00501064E+00 -3.59622901E+00  3.98967227E-01  2.68581713E+01  1.00035906E+00  2.87309025E-01
 -7.99501858E-01  1.00000000E+00  9.67520270E-01 -3.59711534E+00  3.98931900E-01  2.68587573E+01  1.00061767E+00  2.87312662E-01
 -7.51355652E-01  1.00000000E+00  9.30029903E-01 -3.59800174E+00  3.98975375E-01  2.68593434E+01  1.00087634E+00  2.87316301E-01
 -7.08111109E-01  1.00000000E+00  8.96663219E-01 -3.59714290E+00  3.99061103E-01  2.68626117E+01  1.00051664E+00  2.87356612E-01
 -6.64866566E-01  1.00000000E+00  8.63296535E-01 -3.59628400E+00  3.99342660E-01  2.68658808E+01  1.00015704E+00  2.87396931E-01
 -6.26599939E-01  1.00000000E+00  8.34348142E-01 -3.60113972E+00  3.99758909E-01  2.69058599E+01  1.00060939E+00  2.87836117E-01
 -5.88333313E-01  1.00000000E+00  8.05399748E-01 -3.60600222E+00  4.00237192E-01  2.69458985E+01  1.00106254E+00  2.88275955E-01
 -5.54471587E-01  1.00000000E+00  7.80335144E-01 -3.60252052E+00  4.01010515E-01  2.70127243E+01  9.98673187E-01  2.89045012E-01
 -5.20609860E-01  1.00000000E+00  7.55270540E-01 -3.59902076E+00  4.01903436E-01  2.70797470E+01  9.96286471E-01  2.89816228E-01
 -4.90645977E-01  1.00000000E+00  7.33650756E-01 -3.61622643E+00  4.03013659E-01  2.72021474E+01  9.98550669E-01  2.91151074E-01
 -4.60682095E-01  1.00000000E+00  7.12030972E-01 -3.63351125E+00  4.04214298E-01  2.73251017E+01  1.00082622E+00  2.92491950E-01
 -4.34167380E-01  1.00000000E+00  6.93712052E-01 -3.63214807E+00  4.05849603E-01  2.74802339E+01  9.97228263E-01  2.94255619E-01
 -4.07652666E-01  1.00000000E+00  6.75393132E-01 -3.63073180E+00  4.07679007E-01  2.76363407E+01  9.93633091E-01  2.96030085E-01
 -3.84190072E-01  1.00000000E+00  6.59728150E-01 -3.65668590E+00  4.09727143E-01  2.78928340E+01  9.95873229E-01  2.98855120E-01
 -3.60727478E-01  1.00000000E+00  6.44063169E-01 -3.68284094E+00  4.11875099E-01  2.81517143E+01  9.98129234E-01  3.01706501E-01
 -3.39965684E-01  1.00000000E+00  6.31080371E-01 -3.69554890E+00  4.14532605E-01  2.84437013E+01  9.95951265E-01  3.04975000E-01
 -3.19203889E-01  1.00000000E+00  6.18097572E-01 -3.70826949E+00  4.17376814E-01  2.87388317E+01  9.93767447E-01  3.08278492E-01
 -3.00831998E-01  1.00000000E+00  6.07348630E-01 -3.74147115E+00  4.20645979E-01  2.91478354E+01  9.95161633E-01  3.12807487E-01
 -2.82460107E-01  1.00000000E+00  5.96599688E-01 -3.77500107E+00  4.24049055E-01  2.95627162E+01  9.96568674E-01  3.17401639E-01
 -2.66203017E-01  1.00000000E+00  5.87990889E-01 -3.78997310E+00  4.27965961E-01  2.99975455E+01  9.92642212E-01  3.22276704E-01
 -2.49945927E-01  1.00000000E+00  5.79382090E-01 -3.80489677E+00  4.32196915E-01  3.04390590E+01  9.88701843E-01  3.27226190E-01
 -2.35560203E-01  1.00000000E+00  5.72639775E-01 -3.85750470E+00  4.36885492E-01  3.10917075E+01  9.91232601E-01  3.34449721E-01
 -2.21174479E-01  1.00000000E+00  5.65897460E-01 -3.91091170E+00  4.41682151E-01  3.17584670E+01  9.93796421E-01  3.41829673E-01
 -2.08421419E-01  1.00000000E+00  5.60989904E-01 -3.96710913E+00  4.46986446E-01  3.24615395E+01  9.96009653E-01  3.49616998E-01
 -1.95668358E-01  1.00000000E+00  5.56082348E-01 -4.02420422E+00  4.52469373E-01  3.31802996E+01  9.98264341E-01  3.57578169E-01
 -1.83439085E-01  1.00000000E+00  5.53219113E-01 -4.04940339E+00  4.59025493E-01  3.39778589E+01  9.91701910E-01  3.66512856E-01
 -1.71209813E-01  1.00000000E+00  5.50355878E-01 -4.07440918E+00  4.66097953E-01  3.47954266E+01  9.85097149E-01  3.75670327E-01
 -1.58980541E-01  1.00000000E+00  5.46630657E-01 -4.16428280E+00  4.74960295E-01  3.60314891E+01  9.89292493E-01  3.89357740E-01
 -1.46751268E-01  1.00000000E+00  5.42905437E-01 -4.25627318E+00  4.83667711E-01  3.73118704E+01  9.93544264E-01  4.03536957E-01
 -1.34521996E-01  1.00000000E+00  5.48900173E-01 -4.38024169E+00  4.95400620E-01  3.91401521E+01  9.95385128E-01  4.23830744E-01
 -1.22292724E-01  1.00000000E+00  5.54894910E-01 -4.50817987E+00  5.07474288E-01  4.10589355E+01  9.97343393E-01  4.45128801E-01
 -1.10063451E-01  1.00000000E+00  5.45735843E-01 -4.65642239E+00  5.23741977E-01  4.29255673E+01  1.00687356E+00  4.65763264E-01
 -9.78341789E-02  1.00000000E+00  5.36576777E-01 -4.80993635E+00  5.40053424E-01  4.48774005E+01  1.01668890E+00  4.87341240E-01
 -8.56049065E-02  1.00000000E+00  5.88101106E-01 -4.63938270E+00  5.71906934E-01  4.93418452E+01  9.30670897E-01  5.37901937E-01
 -7.33756342E-02  1.00000000E+00  6.39625435E-01 -4.42382347E+00  6.14140526E-01  5.43109218E+01  8.47623514E-01  5.94036647E-01
 -6.11463618E-02  1.00000000E+00  4.88032016E-01 -4.81304469E+00  6.40361175E-01  5.44150330E+01  9.19688810E-01  5.94392713E-01
 -4.89170895E-02  1.00000000E+00  3.36438597E-01 -5.20751256E+00  6.21739583E-01  5.45391426E+01  9.97791159E-01  5.94903905E-01
 -3.66878171E-02  1.00000000E+00  1.24282314E+00 -3.09795325E+01  6.06546842E-01  1.09803841E+02  9.16786998E+00  1.11817746E+00
 -2.44585447E-02  1.00000000E+00  2.14920769E+00 -1.15497721E+02  5.85956409E-01  2.79432510E+02  4.80274011E+01  2.57116788E+00
 -1.22292724E-02  1.00000000E+00  2.08348457E-01  4.28222950E+00  1.24517513E+00  9.16873121E+01  8.92301625E-01  1.00883345E+00
  0.00000000E+00  1.00000000E+00 -1.73251078E+00  1.24088897E+02  3.72865062E+00  2.53317662E+02  6.09826611E+01  2.13705556E+00
