# curve 5 (die wall), step =      700, time =   2.80000000E+02
# N1 = tau_xx - tau_yy = G ( c_xx - c_yy ),  G =  8.0000E-02  (polymer part only)
#              x               y        pressure            c_xy        gammadot            c_xx            c_yy              N1
 -1.00000000E+01  1.00000000E+00  8.09767945E+00 -2.20850095E+00  4.08607291E-01  1.11990963E+01  9.51548141E-01  8.19803855E-01
 -9.95040609E+00  1.00000000E+00  8.05950098E+00 -2.20721875E+00  4.08624700E-01  1.11925147E+01  9.51318711E-01  8.19295676E-01
 -9.90081218E+00  1.00000000E+00  8.02132251E+00 -2.20593728E+00  4.08638991E-01  1.11859369E+01  9.51089420E-01  8.18787795E-01
 -9.85121827E+00  1.00000000E+00  7.98387343E+00 -2.20717343E+00  4.08637717E-01  1.11927525E+01  9.51331501E-01  8.19313681E-01
 -9.80162437E+00  1.00000000E+00  7.94642435E+00 -2.20841030E+00  4.08648079E-01  1.11995723E+01  9.51573703E-01  8.19839890E-01
 -9.75203046E+00  1.00000000E+00  7.90842628E+00 -2.20734768E+00  4.08582642E-01  1.11954044E+01  9.51276448E-01  8.19530239E-01
 -9.70243655E+00  1.00000000E+00  7.87042821E+00 -2.20628552E+00  4.08560531E-01  1.11912381E+01  9.50979321E-01  8.19220705E-01
 -9.65284264E+00  1.00000000E+00  7.83269558E+00 -2.20820278E+00  4.08573691E-01  1.11937126E+01  9.51675790E-01  8.19362943E-01
 -9.60324873E+00  1.00000000E+00  7.79496296E+00 -2.21012084E+00  4.08428375E-01  1.11961884E+01  9.52372849E-01  8.19505246E-01
 -9.55365482E+00  1.00000000E+00  7.75768345E+00 -2.21009929E+00  4.08321827E-01  1.12038907E+01  9.52132685E-01  8.20140641E-01
 -9.50406091E+00  1.00000000E+00  7.72040394E+00 -2.21007730E+00  4.08287720E-01  1.12115991E+01  9.51892501E-01  8.20776528E-01
 -9.45446701E+00  1.00000000E+00  7.68188294E+00 -2.20873876E+00  4.08231721E-01  1.12028406E+01  9.51715411E-01  8.20090011E-01
 -9.40487310E+00  1.00000000E+00  7.64336194E+00 -2.20740111E+00  4.08280628E-01  1.11940889E+01  9.51538430E-01  8.19404035E-01
 -9.35527919E+00  1.00000000E+00  7.60593180E+00 -2.20899844E+00  4.08366372E-01  1.12009057E+01  9.51731738E-01  8.19933917E-01
 -9.30568528E+00  1.00000000E+00  7.56850165E+00 -2.21059675E+00  4.08379770E-01  1.12077267E+01  9.51925330E-01  8.20464112E-01
 -9.25609137E+00  1.00000000E+00  7.53079917E+00 -2.20988794E+00  4.08360381E-01  1.12068803E+01  9.51791184E-01  8.20407132E-01
 -9.20649746E+00  1.00000000E+00  7.49309669E+00 -2.20917916E+00  4.08454168E-01  1.12060341E+01  9.51657113E-01  8.20350162E-01
 -9.15690355E+00  1.00000000E+00  7.45505364E+00 -2.20814016E+00  4.08427385E-01  1.12011840E+01  9.51406582E-01  8.19982192E-01
 -9.10730965E+00  1.00000000E+00  7.41701058E+00 -2.20710161E+00  4.08459173E-01  1.11963359E+01  9.51156154E-01  8.19614382E-01
 -9.05771574E+00  1.00000000E+00  7.37933180E+00 -2.20737881E+00  4.08611866E-01  1.12001009E+01  9.51030527E-01  8.19925629E-01
 -9.00812183E+00  1.00000000E+00  7.34165302E+00 -2.20765607E+00  4.08747351E-01  1.12038672E+01  9.50904926E-01  8.20236979E-01
 -8.95852792E+00  1.00000000E+00  7.30390651E+00 -2.20803005E+00  4.08686021E-01  1.12009825E+01  9.51202268E-01  8.19982422E-01
 -8.90893401E+00  1.00000000E+00  7.26616000E+00 -2.20840391E+00  4.08586053E-01  1.11980990E+01  9.51499673E-01  8.19727944E-01
 -8.85934010E+00  1.00000000E+00  7.22853964E+00 -2.20869773E+00  4.08635408E-01  1.12020167E+01  9.51507732E-01  8.20040717E-01
 -8.80974619E+00  1.00000000E+00  7.19091927E+00 -2.20899156E+00  4.08638913E-01  1.12059359E+01  9.51515783E-01  8.20353606E-01
 -8.76015229E+00  1.00000000E+00  7.15295844E+00 -2.20826976E+00  4.08543232E-01  1.12010504E+01  9.51402124E-01  8.19971858E-01
 -8.71055838E+00  1.00000000E+00  7.11499760E+00 -2.20754822E+00  4.08511385E-01  1.11961670E+01  9.51288493E-01  8.19590279E-01
 -8.66096447E+00  1.00000000E+00  7.07735090E+00 -2.20728948E+00  4.08543026E-01  1.11938940E+01  9.51310556E-01  8.19406679E-01
 -8.61137056E+00  1.00000000E+00  7.03970420E+00 -2.20703078E+00  4.08573226E-01  1.11916216E+01  9.51332625E-01  8.19223116E-01
 -8.56177665E+00  1.00000000E+00  7.00186210E+00 -2.20757608E+00  4.08579704E-01  1.11932439E+01  9.51462935E-01  8.19342480E-01
 -8.51218274E+00  1.00000000E+00  6.96402001E+00 -2.20812146E+00  4.08544778E-01  1.11948665E+01  9.51593280E-01  8.19461861E-01
 -8.46258884E+00  1.00000000E+00  6.92636317E+00 -2.20920599E+00  4.08515108E-01  1.12019455E+01  9.51737522E-01  8.20016635E-01
 -8.41299493E+00  1.00000000E+00  6.88870634E+00 -2.21029111E+00  4.08442220E-01  1.12090289E+01  9.51881836E-01  8.20571762E-01
 -8.36340102E+00  1.00000000E+00  6.85089041E+00 -2.20869132E+00  4.08404332E-01  1.12021754E+01  9.51600893E-01  8.20045958E-01
 -8.31380711E+00  1.00000000E+00  6.81307447E+00 -2.20709254E+00  4.08495983E-01  1.11953261E+01  9.51320204E-01  8.19520473E-01
 -8.26421320E+00  1.00000000E+00  6.77514567E+00 -2.20723847E+00  4.08493417E-01  1.11943743E+01  9.51354480E-01  8.19441584E-01
 -8.21461929E+00  1.00000000E+00  6.73721687E+00 -2.20738435E+00  4.08501472E-01  1.11934226E+01  9.51388761E-01  8.19362705E-01
 -8.16502538E+00  1.00000000E+00  6.69969407E+00 -2.20928002E+00  4.08517677E-01  1.12018810E+01  9.51792595E-01  8.20007073E-01
 -8.11543148E+00  1.00000000E+00  6.66217128E+00 -2.21117718E+00  4.08380488E-01  1.12103459E+01  9.52196773E-01  8.20651929E-01
 -8.06583757E+00  1.00000000E+00  6.62421872E+00 -2.20884480E+00  4.08320576E-01  1.12029530E+01  9.51623276E-01  8.20106375E-01
 -8.01624366E+00  1.00000000E+00  6.58626617E+00 -2.20651421E+00  4.08446819E-01  1.11955653E+01  9.51050409E-01  8.19561192E-01
 -7.96664975E+00  1.00000000E+00  6.54846433E+00 -2.20717937E+00  4.08500146E-01  1.11952607E+01  9.51276895E-01  8.19518706E-01
 -7.91705584E+00  1.00000000E+00  6.51066249E+00 -2.20784451E+00  4.08547253E-01  1.11949564E+01  9.51503453E-01  8.19476232E-01
 -7.86746193E+00  1.00000000E+00  6.47304141E+00 -2.20870238E+00  4.08602652E-01  1.12016379E+01  9.51475106E-01  8.20013020E-01
 -7.81786802E+00  1.00000000E+00  6.43542032E+00 -2.20956066E+00  4.08613421E-01  1.12083234E+01  9.51446825E-01  8.20550124E-01
 -7.76827412E+00  1.00000000E+00  6.39760641E+00 -2.20817719E+00  4.08576836E-01  1.12024134E+01  9.51263768E-01  8.20091967E-01
 -7.71868021E+00  1.00000000E+00  6.35979250E+00 -2.20679445E+00  4.08652597E-01  1.11965065E+01  9.51080918E-01  8.19634046E-01
 -7.66908630E+00  1.00000000E+00  6.32186496E+00 -2.20698227E+00  4.08623630E-01  1.11957150E+01  9.51135110E-01  8.19566391E-01
 -7.61949239E+00  1.00000000E+00  6.28393742E+00 -2.20717004E+00  4.08587919E-01  1.11949236E+01  9.51189309E-01  8.19498744E-01
 -7.56989848E+00  1.00000000E+00  6.24648253E+00 -2.20966919E+00  4.08587665E-01  1.12030970E+01  9.51854836E-01  8.20099374E-01
 -7.52030457E+00  1.00000000E+00  6.20902764E+00 -2.21217051E+00  4.08411606E-01  1.12112768E+01  9.52521095E-01  8.20700456E-01
 -7.47071066E+00  1.00000000E+00  6.17104408E+00 -2.20942966E+00  4.08318581E-01  1.12033314E+01  9.51829821E-01  8.20120126E-01
 -7.42111676E+00  1.00000000E+00  6.13306052E+00 -2.20669113E+00  4.08437254E-01  1.11953923E+01  9.51139446E-01  8.19540230E-01
 -7.37152285E+00  1.00000000E+00  6.09523795E+00 -2.20721351E+00  4.08478495E-01  1.11947862E+01  9.51318729E-01  8.19477399E-01
 -7.32192894E+00  1.00000000E+00  6.05741539E+00 -2.20773586E+00  4.08519902E-01  1.11941803E+01  9.51498058E-01  8.19414580E-01
 -7.27233503E+00  1.00000000E+00  6.01977890E+00 -2.20857852E+00  4.08578754E-01  1.12011449E+01  9.51461479E-01  8.19974671E-01
 -7.22274112E+00  1.00000000E+00  5.98214241E+00 -2.20942160E+00  4.08585911E-01  1.12081138E+01  9.51424958E-01  8.20535109E-01
 -7.17314721E+00  1.00000000E+00  5.94432955E+00 -2.20803285E+00  4.08557981E-01  1.12020331E+01  9.51238258E-01  8.20063586E-01
 -7.12355330E+00  1.00000000E+00  5.90651668E+00 -2.20664484E+00  4.08640659E-01  1.11959557E+01  9.51051760E-01  8.19592315E-01
 -7.07395940E+00  1.00000000E+00  5.86859222E+00 -2.20685737E+00  4.08618157E-01  1.11952976E+01  9.51105783E-01  8.19535346E-01
 -7.02436549E+00  1.00000000E+00  5.83066776E+00 -2.20706987E+00  4.08587751E-01  1.11946396E+01  9.51159814E-01  8.19478384E-01
 -6.97477158E+00  1.00000000E+00  5.79322763E+00 -2.20976604E+00  4.08581498E-01  1.12029671E+01  9.51904455E-01  8.20085013E-01
 -6.92517767E+00  1.00000000E+00  5.75578751E+00 -2.21246466E+00  4.08385855E-01  1.12113014E+01  9.52649974E-01  8.20692111E-01
 -6.87558376E+00  1.00000000E+00  5.71782589E+00 -2.20976550E+00  4.08281709E-01  1.12035093E+01  9.51972019E-01  8.20122985E-01
 -6.82598985E+00  1.00000000E+00  5.67986426E+00 -2.20706858E+00  4.08395607E-01  1.11957234E+01  9.51294936E-01  8.19554276E-01
 -6.77639594E+00  1.00000000E+00  5.64200096E+00 -2.20723916E+00  4.08439012E-01  1.11946537E+01  9.51351669E-01  8.19464165E-01
 -6.72680204E+00  1.00000000E+00  5.60413766E+00 -2.20740970E+00  4.08494836E-01  1.11935842E+01  9.51408409E-01  8.19374066E-01
 -6.67720813E+00  1.00000000E+00  5.56649444E+00 -2.20825499E+00  4.08582537E-01  1.12006355E+01  9.51351736E-01  8.19942700E-01
 -6.62761422E+00  1.00000000E+00  5.52885121E+00 -2.20910070E+00  4.08617419E-01  1.12076912E+01  9.51295132E-01  8.20511688E-01
 -6.57802031E+00  1.00000000E+00  5.49104812E+00 -2.20786699E+00  4.08588917E-01  1.12020032E+01  9.51157211E-01  8.20067677E-01
 -6.52842640E+00  1.00000000E+00  5.45324502E+00 -2.20663389E+00  4.08671099E-01  1.11963180E+01  9.51019453E-01  8.19623885E-01
 -6.47883249E+00  1.00000000E+00  5.41533338E+00 -2.20689751E+00  4.08647116E-01  1.11958730E+01  9.51086857E-01  8.19582890E-01
 -6.42923858E+00  1.00000000E+00  5.37742175E+00 -2.20716110E+00  4.08613763E-01  1.11954280E+01  9.51154273E-01  8.19541900E-01
 -6.37964468E+00  1.00000000E+00  5.33997287E+00 -2.20969862E+00  4.08610412E-01  1.12034376E+01  9.51837031E-01  8.20128046E-01
 -6.33005077E+00  1.00000000E+00  5.30252399E+00 -2.21223833E+00  4.08432690E-01  1.12114534E+01  9.52520556E-01  8.20714627E-01
 -6.28045686E+00  1.00000000E+00  5.26453349E+00 -2.20944782E+00  4.08334226E-01  1.12034781E+01  9.51817666E-01  8.20132837E-01
 -6.23086295E+00  1.00000000E+00  5.22654299E+00 -2.20665969E+00  4.08447880E-01  1.11955093E+01  9.51115711E-01  8.19551485E-01
 -6.18126904E+00  1.00000000E+00  5.18873069E+00 -2.20726876E+00  4.08483143E-01  1.11950106E+01  9.51325645E-01  8.19494796E-01
 -6.13167513E+00  1.00000000E+00  5.15091839E+00 -2.20787779E+00  4.08518089E-01  1.11945121E+01  9.51535641E-01  8.19438120E-01
 -6.08208123E+00  1.00000000E+00  5.11326744E+00 -2.20861146E+00  4.08572454E-01  1.12011626E+01  9.51478311E-01  8.19974739E-01
 -6.03248732E+00  1.00000000E+00  5.07561650E+00 -2.20934546E+00  4.08576083E-01  1.12078170E+01  9.51421023E-01  8.20511678E-01
 -5.98289341E+00  1.00000000E+00  5.03780125E+00 -2.20802618E+00  4.08546825E-01  1.12017962E+01  9.51254021E-01  8.20043377E-01
 -5.93329950E+00  1.00000000E+00  4.99998600E+00 -2.20670761E+00  4.08626147E-01  1.11957787E+01  9.51087199E-01  8.19575323E-01
 -5.88370559E+00  1.00000000E+00  4.96207129E+00 -2.20696733E+00  4.08598262E-01  1.11949650E+01  9.51170785E-01  8.19503535E-01
 -5.83411168E+00  1.00000000E+00  4.92415658E+00 -2.20722702E+00  4.08562815E-01  1.11941513E+01  9.51254384E-01  8.19431756E-01
 -5.78451777E+00  1.00000000E+00  4.88673476E+00 -2.20956587E+00  4.08557586E-01  1.12026830E+01  9.51835150E-01  8.20067831E-01
 -5.73492387E+00  1.00000000E+00  4.84931295E+00 -2.21190675E+00  4.08400580E-01  1.12112215E+01  9.52416519E-01  8.20704397E-01
 -5.68532996E+00  1.00000000E+00  4.81121761E+00 -2.20871421E+00  4.08360219E-01  1.12020571E+01  9.51588782E-01  8.20037466E-01
 -5.63573605E+00  1.00000000E+00  4.77312227E+00 -2.20552484E+00  4.08507633E-01  1.11929012E+01  9.50762274E-01  8.19371111E-01
 -5.58614214E+00  1.00000000E+00  4.73542615E+00 -2.20694508E+00  4.08540518E-01  1.11941184E+01  9.51218851E-01  8.19431967E-01
 -5.53654823E+00  1.00000000E+00  4.69773002E+00 -2.20836559E+00  4.08543421E-01  1.11953364E+01  9.51675732E-01  8.19492856E-01
 -5.48695432E+00  1.00000000E+00  4.66003628E+00 -2.20907287E+00  4.08549563E-01  1.12018178E+01  9.51662825E-01  8.20012400E-01
 -5.43736041E+00  1.00000000E+00  4.62234253E+00 -2.20978043E+00  4.08502840E-01  1.12083030E+01  9.51649938E-01  8.20532249E-01
 -5.38776651E+00  1.00000000E+00  4.58456187E+00 -2.20841674E+00  4.08474770E-01  1.12021888E+01  9.51446112E-01  8.20059418E-01
 -5.33817260E+00  1.00000000E+00  4.54678121E+00 -2.20705380E+00  4.08561348E-01  1.11960780E+01  9.51242472E-01  8.19586842E-01
 -5.28857869E+00  1.00000000E+00  4.50886950E+00 -2.20729675E+00  4.08549471E-01  1.11953451E+01  9.51314289E-01  8.19522461E-01
 -5.23898478E+00  1.00000000E+00  4.47095779E+00 -2.20753967E+00  4.08546076E-01  1.11946122E+01  9.51386117E-01  8.19458089E-01
 -5.18939087E+00  1.00000000E+00  4.43343766E+00 -2.20935147E+00  4.08559874E-01  1.12033318E+01  9.51745850E-01  8.20126875E-01
 -5.13979696E+00  1.00000000E+00  4.39591753E+00 -2.21116469E+00  4.08438834E-01  1.12120581E+01  9.52105877E-01  8.20796182E-01
 -5.09020305E+00  1.00000000E+00  4.35782034E+00 -2.20832214E+00  4.08402685E-01  1.12019794E+01  9.51440066E-01  8.20043144E-01
 -5.04060915E+00  1.00000000E+00  4.31972314E+00 -2.20548246E+00  4.08518756E-01  1.11919101E+01  9.50775143E-01  8.19290793E-01
 -4.99101524E+00  1.00000000E+00  4.28220014E+00 -2.20714823E+00  4.08503582E-01  1.11938807E+01  9.51323936E-01  8.19404541E-01
 -4.94142133E+00  1.00000000E+00  4.24467713E+00 -2.20881451E+00  4.08474953E-01  1.11958524E+01  9.51873144E-01  8.19518339E-01
 -4.89182742E+00  1.00000000E+00  4.20692086E+00 -2.20935002E+00  4.08456446E-01  1.12005221E+01  9.51877370E-01  8.19891577E-01
 -4.84223351E+00  1.00000000E+00  4.16916459E+00 -2.20988570E+00  4.08406744E-01  1.12051938E+01  9.51881608E-01  8.20264974E-01
 -4.79263960E+00  1.00000000E+00  4.13129167E+00 -2.20858017E+00  4.08379128E-01  1.11999629E+01  9.51637247E-01  8.19866054E-01
 -4.74304569E+00  1.00000000E+00  4.09341875E+00 -2.20727529E+00  4.08461080E-01  1.11947346E+01  9.51393061E-01  8.19467320E-01
 -4.69345179E+00  1.00000000E+00  4.05552702E+00 -2.20706143E+00  4.08477504E-01  1.11950436E+01  9.51224658E-01  8.19505515E-01
 -4.64385788E+00  1.00000000E+00  4.01763528E+00 -2.20684759E+00  4.08532437E-01  1.11953527E+01  9.51056283E-01  8.19543711E-01
 -4.59426397E+00  1.00000000E+00  3.98007693E+00 -2.20986595E+00  4.08605411E-01  1.12036948E+01  9.51883164E-01  8.20144927E-01
 -4.54467006E+00  1.00000000E+00  3.94251857E+00 -2.21288712E+00  4.08484391E-01  1.12120440E+01  9.52711175E-01  8.20746624E-01
 -4.49507615E+00  1.00000000E+00  3.90490621E+00 -2.21196206E+00  4.08422668E-01  1.12158028E+01  9.52178762E-01  8.21089925E-01
 -4.44548224E+00  1.00000000E+00  3.86729386E+00 -2.21103667E+00  4.08459639E-01  1.12195640E+01  9.51646583E-01  8.21433391E-01
 -4.39588833E+00  1.00000000E+00  3.82917129E+00 -2.20794889E+00  4.08349194E-01  1.12057232E+01  9.51164826E-01  8.20364668E-01
 -4.34629443E+00  1.00000000E+00  3.79104873E+00 -2.20486495E+00  4.08421412E-01  1.11918996E+01  9.50684006E-01  8.19297247E-01
 -4.29670052E+00  1.00000000E+00  3.75337396E+00 -2.20697087E+00  4.08539494E-01  1.11994770E+01  9.51078131E-01  8.19871907E-01
 -4.24710661E+00  1.00000000E+00  3.71569920E+00 -2.20907832E+00  4.08575908E-01  1.12070597E+01  9.51472746E-01  8.20446956E-01
 -4.19751270E+00  1.00000000E+00  3.67788134E+00 -2.20761165E+00  4.08494561E-01  1.11997151E+01  9.51239141E-01  8.19878078E-01
 -4.14791879E+00  1.00000000E+00  3.64006349E+00 -2.20614592E+00  4.08599487E-01  1.11923754E+01  9.51005725E-01  8.19309571E-01
 -4.09832488E+00  1.00000000E+00  3.60250993E+00 -2.20772131E+00  4.08514337E-01  1.11966913E+01  9.51476048E-01  8.19617217E-01
 -4.04873097E+00  1.00000000E+00  3.56495637E+00 -2.20929748E+00  4.08429832E-01  1.12010091E+01  9.51946691E-01  8.19924991E-01
 -3.99913707E+00  1.00000000E+00  3.52677691E+00 -2.20803646E+00  4.08446550E-01  1.11979268E+01  9.51517821E-01  8.19712722E-01
 -3.94954316E+00  1.00000000E+00  3.48859745E+00 -2.20677594E+00  4.08459959E-01  1.11948456E+01  9.51089181E-01  8.19500517E-01
 -3.89994925E+00  1.00000000E+00  3.45135528E+00 -2.21001603E+00  4.08539376E-01  1.12084781E+01  9.51794319E-01  8.20534700E-01
 -3.85035534E+00  1.00000000E+00  3.41411311E+00 -2.21326031E+00  4.08453214E-01  1.12221273E+01  9.52500503E-01  8.21570145E-01
 -3.80076143E+00  1.00000000E+00  3.37603872E+00 -2.20992395E+00  4.08345012E-01  1.12136135E+01  9.51634092E-01  8.20958353E-01
 -3.75116752E+00  1.00000000E+00  3.33796434E+00 -2.20659072E+00  4.08458055E-01  1.12051075E+01  9.50769066E-01  8.20347072E-01
 -3.70157361E+00  1.00000000E+00  3.30009794E+00 -2.20716020E+00  4.08476674E-01  1.12054849E+01  9.50854049E-01  8.20370466E-01
 -3.65197971E+00  1.00000000E+00  3.26223153E+00 -2.20772967E+00  4.08556682E-01  1.12058624E+01  9.50939090E-01  8.20393866E-01
 -3.60238580E+00  1.00000000E+00  3.22440769E+00 -2.20741726E+00  4.08606227E-01  1.12020262E+01  9.50900646E-01  8.20090047E-01
 -3.55279189E+00  1.00000000E+00  3.18658384E+00 -2.20710488E+00  4.08643545E-01  1.11981914E+01  9.50862197E-01  8.19786339E-01
 -3.50319798E+00  1.00000000E+00  3.14892306E+00 -2.20826266E+00  4.08728182E-01  1.11982502E+01  9.51365191E-01  8.19750800E-01
 -3.45360407E+00  1.00000000E+00  3.11126229E+00 -2.20942062E+00  4.08700052E-01  1.11983095E+01  9.51868450E-01  8.19715281E-01
 -3.40401016E+00  1.00000000E+00  3.07378311E+00 -2.21101853E+00  4.08609471E-01  1.12092429E+01  9.52123452E-01  8.20569553E-01
 -3.35441626E+00  1.00000000E+00  3.03630394E+00 -2.21261770E+00  4.08432857E-01  1.12201870E+01  9.52378591E-01  8.21424673E-01
 -3.30482235E+00  1.00000000E+00  2.99836610E+00 -2.20926902E+00  4.08286889E-01  1.12081538E+01  9.51658682E-01  8.20519610E-01
 -3.25522844E+00  1.00000000E+00  2.96042826E+00 -2.20592430E+00  4.08365695E-01  1.11961341E+01  9.50939989E-01  8.19615526E-01
 -3.20563453E+00  1.00000000E+00  2.92238893E+00 -2.20561470E+00  4.08435236E-01  1.11918629E+01  9.50845861E-01  8.19281362E-01
 -3.15604062E+00  1.00000000E+00  2.88434959E+00 -2.20530506E+00  4.08525017E-01  1.11875935E+01  9.50751736E-01  8.18947338E-01
 -3.10644671E+00  1.00000000E+00  2.84674882E+00 -2.20728794E+00  4.08573974E-01  1.11905858E+01  9.51471123E-01  8.19129174E-01
 -3.05685280E+00  1.00000000E+00  2.80914806E+00 -2.20927177E+00  4.08474169E-01  1.11935797E+01  9.52191135E-01  8.19311089E-01
 -3.00725890E+00  1.00000000E+00  2.77161251E+00 -2.21041356E+00  4.08456252E-01  1.12045509E+01  9.52187275E-01  8.20189091E-01
 -2.95766499E+00  1.00000000E+00  2.73407697E+00 -2.21155606E+00  4.08347801E-01  1.12155331E+01  9.52183439E-01  8.21067975E-01
 -2.90807108E+00  1.00000000E+00  2.69584969E+00 -2.20920704E+00  4.08284324E-01  1.12064508E+01  9.51739409E-01  8.20376909E-01
 -2.85847717E+00  1.00000000E+00  2.65762241E+00 -2.20686005E+00  4.08357062E-01  1.11973760E+01  9.51295960E-01  8.19686402E-01
 -2.80888326E+00  1.00000000E+00  2.62038386E+00 -2.20967131E+00  4.08392400E-01  1.12086057E+01  9.51779715E-01  8.20546081E-01
 -2.75928935E+00  1.00000000E+00  2.58314531E+00 -2.21248551E+00  4.08407371E-01  1.12198470E+01  9.52264301E-01  8.21406614E-01
 -2.70969544E+00  1.00000000E+00  2.54508663E+00 -2.20944653E+00  4.08429737E-01  1.12130367E+01  9.51340698E-01  8.20935683E-01
 -2.66010154E+00  1.00000000E+00  2.50702795E+00 -2.20641009E+00  4.08614942E-01  1.12062319E+01  9.50418340E-01  8.20465087E-01
 -2.61050763E+00  1.00000000E+00  2.46912389E+00 -2.20614094E+00  4.08586131E-01  1.11998963E+01  9.50590933E-01  8.19944429E-01
 -2.56091372E+00  1.00000000E+00  2.43121983E+00 -2.20587176E+00  4.08700599E-01  1.11935645E+01  9.50763528E-01  8.19424081E-01
 -2.51131981E+00  1.00000000E+00  2.39344797E+00 -2.20695032E+00  4.08725406E-01  1.11953149E+01  9.51081191E-01  8.19538699E-01
 -2.46172590E+00  1.00000000E+00  2.35567610E+00 -2.20802912E+00  4.08693766E-01  1.11970658E+01  9.51399015E-01  8.19653346E-01
 -2.41213199E+00  1.00000000E+00  2.31818051E+00 -2.20986486E+00  4.08667391E-01  1.12050074E+01  9.51811719E-01  8.20255652E-01
 -2.36253808E+00  1.00000000E+00  2.28068492E+00 -2.21170198E+00  4.08528058E-01  1.12129546E+01  9.52224754E-01  8.20858386E-01
 -2.31294418E+00  1.00000000E+00  2.24284314E+00 -2.20939314E+00  4.08432533E-01  1.12048832E+01  9.51740030E-01  8.20251450E-01
 -2.26335027E+00  1.00000000E+00  2.20500135E+00 -2.20708613E+00  4.08480691E-01  1.11968178E+01  9.51255893E-01  8.19644955E-01
 -2.21375636E+00  1.00000000E+00  2.16701770E+00 -2.20686307E+00  4.08491432E-01  1.11937529E+01  9.51224176E-01  8.19402301E-01
 -2.16416245E+00  1.00000000E+00  2.12903404E+00 -2.20664001E+00  4.08526727E-01  1.11906889E+01  9.51192455E-01  8.19159717E-01
 -2.11456854E+00  1.00000000E+00  2.09149988E+00 -2.20803688E+00  4.08581957E-01  1.11979393E+01  9.51468660E-01  8.19717650E-01
 -2.06497463E+00  1.00000000E+00  2.05396572E+00 -2.20943462E+00  4.08581619E-01  1.12051943E+01  9.51745029E-01  8.20275945E-01
 -2.01538072E+00  1.00000000E+00  2.01600390E+00 -2.20872345E+00  4.08499711E-01  1.12015425E+01  9.51600919E-01  8.19995323E-01
 -1.96578682E+00  1.00000000E+00  1.97804207E+00 -2.20801251E+00  4.08441683E-01  1.11978918E+01  9.51456852E-01  8.19714793E-01
 -1.91619291E+00  1.00000000E+00  1.94040160E+00 -2.20869530E+00  4.08558392E-01  1.12033652E+01  9.51519032E-01  8.20147696E-01
 -1.86659900E+00  1.00000000E+00  1.90276114E+00 -2.20937832E+00  4.08612377E-01  1.12088414E+01  9.51581227E-01  8.20580815E-01
 -1.81700509E+00  1.00000000E+00  1.86470273E+00 -2.20840047E+00  4.08517648E-01  1.12029752E+01  9.51398730E-01  8.20126114E-01
 -1.76741118E+00  1.00000000E+00  1.82664432E+00 -2.20742307E+00  4.08483065E-01  1.11971120E+01  9.51216300E-01  8.19671654E-01
 -1.71781727E+00  1.00000000E+00  1.78901004E+00 -2.20678307E+00  4.08510462E-01  1.11959174E+01  9.51033105E-01  8.19590744E-01
 -1.66822336E+00  1.00000000E+00  1.75137576E+00 -2.20614316E+00  4.08528332E-01  1.11947230E+01  9.50849965E-01  8.19509846E-01
 -1.61862946E+00  1.00000000E+00  1.71337599E+00 -2.20623383E+00  4.08513415E-01  1.11905087E+01  9.51012319E-01  8.19159714E-01
 -1.56903555E+00  1.00000000E+00  1.67537621E+00 -2.20632434E+00  4.08446950E-01  1.11862963E+01  9.51174673E-01  8.18809732E-01
 -1.51944164E+00  1.00000000E+00  1.63814236E+00 -2.20944069E+00  4.08242321E-01  1.11936666E+01  9.52270927E-01  8.19311654E-01
 -1.46984773E+00  1.00000000E+00  1.60090850E+00 -2.21256011E+00  4.07875140E-01  1.12010429E+01  9.53368638E-01  8.19813942E-01
 -1.42025382E+00  1.00000000E+00  1.56285268E+00 -2.20893227E+00  4.07571298E-01  1.11858855E+01  9.52645431E-01  8.18659206E-01
 -1.37065991E+00  1.00000000E+00  1.52479685E+00 -2.20530960E+00  4.07474356E-01  1.11707489E+01  9.51923536E-01  8.17506031E-01
 -1.32106600E+00  1.00000000E+00  1.48690629E+00 -2.20462856E+00  4.07362727E-01  1.11664516E+01  9.51760773E-01  8.17175263E-01
 -1.27147210E+00  1.00000000E+00  1.44901573E+00 -2.20394773E+00  4.07266317E-01  1.11621559E+01  9.51598043E-01  8.16844625E-01
 -1.22187819E+00  1.00000000E+00  1.41131066E+00 -2.20291555E+00  4.07044491E-01  1.11502987E+01  9.51714515E-01  8.15886736E-01
 -1.17228428E+00  1.00000000E+00  1.37360559E+00 -2.20188397E+00  4.06838650E-01  1.11384546E+01  9.51831002E-01  8.14929891E-01
 -1.12269037E+00  1.00000000E+00  1.33598073E+00 -2.20073271E+00  4.06512984E-01  1.11236920E+01  9.52017583E-01  8.13733955E-01
 -1.07309646E+00  1.00000000E+00  1.29835586E+00 -2.19958214E+00  4.06139808E-01  1.11089499E+01  9.52204159E-01  8.12539657E-01
 -1.02350255E+00  1.00000000E+00  1.26114427E+00 -2.19819872E+00  4.05600571E-01  1.10900300E+01  9.52618260E-01  8.10992939E-01
 -9.73908645E-01  1.00000000E+00  1.22393267E+00 -2.19681650E+00  4.05034185E-01  1.10711439E+01  9.53032542E-01  8.09448911E-01
 -9.24314736E-01  1.00000000E+00  1.18679101E+00 -2.19452622E+00  4.04411768E-01  1.10498905E+01  9.53148629E-01  8.07739352E-01
 -8.74720828E-01  1.00000000E+00  1.14964935E+00 -2.19223901E+00  4.03711541E-01  1.10286788E+01  9.53264986E-01  8.06033108E-01
 -8.25312107E-01  1.00000000E+00  1.11340767E+00 -2.18783742E+00  4.02799111E-01  1.09926155E+01  9.53197035E-01  8.03153480E-01
 -7.75903387E-01  1.00000000E+00  1.07716600E+00 -2.18344660E+00  4.02075074E-01  1.09566719E+01  9.53130075E-01  8.00283344E-01
 -7.30665613E-01  1.00000000E+00  1.04440635E+00 -2.18054839E+00  4.01597878E-01  1.09296845E+01  9.53164993E-01  7.98121561E-01
 -6.85427839E-01  1.00000000E+00  1.01164671E+00 -2.17765487E+00  4.01044452E-01  1.09027652E+01  9.53200154E-01  7.95965205E-01
 -6.45465100E-01  1.00000000E+00  9.83813841E-01 -2.17502044E+00  4.00485861E-01  1.08794056E+01  9.53204011E-01  7.94096127E-01
 -6.05502361E-01  1.00000000E+00  9.55980972E-01 -2.17238993E+00  3.99956962E-01  1.08560971E+01  9.53208129E-01  7.92231116E-01
 -5.70199545E-01  1.00000000E+00  9.32671223E-01 -2.16953299E+00  3.99498357E-01  1.08349763E+01  9.53080294E-01  7.90551677E-01
 -5.34896729E-01  1.00000000E+00  9.09361474E-01 -2.16668049E+00  3.99173898E-01  1.08138969E+01  9.52952961E-01  7.88875514E-01
 -5.03710456E-01  1.00000000E+00  8.89685471E-01 -2.16779867E+00  3.98920485E-01  1.08073713E+01  9.53694078E-01  7.88294177E-01
 -4.72524184E-01  1.00000000E+00  8.70009468E-01 -2.16891604E+00  3.98711826E-01  1.08008518E+01  9.54435609E-01  7.87713297E-01
 -4.44974441E-01  1.00000000E+00  8.54009720E-01 -2.17137012E+00  3.99125825E-01  1.08193758E+01  9.54477911E-01  7.89191828E-01
 -4.17424698E-01  1.00000000E+00  8.38009973E-01 -2.17382756E+00  3.99604051E-01  1.08379318E+01  9.54520625E-01  7.90672891E-01
 -3.93087440E-01  1.00000000E+00  8.25019223E-01 -2.17483946E+00  4.00062748E-01  1.08573741E+01  9.54057012E-01  7.92265363E-01
 -3.68750182E-01  1.00000000E+00  8.12028473E-01 -2.17585151E+00  4.01027081E-01  1.08768538E+01  9.53593373E-01  7.93860838E-01
 -3.47250809E-01  1.00000000E+00  8.01880890E-01 -2.17816403E+00  4.02506117E-01  1.09260552E+01  9.51970947E-01  7.97926738E-01
 -3.25751437E-01  1.00000000E+00  7.91733307E-01 -2.18047856E+00  4.04266394E-01  1.09754963E+01  9.50349980E-01  8.02011708E-01
 -3.06759035E-01  1.00000000E+00  7.84749562E-01 -2.19277430E+00  4.06109265E-01  1.10548061E+01  9.51612900E-01  8.08255459E-01
 -2.87766633E-01  1.00000000E+00  7.77765817E-01 -2.20514660E+00  4.08042489E-01  1.11346902E+01  9.52886176E-01  8.14544321E-01
 -2.70988873E-01  1.00000000E+00  7.72869840E-01 -2.21177576E+00  4.10501025E-01  1.12287958E+01  9.51035007E-01  8.22220864E-01
 -2.54211113E-01  1.00000000E+00  7.67973863E-01 -2.21842939E+00  4.13188162E-01  1.13237385E+01  9.49185892E-01  8.29964207E-01
 -2.39389755E-01  1.00000000E+00  7.65369248E-01 -2.22995169E+00  4.16133152E-01  1.14391985E+01  9.48579525E-01  8.39249516E-01
 -2.24568396E-01  1.00000000E+00  7.62764633E-01 -2.24154891E+00  4.19247979E-01  1.15558677E+01  9.47977356E-01  8.48631227E-01
 -2.11472015E-01  1.00000000E+00  7.62442997E-01 -2.25855594E+00  4.22638270E-01  1.16984875E+01  9.48345750E-01  8.60011341E-01
 -1.98375634E-01  1.00000000E+00  7.62121361E-01 -2.27571897E+00  4.26043321E-01  1.18428926E+01  9.48727527E-01  8.71533204E-01
 -1.85977157E-01  1.00000000E+00  7.64473660E-01 -2.29495378E+00  4.30120378E-01  1.20158180E+01  9.48730102E-01  8.85367029E-01
 -1.73578680E-01  1.00000000E+00  7.66825960E-01 -2.31438770E+00  4.34374408E-01  1.21913140E+01  9.48747428E-01  8.99405326E-01
 -1.61180203E-01  1.00000000E+00  7.70540935E-01 -2.33253560E+00  4.39718185E-01  1.24012363E+01  9.46822790E-01  9.16353084E-01
 -1.48781726E-01  1.00000000E+00  7.74255909E-01 -2.35086016E+00  4.45061323E-01  1.26148973E+01  9.44905857E-01  9.33599312E-01
 -1.36383248E-01  1.00000000E+00  7.85191067E-01 -2.38924550E+00  4.51409471E-01  1.28930573E+01  9.48254075E-01  9.55584259E-01
 -1.23984771E-01  1.00000000E+00  7.96126225E-01 -2.42833621E+00  4.57297136E-01  1.31773769E+01  9.51682359E-01  9.78055562E-01
 -1.11586294E-01  1.00000000E+00  8.05093762E-01 -2.47132631E+00  4.63416525E-01  1.33685319E+01  9.60878616E-01  9.92612266E-01
 -9.91878171E-02  1.00000000E+00  8.14061298E-01 -2.51498924E+00  4.64824443E-01  1.35624970E+01  9.70235212E-01  1.00738094E+00
 -8.67893400E-02  1.00000000E+00  8.50267784E-01 -2.22734223E+00  4.58941524E-01  1.28192219E+01  9.05950838E-01  9.53061685E-01
 -7.43908628E-02  1.00000000E+00  8.86474270E-01 -1.95842760E+00  4.52294201E-01  1.21263725E+01  8.50349938E-01  9.02081802E-01
 -6.19923857E-02  1.00000000E+00  9.32525375E-01 -1.86209001E+00  4.23444846E-01  1.07465703E+01  8.78552584E-01  7.89441416E-01
 -4.95939085E-02  1.00000000E+00  9.78576481E-01 -1.77265782E+00  3.39757429E-01  9.52779198E+00  9.08198800E-01  6.89567454E-01
 -3.71954314E-02  1.00000000E+00  1.87185838E+00 -4.35331360E+00  2.47302252E-01  1.31346981E+01  1.92491887E+00  8.96782340E-01
 -2.47969543E-02  1.00000000E+00  2.76514028E+00 -8.66075332E+00  3.32665536E-01  1.97521361E+01  4.16582525E+00  1.24690487E+00
 -1.23984771E-02  1.00000000E+00  1.39455823E+00  2.26128477E+00  1.18403375E+00  1.09584497E+01  1.34520433E+00  7.69059626E-01
  0.00000000E+00  1.00000000E+00  2.39761856E-02  2.98826053E+01  5.77706961E+00  4.17411109E+01  2.16983080E+01  1.60342423E+00
