# curve 5 (die wall), step =      400, time =   1.60000000E+02
# N1 = tau_xx - tau_yy = G ( c_xx - c_yy ),  G =  4.0000E-01  (polymer part only)
#              x               y        pressure            c_xy        gammadot            c_xx            c_yy              N1
 -3.00000000E+00  1.00000000E+00  2.61149303E+00 -4.81120166E-01  4.02929924E-01  1.46248366E+00  1.00010297E+00  1.84952275E-01
 -2.95108291E+00  1.00000000E+00  2.57291733E+00 -4.81137214E-01  4.02932875E-01  1.46248868E+00  1.00011138E+00  1.84950921E-01
 -2.90216582E+00  1.00000000E+00  2.53434163E+00 -4.81154262E-01  4.02934124E-01  1.46249370E+00  1.00011978E+00  1.84949568E-01
 -2.85324873E+00  1.00000000E+00  2.49580708E+00 -4.81177611E-01  4.02923496E-01  1.46244294E+00  1.00013659E+00  1.84922539E-01
 -2.80433164E+00  1.00000000E+00  2.45727253E+00 -4.81200959E-01  4.02912712E-01  1.46239218E+00  1.00015341E+00  1.84895511E-01
 -2.75541455E+00  1.00000000E+00  2.41874234E+00 -4.81156425E-01  4.02920716E-01  1.46243641E+00  1.00012629E+00  1.84924049E-01
 -2.70649746E+00  1.00000000E+00  2.38021215E+00 -4.81111890E-01  4.02919760E-01  1.46248065E+00  1.00009918E+00  1.84952588E-01
 -2.65758037E+00  1.00000000E+00  2.34167930E+00 -4.81101867E-01  4.02928777E-01  1.46249038E+00  1.00009469E+00  1.84958276E-01
 -2.60866328E+00  1.00000000E+00  2.30314645E+00 -4.81091843E-01  4.02934248E-01  1.46250011E+00  1.00009020E+00  1.84963965E-01
 -2.55974619E+00  1.00000000E+00  2.26460968E+00 -4.81064256E-01  4.02933272E-01  1.46252971E+00  1.00006925E+00  1.84984182E-01
 -2.51082911E+00  1.00000000E+00  2.22607290E+00 -4.81036667E-01  4.02948421E-01  1.46255930E+00  1.00004830E+00  1.85004400E-01
 -2.46191202E+00  1.00000000E+00  2.18754048E+00 -4.81060460E-01  4.02938367E-01  1.46252396E+00  1.00006613E+00  1.84983130E-01
 -2.41299493E+00  1.00000000E+00  2.14900806E+00 -4.81084252E-01  4.02931605E-01  1.46248861E+00  1.00008395E+00  1.84961861E-01
 -2.36407784E+00  1.00000000E+00  2.11047469E+00 -4.81041223E-01  4.02945976E-01  1.46253635E+00  1.00005520E+00  1.84992459E-01
 -2.31516075E+00  1.00000000E+00  2.07194132E+00 -4.80998193E-01  4.02954149E-01  1.46258409E+00  1.00002644E+00  1.85023058E-01
 -2.26624366E+00  1.00000000E+00  2.03341162E+00 -4.81062654E-01  4.02945333E-01  1.46253925E+00  1.00006712E+00  1.84988856E-01
 -2.21732657E+00  1.00000000E+00  1.99488192E+00 -4.81127114E-01  4.02939423E-01  1.46249443E+00  1.00010779E+00  1.84954655E-01
 -2.16840948E+00  1.00000000E+00  1.95635197E+00 -4.81130163E-01  4.02925594E-01  1.46246739E+00  1.00011345E+00  1.84941578E-01
 -2.11949239E+00  1.00000000E+00  1.91782202E+00 -4.81133212E-01  4.02911422E-01  1.46244036E+00  1.00011911E+00  1.84928501E-01
 -2.07057530E+00  1.00000000E+00  1.87928385E+00 -4.81140457E-01  4.02918669E-01  1.46244980E+00  1.00012329E+00  1.84930605E-01
 -2.02165821E+00  1.00000000E+00  1.84074568E+00 -4.81147702E-01  4.02919612E-01  1.46245924E+00  1.00012747E+00  1.84932709E-01
 -1.97274112E+00  1.00000000E+00  1.80221464E+00 -4.81155288E-01  4.02898328E-01  1.46240479E+00  1.00013728E+00  1.84907004E-01
 -1.92382403E+00  1.00000000E+00  1.76368360E+00 -4.81162875E-01  4.02883139E-01  1.46235034E+00  1.00014709E+00  1.84881300E-01
 -1.87490694E+00  1.00000000E+00  1.72515399E+00 -4.81089625E-01  4.02889869E-01  1.46239571E+00  1.00010807E+00  1.84915055E-01
 -1.82598985E+00  1.00000000E+00  1.68662439E+00 -4.81016374E-01  4.02891650E-01  1.46244108E+00  1.00006905E+00  1.84948811E-01
 -1.77707276E+00  1.00000000E+00  1.64810640E+00 -4.81074367E-01  4.02886056E-01  1.46239070E+00  1.00010694E+00  1.84913504E-01
 -1.72815567E+00  1.00000000E+00  1.60958842E+00 -4.81132360E-01  4.02871088E-01  1.46234033E+00  1.00014484E+00  1.84878198E-01
 -1.67923858E+00  1.00000000E+00  1.57104220E+00 -4.81078394E-01  4.02854452E-01  1.46233866E+00  1.00011966E+00  1.84887600E-01
 -1.63032150E+00  1.00000000E+00  1.53249597E+00 -4.81024428E-01  4.02851177E-01  1.46233698E+00  1.00009448E+00  1.84897002E-01
 -1.58140441E+00  1.00000000E+00  1.49401214E+00 -4.81022993E-01  4.02819267E-01  1.46225725E+00  1.00011464E+00  1.84857041E-01
 -1.53248732E+00  1.00000000E+00  1.45552831E+00 -4.81021558E-01  4.02797197E-01  1.46217751E+00  1.00013481E+00  1.84817082E-01
 -1.48357023E+00  1.00000000E+00  1.41701490E+00 -4.80986403E-01  4.02774976E-01  1.46213411E+00  1.00012855E+00  1.84802223E-01
 -1.43465314E+00  1.00000000E+00  1.37850148E+00 -4.80951248E-01  4.02742813E-01  1.46209071E+00  1.00012230E+00  1.84787364E-01
 -1.38573605E+00  1.00000000E+00  1.34001339E+00 -4.80869879E-01  4.02717353E-01  1.46205510E+00  1.00009478E+00  1.84784129E-01
 -1.33681896E+00  1.00000000E+00  1.30152529E+00 -4.80788512E-01  4.02701211E-01  1.46201950E+00  1.00006727E+00  1.84780894E-01
 -1.28790187E+00  1.00000000E+00  1.26308537E+00 -4.80770722E-01  4.02656117E-01  1.46192518E+00  1.00008123E+00  1.84737581E-01
 -1.23898478E+00  1.00000000E+00  1.22464544E+00 -4.80752933E-01  4.02609776E-01  1.46183087E+00  1.00009519E+00  1.84694271E-01
 -1.19006769E+00  1.00000000E+00  1.18625980E+00 -4.80722849E-01  4.02572995E-01  1.46173865E+00  1.00011098E+00  1.84651068E-01
 -1.14115060E+00  1.00000000E+00  1.14787417E+00 -4.80692766E-01  4.02533826E-01  1.46164643E+00  1.00012677E+00  1.84607866E-01
 -1.09223351E+00  1.00000000E+00  1.10956967E+00 -4.80679228E-01  4.02498508E-01  1.46157329E+00  1.00013199E+00  1.84576522E-01
 -1.04331642E+00  1.00000000E+00  1.07126517E+00 -4.80665690E-01  4.02468565E-01  1.46150016E+00  1.00013721E+00  1.84545179E-01
 -9.94399333E-01  1.00000000E+00  1.03308180E+00 -4.80610933E-01  4.02475067E-01  1.46155583E+00  1.00009760E+00  1.84583290E-01
 -9.45482243E-01  1.00000000E+00  9.94898437E-01 -4.80556175E-01  4.02494488E-01  1.46161151E+00  1.00005800E+00  1.84621403E-01
 -8.96565154E-01  1.00000000E+00  9.56914380E-01 -4.80698311E-01  4.02579824E-01  1.46178321E+00  1.00009155E+00  1.84676664E-01
 -8.47648064E-01  1.00000000E+00  9.18930324E-01 -4.80840462E-01  4.02684405E-01  1.46195493E+00  1.00012510E+00  1.84731932E-01
 -7.99501858E-01  1.00000000E+00  8.81851758E-01 -4.81088331E-01  4.02886214E-01  1.46244841E+00  1.00014258E+00  1.84922332E-01
 -7.51355652E-01  1.00000000E+00  8.44773192E-01 -4.81336272E-01  4.03182965E-01  1.46294206E+00  1.00016009E+00  1.85112787E-01
 -7.08111109E-01  1.00000000E+00  8.11794702E-01 -4.81829472E-01  4.03570136E-01  1.46399703E+00  1.00012137E+00  1.85550265E-01
 -6.64866566E-01  1.00000000E+00  7.78816212E-01 -4.82322954E-01  4.04156941E-01  1.46505281E+00  1.00008283E+00  1.85987992E-01
 -6.26599939E-01  1.00000000E+00  7.50011527E-01 -4.83272202E-01  4.04911988E-01  1.46672752E+00  1.00016254E+00  1.86625991E-01
 -5.88333313E-01  1.00000000E+00  7.21206842E-01 -4.84222366E-01  4.05776165E-01  1.46840437E+00  1.00024286E+00  1.87264604E-01
 -5.54471587E-01  1.00000000E+00  6.96162213E-01 -4.85414094E-01  4.06961929E-01  1.47113505E+00  1.00000298E+00  1.88452830E-01
 -5.20609860E-01  1.00000000E+00  6.71117584E-01 -4.86607509E-01  4.08269637E-01  1.47387101E+00  9.99764274E-01  1.89642692E-01
 -4.90645977E-01  1.00000000E+00  6.49359997E-01 -4.88626075E-01  4.09800486E-01  1.47733423E+00  1.00006725E+00  1.90906790E-01
 -4.60682095E-01  1.00000000E+00  6.27602409E-01 -4.90648804E-01  4.11517229E-01  1.48080667E+00  1.00037290E+00  1.92173508E-01
 -4.34167380E-01  1.00000000E+00  6.08948085E-01 -4.92809742E-01  4.13745534E-01  1.48568496E+00  9.99982863E-01  1.94280838E-01
 -4.07652666E-01  1.00000000E+00  5.90293762E-01 -4.94976122E-01  4.16156949E-01  1.49057996E+00  9.99596604E-01  1.96393343E-01
 -3.84190072E-01  1.00000000E+00  5.74141048E-01 -4.98119874E-01  4.18716755E-01  1.49640653E+00  9.99876730E-01  1.98611920E-01
 -3.60727478E-01  1.00000000E+00  5.57988334E-01 -5.01274075E-01  4.21523230E-01  1.50225812E+00  1.00016336E+00  2.00837904E-01
 -3.39965684E-01  1.00000000E+00  5.44299572E-01 -5.04762639E-01  4.24929668E-01  1.50966296E+00  9.99918151E-01  2.03897925E-01
 -3.19203889E-01  1.00000000E+00  5.30610809E-01 -5.08264863E-01  4.28523477E-01  1.51710628E+00  9.99681728E-01  2.06969821E-01
 -3.00831998E-01  1.00000000E+00  5.19112482E-01 -5.12933423E-01  4.32466862E-01  1.52621560E+00  9.99958833E-01  2.10502708E-01
 -2.82460107E-01  1.00000000E+00  5.07614155E-01 -5.17625509E-01  4.36688869E-01  1.53538393E+00  1.00025021E+00  2.14053488E-01
 -2.66203017E-01  1.00000000E+00  4.97892811E-01 -5.22491065E-01  4.41522004E-01  1.54624340E+00  9.99812396E-01  2.18572401E-01
 -2.49945927E-01  1.00000000E+00  4.88171467E-01 -5.27383912E-01  4.46599829E-01  1.55718279E+00  9.99391593E-01  2.23116481E-01
 -2.35560203E-01  1.00000000E+00  4.80432603E-01 -5.33540183E-01  4.51954650E-01  1.56983827E+00  9.99694493E-01  2.28057510E-01
 -2.21174479E-01  1.00000000E+00  4.72693739E-01 -5.39738381E-01  4.57684987E-01  1.58260284E+00  1.00002159E+00  2.33032500E-01
 -2.08421419E-01  1.00000000E+00  4.66270375E-01 -5.46791442E-01  4.64091923E-01  1.59774481E+00  1.00007052E+00  2.39069719E-01
 -1.95668358E-01  1.00000000E+00  4.59847012E-01 -5.53900089E-01  4.70848860E-01  1.61303867E+00  1.00015163E+00  2.45154817E-01
 -1.83439085E-01  1.00000000E+00  4.54823418E-01 -5.61594480E-01  4.78792487E-01  1.63159361E+00  9.99449964E-01  2.52857457E-01
 -1.71209813E-01  1.00000000E+00  4.49799824E-01 -5.69359781E-01  4.87158943E-01  1.65036692E+00  9.98788748E-01  2.60631270E-01
 -1.58980541E-01  1.00000000E+00  4.45421744E-01 -5.80839883E-01  4.97297344E-01  1.67510624E+00  9.99680352E-01  2.70170354E-01
 -1.46751268E-01  1.00000000E+00  4.41043665E-01 -5.92466459E-01  5.07879984E-01  1.70023340E+00  1.00064991E+00  2.79833396E-01
 -1.34521996E-01  1.00000000E+00  4.40282501E-01 -6.05655227E-01  5.21908111E-01  1.73562601E+00  9.99020981E-01  2.94642011E-01
 -1.22292724E-01  1.00000000E+00  4.39521336E-01 -6.19064467E-01  5.36840396E-01  1.77176051E+00  9.97507668E-01  3.09701138E-01
 -1.10063451E-01  1.00000000E+00  4.33779932E-01 -6.41932646E-01  5.56951473E-01  1.81912808E+00  1.00143686E+00  3.27076489E-01
 -9.78341789E-02  1.00000000E+00  4.28038527E-01 -6.65344665E-01  5.76552708E-01  1.86783283E+00  1.00564698E+00  3.44874340E-01
 -8.56049065E-02  1.00000000E+00  4.55208044E-01 -6.84219785E-01  6.06833958E-01  1.95994941E+00  9.91477074E-01  3.87388934E-01
 -7.33756342E-02  1.00000000E+00  4.82377561E-01 -7.03840215E-01  6.44568768E-01  2.05662080E+00  9.77793909E-01  4.31530755E-01
 -6.11463618E-02  1.00000000E+00  4.13368455E-01 -7.65108455E-01  6.95890597E-01  2.14345341E+00  1.00500228E+00  4.55380449E-01
 -4.89170895E-02  1.00000000E+00  3.44359349E-01 -8.29288262E-01  7.21789697E-01  2.23505375E+00  1.03424680E+00  4.80322778E-01
 -3.66878171E-02  1.00000000E+00  7.65971011E-01 -1.01209608E+00  8.00585466E-01  2.61366343E+00  1.08834845E+00  6.10125992E-01
 -2.44585447E-02  1.00000000E+00  1.18758267E+00 -1.22413006E+00  9.58982086E-01  3.05954157E+00  1.15665574E+00  7.61154332E-01
 -1.22292724E-02  1.00000000E+00  1.67937977E-01 -3.65994678E-01  1.68008551E+00  4.05488399E+00  6.26048867E-01  1.37153405E+00
  0.00000000E+00  1.00000000E+00 -8.51706719E-01  7.60851539E-01  3.07250511E+00  6.48858753E+00  5.25968323E-01  2.38504768E+00
