# curve 5 (die wall), step =      600, time =   2.40000000E+02
# N1 = tau_xx - tau_yy = G ( c_xx - c_yy ),  G =  1.1429E-01  (polymer part only)
#              x               y        pressure            c_xy        gammadot            c_xx            c_yy              N1
 -3.00000000E+00  1.00000000E+00  2.35090330E+00 -9.08147176E-01  4.15385609E-01  2.81701075E+00  8.29504031E-01  2.27143625E-01
 -2.95108291E+00  1.00000000E+00  2.31632677E+00 -9.08282712E-01  4.15380360E-01  2.81724570E+00  8.29547858E-01  2.27165468E-01
 -2.90216582E+00  1.00000000E+00  2.28175025E+00 -9.08418260E-01  4.15369864E-01  2.81748067E+00  8.29591691E-01  2.27187312E-01
 -2.85324873E+00  1.00000000E+00  2.24719486E+00 -9.08405288E-01  4.15358636E-01  2.81732621E+00  8.29592734E-01  2.27169540E-01
 -2.80433164E+00  1.00000000E+00  2.21263947E+00 -9.08392316E-01  4.15365515E-01  2.81717176E+00  8.29593776E-01  2.27151769E-01
 -2.75541455E+00  1.00000000E+00  2.17812424E+00 -9.08200264E-01  4.15382720E-01  2.81686950E+00  8.29552450E-01  2.27121948E-01
 -2.70649746E+00  1.00000000E+00  2.14360900E+00 -9.08008230E-01  4.15395357E-01  2.81656728E+00  8.29511141E-01  2.27092130E-01
 -2.65758037E+00  1.00000000E+00  2.10906415E+00 -9.08062288E-01  4.15395120E-01  2.81669951E+00  8.29516743E-01  2.27106602E-01
 -2.60866328E+00  1.00000000E+00  2.07451930E+00 -9.08116348E-01  4.15386449E-01  2.81683175E+00  8.29522347E-01  2.27121075E-01
 -2.55974619E+00  1.00000000E+00  2.04000312E+00 -9.08005866E-01  4.15400614E-01  2.81671486E+00  8.29496095E-01  2.27110716E-01
 -2.51082911E+00  1.00000000E+00  2.00548694E+00 -9.07895387E-01  4.15398615E-01  2.81659798E+00  8.29469848E-01  2.27100358E-01
 -2.46191202E+00  1.00000000E+00  1.97091803E+00 -9.07951662E-01  4.15394246E-01  2.81651385E+00  8.29491917E-01  2.27088221E-01
 -2.41299493E+00  1.00000000E+00  1.93634911E+00 -9.08007934E-01  4.15408465E-01  2.81642973E+00  8.29513987E-01  2.27076085E-01
 -2.36407784E+00  1.00000000E+00  1.90184233E+00 -9.07902766E-01  4.15420066E-01  2.81629779E+00  8.29500958E-01  2.27062495E-01
 -2.31516075E+00  1.00000000E+00  1.86733554E+00 -9.07797601E-01  4.15408228E-01  2.81616586E+00  8.29487935E-01  2.27048906E-01
 -2.26624366E+00  1.00000000E+00  1.83279669E+00 -9.07984149E-01  4.15388424E-01  2.81661759E+00  8.29511997E-01  2.27097782E-01
 -2.21732657E+00  1.00000000E+00  1.79825784E+00 -9.08170724E-01  4.15359565E-01  2.81706939E+00  8.29536074E-01  2.27146665E-01
 -2.16840948E+00  1.00000000E+00  1.76370542E+00 -9.08202452E-01  4.15349060E-01  2.81697487E+00  8.29556525E-01  2.27133525E-01
 -2.11949239E+00  1.00000000E+00  1.72915301E+00 -9.08234179E-01  4.15360811E-01  2.81688036E+00  8.29576977E-01  2.27120387E-01
 -2.07057530E+00  1.00000000E+00  1.69465367E+00 -9.08336633E-01  4.15349249E-01  2.81738474E+00  8.29574993E-01  2.27178257E-01
 -2.02165821E+00  1.00000000E+00  1.66015432E+00 -9.08439103E-01  4.15306615E-01  2.81788921E+00  8.29573012E-01  2.27236136E-01
 -1.97274112E+00  1.00000000E+00  1.62556175E+00 -9.08386730E-01  4.15296494E-01  2.81757109E+00  8.29562099E-01  2.27201027E-01
 -1.92382403E+00  1.00000000E+00  1.59096918E+00 -9.08334360E-01  4.15319457E-01  2.81725301E+00  8.29551185E-01  2.27165923E-01
 -1.87490694E+00  1.00000000E+00  1.55648511E+00 -9.08167688E-01  4.15338747E-01  2.81681829E+00  8.29551278E-01  2.27116230E-01
 -1.82598985E+00  1.00000000E+00  1.52200104E+00 -9.08001038E-01  4.15348536E-01  2.81638365E+00  8.29551385E-01  2.27066544E-01
 -1.77707276E+00  1.00000000E+00  1.48746631E+00 -9.08217414E-01  4.15322374E-01  2.81694682E+00  8.29586343E-01  2.27126912E-01
 -1.72815567E+00  1.00000000E+00  1.45293158E+00 -9.08433830E-01  4.15267409E-01  2.81751011E+00  8.29621319E-01  2.27187290E-01
 -1.67923858E+00  1.00000000E+00  1.41839137E+00 -9.08265921E-01  4.15261441E-01  2.81710853E+00  8.29599314E-01  2.27143911E-01
 -1.63032150E+00  1.00000000E+00  1.38385115E+00 -9.08098033E-01  4.15244933E-01  2.81670701E+00  8.29577321E-01  2.27100536E-01
 -1.58140441E+00  1.00000000E+00  1.34934733E+00 -9.08128770E-01  4.15208831E-01  2.81646588E+00  8.29631395E-01  2.27066798E-01
 -1.53248732E+00  1.00000000E+00  1.31484351E+00 -9.08159505E-01  4.15184431E-01  2.81622477E+00  8.29685472E-01  2.27033062E-01
 -1.48357023E+00  1.00000000E+00  1.28033812E+00 -9.08061296E-01  4.15154860E-01  2.81603596E+00  8.29647280E-01  2.27015849E-01
 -1.43465314E+00  1.00000000E+00  1.24583273E+00 -9.07963094E-01  4.15128240E-01  2.81584717E+00  8.29609092E-01  2.26998637E-01
 -1.38573605E+00  1.00000000E+00  1.21136141E+00 -9.07803175E-01  4.15105062E-01  2.81529206E+00  8.29642486E-01  2.26931380E-01
 -1.33681896E+00  1.00000000E+00  1.17689009E+00 -9.07643283E-01  4.15061496E-01  2.81473706E+00  8.29675897E-01  2.26864132E-01
 -1.28790187E+00  1.00000000E+00  1.14243916E+00 -9.07618576E-01  4.14989478E-01  2.81438508E+00  8.29721460E-01  2.26818699E-01
 -1.23898478E+00  1.00000000E+00  1.10798822E+00 -9.07593871E-01  4.14921673E-01  2.81403315E+00  8.29767026E-01  2.26773272E-01
 -1.19006769E+00  1.00000000E+00  1.07363164E+00 -9.07620777E-01  4.14840035E-01  2.81399309E+00  8.29818778E-01  2.26762779E-01
 -1.14115060E+00  1.00000000E+00  1.03927507E+00 -9.07647683E-01  4.14739875E-01  2.81395303E+00  8.29870534E-01  2.26752286E-01
 -1.09223351E+00  1.00000000E+00  1.00495289E+00 -9.07546855E-01  4.14672981E-01  2.81346027E+00  8.29879937E-01  2.26694895E-01
 -1.04331642E+00  1.00000000E+00  9.70630706E-01 -9.07446041E-01  4.14623545E-01  2.81296758E+00  8.29889343E-01  2.26637513E-01
 -9.94399333E-01  1.00000000E+00  9.36486636E-01 -9.07252370E-01  4.14595328E-01  2.81247594E+00  8.29879685E-01  2.26582430E-01
 -9.45482243E-01  1.00000000E+00  9.02342565E-01 -9.07058727E-01  4.14568324E-01  2.81198439E+00  8.29870045E-01  2.26527354E-01
 -8.96565154E-01  1.00000000E+00  8.68393433E-01 -9.07203851E-01  4.14575653E-01  2.81236848E+00  8.29898727E-01  2.26567972E-01
 -8.47648064E-01  1.00000000E+00  8.34444300E-01 -9.07348992E-01  4.14582165E-01  2.81275262E+00  8.29927417E-01  2.26608594E-01
 -7.99501858E-01  1.00000000E+00  8.01373047E-01 -9.07444280E-01  4.14710614E-01  2.81321282E+00  8.29901982E-01  2.26664096E-01
 -7.51355652E-01  1.00000000E+00  7.68301793E-01 -9.07539581E-01  4.14910190E-01  2.81367310E+00  8.29876553E-01  2.26719606E-01
 -7.08111109E-01  1.00000000E+00  7.38923734E-01 -9.07835337E-01  4.15218097E-01  2.81548963E+00  8.29669355E-01  2.26950888E-01
 -6.64866566E-01  1.00000000E+00  7.09545675E-01 -9.08131261E-01  4.15723615E-01  2.81730734E+00  8.29462278E-01  2.27182293E-01
 -6.26599939E-01  1.00000000E+00  6.83981804E-01 -9.09117010E-01  4.16392202E-01  2.82110895E+00  8.29317170E-01  2.27633346E-01
 -5.88333313E-01  1.00000000E+00  6.58417933E-01 -9.10103883E-01  4.17164708E-01  2.82491565E+00  8.29172580E-01  2.28084922E-01
 -5.54471587E-01  1.00000000E+00  6.36227045E-01 -9.10620470E-01  4.18287644E-01  2.83116984E+00  8.28130361E-01  2.28918798E-01
 -5.20609860E-01  1.00000000E+00  6.14036157E-01 -9.11138362E-01  4.19540742E-01  2.83743885E+00  8.27089835E-01  2.29754173E-01
 -4.90645977E-01  1.00000000E+00  5.94877256E-01 -9.13704844E-01  4.20988184E-01  2.84557225E+00  8.27140045E-01  2.30677966E-01
 -4.60682095E-01  1.00000000E+00  5.75718355E-01 -9.16277708E-01  4.22620951E-01  2.85372896E+00  8.27193030E-01  2.31604107E-01
 -4.34167380E-01  1.00000000E+00  5.59371991E-01 -9.17398878E-01  4.24811283E-01  2.86520443E+00  8.25423926E-01  2.33117772E-01
 -4.07652666E-01  1.00000000E+00  5.43025627E-01 -9.18524770E-01  4.27194471E-01  2.87672870E+00  8.23660135E-01  2.34636407E-01
 -3.84190072E-01  1.00000000E+00  5.28942270E-01 -9.22070346E-01  4.29693135E-01  2.89043696E+00  8.23202466E-01  2.36255370E-01
 -3.60727478E-01  1.00000000E+00  5.14858913E-01 -9.25630233E-01  4.32434333E-01  2.90421013E+00  8.22751182E-01  2.37881023E-01
 -3.39965684E-01  1.00000000E+00  5.03056941E-01 -9.28399037E-01  4.35812107E-01  2.92160621E+00  8.20921356E-01  2.40078270E-01
 -3.19203889E-01  1.00000000E+00  4.91254969E-01 -9.31182398E-01  4.39379532E-01  2.93910843E+00  8.19101315E-01  2.42286527E-01
 -3.00831998E-01  1.00000000E+00  4.81357362E-01 -9.35934689E-01  4.43276983E-01  2.96044085E+00  8.17958637E-01  2.44855110E-01
 -2.82460107E-01  1.00000000E+00  4.71459756E-01 -9.40716110E-01  4.47467216E-01  2.98192770E+00  8.16829459E-01  2.47439799E-01
 -2.66203017E-01  1.00000000E+00  4.63298124E-01 -9.44297861E-01  4.52303249E-01  3.00679347E+00  8.14081731E-01  2.50595628E-01
 -2.49945927E-01  1.00000000E+00  4.55136492E-01 -9.47906381E-01  4.57404970E-01  3.03187201E+00  8.11353309E-01  2.53773566E-01
 -2.35560203E-01  1.00000000E+00  4.48651000E-01 -9.54055400E-01  4.62733131E-01  3.06083609E+00  8.09774132E-01  2.57264223E-01
 -2.21174479E-01  1.00000000E+00  4.42165507E-01 -9.60254146E-01  4.68439888E-01  3.09007669E+00  8.08217688E-01  2.60783886E-01
 -2.08421419E-01  1.00000000E+00  4.37011895E-01 -9.66827447E-01  4.74852947E-01  3.12410756E+00  8.05910195E-01  2.64936841E-01
 -1.95668358E-01  1.00000000E+00  4.31858284E-01 -9.73462418E-01  4.81632347E-01  3.15851474E+00  8.03633748E-01  2.69129257E-01
 -1.83439085E-01  1.00000000E+00  4.27943052E-01 -9.78472523E-01  4.89602641E-01  3.19814296E+00  7.99337606E-01  2.74149184E-01
 -1.71209813E-01  1.00000000E+00  4.24027820E-01 -9.83539912E-01  4.97981189E-01  3.23828647E+00  7.95083860E-01  2.79223156E-01
 -1.58980541E-01  1.00000000E+00  4.20818221E-01 -9.94397776E-01  5.08080517E-01  3.29000524E+00  7.92740351E-01  2.85401701E-01
 -1.46751268E-01  1.00000000E+00  4.17608621E-01 -1.00540322E+00  5.18668594E-01  3.34254931E+00  7.90460035E-01  2.91667346E-01
 -1.34521996E-01  1.00000000E+00  4.17750253E-01 -1.01426398E+00  5.32682838E-01  3.41513541E+00  7.83247988E-01  3.00787134E-01
 -1.22292724E-01  1.00000000E+00  4.17891885E-01 -1.02329881E+00  5.47349182E-01  3.48935823E+00  7.76157819E-01  3.10080047E-01
 -1.10063451E-01  1.00000000E+00  4.14362211E-01 -1.04552587E+00  5.67608770E-01  3.57586325E+00  7.75676678E-01  3.20021323E-01
 -9.78341789E-02  1.00000000E+00  4.10832536E-01 -1.06823484E+00  5.87669607E-01  3.66450251E+00  7.75379375E-01  3.30185502E-01
 -8.56049065E-02  1.00000000E+00  4.35751673E-01 -1.06121242E+00  6.18228368E-01  3.84536018E+00  7.43420652E-01  3.54507374E-01
 -7.33756342E-02  1.00000000E+00  4.60670809E-01 -1.05428883E+00  6.55750710E-01  4.03716117E+00  7.12624779E-01  3.79947016E-01
 -6.11463618E-02  1.00000000E+00  3.95344217E-01 -1.11348792E+00  7.11304984E-01  4.13529743E+00  7.31952895E-01  3.88953661E-01
 -4.89170895E-02  1.00000000E+00  3.30017626E-01 -1.17440599E+00  7.39134138E-01  4.23689923E+00  7.52439664E-01  3.98223950E-01
 -3.66878171E-02  1.00000000E+00  7.28481546E-01 -1.59402157E+00  8.13737955E-01  5.15538714E+00  8.72692740E-01  4.89450789E-01
 -2.44585447E-02  1.00000000E+00  1.12694547E+00 -2.11099178E+00  9.75011302E-01  6.30321671E+00  1.04330383E+00  6.01132901E-01
 -1.22292724E-02  1.00000000E+00  4.42153402E-02  1.01150413E-01  1.72433807E+00  6.26439159E+00  3.50227327E-01  6.75904488E-01
  0.00000000E+00  1.00000000E+00 -1.03851479E+00  2.92449869E+00  3.41560309E+00  1.00106888E+01  1.07906572E+00  1.02075692E+00
