1.12444930E+00 1.12447255E+00 1.12448662E+00 1.12449196E+00 1.12449200E+00 1.12449059E+00 1.12448921E+00 1.12448902E+00 1.12448921E+00 1.12448910E+00 1.12448850E+00 1.12448755E+00 1.12448659E+00 1.12448585E+00 1.12448530E+00 1.12448492E+00 1.12448468E+00 1.12448460E+00 1.12448471E+00 1.12448502E+00 1.12448554E+00 1.12448627E+00 1.12448721E+00 1.12448839E+00 1.12448980E+00 1.12449147E+00 1.12449340E+00 1.12449563E+00 1.12449815E+00 1.12450099E+00 1.12450416E+00 1.12450770E+00 1.12451160E+00 1.12451589E+00 1.12452058E+00 1.12452569E+00 1.12453120E+00 1.12453712E+00 1.12454343E+00 1.12455012E+00 1.12455713E+00 1.12456441E+00 1.12457188E+00 1.12457944E+00 1.12458697E+00 1.12459426E+00 1.12460114E+00 1.12460729E+00 1.12461245E+00 1.12461613E+00 1.12461800E+00 1.12461734E+00 1.12461361E+00 1.12460587E+00 1.12459338E+00 1.12457481E+00 1.12454919E+00 1.12451473E+00 1.12447010E+00 1.12441292E+00 1.12434149E+00 1.12425265E+00 1.12414416E+00 1.12401208E+00 1.12385355E+00 1.12366338E+00 1.12343816E+00 1.12317143E+00 1.12285869E+00 1.12249200E+00 1.12206593E+00 1.12157073E+00 1.12100010E+00 1.12034216E+00 1.11958930E+00 1.11872743E+00 1.11774801E+00 1.11663417E+00 1.11537489E+00 1.11395242E+00 1.11235531E+00 1.11056086E+00 1.10855558E+00 1.10631616E+00 1.10382801E+00 1.10108954E+00 1.09806607E+00 1.09505445E+00 1.09177613E+00 1.08863600E+00 1.08525963E+00 1.08206409E+00 1.07866833E+00 1.07549429E+00 1.07215355E+00 1.06904761E+00 1.06580222E+00 1.06281628E+00 1.05971831E+00 1.05688380E+00 1.05396033E+00 1.05129973E+00 1.04856885E+00 1.04609492E+00 1.04356829E+00 1.04129117E+00 1.03897192E+00 1.03688456E+00 1.03476667E+00 1.03272424E+00 1.03065837E+00 1.02856626E+00 1.02645109E+00 1.02432272E+00 1.02217813E+00 1.02001000E+00 1.01783899E+00 1.01570437E+00 1.01357005E+00 1.01137774E+00 1.00924210E+00 1.00743237E+00 1.00575520E+00 1.00334771E+00 1.00000000E+00
1.15285263E+00 1.15285505E+00 1.15285829E+00 1.15286150E+00 1.15286341E+00 1.15286388E+00 1.15286362E+00 1.15286328E+00 1.15286291E+00 1.15286256E+00 1.15286219E+00 1.15286187E+00 1.15286163E+00 1.15286152E+00 1.15286156E+00 1.15286176E+00 1.15286212E+00 1.15286266E+00 1.15286339E+00 1.15286433E+00 1.15286548E+00 1.15286687E+00 1.15286849E+00 1.15287038E+00 1.15287255E+00 1.15287503E+00 1.15287782E+00 1.15288097E+00 1.15288448E+00 1.15288838E+00 1.15289269E+00 1.15289746E+00 1.15290268E+00 1.15290837E+00 1.15291455E+00 1.15292124E+00 1.15292844E+00 1.15293611E+00 1.15294425E+00 1.15295283E+00 1.15296180E+00 1.15297103E+00 1.15298047E+00 1.15298997E+00 1.15299940E+00 1.15300846E+00 1.15301693E+00 1.15302444E+00 1.15303064E+00 1.15303495E+00 1.15303696E+00 1.15303584E+00 1.15303085E+00 1.15302085E+00 1.15300499E+00 1.15298167E+00 1.15294977E+00 1.15290716E+00 1.15285224E+00 1.15278219E+00 1.15269508E+00 1.15258706E+00 1.15245551E+00 1.15229585E+00 1.15210484E+00 1.15187644E+00 1.15160688E+00 1.15128874E+00 1.15091663E+00 1.15048089E+00 1.14997557E+00 1.14938986E+00 1.14871675E+00 1.14794200E+00 1.14705702E+00 1.14604622E+00 1.14490019E+00 1.14359897E+00 1.14212951E+00 1.14047213E+00 1.13861526E+00 1.13653166E+00 1.13420475E+00 1.13160771E+00 1.12872641E+00 1.12556013E+00 1.12206842E+00 1.11859023E+00 1.11480763E+00 1.11118592E+00 1.10728727E+00 1.10358746E+00 1.09966316E+00 1.09601366E+00 1.09216328E+00 1.08855296E+00 1.08477956E+00 1.08131770E+00 1.07771488E+00 1.07439903E+00 1.07098098E+00 1.06788146E+00 1.06469103E+00 1.06177927E+00 1.05878567E+00 1.05606905E+00 1.05330187E+00 1.05081908E+00 1.04828905E+00 1.04582656E+00 1.04330262E+00 1.04071646E+00 1.03810460E+00 1.03547548E+00 1.03277368E+00 1.02998463E+00 1.02717923E+00 1.02436869E+00 1.02139146E+00 1.01820346E+00 1.01511262E+00 1.01231734E+00 1.00934072E+00 1.00525352E+00 1.00000000E+00
1.20883559E+00 1.20884865E+00 1.20885793E+00 1.20886457E+00 1.20886905E+00 1.20887216E+00 1.20887417E+00 1.20887553E+00 1.20887637E+00 1.20887698E+00 1.20887742E+00 1.20887785E+00 1.20887832E+00 1.20887890E+00 1.20887963E+00 1.20888056E+00 1.20888171E+00 1.20888313E+00 1.20888482E+00 1.20888681E+00 1.20888913E+00 1.20889181E+00 1.20889486E+00 1.20889833E+00 1.20890224E+00 1.20890662E+00 1.20891149E+00 1.20891692E+00 1.20892290E+00 1.20892946E+00 1.20893663E+00 1.20894448E+00 1.20895300E+00 1.20896218E+00 1.20897205E+00 1.20898265E+00 1.20899393E+00 1.20900583E+00 1.20901833E+00 1.20903137E+00 1.20904484E+00 1.20905852E+00 1.20907232E+00 1.20908606E+00 1.20909945E+00 1.20911206E+00 1.20912354E+00 1.20913330E+00 1.20914088E+00 1.20914542E+00 1.20914636E+00 1.20914244E+00 1.20913259E+00 1.20911522E+00 1.20908921E+00 1.20905237E+00 1.20900316E+00 1.20893864E+00 1.20885666E+00 1.20875350E+00 1.20862659E+00 1.20847067E+00 1.20828230E+00 1.20805562E+00 1.20778658E+00 1.20746749E+00 1.20709358E+00 1.20665532E+00 1.20614564E+00 1.20555188E+00 1.20486677E+00 1.20407717E+00 1.20317473E+00 1.20214151E+00 1.20096730E+00 1.19963323E+00 1.19812638E+00 1.19642054E+00 1.19450256E+00 1.19235182E+00 1.18995113E+00 1.18726161E+00 1.18426638E+00 1.18093742E+00 1.17725256E+00 1.17320367E+00 1.16875041E+00 1.16433530E+00 1.15953046E+00 1.15490310E+00 1.14991372E+00 1.14518152E+00 1.14016958E+00 1.13551074E+00 1.13055585E+00 1.12586243E+00 1.12095701E+00 1.11645715E+00 1.11173690E+00 1.10735177E+00 1.10283406E+00 1.09875723E+00 1.09453024E+00 1.09061283E+00 1.08654236E+00 1.08282579E+00 1.07904317E+00 1.07565726E+00 1.07218276E+00 1.06875376E+00 1.06519745E+00 1.06152813E+00 1.05781267E+00 1.05404728E+00 1.05013274E+00 1.04604831E+00 1.04189906E+00 1.03769519E+00 1.03322997E+00 1.02841352E+00 1.02360520E+00 1.01906282E+00 1.01419928E+00 1.00785668E+00 1.00000000E+00
1.27729958E+00 1.27731865E+00 1.27733328E+00 1.27734470E+00 1.27735341E+00 1.27736024E+00 1.27736549E+00 1.27736971E+00 1.27737309E+00 1.27737597E+00 1.27737847E+00 1.27738083E+00 1.27738312E+00 1.27738548E+00 1.27738798E+00 1.27739071E+00 1.27739373E+00 1.27739712E+00 1.27740092E+00 1.27740519E+00 1.27740996E+00 1.27741529E+00 1.27742123E+00 1.27742785E+00 1.27743517E+00 1.27744323E+00 1.27745208E+00 1.27746180E+00 1.27747239E+00 1.27748385E+00 1.27749624E+00 1.27750966E+00 1.27752407E+00 1.27753942E+00 1.27755574E+00 1.27757307E+00 1.27759132E+00 1.27761033E+00 1.27763006E+00 1.27765037E+00 1.27767105E+00 1.27769174E+00 1.27771228E+00 1.27773235E+00 1.27775149E+00 1.27776896E+00 1.27778421E+00 1.27779633E+00 1.27780464E+00 1.27780790E+00 1.27780522E+00 1.27779465E+00 1.27777464E+00 1.27774294E+00 1.27769805E+00 1.27763690E+00 1.27755726E+00 1.27745490E+00 1.27732697E+00 1.27716847E+00 1.27697585E+00 1.27674172E+00 1.27646162E+00 1.27612810E+00 1.27573603E+00 1.27527546E+00 1.27474004E+00 1.27411718E+00 1.27339785E+00 1.27256571E+00 1.27161144E+00 1.27051847E+00 1.26927744E+00 1.26786685E+00 1.26627415E+00 1.26447553E+00 1.26245247E+00 1.26017075E+00 1.25762057E+00 1.25478246E+00 1.25162814E+00 1.24810141E+00 1.24418901E+00 1.23986400E+00 1.23509031E+00 1.22984755E+00 1.22409902E+00 1.21843024E+00 1.21226045E+00 1.20629199E+00 1.19985650E+00 1.19376746E+00 1.18732416E+00 1.18133155E+00 1.17493680E+00 1.16885232E+00 1.16248558E+00 1.15664382E+00 1.15050088E+00 1.14477673E+00 1.13887433E+00 1.13355014E+00 1.12801838E+00 1.12286823E+00 1.11749900E+00 1.11258378E+00 1.10757306E+00 1.10308319E+00 1.09846771E+00 1.09389954E+00 1.08915355E+00 1.08424251E+00 1.07924691E+00 1.07416668E+00 1.06888469E+00 1.06335763E+00 1.05770032E+00 1.05195337E+00 1.04590210E+00 1.03934682E+00 1.03264850E+00 1.02620227E+00 1.01934749E+00 1.01062835E+00 1.00000000E+00
1.35160134E+00 1.35162842E+00 1.35165114E+00 1.35167046E+00 1.35168682E+00 1.35170093E+00 1.35171309E+00 1.35172383E+00 1.35173334E+00 1.35174200E+00 1.35174995E+00 1.35175749E+00 1.35176472E+00 1.35177187E+00 1.35177901E+00 1.35178633E+00 1.35179392E+00 1.35180194E+00 1.35181044E+00 1.35181957E+00 1.35182936E+00 1.35183994E+00 1.35185137E+00 1.35186379E+00 1.35187723E+00 1.35189175E+00 1.35190742E+00 1.35192436E+00 1.35194253E+00 1.35196191E+00 1.35198260E+00 1.35200473E+00 1.35202821E+00 1.35205289E+00 1.35207880E+00 1.35210598E+00 1.35213423E+00 1.35216324E+00 1.35219288E+00 1.35222290E+00 1.35225293E+00 1.35228236E+00 1.35231095E+00 1.35233811E+00 1.35236310E+00 1.35238472E+00 1.35240213E+00 1.35241392E+00 1.35241915E+00 1.35241601E+00 1.35240309E+00 1.35237742E+00 1.35233686E+00 1.35227833E+00 1.35219980E+00 1.35209702E+00 1.35196679E+00 1.35180314E+00 1.35160236E+00 1.35135794E+00 1.35106503E+00 1.35071351E+00 1.35029784E+00 1.34980879E+00 1.34923999E+00 1.34857880E+00 1.34781687E+00 1.34693794E+00 1.34593099E+00 1.34477575E+00 1.34346056E+00 1.34196500E+00 1.34027894E+00 1.33837789E+00 1.33624667E+00 1.33385580E+00 1.33118095E+00 1.32817984E+00 1.32484693E+00 1.32116505E+00 1.31709408E+00 1.31255883E+00 1.30755011E+00 1.30204268E+00 1.29598745E+00 1.28935448E+00 1.28210724E+00 1.27499342E+00 1.26726622E+00 1.25978844E+00 1.25173569E+00 1.24413746E+00 1.23610837E+00 1.22864395E+00 1.22068496E+00 1.21311020E+00 1.20517428E+00 1.19789328E+00 1.19024173E+00 1.18311171E+00 1.17574866E+00 1.16909745E+00 1.16219300E+00 1.15577315E+00 1.14907977E+00 1.14294243E+00 1.13667042E+00 1.13103987E+00 1.12525223E+00 1.11952748E+00 1.11358537E+00 1.10742771E+00 1.10113800E+00 1.09472523E+00 1.08806633E+00 1.08109219E+00 1.07391816E+00 1.06661635E+00 1.05897082E+00 1.05066446E+00 1.04204469E+00 1.03363407E+00 1.02468383E+00 1.01347979E+00 1.00000000E+00
1.42999334E+00 1.43006188E+00 1.43012216E+00 1.43017553E+00 1.43022267E+00 1.43026468E+00 1.43030207E+00 1.43033567E+00 1.43036586E+00 1.43039331E+00 1.43041832E+00 1.43044144E+00 1.43046293E+00 1.43048322E+00 1.43050253E+00 1.43052126E+00 1.43053963E+00 1.43055796E+00 1.43057642E+00 1.43059530E+00 1.43061473E+00 1.43063493E+00 1.43065603E+00 1.43067829E+00 1.43070177E+00 1.43072659E+00 1.43075283E+00 1.43078067E+00 1.43081003E+00 1.43084086E+00 1.43087328E+00 1.43090747E+00 1.43094322E+00 1.43098025E+00 1.43101854E+00 1.43105807E+00 1.43109852E+00 1.43113927E+00 1.43118009E+00 1.43122049E+00 1.43125986E+00 1.43129727E+00 1.43133227E+00 1.43136384E+00 1.43139085E+00 1.43141146E+00 1.43142441E+00 1.43142756E+00 1.43141962E+00 1.43139805E+00 1.43136068E+00 1.43130317E+00 1.43122267E+00 1.43111508E+00 1.43097770E+00 1.43080480E+00 1.43059194E+00 1.43033101E+00 1.43001737E+00 1.42964271E+00 1.42920074E+00 1.42867826E+00 1.42806853E+00 1.42736043E+00 1.42654625E+00 1.42561054E+00 1.42454275E+00 1.42332272E+00 1.42193757E+00 1.42036312E+00 1.41858556E+00 1.41658078E+00 1.41433800E+00 1.41183021E+00 1.40903998E+00 1.40593248E+00 1.40247840E+00 1.39862859E+00 1.39438071E+00 1.38971973E+00 1.38459661E+00 1.37891875E+00 1.37267883E+00 1.36585255E+00 1.35838195E+00 1.35023382E+00 1.34136623E+00 1.33269611E+00 1.32330981E+00 1.31424830E+00 1.30450891E+00 1.29534203E+00 1.28567200E+00 1.27669212E+00 1.26714132E+00 1.25806699E+00 1.24855184E+00 1.23982213E+00 1.23066115E+00 1.22213231E+00 1.21331313E+00 1.20533337E+00 1.19706124E+00 1.18938935E+00 1.18139563E+00 1.17405666E+00 1.16654066E+00 1.15978352E+00 1.15284029E+00 1.14597749E+00 1.13885881E+00 1.13147418E+00 1.12390754E+00 1.11617524E+00 1.10814830E+00 1.09973402E+00 1.09105127E+00 1.08219565E+00 1.07293590E+00 1.06284292E+00 1.05225383E+00 1.04181402E+00 1.03066272E+00 1.01673215E+00 1.00000000E+00
1.12551840E+00 1.12551658E+00 1.12551563E+00 1.12551638E+00 1.12551745E+00 1.12551782E+00 1.12551744E+00 1.12551657E+00 1.12551560E+00 1.12551483E+00 1.12551420E+00 1.12551368E+00 1.12551325E+00 1.12551293E+00 1.12551273E+00 1.12551270E+00 1.12551281E+00 1.12551308E+00 1.12551350E+00 1.12551409E+00 1.12551486E+00 1.12551580E+00 1.12551694E+00 1.12551829E+00 1.12551985E+00 1.12552165E+00 1.12552370E+00 1.12552602E+00 1.12552863E+00 1.12553155E+00 1.12553479E+00 1.12553839E+00 1.12554235E+00 1.12554669E+00 1.12555143E+00 1.12555657E+00 1.12556211E+00 1.12556806E+00 1.12557439E+00 1.12558108E+00 1.12558810E+00 1.12559536E+00 1.12560281E+00 1.12561033E+00 1.12561781E+00 1.12562501E+00 1.12563178E+00 1.12563779E+00 1.12564278E+00 1.12564626E+00 1.12564787E+00 1.12564690E+00 1.12564279E+00 1.12563462E+00 1.12562162E+00 1.12560246E+00 1.12557615E+00 1.12554088E+00 1.12549533E+00 1.12543709E+00 1.12536446E+00 1.12527426E+00 1.12516424E+00 1.12503045E+00 1.12487001E+00 1.12467772E+00 1.12445015E+00 1.12418079E+00 1.12386516E+00 1.12349532E+00 1.12306587E+00 1.12256704E+00 1.12199242E+00 1.12133022E+00 1.12057283E+00 1.11970616E+00 1.11872164E+00 1.11760242E+00 1.11633757E+00 1.11490946E+00 1.11330643E+00 1.11150583E+00 1.10949437E+00 1.10724908E+00 1.10475511E+00 1.10201063E+00 1.09898082E+00 1.09596436E+00 1.09268117E+00 1.08953593E+00 1.08615435E+00 1.08295571E+00 1.07955689E+00 1.07637793E+00 1.07303073E+00 1.06992025E+00 1.06667066E+00 1.06368000E+00 1.06057631E+00 1.05773560E+00 1.05480445E+00 1.05213613E+00 1.04939653E+00 1.04691397E+00 1.04437712E+00 1.04208900E+00 1.03975724E+00 1.03765822E+00 1.03552739E+00 1.03347002E+00 1.03138702E+00 1.02927664E+00 1.02714085E+00 1.02498711E+00 1.02281459E+00 1.02061967E+00 1.01841555E+00 1.01622914E+00 1.01403752E+00 1.01180199E+00 1.00961300E+00 1.00769448E+00 1.00587874E+00 1.00338062E+00 1.00000000E+00
1.14883152E+00 1.14883660E+00 1.14884089E+00 1.14884455E+00 1.14884692E+00 1.14884807E+00 1.14884845E+00 1.14884857E+00 1.14884853E+00 1.14884845E+00 1.14884832E+00 1.14884819E+00 1.14884811E+00 1.14884814E+00 1.14884827E+00 1.14884854E+00 1.14884896E+00 1.14884954E+00 1.14885029E+00 1.14885123E+00 1.14885237E+00 1.14885373E+00 1.14885531E+00 1.14885715E+00 1.14885925E+00 1.14886165E+00 1.14886434E+00 1.14886738E+00 1.14887077E+00 1.14887453E+00 1.14887869E+00 1.14888329E+00 1.14888832E+00 1.14889381E+00 1.14889977E+00 1.14890621E+00 1.14891314E+00 1.14892054E+00 1.14892837E+00 1.14893663E+00 1.14894525E+00 1.14895413E+00 1.14896319E+00 1.14897231E+00 1.14898132E+00 1.14898996E+00 1.14899801E+00 1.14900509E+00 1.14901087E+00 1.14901478E+00 1.14901641E+00 1.14901491E+00 1.14900958E+00 1.14899933E+00 1.14898330E+00 1.14895992E+00 1.14892806E+00 1.14888562E+00 1.14883105E+00 1.14876155E+00 1.14867520E+00 1.14856827E+00 1.14843818E+00 1.14828043E+00 1.14809181E+00 1.14786641E+00 1.14760040E+00 1.14728636E+00 1.14691908E+00 1.14648943E+00 1.14599149E+00 1.14541440E+00 1.14475107E+00 1.14398779E+00 1.14311625E+00 1.14212096E+00 1.14099251E+00 1.13971144E+00 1.13826519E+00 1.13663456E+00 1.13480738E+00 1.13275707E+00 1.13046848E+00 1.12791655E+00 1.12508591E+00 1.12197445E+00 1.11854289E+00 1.11512742E+00 1.11141255E+00 1.10785341E+00 1.10402579E+00 1.10040363E+00 1.09655991E+00 1.09297207E+00 1.08918605E+00 1.08565012E+00 1.08195751E+00 1.07856458E+00 1.07503496E+00 1.07179233E+00 1.06844824E+00 1.06540994E+00 1.06228186E+00 1.05943220E+00 1.05650579E+00 1.05385317E+00 1.05114956E+00 1.04872055E+00 1.04624520E+00 1.04383956E+00 1.04137734E+00 1.03886004E+00 1.03631701E+00 1.03375137E+00 1.03111444E+00 1.02840466E+00 1.02568447E+00 1.02296012E+00 1.02009056E+00 1.01705235E+00 1.01410225E+00 1.01140614E+00 1.00855891E+00 1.00477161E+00 1.00000000E+00
1.19800107E+00 1.19801483E+00 1.19802500E+00 1.19803262E+00 1.19803815E+00 1.19804228E+00 1.19804526E+00 1.19804750E+00 1.19804916E+00 1.19805047E+00 1.19805153E+00 1.19805249E+00 1.19805339E+00 1.19805433E+00 1.19805534E+00 1.19805648E+00 1.19805777E+00 1.19805926E+00 1.19806097E+00 1.19806293E+00 1.19806517E+00 1.19806772E+00 1.19807060E+00 1.19807385E+00 1.19807750E+00 1.19808157E+00 1.19808609E+00 1.19809111E+00 1.19809664E+00 1.19810272E+00 1.19810936E+00 1.19811662E+00 1.19812450E+00 1.19813301E+00 1.19814216E+00 1.19815197E+00 1.19816241E+00 1.19817344E+00 1.19818501E+00 1.19819706E+00 1.19820950E+00 1.19822215E+00 1.19823490E+00 1.19824752E+00 1.19825978E+00 1.19827126E+00 1.19828164E+00 1.19829033E+00 1.19829690E+00 1.19830051E+00 1.19830058E+00 1.19829587E+00 1.19828541E+00 1.19826771E+00 1.19824163E+00 1.19820503E+00 1.19815639E+00 1.19809285E+00 1.19801234E+00 1.19791121E+00 1.19778691E+00 1.19763446E+00 1.19745059E+00 1.19722960E+00 1.19696744E+00 1.19665659E+00 1.19629221E+00 1.19586478E+00 1.19536774E+00 1.19478956E+00 1.19412304E+00 1.19335486E+00 1.19247651E+00 1.19147105E+00 1.19032855E+00 1.18903011E+00 1.18756380E+00 1.18590526E+00 1.18404078E+00 1.18194883E+00 1.17961297E+00 1.17699823E+00 1.17408848E+00 1.17085570E+00 1.16727867E+00 1.16335149E+00 1.15902987E+00 1.15473997E+00 1.15007080E+00 1.14558284E+00 1.14075527E+00 1.13618980E+00 1.13134585E+00 1.12682201E+00 1.12201880E+00 1.11749997E+00 1.11278157E+00 1.10844305E+00 1.10389918E+00 1.09969523E+00 1.09536461E+00 1.09144352E+00 1.08737874E+00 1.08363147E+00 1.07974930E+00 1.07620986E+00 1.07260573E+00 1.06937501E+00 1.06606346E+00 1.06281073E+00 1.05944442E+00 1.05597819E+00 1.05247767E+00 1.04893627E+00 1.04525205E+00 1.04142363E+00 1.03756414E+00 1.03367616E+00 1.02954768E+00 1.02512847E+00 1.02075831E+00 1.01663999E+00 1.01226681E+00 1.00671723E+00 1.00000000E+00
1.26132052E+00 1.26133847E+00 1.26135238E+00 1.26136334E+00 1.26137180E+00 1.26137852E+00 1.26138376E+00 1.26138802E+00 1.26139149E+00 1.26139447E+00 1.26139707E+00 1.26139950E+00 1.26140185E+00 1.26140423E+00 1.26140670E+00 1.26140937E+00 1.26141228E+00 1.26141550E+00 1.26141906E+00 1.26142304E+00 1.26142745E+00 1.26143237E+00 1.26143782E+00 1.26144388E+00 1.26145056E+00 1.26145791E+00 1.26146597E+00 1.26147481E+00 1.26148443E+00 1.26149486E+00 1.26150614E+00 1.26151833E+00 1.26153141E+00 1.26154537E+00 1.26156019E+00 1.26157590E+00 1.26159241E+00 1.26160961E+00 1.26162742E+00 1.26164568E+00 1.26166422E+00 1.26168274E+00 1.26170103E+00 1.26171871E+00 1.26173535E+00 1.26175028E+00 1.26176299E+00 1.26177256E+00 1.26177833E+00 1.26177902E+00 1.26177372E+00 1.26176055E+00 1.26173811E+00 1.26170428E+00 1.26165744E+00 1.26159453E+00 1.26151336E+00 1.26140984E+00 1.26128114E+00 1.26112226E+00 1.26092973E+00 1.26069662E+00 1.26041870E+00 1.26008859E+00 1.25970100E+00 1.25924597E+00 1.25871712E+00 1.25810190E+00 1.25739198E+00 1.25657268E+00 1.25563482E+00 1.25456163E+00 1.25334309E+00 1.25195855E+00 1.25039549E+00 1.24862993E+00 1.24664636E+00 1.24441429E+00 1.24192038E+00 1.23914094E+00 1.23605125E+00 1.23260417E+00 1.22878465E+00 1.22456126E+00 1.21990308E+00 1.21479935E+00 1.20920069E+00 1.20366430E+00 1.19764003E+00 1.19183953E+00 1.18560783E+00 1.17972627E+00 1.17348899E+00 1.16766508E+00 1.16146856E+00 1.15561884E+00 1.14950888E+00 1.14389275E+00 1.13799775E+00 1.13252753E+00 1.12689634E+00 1.12181029E+00 1.11653001E+00 1.11163913E+00 1.10655563E+00 1.10190882E+00 1.09717527E+00 1.09293574E+00 1.08858636E+00 1.08430210E+00 1.07985911E+00 1.07527021E+00 1.07062397E+00 1.06591833E+00 1.06102185E+00 1.05591538E+00 1.05073786E+00 1.04551097E+00 1.03999645E+00 1.03407070E+00 1.02810273E+00 1.02240162E+00 1.01640349E+00 1.00893328E+00 1.00000000E+00
1.33154528E+00 1.33157041E+00 1.33159104E+00 1.33160822E+00 1.33162240E+00 1.33163437E+00 1.33164445E+00 1.33165317E+00 1.33166076E+00 1.33166760E+00 1.33167384E+00 1.33167977E+00 1.33168548E+00 1.33169119E+00 1.33169698E+00 1.33170301E+00 1.33170935E+00 1.33171614E+00 1.33172343E+00 1.33173133E+00 1.33173989E+00 1.33174921E+00 1.33175934E+00 1.33177038E+00 1.33178237E+00 1.33179535E+00 1.33180939E+00 1.33182456E+00 1.33184084E+00 1.33185827E+00 1.33187689E+00 1.33189674E+00 1.33191777E+00 1.33193989E+00 1.33196308E+00 1.33198729E+00 1.33201237E+00 1.33203804E+00 1.33206417E+00 1.33209042E+00 1.33211650E+00 1.33214187E+00 1.33216618E+00 1.33218873E+00 1.33220885E+00 1.33222544E+00 1.33223769E+00 1.33224418E+00 1.33224390E+00 1.33223493E+00 1.33221587E+00 1.33218386E+00 1.33213697E+00 1.33207220E+00 1.33198728E+00 1.33187781E+00 1.33174073E+00 1.33157022E+00 1.33136255E+00 1.33111100E+00 1.33081087E+00 1.33045277E+00 1.33003136E+00 1.32953729E+00 1.32896371E+00 1.32829769E+00 1.32753100E+00 1.32664751E+00 1.32563702E+00 1.32448138E+00 1.32316922E+00 1.32167985E+00 1.32000192E+00 1.31811110E+00 1.31599192E+00 1.31361478E+00 1.31096048E+00 1.30799227E+00 1.30469783E+00 1.30105188E+00 1.29702050E+00 1.29254302E+00 1.28760638E+00 1.28217655E+00 1.27621315E+00 1.26970288E+00 1.26258993E+00 1.25558756E+00 1.24798655E+00 1.24067535E+00 1.23283806E+00 1.22546281E+00 1.21765486E+00 1.21037283E+00 1.20263392E+00 1.19532798E+00 1.18769514E+00 1.18068650E+00 1.17333605E+00 1.16651320E+00 1.15948699E+00 1.15314535E+00 1.14657214E+00 1.14048610E+00 1.13415963E+00 1.12836876E+00 1.12246004E+00 1.11716445E+00 1.11173502E+00 1.10638901E+00 1.10085179E+00 1.09512478E+00 1.08930525E+00 1.08340322E+00 1.07727640E+00 1.07087976E+00 1.06435941E+00 1.05776293E+00 1.05084656E+00 1.04339458E+00 1.03578237E+00 1.02845321E+00 1.02078489E+00 1.01129858E+00 1.00000000E+00
1.40539804E+00 1.40542953E+00 1.40545675E+00 1.40548043E+00 1.40550101E+00 1.40551918E+00 1.40553524E+00 1.40554973E+00 1.40556289E+00 1.40557513E+00 1.40558664E+00 1.40559776E+00 1.40560862E+00 1.40561950E+00 1.40563051E+00 1.40564188E+00 1.40565371E+00 1.40566620E+00 1.40567942E+00 1.40569353E+00 1.40570860E+00 1.40572477E+00 1.40574209E+00 1.40576071E+00 1.40578065E+00 1.40580198E+00 1.40582473E+00 1.40584898E+00 1.40587469E+00 1.40590184E+00 1.40593047E+00 1.40596058E+00 1.40599203E+00 1.40602462E+00 1.40605825E+00 1.40609275E+00 1.40612785E+00 1.40616303E+00 1.40619801E+00 1.40623221E+00 1.40626511E+00 1.40629583E+00 1.40632379E+00 1.40634782E+00 1.40636687E+00 1.40637926E+00 1.40638377E+00 1.40637824E+00 1.40636123E+00 1.40632997E+00 1.40628235E+00 1.40621427E+00 1.40612315E+00 1.40600490E+00 1.40585640E+00 1.40567163E+00 1.40544642E+00 1.40517294E+00 1.40484638E+00 1.40445809E+00 1.40400199E+00 1.40346594E+00 1.40284339E+00 1.40212286E+00 1.40129590E+00 1.40034642E+00 1.39926424E+00 1.39802954E+00 1.39663040E+00 1.39504529E+00 1.39326081E+00 1.39125244E+00 1.38900766E+00 1.38649897E+00 1.38370823E+00 1.38060059E+00 1.37715366E+00 1.37332503E+00 1.36910322E+00 1.36446208E+00 1.35936012E+00 1.35372387E+00 1.34754178E+00 1.34077827E+00 1.33338565E+00 1.32535139E+00 1.31661126E+00 1.30804533E+00 1.29878034E+00 1.28989155E+00 1.28038597E+00 1.27146682E+00 1.26204535E+00 1.25327130E+00 1.24396803E+00 1.23519824E+00 1.22603451E+00 1.21762801E+00 1.20882674E+00 1.20066359E+00 1.19224992E+00 1.18465179E+00 1.17679193E+00 1.16952980E+00 1.16198783E+00 1.15507915E+00 1.14801604E+00 1.14167694E+00 1.13518092E+00 1.12879056E+00 1.12218278E+00 1.11534414E+00 1.10837114E+00 1.10128607E+00 1.09394508E+00 1.08627719E+00 1.07842707E+00 1.07046616E+00 1.06214813E+00 1.05316075E+00 1.04387974E+00 1.03488483E+00 1.02547924E+00 1.01384728E+00 1.00000000E+00
1.12664958E+00 1.12664770E+00 1.12664802E+00 1.12665020E+00 1.12665225E+00 1.12665293E+00 1.12665259E+00 1.12665184E+00 1.12665107E+00 1.12665053E+00 1.12665009E+00 1.12664970E+00 1.12664936E+00 1.12664913E+00 1.12664902E+00 1.12664905E+00 1.12664923E+00 1.12664955E+00 1.12665002E+00 1.12665066E+00 1.12665146E+00 1.12665244E+00 1.12665362E+00 1.12665500E+00 1.12665659E+00 1.12665843E+00 1.12666051E+00 1.12666286E+00 1.12666550E+00 1.12666845E+00 1.12667173E+00 1.12667536E+00 1.12667935E+00 1.12668372E+00 1.12668848E+00 1.12669364E+00 1.12669921E+00 1.12670517E+00 1.12671151E+00 1.12671820E+00 1.12672521E+00 1.12673246E+00 1.12673988E+00 1.12674735E+00 1.12675475E+00 1.12676187E+00 1.12676852E+00 1.12677438E+00 1.12677918E+00 1.12678242E+00 1.12678375E+00 1.12678244E+00 1.12677793E+00 1.12676928E+00 1.12675573E+00 1.12673591E+00 1.12670885E+00 1.12667271E+00 1.12662615E+00 1.12656677E+00 1.12649283E+00 1.12640116E+00 1.12628949E+00 1.12615385E+00 1.12599134E+00 1.12579675E+00 1.12556662E+00 1.12529443E+00 1.12497568E+00 1.12460247E+00 1.12416936E+00 1.12366659E+00 1.12308767E+00 1.12242089E+00 1.12165862E+00 1.12078679E+00 1.11979676E+00 1.11867175E+00 1.11740094E+00 1.11596674E+00 1.11435731E+00 1.11255013E+00 1.11053212E+00 1.10828043E+00 1.10578001E+00 1.10302905E+00 1.09999251E+00 1.09697061E+00 1.09368182E+00 1.09053121E+00 1.08714424E+00 1.08394170E+00 1.08053865E+00 1.07735425E+00 1.07400034E+00 1.07088494E+00 1.06763042E+00 1.06463403E+00 1.06152343E+00 1.05867549E+00 1.05573569E+00 1.05305876E+00 1.05030929E+00 1.04781677E+00 1.04526816E+00 1.04296775E+00 1.04062218E+00 1.03850994E+00 1.03636431E+00 1.03429034E+00 1.03218836E+00 1.03005729E+00 1.02789830E+00 1.02571698E+00 1.02351351E+00 1.02128597E+00 1.01904264E+00 1.01680304E+00 1.01455380E+00 1.01226697E+00 1.01000761E+00 1.00796054E+00 1.00600027E+00 1.00341663E+00 1.00000000E+00
1.14392662E+00 1.14393373E+00 1.14393893E+00 1.14394294E+00 1.14394562E+00 1.14394725E+00 1.14394811E+00 1.14394862E+00 1.14394886E+00 1.14394899E+00 1.14394904E+00 1.14394907E+00 1.14394912E+00 1.14394924E+00 1.14394945E+00 1.14394978E+00 1.14395023E+00 1.14395083E+00 1.14395158E+00 1.14395251E+00 1.14395361E+00 1.14395492E+00 1.14395645E+00 1.14395821E+00 1.14396022E+00 1.14396250E+00 1.14396507E+00 1.14396797E+00 1.14397119E+00 1.14397478E+00 1.14397875E+00 1.14398312E+00 1.14398792E+00 1.14399316E+00 1.14399884E+00 1.14400498E+00 1.14401159E+00 1.14401863E+00 1.14402611E+00 1.14403397E+00 1.14404218E+00 1.14405064E+00 1.14405927E+00 1.14406793E+00 1.14407647E+00 1.14408465E+00 1.14409224E+00 1.14409888E+00 1.14410425E+00 1.14410778E+00 1.14410907E+00 1.14410727E+00 1.14410176E+00 1.14409144E+00 1.14407548E+00 1.14405234E+00 1.14402092E+00 1.14397915E+00 1.14392551E+00 1.14385731E+00 1.14377264E+00 1.14366788E+00 1.14354054E+00 1.14338622E+00 1.14320173E+00 1.14298132E+00 1.14272118E+00 1.14241406E+00 1.14205495E+00 1.14163508E+00 1.14114858E+00 1.14058477E+00 1.13993657E+00 1.13919091E+00 1.13833965E+00 1.13736748E+00 1.13626510E+00 1.13501378E+00 1.13360148E+00 1.13200937E+00 1.13022508E+00 1.12822326E+00 1.12598961E+00 1.12349986E+00 1.12073814E+00 1.11770222E+00 1.11435367E+00 1.11102244E+00 1.10739922E+00 1.10392834E+00 1.10019747E+00 1.09667025E+00 1.09292524E+00 1.08942385E+00 1.08573044E+00 1.08229017E+00 1.07869859E+00 1.07539461E+00 1.07195875E+00 1.06880600E+00 1.06555333E+00 1.06259497E+00 1.05954954E+00 1.05677902E+00 1.05393619E+00 1.05136196E+00 1.04873789E+00 1.04637832E+00 1.04397398E+00 1.04164023E+00 1.03925514E+00 1.03682217E+00 1.03436339E+00 1.03187940E+00 1.02933204E+00 1.02672693E+00 1.02411135E+00 1.02148990E+00 1.01875016E+00 1.01588185E+00 1.01308477E+00 1.01049717E+00 1.00780583E+00 1.00432979E+00 1.00000000E+00
1.18253923E+00 1.18255417E+00 1.18256559E+00 1.18257449E+00 1.18258124E+00 1.18258651E+00 1.18259052E+00 1.18259369E+00 1.18259616E+00 1.18259817E+00 1.18259982E+00 1.18260126E+00 1.18260255E+00 1.18260378E+00 1.18260500E+00 1.18260627E+00 1.18260762E+00 1.18260911E+00 1.18261074E+00 1.18261257E+00 1.18261461E+00 1.18261691E+00 1.18261949E+00 1.18262238E+00 1.18262560E+00 1.18262919E+00 1.18263318E+00 1.18263761E+00 1.18264248E+00 1.18264785E+00 1.18265373E+00 1.18266015E+00 1.18266713E+00 1.18267469E+00 1.18268282E+00 1.18269155E+00 1.18270085E+00 1.18271069E+00 1.18272103E+00 1.18273181E+00 1.18274295E+00 1.18275430E+00 1.18276575E+00 1.18277708E+00 1.18278808E+00 1.18279839E+00 1.18280769E+00 1.18281546E+00 1.18282129E+00 1.18282439E+00 1.18282421E+00 1.18281961E+00 1.18280973E+00 1.18279316E+00 1.18276882E+00 1.18273468E+00 1.18268932E+00 1.18263005E+00 1.18255494E+00 1.18246053E+00 1.18234443E+00 1.18220202E+00 1.18203022E+00 1.18182361E+00 1.18157827E+00 1.18128704E+00 1.18094528E+00 1.18054401E+00 1.18007713E+00 1.17953399E+00 1.17890757E+00 1.17818504E+00 1.17735805E+00 1.17641095E+00 1.17533419E+00 1.17410947E+00 1.17272560E+00 1.17116005E+00 1.16939954E+00 1.16742285E+00 1.16521418E+00 1.16274216E+00 1.15999145E+00 1.15693442E+00 1.15355047E+00 1.14983532E+00 1.14574490E+00 1.14168311E+00 1.13726317E+00 1.13302141E+00 1.12846327E+00 1.12415609E+00 1.11958127E+00 1.11530240E+00 1.11076807E+00 1.10652242E+00 1.10209295E+00 1.09801511E+00 1.09375139E+00 1.08981997E+00 1.08577189E+00 1.08210069E+00 1.07829693E+00 1.07480476E+00 1.07119619E+00 1.06791475E+00 1.06457788E+00 1.06158636E+00 1.05852290E+00 1.05552531E+00 1.05242998E+00 1.04925417E+00 1.04605652E+00 1.04282693E+00 1.03947299E+00 1.03600867E+00 1.03253639E+00 1.02905303E+00 1.02536514E+00 1.02145879E+00 1.01763270E+00 1.01403393E+00 1.01025781E+00 1.00557999E+00 1.00000000E+00
1.23469083E+00 1.23471002E+00 1.23472554E+00 1.23473826E+00 1.23474856E+00 1.23475705E+00 1.23476400E+00 1.23476982E+00 1.23477468E+00 1.23477888E+00 1.23478253E+00 1.23478582E+00 1.23478884E+00 1.23479173E+00 1.23479455E+00 1.23479741E+00 1.23480034E+00 1.23480345E+00 1.23480675E+00 1.23481033E+00 1.23481422E+00 1.23481848E+00 1.23482315E+00 1.23482829E+00 1.23483392E+00 1.23484011E+00 1.23484688E+00 1.23485428E+00 1.23486235E+00 1.23487111E+00 1.23488061E+00 1.23489087E+00 1.23490190E+00 1.23491370E+00 1.23492626E+00 1.23493958E+00 1.23495361E+00 1.23496826E+00 1.23498346E+00 1.23499908E+00 1.23501496E+00 1.23503086E+00 1.23504659E+00 1.23506177E+00 1.23507605E+00 1.23508886E+00 1.23509972E+00 1.23510783E+00 1.23511255E+00 1.23511274E+00 1.23510755E+00 1.23509529E+00 1.23507476E+00 1.23504399E+00 1.23500144E+00 1.23494426E+00 1.23487046E+00 1.23477627E+00 1.23465910E+00 1.23451429E+00 1.23433862E+00 1.23412584E+00 1.23387201E+00 1.23357012E+00 1.23321507E+00 1.23279747E+00 1.23231139E+00 1.23174520E+00 1.23109127E+00 1.23033625E+00 1.22947130E+00 1.22848040E+00 1.22735372E+00 1.22607219E+00 1.22462386E+00 1.22298590E+00 1.22114434E+00 1.21907159E+00 1.21675406E+00 1.21416755E+00 1.21128914E+00 1.20807851E+00 1.20452095E+00 1.20058417E+00 1.19623966E+00 1.19148189E+00 1.18626027E+00 1.18109303E+00 1.17547293E+00 1.17007733E+00 1.16429153E+00 1.15883607E+00 1.15304434E+00 1.14763299E+00 1.14189152E+00 1.13650156E+00 1.13088306E+00 1.12571531E+00 1.12030141E+00 1.11529848E+00 1.11016121E+00 1.10552076E+00 1.10070271E+00 1.09625613E+00 1.09164674E+00 1.08744739E+00 1.08318507E+00 1.07937520E+00 1.07547150E+00 1.07163960E+00 1.06767003E+00 1.06358535E+00 1.05947498E+00 1.05532855E+00 1.05101400E+00 1.04653836E+00 1.04204430E+00 1.03753666E+00 1.03277772E+00 1.02772061E+00 1.02271775E+00 1.01796498E+00 1.01301308E+00 1.00701949E+00 1.00000000E+00
1.29477457E+00 1.29479823E+00 1.29481796E+00 1.29483460E+00 1.29484853E+00 1.29486040E+00 1.29487048E+00 1.29487922E+00 1.29488684E+00 1.29489365E+00 1.29489979E+00 1.29490552E+00 1.29491094E+00 1.29491622E+00 1.29492146E+00 1.29492679E+00 1.29493229E+00 1.29493808E+00 1.29494420E+00 1.29495076E+00 1.29495781E+00 1.29496545E+00 1.29497371E+00 1.29498269E+00 1.29499242E+00 1.29500297E+00 1.29501437E+00 1.29502669E+00 1.29503995E+00 1.29505418E+00 1.29506940E+00 1.29508566E+00 1.29510291E+00 1.29512111E+00 1.29514023E+00 1.29516020E+00 1.29518093E+00 1.29520219E+00 1.29522386E+00 1.29524565E+00 1.29526732E+00 1.29528840E+00 1.29530856E+00 1.29532715E+00 1.29534361E+00 1.29535699E+00 1.29536657E+00 1.29537105E+00 1.29536950E+00 1.29536016E+00 1.29534175E+00 1.29531174E+00 1.29526843E+00 1.29520905E+00 1.29513138E+00 1.29503130E+00 1.29490606E+00 1.29475036E+00 1.29456071E+00 1.29433085E+00 1.29405642E+00 1.29372902E+00 1.29334360E+00 1.29289117E+00 1.29236509E+00 1.29175312E+00 1.29104767E+00 1.29023389E+00 1.28930244E+00 1.28823678E+00 1.28702594E+00 1.28565013E+00 1.28409803E+00 1.28234699E+00 1.28038208E+00 1.27817527E+00 1.27570962E+00 1.27295226E+00 1.26989000E+00 1.26649614E+00 1.26273903E+00 1.25856828E+00 1.25397153E+00 1.24891285E+00 1.24335540E+00 1.23729536E+00 1.23067524E+00 1.22415600E+00 1.21708429E+00 1.21030715E+00 1.20306364E+00 1.19625789E+00 1.18904729E+00 1.18232385E+00 1.17520122E+00 1.16851559E+00 1.16155275E+00 1.15516000E+00 1.14846791E+00 1.14228167E+00 1.13593876E+00 1.13022600E+00 1.12430348E+00 1.11883156E+00 1.11315574E+00 1.10797863E+00 1.10272324E+00 1.09803189E+00 1.09323079E+00 1.08851687E+00 1.08363573E+00 1.07860473E+00 1.07353261E+00 1.06841740E+00 1.06310464E+00 1.05758379E+00 1.05201971E+00 1.04643388E+00 1.04057064E+00 1.03433255E+00 1.02809548E+00 1.02213040E+00 1.01596493E+00 1.00858564E+00 1.00000000E+00
1.35918343E+00 1.35921312E+00 1.35923865E+00 1.35926076E+00 1.35927988E+00 1.35929667E+00 1.35931141E+00 1.35932461E+00 1.35933649E+00 1.35934743E+00 1.35935761E+00 1.35936732E+00 1.35937670E+00 1.35938598E+00 1.35939526E+00 1.35940475E+00 1.35941453E+00 1.35942476E+00 1.35943553E+00 1.35944696E+00 1.35945912E+00 1.35947213E+00 1.35948604E+00 1.35950097E+00 1.35951695E+00 1.35953405E+00 1.35955230E+00 1.35957177E+00 1.35959244E+00 1.35961433E+00 1.35963744E+00 1.35966175E+00 1.35968718E+00 1.35971359E+00 1.35974086E+00 1.35976884E+00 1.35979729E+00 1.35982583E+00 1.35985419E+00 1.35988184E+00 1.35990836E+00 1.35993297E+00 1.35995511E+00 1.35997369E+00 1.35998783E+00 1.35999606E+00 1.35999727E+00 1.35998949E+00 1.35997135E+00 1.35994026E+00 1.35989433E+00 1.35982989E+00 1.35974463E+00 1.35963472E+00 1.35949706E+00 1.35932594E+00 1.35911762E+00 1.35886492E+00 1.35856334E+00 1.35820470E+00 1.35778333E+00 1.35728834E+00 1.35671343E+00 1.35604746E+00 1.35528208E+00 1.35440194E+00 1.35339767E+00 1.35225104E+00 1.35095104E+00 1.34947801E+00 1.34781883E+00 1.34594990E+00 1.34385868E+00 1.34151929E+00 1.33891394E+00 1.33600953E+00 1.33278662E+00 1.32920752E+00 1.32525996E+00 1.32091582E+00 1.31613529E+00 1.31085810E+00 1.30507495E+00 1.29874810E+00 1.29183354E+00 1.28433152E+00 1.27617709E+00 1.26818829E+00 1.25955541E+00 1.25130499E+00 1.24251500E+00 1.23428649E+00 1.22559197E+00 1.21750138E+00 1.20895062E+00 1.20093551E+00 1.19259394E+00 1.18494872E+00 1.17695929E+00 1.16957688E+00 1.16200930E+00 1.15520279E+00 1.14816439E+00 1.14166821E+00 1.13493364E+00 1.12878525E+00 1.12253557E+00 1.11695603E+00 1.11125300E+00 1.10565768E+00 1.09987350E+00 1.09390595E+00 1.08787224E+00 1.08178302E+00 1.07547468E+00 1.06891419E+00 1.06227442E+00 1.05559651E+00 1.04862308E+00 1.04119614E+00 1.03369655E+00 1.02648549E+00 1.01907563E+00 1.01024956E+00 1.00000000E+00
1.12790415E+00 1.12790364E+00 1.12790618E+00 1.12790960E+00 1.12791200E+00 1.12791254E+00 1.12791209E+00 1.12791151E+00 1.12791104E+00 1.12791075E+00 1.12791048E+00 1.12791021E+00 1.12790997E+00 1.12790984E+00 1.12790983E+00 1.12790995E+00 1.12791020E+00 1.12791059E+00 1.12791113E+00 1.12791182E+00 1.12791267E+00 1.12791371E+00 1.12791492E+00 1.12791635E+00 1.12791798E+00 1.12791985E+00 1.12792197E+00 1.12792436E+00 1.12792704E+00 1.12793002E+00 1.12793334E+00 1.12793700E+00 1.12794102E+00 1.12794542E+00 1.12795021E+00 1.12795540E+00 1.12796099E+00 1.12796697E+00 1.12797332E+00 1.12798002E+00 1.12798702E+00 1.12799424E+00 1.12800163E+00 1.12800905E+00 1.12801637E+00 1.12802339E+00 1.12802991E+00 1.12803560E+00 1.12804019E+00 1.12804319E+00 1.12804421E+00 1.12804252E+00 1.12803757E+00 1.12802841E+00 1.12801425E+00 1.12799372E+00 1.12796582E+00 1.12792873E+00 1.12788107E+00 1.12782044E+00 1.12774508E+00 1.12765180E+00 1.12753833E+00 1.12740067E+00 1.12723590E+00 1.12703881E+00 1.12680589E+00 1.12653061E+00 1.12620849E+00 1.12583160E+00 1.12539451E+00 1.12488744E+00 1.12430383E+00 1.12363209E+00 1.12286451E+00 1.12198706E+00 1.12099103E+00 1.11985971E+00 1.11858243E+00 1.11714159E+00 1.11552514E+00 1.11371083E+00 1.11168570E+00 1.10942692E+00 1.10691928E+00 1.10416117E+00 1.10111722E+00 1.09808918E+00 1.09479391E+00 1.09163735E+00 1.08824439E+00 1.08503695E+00 1.08162845E+00 1.07843793E+00 1.07507675E+00 1.07195562E+00 1.06869500E+00 1.06569162E+00 1.06257276E+00 1.05971637E+00 1.05676662E+00 1.05407981E+00 1.05131889E+00 1.04881480E+00 1.04625260E+00 1.04393823E+00 1.04157707E+00 1.03944970E+00 1.03728706E+00 1.03519435E+00 1.03307102E+00 1.03091640E+00 1.02873109E+00 1.02651899E+00 1.02428064E+00 1.02201503E+00 1.01972681E+00 1.01742974E+00 1.01511719E+00 1.01276826E+00 1.01042261E+00 1.00822815E+00 1.00612057E+00 1.00345969E+00 1.00000000E+00
1.13851130E+00 1.13852196E+00 1.13852958E+00 1.13853482E+00 1.13853818E+00 1.13854042E+00 1.13854184E+00 1.13854281E+00 1.13854339E+00 1.13854376E+00 1.13854396E+00 1.13854411E+00 1.13854424E+00 1.13854442E+00 1.13854467E+00 1.13854500E+00 1.13854545E+00 1.13854602E+00 1.13854673E+00 1.13854761E+00 1.13854865E+00 1.13854988E+00 1.13855132E+00 1.13855297E+00 1.13855486E+00 1.13855701E+00 1.13855943E+00 1.13856215E+00 1.13856519E+00 1.13856858E+00 1.13857232E+00 1.13857644E+00 1.13858097E+00 1.13858591E+00 1.13859127E+00 1.13859707E+00 1.13860331E+00 1.13860996E+00 1.13861702E+00 1.13862445E+00 1.13863220E+00 1.13864018E+00 1.13864832E+00 1.13865648E+00 1.13866451E+00 1.13867218E+00 1.13867927E+00 1.13868544E+00 1.13869037E+00 1.13869352E+00 1.13869448E+00 1.13869245E+00 1.13868681E+00 1.13867653E+00 1.13866079E+00 1.13863808E+00 1.13860734E+00 1.13856656E+00 1.13851429E+00 1.13844792E+00 1.13836556E+00 1.13826377E+00 1.13814012E+00 1.13799033E+00 1.13781128E+00 1.13759740E+00 1.13734496E+00 1.13704696E+00 1.13669858E+00 1.13629137E+00 1.13581958E+00 1.13527283E+00 1.13464415E+00 1.13392111E+00 1.13309570E+00 1.13215298E+00 1.13108384E+00 1.12987037E+00 1.12850112E+00 1.12695769E+00 1.12522762E+00 1.12328696E+00 1.12112206E+00 1.11870917E+00 1.11603239E+00 1.11308988E+00 1.10984416E+00 1.10661647E+00 1.10310559E+00 1.09974295E+00 1.09612922E+00 1.09271400E+00 1.08908645E+00 1.08569237E+00 1.08211373E+00 1.07878643E+00 1.07531264E+00 1.07211425E+00 1.06878954E+00 1.06574146E+00 1.06259544E+00 1.05973203E+00 1.05678530E+00 1.05410790E+00 1.05136280E+00 1.04887921E+00 1.04634696E+00 1.04406788E+00 1.04174633E+00 1.03949557E+00 1.03719965E+00 1.03486217E+00 1.03249749E+00 1.03010555E+00 1.02766077E+00 1.02517024E+00 1.02266374E+00 1.02014629E+00 1.01754207E+00 1.01484642E+00 1.01219047E+00 1.00968826E+00 1.00714812E+00 1.00396500E+00 1.00000000E+00
1.16358852E+00 1.16360270E+00 1.16361374E+00 1.16362248E+00 1.16362925E+00 1.16363464E+00 1.16363883E+00 1.16364218E+00 1.16364484E+00 1.16364702E+00 1.16364881E+00 1.16365036E+00 1.16365171E+00 1.16365297E+00 1.16365417E+00 1.16365537E+00 1.16365661E+00 1.16365793E+00 1.16365936E+00 1.16366092E+00 1.16366266E+00 1.16366459E+00 1.16366675E+00 1.16366916E+00 1.16367185E+00 1.16367486E+00 1.16367819E+00 1.16368189E+00 1.16368598E+00 1.16369049E+00 1.16369544E+00 1.16370086E+00 1.16370676E+00 1.16371317E+00 1.16372009E+00 1.16372752E+00 1.16373546E+00 1.16374389E+00 1.16375277E+00 1.16376204E+00 1.16377165E+00 1.16378148E+00 1.16379141E+00 1.16380126E+00 1.16381085E+00 1.16381985E+00 1.16382801E+00 1.16383486E+00 1.16384002E+00 1.16384281E+00 1.16384271E+00 1.16383873E+00 1.16383010E+00 1.16381556E+00 1.16379412E+00 1.16376393E+00 1.16372372E+00 1.16367105E+00 1.16360418E+00 1.16351997E+00 1.16341623E+00 1.16328879E+00 1.16313485E+00 1.16294938E+00 1.16272876E+00 1.16246641E+00 1.16215803E+00 1.16179544E+00 1.16137307E+00 1.16088118E+00 1.16031320E+00 1.15965719E+00 1.15890531E+00 1.15804335E+00 1.15706225E+00 1.15594499E+00 1.15468116E+00 1.15325034E+00 1.15164017E+00 1.14983041E+00 1.14780610E+00 1.14553953E+00 1.14301630E+00 1.14020989E+00 1.13710117E+00 1.13368757E+00 1.12992732E+00 1.12619295E+00 1.12212984E+00 1.11823515E+00 1.11405216E+00 1.11010102E+00 1.10590272E+00 1.10197530E+00 1.09782217E+00 1.09394809E+00 1.08990842E+00 1.08618795E+00 1.08230597E+00 1.07873727E+00 1.07506306E+00 1.07172711E+00 1.06827576E+00 1.06512175E+00 1.06187283E+00 1.05892682E+00 1.05593376E+00 1.05324832E+00 1.05050164E+00 1.04782558E+00 1.04507248E+00 1.04225923E+00 1.03943054E+00 1.03657570E+00 1.03362348E+00 1.03059399E+00 1.02756376E+00 1.02452831E+00 1.02133887E+00 1.01800240E+00 1.01474220E+00 1.01166164E+00 1.00849083E+00 1.00462677E+00 1.00000000E+00
1.19910319E+00 1.19912200E+00 1.19913762E+00 1.19915073E+00 1.19916162E+00 1.19917080E+00 1.19917848E+00 1.19918501E+00 1.19919054E+00 1.19919532E+00 1.19919946E+00 1.19920313E+00 1.19920642E+00 1.19920946E+00 1.19921230E+00 1.19921505E+00 1.19921775E+00 1.19922048E+00 1.19922329E+00 1.19922624E+00 1.19922937E+00 1.19923273E+00 1.19923635E+00 1.19924031E+00 1.19924461E+00 1.19924932E+00 1.19925446E+00 1.19926009E+00 1.19926622E+00 1.19927290E+00 1.19928016E+00 1.19928802E+00 1.19929650E+00 1.19930561E+00 1.19931535E+00 1.19932572E+00 1.19933669E+00 1.19934820E+00 1.19936020E+00 1.19937259E+00 1.19938527E+00 1.19939804E+00 1.19941074E+00 1.19942308E+00 1.19943478E+00 1.19944538E+00 1.19945451E+00 1.19946150E+00 1.19946583E+00 1.19946653E+00 1.19946291E+00 1.19945357E+00 1.19943751E+00 1.19941308E+00 1.19937891E+00 1.19933257E+00 1.19927237E+00 1.19919512E+00 1.19909857E+00 1.19897872E+00 1.19883274E+00 1.19865532E+00 1.19844298E+00 1.19818950E+00 1.19789032E+00 1.19753721E+00 1.19712491E+00 1.19664329E+00 1.19608566E+00 1.19544026E+00 1.19469908E+00 1.19384780E+00 1.19287736E+00 1.19177098E+00 1.19051767E+00 1.18909703E+00 1.18749666E+00 1.18569252E+00 1.18367200E+00 1.18141220E+00 1.17889243E+00 1.17607948E+00 1.17295968E+00 1.16950253E+00 1.16568304E+00 1.16149992E+00 1.15690636E+00 1.15235895E+00 1.14741395E+00 1.14267650E+00 1.13760255E+00 1.13282093E+00 1.12774221E+00 1.12300025E+00 1.11798356E+00 1.11329471E+00 1.10841539E+00 1.10392802E+00 1.09923760E+00 1.09492009E+00 1.09049500E+00 1.08649581E+00 1.08234462E+00 1.07853261E+00 1.07459591E+00 1.07102427E+00 1.06741152E+00 1.06418415E+00 1.06087924E+00 1.05764949E+00 1.05431208E+00 1.05089495E+00 1.04747466E+00 1.04403418E+00 1.04046027E+00 1.03677808E+00 1.03310834E+00 1.02944477E+00 1.02558366E+00 1.02152906E+00 1.01757380E+00 1.01382872E+00 1.00997287E+00 1.00537433E+00 1.00000000E+00
1.24195853E+00 1.24198147E+00 1.24200119E+00 1.24201824E+00 1.24203292E+00 1.24204569E+00 1.24205676E+00 1.24206647E+00 1.24207500E+00 1.24208260E+00 1.24208939E+00 1.24209559E+00 1.24210128E+00 1.24210663E+00 1.24211172E+00 1.24211667E+00 1.24212156E+00 1.24212648E+00 1.24213150E+00 1.24213670E+00 1.24214214E+00 1.24214791E+00 1.24215404E+00 1.24216061E+00 1.24216766E+00 1.24217526E+00 1.24218345E+00 1.24219229E+00 1.24220179E+00 1.24221202E+00 1.24222298E+00 1.24223471E+00 1.24224721E+00 1.24226046E+00 1.24227445E+00 1.24228913E+00 1.24230444E+00 1.24232026E+00 1.24233648E+00 1.24235290E+00 1.24236935E+00 1.24238548E+00 1.24240105E+00 1.24241553E+00 1.24242853E+00 1.24243932E+00 1.24244732E+00 1.24245153E+00 1.24245118E+00 1.24244486E+00 1.24243154E+00 1.24240920E+00 1.24237648E+00 1.24233109E+00 1.24227111E+00 1.24219315E+00 1.24209492E+00 1.24197206E+00 1.24182165E+00 1.24163840E+00 1.24141858E+00 1.24115525E+00 1.24084401E+00 1.24047700E+00 1.24004838E+00 1.23954763E+00 1.23896817E+00 1.23829736E+00 1.23752716E+00 1.23664324E+00 1.23563574E+00 1.23448735E+00 1.23318777E+00 1.23171730E+00 1.23006232E+00 1.22819842E+00 1.22611090E+00 1.22377196E+00 1.22116977E+00 1.21827890E+00 1.21507067E+00 1.21150584E+00 1.20757397E+00 1.20324129E+00 1.19847585E+00 1.19328103E+00 1.18760552E+00 1.18201555E+00 1.17595161E+00 1.17015529E+00 1.16397421E+00 1.15817244E+00 1.15202124E+00 1.14629426E+00 1.14024682E+00 1.13459443E+00 1.12872465E+00 1.12333855E+00 1.11771077E+00 1.11252938E+00 1.10723967E+00 1.10248140E+00 1.09754163E+00 1.09299334E+00 1.08829164E+00 1.08402465E+00 1.07971999E+00 1.07588809E+00 1.07196762E+00 1.06813196E+00 1.06416343E+00 1.06009484E+00 1.05602935E+00 1.05194969E+00 1.04771071E+00 1.04333483E+00 1.03897713E+00 1.03463567E+00 1.03006967E+00 1.02527009E+00 1.02057838E+00 1.01612509E+00 1.01155467E+00 1.00618561E+00 1.00000000E+00
1.28967313E+00 1.28970039E+00 1.28972428E+00 1.28974533E+00 1.28976383E+00 1.28978024E+00 1.28979478E+00 1.28980781E+00 1.28981952E+00 1.28983019E+00 1.28983996E+00 1.28984907E+00 1.28985763E+00 1.28986583E+00 1.28987377E+00 1.28988161E+00 1.28988942E+00 1.28989735E+00 1.28990547E+00 1.28991389E+00 1.28992268E+00 1.28993193E+00 1.28994172E+00 1.28995212E+00 1.28996318E+00 1.28997498E+00 1.28998756E+00 1.29000097E+00 1.29001523E+00 1.29003037E+00 1.29004640E+00 1.29006332E+00 1.29008109E+00 1.29009964E+00 1.29011890E+00 1.29013875E+00 1.29015906E+00 1.29017957E+00 1.29020008E+00 1.29022021E+00 1.29023967E+00 1.29025787E+00 1.29027438E+00 1.29028835E+00 1.29029916E+00 1.29030569E+00 1.29030704E+00 1.29030168E+00 1.29028852E+00 1.29026546E+00 1.29023099E+00 1.29018221E+00 1.29011729E+00 1.29003305E+00 1.28992681E+00 1.28979386E+00 1.28963114E+00 1.28943277E+00 1.28919501E+00 1.28891098E+00 1.28857578E+00 1.28818051E+00 1.28771970E+00 1.28718358E+00 1.28656477E+00 1.28585009E+00 1.28503151E+00 1.28409359E+00 1.28302695E+00 1.28181461E+00 1.28044461E+00 1.27889663E+00 1.27715934E+00 1.27521038E+00 1.27303328E+00 1.27059955E+00 1.26789254E+00 1.26488121E+00 1.26155558E+00 1.25788868E+00 1.25384276E+00 1.24937247E+00 1.24447283E+00 1.23910856E+00 1.23324040E+00 1.22687875E+00 1.21996839E+00 1.21320108E+00 1.20588601E+00 1.19891391E+00 1.19151155E+00 1.18459400E+00 1.17727881E+00 1.17048664E+00 1.16333335E+00 1.15665472E+00 1.14973093E+00 1.14339163E+00 1.13677693E+00 1.13068848E+00 1.12448805E+00 1.11893076E+00 1.11317173E+00 1.10786433E+00 1.10237694E+00 1.09739434E+00 1.09237205E+00 1.08791111E+00 1.08335450E+00 1.07889632E+00 1.07428556E+00 1.06955396E+00 1.06482446E+00 1.06008454E+00 1.05516717E+00 1.05008625E+00 1.04502119E+00 1.03997875E+00 1.03469587E+00 1.02914289E+00 1.02369219E+00 1.01850456E+00 1.01320490E+00 1.00704329E+00 1.00000000E+00
1.12929005E+00 1.12929044E+00 1.12929436E+00 1.12929891E+00 1.12930201E+00 1.12930289E+00 1.12930264E+00 1.12930232E+00 1.12930211E+00 1.12930203E+00 1.12930193E+00 1.12930178E+00 1.12930165E+00 1.12930161E+00 1.12930168E+00 1.12930186E+00 1.12930217E+00 1.12930261E+00 1.12930320E+00 1.12930393E+00 1.12930483E+00 1.12930590E+00 1.12930715E+00 1.12930861E+00 1.12931028E+00 1.12931219E+00 1.12931434E+00 1.12931677E+00 1.12931948E+00 1.12932250E+00 1.12932585E+00 1.12932955E+00 1.12933360E+00 1.12933804E+00 1.12934286E+00 1.12934808E+00 1.12935369E+00 1.12935968E+00 1.12936605E+00 1.12937274E+00 1.12937973E+00 1.12938694E+00 1.12939429E+00 1.12940165E+00 1.12940889E+00 1.12941579E+00 1.12942217E+00 1.12942768E+00 1.12943205E+00 1.12943476E+00 1.12943545E+00 1.12943335E+00 1.12942792E+00 1.12941819E+00 1.12940336E+00 1.12938205E+00 1.12935326E+00 1.12931512E+00 1.12926627E+00 1.12920428E+00 1.12912737E+00 1.12903234E+00 1.12891692E+00 1.12877707E+00 1.12860984E+00 1.12841002E+00 1.12817407E+00 1.12789545E+00 1.12756967E+00 1.12718881E+00 1.12674739E+00 1.12623565E+00 1.12564699E+00 1.12496987E+00 1.12419654E+00 1.12331300E+00 1.12231046E+00 1.12117231E+00 1.11988802E+00 1.11844000E+00 1.11681593E+00 1.11499388E+00 1.11296103E+00 1.11069445E+00 1.10817882E+00 1.10541284E+00 1.10236076E+00 1.09932585E+00 1.09602320E+00 1.09285999E+00 1.08946027E+00 1.08624690E+00 1.08283176E+00 1.07963439E+00 1.07626511E+00 1.07313719E+00 1.06986910E+00 1.06685734E+00 1.06372874E+00 1.06086250E+00 1.05790126E+00 1.05520300E+00 1.05242872E+00 1.04991119E+00 1.04733332E+00 1.04500297E+00 1.04262407E+00 1.04047928E+00 1.03829701E+00 1.03618298E+00 1.03403541E+00 1.03185381E+00 1.02963842E+00 1.02739144E+00 1.02511325E+00 1.02280336E+00 1.02046349E+00 1.01810179E+00 1.01571637E+00 1.01329381E+00 1.01084830E+00 1.00848828E+00 1.00623493E+00 1.00351186E+00 1.00000000E+00
1.13287207E+00 1.13288005E+00 1.13288818E+00 1.13289427E+00 1.13289793E+00 1.13289968E+00 1.13290046E+00 1.13290109E+00 1.13290155E+00 1.13290188E+00 1.13290205E+00 1.13290212E+00 1.13290218E+00 1.13290231E+00 1.13290251E+00 1.13290280E+00 1.13290319E+00 1.13290371E+00 1.13290437E+00 1.13290517E+00 1.13290614E+00 1.13290728E+00 1.13290861E+00 1.13291015E+00 1.13291191E+00 1.13291391E+00 1.13291617E+00 1.13291871E+00 1.13292155E+00 1.13292471E+00 1.13292820E+00 1.13293206E+00 1.13293629E+00 1.13294091E+00 1.13294593E+00 1.13295136E+00 1.13295719E+00 1.13296342E+00 1.13297003E+00 1.13297698E+00 1.13298422E+00 1.13299169E+00 1.13299930E+00 1.13300691E+00 1.13301439E+00 1.13302151E+00 1.13302808E+00 1.13303375E+00 1.13303822E+00 1.13304098E+00 1.13304163E+00 1.13303939E+00 1.13303370E+00 1.13302355E+00 1.13300814E+00 1.13298604E+00 1.13295620E+00 1.13291672E+00 1.13286620E+00 1.13280212E+00 1.13272268E+00 1.13262457E+00 1.13250546E+00 1.13236122E+00 1.13218884E+00 1.13198296E+00 1.13173995E+00 1.13145312E+00 1.13111786E+00 1.13072605E+00 1.13027210E+00 1.12974604E+00 1.12914110E+00 1.12844547E+00 1.12765128E+00 1.12674419E+00 1.12571526E+00 1.12454749E+00 1.12323007E+00 1.12174512E+00 1.12008016E+00 1.11821270E+00 1.11612968E+00 1.11380786E+00 1.11123162E+00 1.10839965E+00 1.10527545E+00 1.10216936E+00 1.09878997E+00 1.09555360E+00 1.09207571E+00 1.08878900E+00 1.08529662E+00 1.08202755E+00 1.07858192E+00 1.07538217E+00 1.07204015E+00 1.06896079E+00 1.06576106E+00 1.06282903E+00 1.05980074E+00 1.05704234E+00 1.05420482E+00 1.05162883E+00 1.04898944E+00 1.04660255E+00 1.04416696E+00 1.04197211E+00 1.03973730E+00 1.03757167E+00 1.03536745E+00 1.03312613E+00 1.03085305E+00 1.02854880E+00 1.02620364E+00 1.02382098E+00 1.02141153E+00 1.01898074E+00 1.01649969E+00 1.01396272E+00 1.01141858E+00 1.00896142E+00 1.00656386E+00 1.00366792E+00 1.00000000E+00
1.14181449E+00 1.14182839E+00 1.14183931E+00 1.14184798E+00 1.14185473E+00 1.14186013E+00 1.14186437E+00 1.14186778E+00 1.14187047E+00 1.14187267E+00 1.14187446E+00 1.14187598E+00 1.14187728E+00 1.14187844E+00 1.14187952E+00 1.14188057E+00 1.14188161E+00 1.14188269E+00 1.14188384E+00 1.14188509E+00 1.14188645E+00 1.14188797E+00 1.14188965E+00 1.14189153E+00 1.14189363E+00 1.14189597E+00 1.14189859E+00 1.14190149E+00 1.14190471E+00 1.14190828E+00 1.14191220E+00 1.14191651E+00 1.14192123E+00 1.14192636E+00 1.14193192E+00 1.14193791E+00 1.14194434E+00 1.14195118E+00 1.14195842E+00 1.14196601E+00 1.14197390E+00 1.14198200E+00 1.14199023E+00 1.14199842E+00 1.14200644E+00 1.14201401E+00 1.14202093E+00 1.14202680E+00 1.14203132E+00 1.14203389E+00 1.14203410E+00 1.14203109E+00 1.14202423E+00 1.14201245E+00 1.14199486E+00 1.14196990E+00 1.14193647E+00 1.14189247E+00 1.14183639E+00 1.14176555E+00 1.14167798E+00 1.14157013E+00 1.14143953E+00 1.14128172E+00 1.14109351E+00 1.14086915E+00 1.14060481E+00 1.14029332E+00 1.13992979E+00 1.13950561E+00 1.13901487E+00 1.13844697E+00 1.13779482E+00 1.13704592E+00 1.13619198E+00 1.13521784E+00 1.13411410E+00 1.13286279E+00 1.13145279E+00 1.12986545E+00 1.12808726E+00 1.12609444E+00 1.12387369E+00 1.12140062E+00 1.11865840E+00 1.11564575E+00 1.11232452E+00 1.10902480E+00 1.10543465E+00 1.10199619E+00 1.09830304E+00 1.09481434E+00 1.09110698E+00 1.08763816E+00 1.08397830E+00 1.08057565E+00 1.07702525E+00 1.07375429E+00 1.07035037E+00 1.06722883E+00 1.06401000E+00 1.06108188E+00 1.05806201E+00 1.05531536E+00 1.05249619E+00 1.04994523E+00 1.04734847E+00 1.04501223E+00 1.04262841E+00 1.04031518E+00 1.03795095E+00 1.03554378E+00 1.03311293E+00 1.03065328E+00 1.02813373E+00 1.02556606E+00 1.02298231E+00 1.02038251E+00 1.01770224E+00 1.01494682E+00 1.01221084E+00 1.00957513E+00 1.00697381E+00 1.00386039E+00 1.00000000E+00
1.15518005E+00 1.15519801E+00 1.15521312E+00 1.15522592E+00 1.15523667E+00 1.15524579E+00 1.15525347E+00 1.15526000E+00 1.15526553E+00 1.15527028E+00 1.15527434E+00 1.15527789E+00 1.15528098E+00 1.15528374E+00 1.15528623E+00 1.15528854E+00 1.15529071E+00 1.15529282E+00 1.15529489E+00 1.15529699E+00 1.15529915E+00 1.15530142E+00 1.15530383E+00 1.15530642E+00 1.15530921E+00 1.15531226E+00 1.15531559E+00 1.15531922E+00 1.15532320E+00 1.15532755E+00 1.15533229E+00 1.15533746E+00 1.15534307E+00 1.15534913E+00 1.15535565E+00 1.15536265E+00 1.15537010E+00 1.15537799E+00 1.15538628E+00 1.15539491E+00 1.15540382E+00 1.15541289E+00 1.15542202E+00 1.15543099E+00 1.15543965E+00 1.15544766E+00 1.15545477E+00 1.15546051E+00 1.15546450E+00 1.15546607E+00 1.15546470E+00 1.15545939E+00 1.15544941E+00 1.15543352E+00 1.15541069E+00 1.15537912E+00 1.15533753E+00 1.15528353E+00 1.15521541E+00 1.15513009E+00 1.15502539E+00 1.15489726E+00 1.15474295E+00 1.15455751E+00 1.15433732E+00 1.15407598E+00 1.15376920E+00 1.15340906E+00 1.15299019E+00 1.15250313E+00 1.15194131E+00 1.15129320E+00 1.15055115E+00 1.14970160E+00 1.14873536E+00 1.14763597E+00 1.14639314E+00 1.14498749E+00 1.14340795E+00 1.14163463E+00 1.13965136E+00 1.13743265E+00 1.13496578E+00 1.13222464E+00 1.12918996E+00 1.12586194E+00 1.12220062E+00 1.11857040E+00 1.11462215E+00 1.11084370E+00 1.10679431E+00 1.10297534E+00 1.09891747E+00 1.09512734E+00 1.09112907E+00 1.08740772E+00 1.08353265E+00 1.07996686E+00 1.07625195E+00 1.07284391E+00 1.06934284E+00 1.06616774E+00 1.06288319E+00 1.05988909E+00 1.05681271E+00 1.05402993E+00 1.05120896E+00 1.04867865E+00 1.04609243E+00 1.04357976E+00 1.04100278E+00 1.03837738E+00 1.03574043E+00 1.03308034E+00 1.03034190E+00 1.02754470E+00 1.02474571E+00 1.02193999E+00 1.01902883E+00 1.01602602E+00 1.01307082E+00 1.01023351E+00 1.00741440E+00 1.00407123E+00 1.00000000E+00
1.17229718E+00 1.17231817E+00 1.17233644E+00 1.17235242E+00 1.17236633E+00 1.17237852E+00 1.17238915E+00 1.17239849E+00 1.17240667E+00 1.17241391E+00 1.17242030E+00 1.17242602E+00 1.17243113E+00 1.17243579E+00 1.17244003E+00 1.17244399E+00 1.17244770E+00 1.17245126E+00 1.17245471E+00 1.17245813E+00 1.17246155E+00 1.17246505E+00 1.17246866E+00 1.17247244E+00 1.17247641E+00 1.17248064E+00 1.17248516E+00 1.17249001E+00 1.17249521E+00 1.17250081E+00 1.17250683E+00 1.17251330E+00 1.17252023E+00 1.17252763E+00 1.17253550E+00 1.17254383E+00 1.17255259E+00 1.17256174E+00 1.17257123E+00 1.17258096E+00 1.17259082E+00 1.17260065E+00 1.17261029E+00 1.17261945E+00 1.17262791E+00 1.17263524E+00 1.17264108E+00 1.17264483E+00 1.17264601E+00 1.17264374E+00 1.17263735E+00 1.17262560E+00 1.17260761E+00 1.17258184E+00 1.17254701E+00 1.17250090E+00 1.17244196E+00 1.17236731E+00 1.17227494E+00 1.17216122E+00 1.17202351E+00 1.17185711E+00 1.17165883E+00 1.17142296E+00 1.17114527E+00 1.17081835E+00 1.17043732E+00 1.16999313E+00 1.16947985E+00 1.16888686E+00 1.16820663E+00 1.16742642E+00 1.16653803E+00 1.16552663E+00 1.16438161E+00 1.16308495E+00 1.16162525E+00 1.15998167E+00 1.15814411E+00 1.15609130E+00 1.15380246E+00 1.15125055E+00 1.14842548E+00 1.14529952E+00 1.14184975E+00 1.13808011E+00 1.13394974E+00 1.12987016E+00 1.12543897E+00 1.12120626E+00 1.11668829E+00 1.11244069E+00 1.10793037E+00 1.10372937E+00 1.09930494E+00 1.09518489E+00 1.09090571E+00 1.08697589E+00 1.08288056E+00 1.07912368E+00 1.07528239E+00 1.07181290E+00 1.06821569E+00 1.06492996E+00 1.06155262E+00 1.05849998E+00 1.05541894E+00 1.05266488E+00 1.04984774E+00 1.04710850E+00 1.04429259E+00 1.04142314E+00 1.03855501E+00 1.03567099E+00 1.03269264E+00 1.02964567E+00 1.02661144E+00 1.02358125E+00 1.02042515E+00 1.01716292E+00 1.01397508E+00 1.01092393E+00 1.00787816E+00 1.00429604E+00 1.00000000E+00
1.19259636E+00 1.19262033E+00 1.19264166E+00 1.19266071E+00 1.19267768E+00 1.19269286E+00 1.19270640E+00 1.19271856E+00 1.19272946E+00 1.19273931E+00 1.19274820E+00 1.19275629E+00 1.19276369E+00 1.19277051E+00 1.19277684E+00 1.19278278E+00 1.19278840E+00 1.19279381E+00 1.19279904E+00 1.19280419E+00 1.19280931E+00 1.19281446E+00 1.19281969E+00 1.19282508E+00 1.19283064E+00 1.19283645E+00 1.19284253E+00 1.19284894E+00 1.19285568E+00 1.19286281E+00 1.19287033E+00 1.19287825E+00 1.19288658E+00 1.19289531E+00 1.19290441E+00 1.19291383E+00 1.19292351E+00 1.19293336E+00 1.19294327E+00 1.19295308E+00 1.19296262E+00 1.19297161E+00 1.19297981E+00 1.19298678E+00 1.19299220E+00 1.19299547E+00 1.19299608E+00 1.19299319E+00 1.19298616E+00 1.19297381E+00 1.19295522E+00 1.19292876E+00 1.19289335E+00 1.19284705E+00 1.19278817E+00 1.19271387E+00 1.19262225E+00 1.19250972E+00 1.19237395E+00 1.19221052E+00 1.19201618E+00 1.19178541E+00 1.19151444E+00 1.19119666E+00 1.19082704E+00 1.19039691E+00 1.18990067E+00 1.18932796E+00 1.18867232E+00 1.18792180E+00 1.18706762E+00 1.18609588E+00 1.18499806E+00 1.18375807E+00 1.18236345E+00 1.18079451E+00 1.17903874E+00 1.17707421E+00 1.17489324E+00 1.17247335E+00 1.16978669E+00 1.16680493E+00 1.16352346E+00 1.15991353E+00 1.15594712E+00 1.15163377E+00 1.14693317E+00 1.14231391E+00 1.13730702E+00 1.13253583E+00 1.12746819E+00 1.12272308E+00 1.11769052E+00 1.11301758E+00 1.10810860E+00 1.10353807E+00 1.09880345E+00 1.09446501E+00 1.08994583E+00 1.08580148E+00 1.08158353E+00 1.07779008E+00 1.07385236E+00 1.07024976E+00 1.06654656E+00 1.06320212E+00 1.05983944E+00 1.05684367E+00 1.05377926E+00 1.05079818E+00 1.04772924E+00 1.04460182E+00 1.04148787E+00 1.03836581E+00 1.03513596E+00 1.03182842E+00 1.02854721E+00 1.02528107E+00 1.02187205E+00 1.01834391E+00 1.01491463E+00 1.01164090E+00 1.00836129E+00 1.00453235E+00 1.00000000E+00
