0.028755850905
0.143779254525
0.28755850905
0.57511701815
0.86267552725
0.0223675301775
0.11183765105
0.223675301775
0.44735060375
0.671025905525
0.0159779587125
0.0798897935575
0.159779587125
0.31955917415
0.47933876135
0.00958738075475
0.047936903765
0.0958738075475
0.191747615125
0.287621422625
0.00319597280575
0.0159798640225
0.0319597280575
0.0639194561075
0.0958791841575
0.08628284875
0.4314142437
0.8628284875
1.72565697475
2.5884854625
0.067158816795
0.335794083925
0.67158816795
1.3431763365
2.01476450375
0.047994018905
0.239970094575
0.47994018905
0.959880378125
1.439820567
0.02880697418
0.1440348709
0.2880697418
0.576139483675
0.864209225475
0.009605205203
0.0480260260225
0.09605205203
0.192104104
0.288156156075
0.143502113975
0.717510569675
1.43502113975
2.8700422785
4.30506341825
0.11189491375
0.559474568775
1.1189491375
2.23789827525
3.35684741275
0.0800190817725
0.40009540885
0.800190817725
1.60038163525
2.400572454
0.0480458280975
0.24022914035
0.480458280975
0.9609165619
1.4413748425
0.0160238018475
0.0801190092075
0.160238018475
0.3204760369
0.480714055275
0.1997644417
0.998822209125
1.997644417
3.9952888355
5.992933252
0.15644699875
0.78223499375
1.5644699875
3.1289399745
4.69340996225
0.1120079629
0.560039814575
1.120079629
2.2401592585
3.360238887
0.0672817470725
0.336408735375
0.672817470725
1.3456349415
2.018452412
0.0224438658425
0.11221932925
0.224438658425
0.448877316775
0.6733159753
0.25392934875
1.269646745
2.5392934875
5.07858697525
7.6178804625
0.2006428806
1.00321440342
2.006428806
4.01285761275
6.01928642
0.14394093445
0.719704672025
1.4394093445
2.87881868725
4.31822803225
0.086511574275
0.4325578713
0.86511574275
1.730231485
2.5953472285
0.0288648182925
0.144324091425
0.288648182925
0.57729636585
0.865944548775
