1.0 0.1 0.1
1.0 0.1 0.5
1.0 0.1 1.0
1.0 0.1 2.0
1.0 0.1 3.0
1.0 0.3 0.1
1.0 0.3 0.5
1.0 0.3 1.0
1.0 0.3 2.0
1.0 0.3 3.0
1.0 0.5 0.1
1.0 0.5 0.5
1.0 0.5 1.0
1.0 0.5 2.0
1.0 0.5 3.0
1.0 0.7 0.1
1.0 0.7 0.5
1.0 0.7 1.0
1.0 0.7 2.0
1.0 0.7 3.0
1.0 0.9 0.1
1.0 0.9 0.5
1.0 0.9 1.0
1.0 0.9 2.0
1.0 0.9 3.0
3.0 0.1 0.1
3.0 0.1 0.5
3.0 0.1 1.0
3.0 0.1 2.0
3.0 0.1 3.0
3.0 0.3 0.1
3.0 0.3 0.5
3.0 0.3 1.0
3.0 0.3 2.0
3.0 0.3 3.0
3.0 0.5 0.1
3.0 0.5 0.5
3.0 0.5 1.0
3.0 0.5 2.0
3.0 0.5 3.0
3.0 0.7 0.1
3.0 0.7 0.5
3.0 0.7 1.0
3.0 0.7 2.0
3.0 0.7 3.0
3.0 0.9 0.1
3.0 0.9 0.5
3.0 0.9 1.0
3.0 0.9 2.0
3.0 0.9 3.0
5.0 0.1 0.1
5.0 0.1 0.5
5.0 0.1 1.0
5.0 0.1 2.0
5.0 0.1 3.0
5.0 0.3 0.1
5.0 0.3 0.5
5.0 0.3 1.0
5.0 0.3 2.0
5.0 0.3 3.0
5.0 0.5 0.1
5.0 0.5 0.5
5.0 0.5 1.0
5.0 0.5 2.0
5.0 0.5 3.0
5.0 0.7 0.1
5.0 0.7 0.5
5.0 0.7 1.0
5.0 0.7 2.0
5.0 0.7 3.0
5.0 0.9 0.1
5.0 0.9 0.5
5.0 0.9 1.0
5.0 0.9 2.0
5.0 0.9 3.0
7.0 0.1 0.1
7.0 0.1 0.5
7.0 0.1 1.0
7.0 0.1 2.0
7.0 0.1 3.0
7.0 0.3 0.1
7.0 0.3 0.5
7.0 0.3 1.0
7.0 0.3 2.0
7.0 0.3 3.0
7.0 0.5 0.1
7.0 0.5 0.5
7.0 0.5 1.0
7.0 0.5 2.0
7.0 0.5 3.0
7.0 0.7 0.1
7.0 0.7 0.5
7.0 0.7 1.0
7.0 0.7 2.0
7.0 0.7 3.0
7.0 0.9 0.1
7.0 0.9 0.5
7.0 0.9 1.0
7.0 0.9 2.0
7.0 0.9 3.0
9.0 0.1 0.1
9.0 0.1 0.5
9.0 0.1 1.0
9.0 0.1 2.0
9.0 0.1 3.0
9.0 0.3 0.1
9.0 0.3 0.5
9.0 0.3 1.0
9.0 0.3 2.0
9.0 0.3 3.0
9.0 0.5 0.1
9.0 0.5 0.5
9.0 0.5 1.0
9.0 0.5 2.0
9.0 0.5 3.0
9.0 0.7 0.1
9.0 0.7 0.5
9.0 0.7 1.0
9.0 0.7 2.0
9.0 0.7 3.0
9.0 0.9 0.1
9.0 0.9 0.5
9.0 0.9 1.0
9.0 0.9 2.0
9.0 0.9 3.0
