2.69811565E-01 2.30132697E-01 1.90459885E-01 1.50793141E-01 1.11237776E-01
1.34905782E+00 1.15066348E+00 9.52299427E-01 7.53965707E-01 5.56188878E-01
2.69811565E+00 2.30132697E+00 1.90459885E+00 1.50793141E+00 1.11237776E+00
5.39623130E+00 4.60265394E+00 3.80919771E+00 3.01586283E+00 2.22475551E+00
8.09434694E+00 6.90398090E+00 5.71379656E+00 4.52379424E+00 3.33713327E+00
2.67462084E-01 2.27784154E-01 1.88110754E-01 1.48444618E-01 1.08888940E-01
1.33731042E+00 1.13892077E+00 9.40553772E-01 7.42223090E-01 5.44444698E-01
2.67462084E+00 2.27784154E+00 1.88110754E+00 1.48444618E+00 1.08888940E+00
5.34924168E+00 4.55568307E+00 3.76221509E+00 2.96889236E+00 2.17777879E+00
8.02386251E+00 6.83352461E+00 5.64332263E+00 4.45333854E+00 3.26666819E+00
2.65080424E-01 2.25403355E-01 1.85729442E-01 1.46063733E-01 1.06507769E-01
1.32540212E+00 1.12701678E+00 9.28647211E-01 7.30318666E-01 5.32538845E-01
2.65080424E+00 2.25403355E+00 1.85729442E+00 1.46063733E+00 1.06507769E+00
5.30160848E+00 4.50806710E+00 3.71458884E+00 2.92127466E+00 2.13015538E+00
7.95241272E+00 6.76210066E+00 5.57188327E+00 4.38191200E+00 3.19523307E+00
2.62680578E-01 2.23004299E-01 1.83329945E-01 1.43664520E-01 1.04108165E-01
1.31340289E+00 1.11502149E+00 9.16649726E-01 7.18322598E-01 5.20540825E-01
2.62680578E+00 2.23004299E+00 1.83329945E+00 1.43664520E+00 1.04108165E+00
5.25361156E+00 4.46008597E+00 3.66659891E+00 2.87329039E+00 2.08216330E+00
7.88041734E+00 6.69012896E+00 5.49989836E+00 4.30993559E+00 3.12324495E+00
2.60273513E-01 2.20597961E-01 1.80923233E-01 1.41257980E-01 1.01701078E-01
1.30136756E+00 1.10298980E+00 9.04616165E-01 7.06289900E-01 5.08505391E-01
2.60273513E+00 2.20597961E+00 1.80923233E+00 1.41257980E+00 1.01701078E+00
5.20547025E+00 4.41195921E+00 3.61846466E+00 2.82515960E+00 2.03402157E+00
7.80820538E+00 6.61793882E+00 5.42769699E+00 4.23773940E+00 3.05103235E+00
2.89832751E-01 2.50113709E-01 2.10464797E-01 1.70786217E-01 1.31197482E-01
1.44916375E+00 1.25056855E+00 1.05232399E+00 8.53931086E-01 6.55987411E-01
2.89832751E+00 2.50113709E+00 2.10464797E+00 1.70786217E+00 1.31197482E+00
5.79665502E+00 5.00227419E+00 4.20929595E+00 3.41572435E+00 2.62394964E+00
8.69498253E+00 7.50341128E+00 6.31394392E+00 5.12358652E+00 3.93592447E+00
2.84126527E-01 2.44421912E-01 2.04764682E-01 1.65097939E-01 1.25518879E-01
1.42063263E+00 1.22210956E+00 1.02382341E+00 8.25489695E-01 6.27594395E-01
2.84126527E+00 2.44421912E+00 2.04764682E+00 1.65097939E+00 1.25518879E+00
5.68253054E+00 4.88843824E+00 4.09529365E+00 3.30195878E+00 2.51037758E+00
8.52379581E+00 7.33265737E+00 6.14294047E+00 4.95293817E+00 3.76556637E+00
2.77854487E-01 2.38161326E-01 1.98496887E-01 1.58834470E-01 1.19268232E-01
1.38927244E+00 1.19080663E+00 9.92484433E-01 7.94172351E-01 5.96341160E-01
2.77854487E+00 2.38161326E+00 1.98496887E+00 1.58834470E+00 1.19268232E+00
5.55708975E+00 4.76322652E+00 3.96993773E+00 3.17668940E+00 2.38536464E+00
8.33563462E+00 7.14483977E+00 5.95490660E+00 4.76503410E+00 3.57804696E+00
2.70915984E-01 2.31231697E-01 1.91561812E-01 1.51899813E-01 1.12341682E-01
1.35457992E+00 1.15615848E+00 9.57809060E-01 7.59499067E-01 5.61708412E-01
2.70915984E+00 2.31231697E+00 1.91561812E+00 1.51899813E+00 1.12341682E+00
5.41831968E+00 4.62463393E+00 3.83123624E+00 3.03799627E+00 2.24683365E+00
8.12747952E+00 6.93695090E+00 5.74685436E+00 4.55699440E+00 3.37025047E+00
2.63221049E-01 2.23543319E-01 1.83869747E-01 1.44205977E-01 1.04649923E-01
1.31610524E+00 1.11771659E+00 9.19348736E-01 7.21029885E-01 5.23249616E-01
2.63221049E+00 2.23543319E+00 1.83869747E+00 1.44205977E+00 1.04649923E+00
5.26442098E+00 4.47086638E+00 3.67739494E+00 2.88411954E+00 2.09299847E+00
7.89663146E+00 6.70629957E+00 5.51609241E+00 4.32617931E+00 3.13949770E+00
3.05928707E-01 2.66121618E-01 2.26517599E-01 1.86767936E-01 1.47059671E-01
1.52964354E+00 1.33060809E+00 1.13258799E+00 9.33839681E-01 7.35298357E-01
3.05928707E+00 2.66121618E+00 2.26517599E+00 1.86767936E+00 1.47059671E+00
6.11857414E+00 5.32243237E+00 4.53035197E+00 3.73535872E+00 2.94119343E+00
9.17786121E+00 7.98364855E+00 6.79552796E+00 5.60303808E+00 4.41179014E+00
2.97609926E-01 2.57847768E-01 2.18225528E-01 1.78539459E-01 1.38862552E-01
1.48804963E+00 1.28923884E+00 1.09112764E+00 8.92697295E-01 6.94312760E-01
2.97609926E+00 2.57847768E+00 2.18225528E+00 1.78539459E+00 1.38862552E+00
5.95219852E+00 5.15695536E+00 4.36451057E+00 3.57078918E+00 2.77725104E+00
8.92829778E+00 7.73543304E+00 6.54676585E+00 5.35618377E+00 4.16587656E+00
2.88900653E-01 2.49175860E-01 2.09530757E-01 1.69867119E-01 1.30254692E-01
1.44450326E+00 1.24587930E+00 1.04765379E+00 8.49335593E-01 6.51273462E-01
2.88900653E+00 2.49175860E+00 2.09530757E+00 1.69867119E+00 1.30254692E+00
5.77801306E+00 4.98351720E+00 4.19061514E+00 3.39734237E+00 2.60509385E+00
8.66701959E+00 7.47527579E+00 6.28592271E+00 5.09601356E+00 3.90764077E+00
2.78790026E-01 2.39092380E-01 1.99430453E-01 1.59771477E-01 1.20200091E-01
1.39395013E+00 1.19546190E+00 9.97152267E-01 7.98857385E-01 6.01000454E-01
2.78790026E+00 2.39092380E+00 1.99430453E+00 1.59771477E+00 1.20200091E+00
5.57580053E+00 4.78184761E+00 3.98860907E+00 3.19542954E+00 2.40400182E+00
8.36370079E+00 7.17277141E+00 5.98291360E+00 4.79314431E+00 3.60600273E+00
2.66364697E-01 2.26684132E-01 1.87012317E-01 1.47350386E-01 1.07794501E-01
1.33182348E+00 1.13342066E+00 9.35061583E-01 7.36751932E-01 5.38972507E-01
2.66364697E+00 2.26684132E+00 1.87012317E+00 1.47350386E+00 1.07794501E+00
5.32729394E+00 4.53368264E+00 3.74024633E+00 2.94700773E+00 2.15589003E+00
7.99094090E+00 6.80052396E+00 5.61036950E+00 4.42051159E+00 3.23383504E+00
3.20693993E-01 2.80752822E-01 2.41165127E-01 2.01269073E-01 1.61447972E-01
1.60346996E+00 1.40376411E+00 1.20582563E+00 1.00634537E+00 8.07239861E-01
3.20693993E+00 2.80752822E+00 2.41165127E+00 2.01269073E+00 1.61447972E+00
6.41387985E+00 5.61505643E+00 4.82330253E+00 4.02538147E+00 3.22895944E+00
9.62081978E+00 8.42258465E+00 7.23495380E+00 6.03807220E+00 4.84343917E+00
3.09637853E-01 2.69788697E-01 2.30212418E-01 1.90465126E-01 1.50588548E-01
1.54818927E+00 1.34894349E+00 1.15106209E+00 9.52325628E-01 7.52942741E-01
3.09637853E+00 2.69788697E+00 2.30212418E+00 1.90465126E+00 1.50588548E+00
6.19275706E+00 5.39577395E+00 4.60424837E+00 3.80930251E+00 3.01177096E+00
9.28913559E+00 8.09366092E+00 6.90637255E+00 5.71395377E+00 4.51765645E+00
2.98118799E-01 2.58347394E-01 2.18729939E-01 1.79053795E-01 1.39352077E-01
1.49059400E+00 1.29173697E+00 1.09364969E+00 8.95268973E-01 6.96760383E-01
2.98118799E+00 2.58347394E+00 2.18729939E+00 1.79053795E+00 1.39352077E+00
5.96237599E+00 5.16694788E+00 4.37459877E+00 3.58107589E+00 2.78704153E+00
8.94356398E+00 7.75042182E+00 6.56189816E+00 5.37161384E+00 4.18056230E+00
2.85737516E-01 2.46022204E-01 2.06370694E-01 1.66712060E-01 1.27114954E-01
1.42868758E+00 1.23011102E+00 1.03185347E+00 8.33560299E-01 6.35574772E-01
2.85737516E+00 2.46022204E+00 2.06370694E+00 1.66712060E+00 1.27114954E+00
5.71475032E+00 4.92044408E+00 4.12741388E+00 3.33424120E+00 2.54229909E+00
8.57212548E+00 7.38066612E+00 6.19112082E+00 5.00136179E+00 3.81344863E+00
2.69461292E-01 2.29777579E-01 1.90107686E-01 1.50447294E-01 1.10891020E-01
1.34730646E+00 1.14888789E+00 9.50538429E-01 7.52236471E-01 5.54455099E-01
2.69461292E+00 2.29777579E+00 1.90107686E+00 1.50447294E+00 1.10891020E+00
5.38922584E+00 4.59555157E+00 3.80215372E+00 3.00894588E+00 2.21782040E+00
8.08383875E+00 6.89332736E+00 5.70323057E+00 4.51341882E+00 3.32673060E+00
3.34336212E-01 2.94196821E-01 2.54559226E-01 2.14579111E-01 1.74743464E-01
1.67168106E+00 1.47098410E+00 1.27279613E+00 1.07289556E+00 8.73717319E-01
3.34336212E+00 2.94196821E+00 2.54559226E+00 2.14579111E+00 1.74743464E+00
6.68672424E+00 5.88393641E+00 5.09118453E+00 4.29158222E+00 3.49486928E+00
1.00300864E+01 8.82590462E+00 7.63677679E+00 6.43737333E+00 5.24230392E+00
3.21152615E-01 2.81196369E-01 2.41660090E-01 2.01795685E-01 1.61642819E-01
1.60576308E+00 1.40598184E+00 1.20830045E+00 1.00897842E+00 8.08214096E-01
3.21152615E+00 2.81196369E+00 2.41660090E+00 2.01795685E+00 1.61642819E+00
6.42305230E+00 5.62392737E+00 4.83320180E+00 4.03591370E+00 3.23285638E+00
9.63457845E+00 8.43589106E+00 7.24980271E+00 6.05387054E+00 4.84928457E+00
3.06646416E-01 2.66818085E-01 2.27232843E-01 1.87527068E-01 1.47674348E-01
1.53323208E+00 1.33409043E+00 1.13616421E+00 9.37635341E-01 7.38371738E-01
3.06646416E+00 2.66818085E+00 2.27232843E+00 1.87527068E+00 1.47674348E+00
6.13292832E+00 5.33636170E+00 4.54465686E+00 3.75054137E+00 2.95348695E+00
9.19939248E+00 8.00454256E+00 6.81698529E+00 5.62581205E+00 4.43023043E+00
2.91709518E-01 2.51973734E-01 2.12333966E-01 1.72673238E-01 1.33036770E-01
1.45854759E+00 1.25986867E+00 1.06166983E+00 8.63366189E-01 6.65183848E-01
2.91709518E+00 2.51973734E+00 2.12333966E+00 1.72673238E+00 1.33036770E+00
5.83419035E+00 5.03947468E+00 4.24667931E+00 3.45346475E+00 2.66073539E+00
8.75128553E+00 7.55921202E+00 6.37001897E+00 5.18019713E+00 3.99110309E+00
2.72431271E-01 2.32744240E-01 1.93076231E-01 1.53417233E-01 1.13859398E-01
1.36215636E+00 1.16372120E+00 9.65381154E-01 7.67086167E-01 5.69296991E-01
2.72431271E+00 2.32744240E+00 1.93076231E+00 1.53417233E+00 1.13859398E+00
5.44862542E+00 4.65488479E+00 3.86152462E+00 3.06834467E+00 2.27718797E+00
8.17293814E+00 6.98232719E+00 5.79228693E+00 4.60251700E+00 3.41578195E+00
