0.0396487134
0.1982435657
0.396487134
0.792974269
1.1894614
0.0396485824
0.1982429124
0.396485824
0.792971649
1.189457471
0.0396484932
0.1982424664
0.396484932
0.792969864
1.189454796
0.0396484605
0.1982423022
0.396484605
0.79296921
1.189453815
0.0396484851
0.1982424238
0.396484851
0.792969697
1.189454548
0.039659803
0.1982990142
0.39659803
0.79319606
1.189794088
0.0396539269
0.1982696335
0.396539269
0.793078538
1.189617808
0.0396499366
0.1982496839
0.396499366
0.792998734
1.189498099
0.0396480488
0.1982402429
0.396480488
0.792960972
1.18944146
0.0396479594
0.1982397953
0.396479594
0.792959186
1.189438778
0.0397091754
0.1985458775
0.397091754
0.794183507
1.191275261
0.0396803057
0.1984015285
0.396803057
0.793606114
1.190409171
0.0396600663
0.1983003303
0.396600663
0.793201325
1.189801987
0.0396500773
0.1982503867
0.396500773
0.793001549
1.189502322
0.0396474138
0.1982370674
0.396474138
0.792948273
1.189422409
0.0397975791
0.1989878938
0.397975791
0.795951578
1.193927367
0.0397422181
0.198711092
0.397422181
0.794844364
1.192266543
0.0396827043
0.1984135231
0.396827043
0.793654091
1.190481134
0.0396555268
0.1982776337
0.396555268
0.793110534
1.189665803
0.0396470829
0.1982354141
0.396470829
0.792941657
1.189412484
0.0398803206
0.1994016022
0.398803206
0.797606411
1.196409625
0.0398420276
0.1992101388
0.398420276
0.796840551
1.195260828
0.0397235153
0.1986175773
0.397235153
0.794470307
1.191705461
0.0396645992
0.1983229965
0.396645992
0.793291985
1.189937977
0.0396470753
0.1982353771
0.396470753
0.792941502
1.189412257
