# curve 5 (die wall), step =      386, time =   1.54400000E+02
# N1 = tau_xx - tau_yy = G ( c_xx - c_yy ),  G =  2.2222E-02  (polymer part only)
#              x               y        pressure            c_xy        gammadot            c_xx            c_yy              N1
 -1.00000000E+01  1.00000000E+00  7.28922958E+00 -1.27686260E+00  4.06748850E-01  5.66922325E+00  6.49500072E-01  1.11549404E-01
 -9.95040609E+00  1.00000000E+00  7.25414670E+00 -1.27673668E+00  4.06757631E-01  5.66803910E+00  6.49540143E-01  1.11522199E-01
 -9.90081218E+00  1.00000000E+00  7.21906383E+00 -1.27661079E+00  4.06764159E-01  5.66685520E+00  6.49580220E-01  1.11495000E-01
 -9.85121827E+00  1.00000000E+00  7.18398095E+00 -1.27664403E+00  4.06761309E-01  5.66792506E+00  6.49526131E-01  1.11519976E-01
 -9.80162437E+00  1.00000000E+00  7.14889808E+00 -1.27667726E+00  4.06754246E-01  5.66899513E+00  6.49472044E-01  1.11544958E-01
 -9.75203046E+00  1.00000000E+00  7.11379488E+00 -1.27671914E+00  4.06754434E-01  5.66847611E+00  6.49511250E-01  1.11532552E-01
 -9.70243655E+00  1.00000000E+00  7.07869167E+00 -1.27676100E+00  4.06759859E-01  5.66795714E+00  6.49550458E-01  1.11520149E-01
 -9.65284264E+00  1.00000000E+00  7.04360479E+00 -1.27681786E+00  4.06757964E-01  5.66865309E+00  6.49529832E-01  1.11536072E-01
 -9.60324873E+00  1.00000000E+00  7.00851790E+00 -1.27687472E+00  4.06751949E-01  5.66934912E+00  6.49509208E-01  1.11551998E-01
 -9.55365482E+00  1.00000000E+00  6.97343526E+00 -1.27699551E+00  4.06747389E-01  5.67125009E+00  6.49440697E-01  1.11595764E-01
 -9.50406091E+00  1.00000000E+00  6.93835261E+00 -1.27711631E+00  4.06732727E-01  5.67315175E+00  6.49372192E-01  1.11639546E-01
 -9.45446701E+00  1.00000000E+00  6.90324517E+00 -1.27690193E+00  4.06740239E-01  5.67118998E+00  6.49423691E-01  1.11594806E-01
 -9.40487310E+00  1.00000000E+00  6.86813774E+00 -1.27668761E+00  4.06746144E-01  5.66922891E+00  6.49475205E-01  1.11550082E-01
 -9.35527919E+00  1.00000000E+00  6.83305379E+00 -1.27709622E+00  4.06748473E-01  5.67138378E+00  6.49458344E-01  1.11598343E-01
 -9.30568528E+00  1.00000000E+00  6.79796985E+00 -1.27750497E+00  4.06747355E-01  5.67353947E+00  6.49441530E-01  1.11646621E-01
 -9.25609137E+00  1.00000000E+00  6.76288868E+00 -1.27721224E+00  4.06749523E-01  5.67240231E+00  6.49433424E-01  1.11621531E-01
 -9.20649746E+00  1.00000000E+00  6.72780751E+00 -1.27691956E+00  4.06751294E-01  5.67126539E+00  6.49425342E-01  1.11596445E-01
 -9.15690355E+00  1.00000000E+00  6.69270654E+00 -1.27692735E+00  4.06752513E-01  5.67061144E+00  6.49460130E-01  1.11581140E-01
 -9.10730965E+00  1.00000000E+00  6.65760558E+00 -1.27693514E+00  4.06756154E-01  5.66995758E+00  6.49494919E-01  1.11565837E-01
 -9.05771574E+00  1.00000000E+00  6.62252929E+00 -1.27695415E+00  4.06759804E-01  5.67025231E+00  6.49473471E-01  1.11572863E-01
 -9.00812183E+00  1.00000000E+00  6.58745299E+00 -1.27697315E+00  4.06761627E-01  5.67054706E+00  6.49452023E-01  1.11579890E-01
 -8.95852792E+00  1.00000000E+00  6.55235311E+00 -1.27696323E+00  4.06761394E-01  5.67002942E+00  6.49484904E-01  1.11567656E-01
 -8.90893401E+00  1.00000000E+00  6.51725322E+00 -1.27695332E+00  4.06762154E-01  5.66951184E+00  6.49517786E-01  1.11555423E-01
 -8.85934010E+00  1.00000000E+00  6.48216909E+00 -1.27691689E+00  4.06760156E-01  5.66993488E+00  6.49484720E-01  1.11565559E-01
 -8.80974619E+00  1.00000000E+00  6.44708496E+00 -1.27688045E+00  4.06752015E-01  5.67035796E+00  6.49451655E-01  1.11575696E-01
 -8.76015229E+00  1.00000000E+00  6.41198219E+00 -1.27688847E+00  4.06751862E-01  5.66962494E+00  6.49494735E-01  1.11558449E-01
 -8.71055838E+00  1.00000000E+00  6.37687942E+00 -1.27689649E+00  4.06758134E-01  5.66889204E+00  6.49537817E-01  1.11541205E-01
 -8.66096447E+00  1.00000000E+00  6.34180196E+00 -1.27676258E+00  4.06757615E-01  5.66828137E+00  6.49538291E-01  1.11527624E-01
 -8.61137056E+00  1.00000000E+00  6.30672451E+00 -1.27662868E+00  4.06752702E-01  5.66767077E+00  6.49538771E-01  1.11514044E-01
 -8.56177665E+00  1.00000000E+00  6.27163350E+00 -1.27671692E+00  4.06755331E-01  5.66812147E+00  6.49539850E-01  1.11524036E-01
 -8.51218274E+00  1.00000000E+00  6.23654250E+00 -1.27680516E+00  4.06756844E-01  5.66857221E+00  6.49540931E-01  1.11534028E-01
 -8.46258884E+00  1.00000000E+00  6.20144420E+00 -1.27699816E+00  4.06750924E-01  5.67046609E+00  6.49478415E-01  1.11577504E-01
 -8.41299493E+00  1.00000000E+00  6.16634590E+00 -1.27719121E+00  4.06744814E-01  5.67236063E+00  6.49415913E-01  1.11620994E-01
 -8.36340102E+00  1.00000000E+00  6.13126642E+00 -1.27684256E+00  4.06754005E-01  5.67021026E+00  6.49448225E-01  1.11572490E-01
 -8.31380711E+00  1.00000000E+00  6.09618693E+00 -1.27649402E+00  4.06754380E-01  5.66806072E+00  6.49480574E-01  1.11524003E-01
 -8.26421320E+00  1.00000000E+00  6.06109026E+00 -1.27664661E+00  4.06756766E-01  5.66832771E+00  6.49507813E-01  1.11529331E-01
 -8.21461929E+00  1.00000000E+00  6.02599359E+00 -1.27679921E+00  4.06759692E-01  5.66859472E+00  6.49535058E-01  1.11534659E-01
 -8.16502538E+00  1.00000000E+00  5.99090160E+00 -1.27702976E+00  4.06756579E-01  5.67077429E+00  6.49473592E-01  1.11584460E-01
 -8.11543148E+00  1.00000000E+00  5.95580961E+00 -1.27726038E+00  4.06748623E-01  5.67295473E+00  6.49412142E-01  1.11634280E-01
 -8.06583757E+00  1.00000000E+00  5.92071568E+00 -1.27690890E+00  4.06750656E-01  5.67045557E+00  6.49457651E-01  1.11577731E-01
 -8.01624366E+00  1.00000000E+00  5.88562176E+00 -1.27655755E+00  4.06752703E-01  5.66795751E+00  6.49503193E-01  1.11521207E-01
 -7.96664975E+00  1.00000000E+00  5.85054784E+00 -1.27666282E+00  4.06754767E-01  5.66843620E+00  6.49506358E-01  1.11531774E-01
 -7.91705584E+00  1.00000000E+00  5.81547393E+00 -1.27676809E+00  4.06754267E-01  5.66891494E+00  6.49509526E-01  1.11542343E-01
 -7.86746193E+00  1.00000000E+00  5.78036907E+00 -1.27696113E+00  4.06753558E-01  5.67024508E+00  6.49488000E-01  1.11572380E-01
 -7.81786802E+00  1.00000000E+00  5.74526421E+00 -1.27715421E+00  4.06748286E-01  5.67157553E+00  6.49466484E-01  1.11602423E-01
 -7.76827412E+00  1.00000000E+00  5.71017481E+00 -1.27689035E+00  4.06749930E-01  5.67013143E+00  6.49474943E-01  1.11570144E-01
 -7.71868021E+00  1.00000000E+00  5.67508541E+00 -1.27662655E+00  4.06750967E-01  5.66868769E+00  6.49483421E-01  1.11537873E-01
 -7.66908630E+00  1.00000000E+00  5.64000042E+00 -1.27673881E+00  4.06753225E-01  5.66894687E+00  6.49498332E-01  1.11543301E-01
 -7.61949239E+00  1.00000000E+00  5.60491543E+00 -1.27685108E+00  4.06757734E-01  5.66920607E+00  6.49513246E-01  1.11548729E-01
 -7.56989848E+00  1.00000000E+00  5.56982353E+00 -1.27708232E+00  4.06757195E-01  5.67094993E+00  6.49472749E-01  1.11588382E-01
 -7.52030457E+00  1.00000000E+00  5.53473164E+00 -1.27731361E+00  4.06752352E-01  5.67269434E+00  6.49432267E-01  1.11628046E-01
 -7.47071066E+00  1.00000000E+00  5.49963711E+00 -1.27698908E+00  4.06751910E-01  5.67071692E+00  6.49462789E-01  1.11583425E-01
 -7.42111676E+00  1.00000000E+00  5.46454259E+00 -1.27666465E+00  4.06750977E-01  5.66874020E+00  6.49493342E-01  1.11538819E-01
 -7.37152285E+00  1.00000000E+00  5.42946272E+00 -1.27676161E+00  4.06752625E-01  5.66892885E+00  6.49510003E-01  1.11542641E-01
 -7.32192894E+00  1.00000000E+00  5.39438285E+00 -1.27685857E+00  4.06754756E-01  5.66911751E+00  6.49526667E-01  1.11546463E-01
 -7.27233503E+00  1.00000000E+00  5.35928629E+00 -1.27704780E+00  4.06753985E-01  5.67047712E+00  6.49482417E-01  1.11577660E-01
 -7.22274112E+00  1.00000000E+00  5.32418972E+00 -1.27723708E+00  4.06755318E-01  5.67183706E+00  6.49438183E-01  1.11608864E-01
 -7.17314721E+00  1.00000000E+00  5.28910495E+00 -1.27688461E+00  4.06761892E-01  5.66997071E+00  6.49458349E-01  1.11566941E-01
 -7.12355330E+00  1.00000000E+00  5.25402019E+00 -1.27653225E+00  4.06758717E-01  5.66810497E+00  6.49478554E-01  1.11525031E-01
 -7.07395940E+00  1.00000000E+00  5.21892323E+00 -1.27666420E+00  4.06757275E-01  5.66830202E+00  6.49507337E-01  1.11528771E-01
 -7.02436549E+00  1.00000000E+00  5.18382628E+00 -1.27679616E+00  4.06756011E-01  5.66849908E+00  6.49536125E-01  1.11532510E-01
 -6.97477158E+00  1.00000000E+00  5.14873560E+00 -1.27704726E+00  4.06752482E-01  5.67072256E+00  6.49482350E-01  1.11583116E-01
 -6.92517767E+00  1.00000000E+00  5.11364493E+00 -1.27729844E+00  4.06744117E-01  5.67294694E+00  6.49428593E-01  1.11633741E-01
 -6.87558376E+00  1.00000000E+00  5.07855160E+00 -1.27691676E+00  4.06747617E-01  5.67052446E+00  6.49455686E-01  1.11579306E-01
 -6.82598985E+00  1.00000000E+00  5.04345828E+00 -1.27653521E+00  4.06751713E-01  5.66810303E+00  6.49482815E-01  1.11524894E-01
 -6.77639594E+00  1.00000000E+00  5.00837761E+00 -1.27666970E+00  4.06757382E-01  5.66842933E+00  6.49508476E-01  1.11531574E-01
 -6.72680204E+00  1.00000000E+00  4.97329693E+00 -1.27680419E+00  4.06759647E-01  5.66875565E+00  6.49534142E-01  1.11538256E-01
 -6.67720813E+00  1.00000000E+00  4.93819774E+00 -1.27701788E+00  4.06753664E-01  5.67058717E+00  6.49478842E-01  1.11580185E-01
 -6.62761422E+00  1.00000000E+00  4.90309855E+00 -1.27723162E+00  4.06745756E-01  5.67241929E+00  6.49423560E-01  1.11622127E-01
 -6.57802031E+00  1.00000000E+00  4.86801863E+00 -1.27686261E+00  4.06753583E-01  5.67026007E+00  6.49450826E-01  1.11573539E-01
 -6.52842640E+00  1.00000000E+00  4.83293871E+00 -1.27649372E+00  4.06753829E-01  5.66810168E+00  6.49478131E-01  1.11524968E-01
 -6.47883249E+00  1.00000000E+00  4.79784175E+00 -1.27664317E+00  4.06756306E-01  5.66835346E+00  6.49505579E-01  1.11529953E-01
 -6.42923858E+00  1.00000000E+00  4.76274478E+00 -1.27679262E+00  4.06759352E-01  5.66860527E+00  6.49533034E-01  1.11534938E-01
 -6.37964468E+00  1.00000000E+00  4.72765377E+00 -1.27705376E+00  4.06755990E-01  5.67089852E+00  6.49476316E-01  1.11587160E-01
 -6.33005077E+00  1.00000000E+00  4.69256277E+00 -1.27731498E+00  4.06747637E-01  5.67319273E+00  6.49419617E-01  1.11639402E-01
 -6.28045686E+00  1.00000000E+00  4.65746722E+00 -1.27692383E+00  4.06749950E-01  5.67054400E+00  6.49455795E-01  1.11579738E-01
 -6.23086295E+00  1.00000000E+00  4.62237168E+00 -1.27653283E+00  4.06753629E-01  5.66789651E+00  6.49492011E-01  1.11520100E-01
 -6.18126904E+00  1.00000000E+00  4.58729865E+00 -1.27666935E+00  4.06757006E-01  5.66843624E+00  6.49507611E-01  1.11531747E-01
 -6.13167513E+00  1.00000000E+00  4.55222562E+00 -1.27680588E+00  4.06756106E-01  5.66897603E+00  6.49523216E-01  1.11543396E-01
 -6.08208123E+00  1.00000000E+00  4.51712153E+00 -1.27698426E+00  4.06752490E-01  5.67031161E+00  6.49494846E-01  1.11573706E-01
 -6.03248732E+00  1.00000000E+00  4.48201744E+00 -1.27716268E+00  4.06745236E-01  5.67164752E+00  6.49466485E-01  1.11604023E-01
 -5.98289341E+00  1.00000000E+00  4.44692743E+00 -1.27690941E+00  4.06747615E-01  5.67022549E+00  6.49477186E-01  1.11572185E-01
 -5.93329950E+00  1.00000000E+00  4.41183742E+00 -1.27665620E+00  4.06748884E-01  5.66880382E+00  6.49487904E-01  1.11540354E-01
 -5.88370559E+00  1.00000000E+00  4.37675375E+00 -1.27675984E+00  4.06750962E-01  5.66907421E+00  6.49497251E-01  1.11546155E-01
 -5.83411168E+00  1.00000000E+00  4.34167008E+00 -1.27686348E+00  4.06755870E-01  5.66934462E+00  6.49506601E-01  1.11551956E-01
 -5.78451777E+00  1.00000000E+00  4.30657809E+00 -1.27709074E+00  4.06756986E-01  5.67095592E+00  6.49474431E-01  1.11588477E-01
 -5.73492387E+00  1.00000000E+00  4.27148611E+00 -1.27731804E+00  4.06751845E-01  5.67256768E+00  6.49442275E-01  1.11625009E-01
 -5.68532996E+00  1.00000000E+00  4.23639253E+00 -1.27699109E+00  4.06751104E-01  5.67064834E+00  6.49467575E-01  1.11581795E-01
 -5.63573605E+00  1.00000000E+00  4.20129895E+00 -1.27666423E+00  4.06751594E-01  5.66872966E+00  6.49492906E-01  1.11538594E-01
 -5.58614214E+00  1.00000000E+00  4.16621706E+00 -1.27676240E+00  4.06753949E-01  5.66893519E+00  6.49509573E-01  1.11542792E-01
 -5.53654823E+00  1.00000000E+00  4.13113517E+00 -1.27686058E+00  4.06756051E-01  5.66914073E+00  6.49526242E-01  1.11546989E-01
 -5.48695432E+00  1.00000000E+00  4.09603872E+00 -1.27707173E+00  4.06754480E-01  5.67061863E+00  6.49485235E-01  1.11580742E-01
 -5.43736041E+00  1.00000000E+00  4.06094226E+00 -1.27728293E+00  4.06753238E-01  5.67209691E+00  6.49444246E-01  1.11614504E-01
 -5.38776651E+00  1.00000000E+00  4.02585494E+00 -1.27692191E+00  4.06757436E-01  5.67019918E+00  6.49462088E-01  1.11571935E-01
 -5.33817260E+00  1.00000000E+00  3.99076761E+00 -1.27656100E+00  4.06755066E-01  5.66830210E+00  6.49479969E-01  1.11529381E-01
 -5.28857869E+00  1.00000000E+00  3.95567331E+00 -1.27668966E+00  4.06754380E-01  5.66850121E+00  6.49505519E-01  1.11533238E-01
 -5.23898478E+00  1.00000000E+00  3.92057901E+00 -1.27681833E+00  4.06754455E-01  5.66870034E+00  6.49531074E-01  1.11537095E-01
 -5.18939087E+00  1.00000000E+00  3.88548898E+00 -1.27706355E+00  4.06752628E-01  5.67063281E+00  6.49487832E-01  1.11580999E-01
 -5.13979696E+00  1.00000000E+00  3.85039894E+00 -1.27730884E+00  4.06745217E-01  5.67256594E+00  6.49444607E-01  1.11624919E-01
 -5.09020305E+00  1.00000000E+00  3.81530635E+00 -1.27699129E+00  4.06746380E-01  5.67060881E+00  6.49472694E-01  1.11580803E-01
 -5.04060915E+00  1.00000000E+00  3.78021375E+00 -1.27667384E+00  4.06748080E-01  5.66865236E+00  6.49500811E-01  1.11536701E-01
 -4.99101524E+00  1.00000000E+00  3.74513330E+00 -1.27676757E+00  4.06751863E-01  5.66887689E+00  6.49514195E-01  1.11541393E-01
 -4.94142133E+00  1.00000000E+00  3.71005285E+00 -1.27686131E+00  4.06755277E-01  5.66910142E+00  6.49527581E-01  1.11546085E-01
 -4.89182742E+00  1.00000000E+00  3.67495597E+00 -1.27706786E+00  4.06754475E-01  5.67058587E+00  6.49485311E-01  1.11580012E-01
 -4.84223351E+00  1.00000000E+00  3.63985909E+00 -1.27727446E+00  4.06753879E-01  5.67207070E+00  6.49443057E-01  1.11613948E-01
 -4.79263960E+00  1.00000000E+00  3.60477409E+00 -1.27691131E+00  4.06758040E-01  5.67014115E+00  6.49461921E-01  1.11570649E-01
 -4.74304569E+00  1.00000000E+00  3.56968909E+00 -1.27654827E+00  4.06755836E-01  5.66821225E+00  6.49480823E-01  1.11527365E-01
 -4.69345179E+00  1.00000000E+00  3.53459333E+00 -1.27667627E+00  4.06755637E-01  5.66843590E+00  6.49504501E-01  1.11531809E-01
 -4.64385788E+00  1.00000000E+00  3.49949757E+00 -1.27680427E+00  4.06756173E-01  5.66865957E+00  6.49528183E-01  1.11536253E-01
 -4.59426397E+00  1.00000000E+00  3.46441138E+00 -1.27708411E+00  4.06753986E-01  5.67088801E+00  6.49481826E-01  1.11586804E-01
 -4.54467006E+00  1.00000000E+00  3.42932519E+00 -1.27736404E+00  4.06745349E-01  5.67311734E+00  6.49435490E-01  1.11637374E-01
 -4.49507615E+00  1.00000000E+00  3.39422377E+00 -1.27740660E+00  4.06744944E-01  5.67384183E+00  6.49400374E-01  1.11654255E-01
 -4.44548224E+00  1.00000000E+00  3.35912235E+00 -1.27744916E+00  4.06741692E-01  5.67456642E+00  6.49365260E-01  1.11671137E-01
 -4.39588833E+00  1.00000000E+00  3.32404145E+00 -1.27695675E+00  4.06746669E-01  5.67143061E+00  6.49415074E-01  1.11600345E-01
 -4.34629443E+00  1.00000000E+00  3.28896055E+00 -1.27646457E+00  4.06754938E-01  5.66829652E+00  6.49464958E-01  1.11529590E-01
 -4.29670052E+00  1.00000000E+00  3.25387407E+00 -1.27684195E+00  4.06753507E-01  5.67079740E+00  6.49421428E-01  1.11586133E-01
 -4.24710661E+00  1.00000000E+00  3.21878759E+00 -1.27721948E+00  4.06743692E-01  5.67329938E+00  6.49377938E-01  1.11642699E-01
 -4.19751270E+00  1.00000000E+00  3.18368376E+00 -1.27686643E+00  4.06751782E-01  5.67067645E+00  6.49432427E-01  1.11583200E-01
 -4.14791879E+00  1.00000000E+00  3.14857993E+00 -1.27651353E+00  4.06758754E-01  5.66805474E+00  6.49486951E-01  1.11523729E-01
 -4.09832488E+00  1.00000000E+00  3.11350146E+00 -1.27653707E+00  4.06759907E-01  5.66784876E+00  6.49503685E-01  1.11518779E-01
 -4.04873097E+00  1.00000000E+00  3.07842299E+00 -1.27656061E+00  4.06759687E-01  5.66764280E+00  6.49520419E-01  1.11513831E-01
 -3.99913707E+00  1.00000000E+00  3.04333251E+00 -1.27667877E+00  4.06763011E-01  5.66834170E+00  6.49519998E-01  1.11529371E-01
 -3.94954316E+00  1.00000000E+00  3.00824204E+00 -1.27679693E+00  4.06761041E-01  5.66904069E+00  6.49519580E-01  1.11544914E-01
 -3.89994925E+00  1.00000000E+00  2.97315219E+00 -1.27717716E+00  4.06753821E-01  5.67210439E+00  6.49435404E-01  1.11614866E-01
 -3.85035534E+00  1.00000000E+00  2.93806234E+00 -1.27755756E+00  4.06747862E-01  5.67516977E+00  6.49351278E-01  1.11684855E-01
 -3.80076143E+00  1.00000000E+00  2.90296323E+00 -1.27706208E+00  4.06750120E-01  5.67210906E+00  6.49391304E-01  1.11615950E-01
 -3.75116752E+00  1.00000000E+00  2.86786412E+00 -1.27656683E+00  4.06751280E-01  5.66905000E+00  6.49431397E-01  1.11547080E-01
 -3.70157361E+00  1.00000000E+00  2.83278604E+00 -1.27687349E+00  4.06751693E-01  5.67084337E+00  6.49421284E-01  1.11587157E-01
 -3.65197971E+00  1.00000000E+00  2.79770795E+00 -1.27718024E+00  4.06745680E-01  5.67263730E+00  6.49411192E-01  1.11627247E-01
 -3.60238580E+00  1.00000000E+00  2.76259259E+00 -1.27710957E+00  4.06745651E-01  5.67144790E+00  6.49449530E-01  1.11599964E-01
 -3.55279189E+00  1.00000000E+00  2.72747722E+00 -1.27703891E+00  4.06754063E-01  5.67025878E+00  6.49487869E-01  1.11572687E-01
 -3.50319798E+00  1.00000000E+00  2.69241409E+00 -1.27694378E+00  4.06758374E-01  5.66958457E+00  6.49509549E-01  1.11557223E-01
 -3.45360407E+00  1.00000000E+00  2.65735095E+00 -1.27684866E+00  4.06761081E-01  5.66891044E+00  6.49531233E-01  1.11541760E-01
 -3.40401016E+00  1.00000000E+00  2.62224849E+00 -1.27706620E+00  4.06756751E-01  5.67148521E+00  6.49439297E-01  1.11601020E-01
 -3.35441626E+00  1.00000000E+00  2.58714603E+00 -1.27728380E+00  4.06744268E-01  5.67406121E+00  6.49347380E-01  1.11660307E-01
 -3.30482235E+00  1.00000000E+00  2.55206073E+00 -1.27688451E+00  4.06746316E-01  5.67133917E+00  6.49397126E-01  1.11598712E-01
 -3.25522844E+00  1.00000000E+00  2.51697543E+00 -1.27648538E+00  4.06748169E-01  5.66861844E+00  6.49446919E-01  1.11537145E-01
 -3.20563453E+00  1.00000000E+00  2.48187424E+00 -1.27659824E+00  4.06755182E-01  5.66821770E+00  6.49495715E-01  1.11527155E-01
 -3.15604062E+00  1.00000000E+00  2.44677305E+00 -1.27671108E+00  4.06761980E-01  5.66781702E+00  6.49544516E-01  1.11517167E-01
 -3.10644671E+00  1.00000000E+00  2.41169878E+00 -1.27666189E+00  4.06763158E-01  5.66793801E+00  6.49535078E-01  1.11520065E-01
 -3.05685280E+00  1.00000000E+00  2.37662452E+00 -1.27661270E+00  4.06757418E-01  5.66805900E+00  6.49525641E-01  1.11522964E-01
 -3.00725890E+00  1.00000000E+00  2.34152283E+00 -1.27686136E+00  4.06753109E-01  5.67056115E+00  6.49442758E-01  1.11580409E-01
 -2.95766499E+00  1.00000000E+00  2.30642114E+00 -1.27711010E+00  4.06745346E-01  5.67306444E+00  6.49359899E-01  1.11637879E-01
 -2.90807108E+00  1.00000000E+00  2.27133407E+00 -1.27678507E+00  4.06751505E-01  5.67091412E+00  6.49401547E-01  1.11589168E-01
 -2.85847717E+00  1.00000000E+00  2.23624701E+00 -1.27646016E+00  4.06755548E-01  5.66876461E+00  6.49443227E-01  1.11540475E-01
 -2.80888326E+00  1.00000000E+00  2.20116849E+00 -1.27709736E+00  4.06749753E-01  5.67260492E+00  6.49402187E-01  1.11626727E-01
 -2.75928935E+00  1.00000000E+00  2.16608998E+00 -1.27773495E+00  4.06736271E-01  5.67644783E+00  6.49361252E-01  1.11713035E-01
 -2.70969544E+00  1.00000000E+00  2.13098312E+00 -1.27737983E+00  4.06738625E-01  5.67415694E+00  6.49372640E-01  1.11661873E-01
 -2.66010154E+00  1.00000000E+00  2.09587625E+00 -1.27702484E+00  4.06749442E-01  5.67186697E+00  6.49384052E-01  1.11610732E-01
 -2.61050763E+00  1.00000000E+00  2.06079257E+00 -1.27688936E+00  4.06756702E-01  5.67039927E+00  6.49444075E-01  1.11576782E-01
 -2.56091372E+00  1.00000000E+00  2.02570889E+00 -1.27675391E+00  4.06760280E-01  5.66893196E+00  6.49504109E-01  1.11542841E-01
 -2.51131981E+00  1.00000000E+00  1.99062243E+00 -1.27677604E+00  4.06762941E-01  5.66891820E+00  6.49511248E-01  1.11542377E-01
 -2.46172590E+00  1.00000000E+00  1.95553596E+00 -1.27679817E+00  4.06762818E-01  5.66890445E+00  6.49518386E-01  1.11541912E-01
 -2.41213199E+00  1.00000000E+00  1.92044182E+00 -1.27704930E+00  4.06758736E-01  5.67106841E+00  6.49458036E-01  1.11591342E-01
 -2.36253808E+00  1.00000000E+00  1.88534768E+00 -1.27730051E+00  4.06750024E-01  5.67323322E+00  6.49397707E-01  1.11640789E-01
 -2.31294418E+00  1.00000000E+00  1.85025411E+00 -1.27694782E+00  4.06751564E-01  5.67097187E+00  6.49436432E-01  1.11589676E-01
 -2.26335027E+00  1.00000000E+00  1.81516054E+00 -1.27659525E+00  4.06752926E-01  5.66871143E+00  6.49475195E-01  1.11538583E-01
 -2.21375636E+00  1.00000000E+00  1.78007029E+00 -1.27668923E+00  4.06750492E-01  5.66854807E+00  6.49510843E-01  1.11534161E-01
 -2.16416245E+00  1.00000000E+00  1.74498004E+00 -1.27678321E+00  4.06748238E-01  5.66838472E+00  6.49546494E-01  1.11529738E-01
 -2.11456854E+00  1.00000000E+00  1.70989663E+00 -1.27683682E+00  4.06747160E-01  5.66915051E+00  6.49508067E-01  1.11547610E-01
 -2.06497463E+00  1.00000000E+00  1.67481323E+00 -1.27689044E+00  4.06743734E-01  5.66991641E+00  6.49469643E-01  1.11565484E-01
 -2.01538072E+00  1.00000000E+00  1.63971536E+00 -1.27688781E+00  4.06740946E-01  5.66942976E+00  6.49501170E-01  1.11553969E-01
 -1.96578682E+00  1.00000000E+00  1.60461749E+00 -1.27688518E+00  4.06741589E-01  5.66894315E+00  6.49532697E-01  1.11542455E-01
 -1.91619291E+00  1.00000000E+00  1.56953594E+00 -1.27689394E+00  4.06733560E-01  5.66992327E+00  6.49489172E-01  1.11565202E-01
 -1.86659900E+00  1.00000000E+00  1.53445440E+00 -1.27690269E+00  4.06715250E-01  5.67090359E+00  6.49445647E-01  1.11587954E-01
 -1.81700509E+00  1.00000000E+00  1.49934831E+00 -1.27689094E+00  4.06706246E-01  5.66990343E+00  6.49494627E-01  1.11564640E-01
 -1.76741118E+00  1.00000000E+00  1.46424223E+00 -1.27687919E+00  4.06702671E-01  5.66890347E+00  6.49543607E-01  1.11541330E-01
 -1.71781727E+00  1.00000000E+00  1.42918228E+00 -1.27684757E+00  4.06689191E-01  5.66902669E+00  6.49535921E-01  1.11544239E-01
 -1.66822336E+00  1.00000000E+00  1.39412233E+00 -1.27681595E+00  4.06668601E-01  5.66914992E+00  6.49528236E-01  1.11547149E-01
 -1.61862946E+00  1.00000000E+00  1.35903493E+00 -1.27680445E+00  4.06651394E-01  5.66834660E+00  6.49571078E-01  1.11528345E-01
 -1.56903555E+00  1.00000000E+00  1.32394753E+00 -1.27679295E+00  4.06634752E-01  5.66754340E+00  6.49613922E-01  1.11509544E-01
 -1.51944164E+00  1.00000000E+00  1.28890307E+00 -1.27692497E+00  4.06603600E-01  5.66928129E+00  6.49559420E-01  1.11549375E-01
 -1.46984773E+00  1.00000000E+00  1.25385862E+00 -1.27705702E+00  4.06557367E-01  5.67101975E+00  6.49504922E-01  1.11589218E-01
 -1.42025382E+00  1.00000000E+00  1.21878305E+00 -1.27676968E+00  4.06526852E-01  5.66876669E+00  6.49559893E-01  1.11537929E-01
 -1.37065991E+00  1.00000000E+00  1.18370747E+00 -1.27648243E+00  4.06499868E-01  5.66651454E+00  6.49614890E-01  1.11486659E-01
 -1.32106600E+00  1.00000000E+00  1.14870656E+00 -1.27699643E+00  4.06462911E-01  5.66885499E+00  6.49634997E-01  1.11538222E-01
 -1.27147210E+00  1.00000000E+00  1.11370566E+00 -1.27751063E+00  4.06404087E-01  5.67119641E+00  6.49655168E-01  1.11589805E-01
 -1.22187819E+00  1.00000000E+00  1.07874650E+00 -1.27700268E+00  4.06347326E-01  5.66819018E+00  6.49700816E-01  1.11521986E-01
 -1.17228428E+00  1.00000000E+00  1.04378734E+00 -1.27649497E+00  4.06293667E-01  5.66518556E+00  6.49746541E-01  1.11454200E-01
 -1.12269037E+00  1.00000000E+00  1.00889685E+00 -1.27650781E+00  4.06247745E-01  5.66417236E+00  6.49815615E-01  1.11430150E-01
 -1.07309646E+00  1.00000000E+00  9.74006354E-01 -1.27652063E+00  4.06191398E-01  5.66315938E+00  6.49884693E-01  1.11406104E-01
 -1.02350255E+00  1.00000000E+00  9.39233249E-01 -1.27654293E+00  4.06141300E-01  5.66286225E+00  6.49940015E-01  1.11398272E-01
 -9.73908645E-01  1.00000000E+00  9.04460145E-01 -1.27656524E+00  4.06104762E-01  5.66256514E+00  6.49995343E-01  1.11390440E-01
 -9.24314736E-01  1.00000000E+00  8.69844413E-01 -1.27626553E+00  4.06123014E-01  5.66271887E+00  6.49829084E-01  1.11397551E-01
 -8.74720828E-01  1.00000000E+00  8.35228682E-01 -1.27596583E+00  4.06152220E-01  5.66287268E+00  6.49662866E-01  1.11404662E-01
 -8.25312107E-01  1.00000000E+00  8.00996700E-01 -1.27638097E+00  4.06254838E-01  5.66388254E+00  6.49781661E-01  1.11424464E-01
 -7.75903387E-01  1.00000000E+00  7.66764718E-01 -1.27679620E+00  4.06397249E-01  5.66489262E+00  6.49900497E-01  1.11444269E-01
 -7.30665613E-01  1.00000000E+00  7.35762495E-01 -1.27716168E+00  4.06761798E-01  5.66837098E+00  6.49743557E-01  1.11525054E-01
 -6.85427839E-01  1.00000000E+00  7.04760271E-01 -1.27752735E+00  4.07138368E-01  5.67185152E+00  6.49586710E-01  1.11605885E-01
 -6.45465100E-01  1.00000000E+00  6.77774880E-01 -1.27735415E+00  4.07741581E-01  5.67711852E+00  6.49021306E-01  1.11735494E-01
 -6.05502361E-01  1.00000000E+00  6.50789488E-01 -1.27718091E+00  4.08444275E-01  5.68239138E+00  6.48456303E-01  1.11865224E-01
 -5.70199545E-01  1.00000000E+00  6.27303758E-01 -1.27738802E+00  4.09358807E-01  5.69026558E+00  6.47866855E-01  1.12053305E-01
 -5.34896729E-01  1.00000000E+00  6.03818028E-01 -1.27759535E+00  4.10436861E-01  5.69815187E+00  6.47277905E-01  1.12241644E-01
 -5.03710456E-01  1.00000000E+00  5.83361812E-01 -1.27942210E+00  4.11785820E-01  5.71352470E+00  6.46756017E-01  1.12594860E-01
 -4.72524184E-01  1.00000000E+00  5.62905597E-01 -1.28125300E+00  4.13314720E-01  5.72893981E+00  6.46235633E-01  1.12948982E-01
 -4.44974441E-01  1.00000000E+00  5.45530238E-01 -1.28368394E+00  4.15243999E-01  5.75074745E+00  6.45426544E-01  1.13451576E-01
 -4.17424698E-01  1.00000000E+00  5.28154879E-01 -1.28612264E+00  4.17398747E-01  5.77264010E+00  6.44620449E-01  1.13955992E-01
 -3.93087440E-01  1.00000000E+00  5.13152970E-01 -1.28831395E+00  4.19600493E-01  5.79476408E+00  6.43736484E-01  1.14467280E-01
 -3.68750182E-01  1.00000000E+00  4.98151061E-01 -1.29051208E+00  4.22290444E-01  5.81697564E+00  6.42855262E-01  1.14980453E-01
 -3.47250809E-01  1.00000000E+00  4.85351945E-01 -1.29051286E+00  4.25350733E-01  5.84712124E+00  6.40232595E-01  1.15708637E-01
 -3.25751437E-01  1.00000000E+00  4.72552828E-01 -1.29051434E+00  4.28833901E-01  5.87744559E+00  6.37619088E-01  1.16440589E-01
 -3.06759035E-01  1.00000000E+00  4.61662420E-01 -1.29602686E+00  4.32514740E-01  5.91700421E+00  6.36760440E-01  1.17338750E-01
 -2.87766633E-01  1.00000000E+00  4.50772012E-01 -1.30157129E+00  4.36578820E-01  5.95683120E+00  6.35911490E-01  1.18242660E-01
 -2.70988873E-01  1.00000000E+00  4.41786775E-01 -1.30341250E+00  4.41131230E-01  6.00130710E+00  6.32994494E-01  1.19295836E-01
 -2.54211113E-01  1.00000000E+00  4.32801539E-01 -1.30526490E+00  4.46007163E-01  6.04614367E+00  6.30091609E-01  1.20356712E-01
 -2.39389755E-01  1.00000000E+00  4.25391325E-01 -1.30868492E+00  4.51245661E-01  6.09616541E+00  6.27555214E-01  1.21524671E-01
 -2.24568396E-01  1.00000000E+00  4.17981112E-01 -1.31212724E+00  4.56898832E-01  6.14662409E+00  6.25032906E-01  1.22702026E-01
 -2.11472015E-01  1.00000000E+00  4.11949617E-01 -1.31688179E+00  4.62957780E-01  6.20711057E+00  6.22298893E-01  1.24106926E-01
 -1.98375634E-01  1.00000000E+00  4.05918122E-01 -1.32167385E+00  4.69449303E-01  6.26821904E+00  6.19584423E-01  1.25525214E-01
 -1.85977157E-01  1.00000000E+00  4.00979740E-01 -1.33001643E+00  4.77073023E-01  6.34440876E+00  6.17271181E-01  1.27269724E-01
 -1.73578680E-01  1.00000000E+00  3.96041357E-01 -1.33844360E+00  4.85196398E-01  6.42154366E+00  6.14987148E-01  1.29034589E-01
 -1.61180203E-01  1.00000000E+00  3.92135033E-01 -1.34059618E+00  4.95227623E-01  6.51288770E+00  6.09040263E-01  1.31196610E-01
 -1.48781726E-01  1.00000000E+00  3.88228708E-01 -1.34276960E+00  5.06039858E-01  6.60566605E+00  6.03146340E-01  1.33389327E-01
 -1.36383248E-01  1.00000000E+00  3.85868809E-01 -1.35447394E+00  5.19657716E-01  6.73758231E+00  5.98562749E-01  1.36422657E-01
 -1.23984771E-01  1.00000000E+00  3.83508910E-01 -1.36636619E+00  5.34613911E-01  6.87221730E+00  5.94054266E-01  1.39514734E-01
 -1.11586294E-01  1.00000000E+00  3.81277324E-01 -1.37202628E+00  5.54702943E-01  7.02331781E+00  5.86141269E-01  1.43048368E-01
 -9.91878171E-02  1.00000000E+00  3.79045738E-01 -1.37776736E+00  5.76056591E-01  7.17800901E+00  5.78334142E-01  1.46659441E-01
 -8.67893400E-02  1.00000000E+00  3.94474606E-01 -1.37436510E+00  6.06774409E-01  7.57172356E+00  5.52084058E-01  1.55991989E-01
 -7.43908628E-02  1.00000000E+00  4.09903475E-01 -1.37069425E+00  6.47327353E-01  7.99004529E+00  5.26793762E-01  1.65850034E-01
 -6.19923857E-02  1.00000000E+00  3.71322972E-01 -1.25599296E+00  7.02681307E-01  7.89500415E+00  4.95500853E-01  1.64433407E-01
 -4.95939085E-02  1.00000000E+00  3.32742469E-01 -1.14349469E+00  7.48004885E-01  7.80734699E+00  4.67022951E-01  1.63118312E-01
 -3.71954314E-02  1.00000000E+00  6.48641746E-01 -1.93046923E+00  8.50657960E-01  1.05972733E+01  5.90339236E-01  2.22376313E-01
 -2.47969543E-02  1.00000000E+00  9.64541023E-01 -3.03294322E+00  1.08856302E+00  1.44940711E+01  8.23385318E-01  3.03793018E-01
 -1.23984771E-02  1.00000000E+00 -4.47491976E-02  1.00421623E+00  1.75387546E+00  1.19786003E+01  3.14275761E-01  2.59207211E-01
  0.00000000E+00  1.00000000E+00 -1.05403942E+00  6.16121025E+00  3.41923944E+00  1.71621720E+01  2.37367824E+00  3.28633194E-01
