# curve 5 (die wall), step =      600, time =   2.40000000E+02
# N1 = tau_xx - tau_yy = G ( c_xx - c_yy ),  G =  4.0000E-01  (polymer part only)
#              x               y        pressure            c_xy        gammadot            c_xx            c_yy              N1
 -1.00000000E+01  1.00000000E+00  7.81948955E+00 -4.41597539E-01  4.08659475E-01  1.35477630E+00  9.40620129E-01  1.65662468E-01
 -9.95040609E+00  1.00000000E+00  7.78169273E+00 -4.41526001E-01  4.08689232E-01  1.35480749E+00  9.40562448E-01  1.65698016E-01
 -9.90081218E+00  1.00000000E+00  7.74389592E+00 -4.41454464E-01  4.08713572E-01  1.35483868E+00  9.40504772E-01  1.65733564E-01
 -9.85121827E+00  1.00000000E+00  7.70613526E+00 -4.41493107E-01  4.08716331E-01  1.35482501E+00  9.40535680E-01  1.65715732E-01
 -9.80162437E+00  1.00000000E+00  7.66837461E+00 -4.41531751E-01  4.08706367E-01  1.35481134E+00  9.40566589E-01  1.65697900E-01
 -9.75203046E+00  1.00000000E+00  7.63058498E+00 -4.41561549E-01  4.08684542E-01  1.35479242E+00  9.40592016E-01  1.65680161E-01
 -9.70243655E+00  1.00000000E+00  7.59279535E+00 -4.41591348E-01  4.08675525E-01  1.35477350E+00  9.40617444E-01  1.65662423E-01
 -9.65284264E+00  1.00000000E+00  7.55501332E+00 -4.41592813E-01  4.08680895E-01  1.35477455E+00  9.40620109E-01  1.65661777E-01
 -9.60324873E+00  1.00000000E+00  7.51723129E+00 -4.41594278E-01  4.08666212E-01  1.35477561E+00  9.40622775E-01  1.65661132E-01
 -9.55365482E+00  1.00000000E+00  7.47945739E+00 -4.41625108E-01  4.08661976E-01  1.35476508E+00  9.40645708E-01  1.65647748E-01
 -9.50406091E+00  1.00000000E+00  7.44168349E+00 -4.41655938E-01  4.08649089E-01  1.35475455E+00  9.40668643E-01  1.65634365E-01
 -9.45446701E+00  1.00000000E+00  7.40386756E+00 -4.41583716E-01  4.08648165E-01  1.35475988E+00  9.40623414E-01  1.65654584E-01
 -9.40487310E+00  1.00000000E+00  7.36605163E+00 -4.41511495E-01  4.08658016E-01  1.35476520E+00  9.40578191E-01  1.65674804E-01
 -9.35527919E+00  1.00000000E+00  7.32830563E+00 -4.41645701E-01  4.08646800E-01  1.35473957E+00  9.40669074E-01  1.65628200E-01
 -9.30568528E+00  1.00000000E+00  7.29055963E+00 -4.41779910E-01  4.08611024E-01  1.35471397E+00  9.40759977E-01  1.65581596E-01
 -9.25609137E+00  1.00000000E+00  7.25274337E+00 -4.41668467E-01  4.08639234E-01  1.35475745E+00  9.40671670E-01  1.65634311E-01
 -9.20649746E+00  1.00000000E+00  7.21492710E+00 -4.41557026E-01  4.08666334E-01  1.35480095E+00  9.40583379E-01  1.65687028E-01
 -9.15690355E+00  1.00000000E+00  7.17714995E+00 -4.41594403E-01  4.08656242E-01  1.35477613E+00  9.40617496E-01  1.65663455E-01
 -9.10730965E+00  1.00000000E+00  7.13937280E+00 -4.41631780E-01  4.08655428E-01  1.35475132E+00  9.40651614E-01  1.65639883E-01
 -9.05771574E+00  1.00000000E+00  7.10159578E+00 -4.41612681E-01  4.08670545E-01  1.35477358E+00  9.40630195E-01  1.65657356E-01
 -9.00812183E+00  1.00000000E+00  7.06381877E+00 -4.41593582E-01  4.08671780E-01  1.35479585E+00  9.40608777E-01  1.65674828E-01
 -8.95852792E+00  1.00000000E+00  7.02602720E+00 -4.41622354E-01  4.08656355E-01  1.35477652E+00  9.40634084E-01  1.65656974E-01
 -8.90893401E+00  1.00000000E+00  6.98823564E+00 -4.41651125E-01  4.08652903E-01  1.35475719E+00  9.40659393E-01  1.65639119E-01
 -8.85934010E+00  1.00000000E+00  6.95044735E+00 -4.41608855E-01  4.08674262E-01  1.35477450E+00  9.40628082E-01  1.65658566E-01
 -8.80974619E+00  1.00000000E+00  6.91265906E+00 -4.41566586E-01  4.08675950E-01  1.35479181E+00  9.40596774E-01  1.65678014E-01
 -8.76015229E+00  1.00000000E+00  6.87487010E+00 -4.41596440E-01  4.08656568E-01  1.35478116E+00  9.40615731E-01  1.65666170E-01
 -8.71055838E+00  1.00000000E+00  6.83708113E+00 -4.41626294E-01  4.08658671E-01  1.35477051E+00  9.40634689E-01  1.65654327E-01
 -8.66096447E+00  1.00000000E+00  6.79929103E+00 -4.41563599E-01  4.08686262E-01  1.35479780E+00  9.40587351E-01  1.65684178E-01
 -8.61137056E+00  1.00000000E+00  6.76150093E+00 -4.41500904E-01  4.08701868E-01  1.35482509E+00  9.40540016E-01  1.65714029E-01
 -8.56177665E+00  1.00000000E+00  6.72373293E+00 -4.41537877E-01  4.08691954E-01  1.35480640E+00  9.40571758E-01  1.65693859E-01
 -8.51218274E+00  1.00000000E+00  6.68596494E+00 -4.41574850E-01  4.08683151E-01  1.35478772E+00  9.40603501E-01  1.65673689E-01
 -8.46258884E+00  1.00000000E+00  6.64818214E+00 -4.41639891E-01  4.08670174E-01  1.35476595E+00  9.40651561E-01  1.65645758E-01
 -8.41299493E+00  1.00000000E+00  6.61039934E+00 -4.41704933E-01  4.08632933E-01  1.35474419E+00  9.40699625E-01  1.65617826E-01
 -8.36340102E+00  1.00000000E+00  6.57257400E+00 -4.41579395E-01  4.08663617E-01  1.35478130E+00  9.40606976E-01  1.65669731E-01
 -8.31380711E+00  1.00000000E+00  6.53474865E+00 -4.41453861E-01  4.08689965E-01  1.35481843E+00  9.40514344E-01  1.65721635E-01
 -8.26421320E+00  1.00000000E+00  6.49701047E+00 -4.41524329E-01  4.08683369E-01  1.35479653E+00  9.40567883E-01  1.65691458E-01
 -8.21461929E+00  1.00000000E+00  6.45927229E+00 -4.41594798E-01  4.08674624E-01  1.35477463E+00  9.40621428E-01  1.65661281E-01
 -8.16502538E+00  1.00000000E+00  6.42148200E+00 -4.41652697E-01  4.08666645E-01  1.35475757E+00  9.40663359E-01  1.65637684E-01
 -8.11543148E+00  1.00000000E+00  6.38369172E+00 -4.41710596E-01  4.08631502E-01  1.35474051E+00  9.40705293E-01  1.65614087E-01
 -8.06583757E+00  1.00000000E+00  6.34587569E+00 -4.41604376E-01  4.08662884E-01  1.35477847E+00  9.40623494E-01  1.65661991E-01
 -8.01624366E+00  1.00000000E+00  6.30805967E+00 -4.41498158E-01  4.08691170E-01  1.35481645E+00  9.40541707E-01  1.65709897E-01
 -7.96664975E+00  1.00000000E+00  6.27030248E+00 -4.41542325E-01  4.08681846E-01  1.35479404E+00  9.40580392E-01  1.65685460E-01
 -7.91705584E+00  1.00000000E+00  6.23254530E+00 -4.41586493E-01  4.08674261E-01  1.35477164E+00  9.40619080E-01  1.65661024E-01
 -7.86746193E+00  1.00000000E+00  6.19476578E+00 -4.41651216E-01  4.08662552E-01  1.35475815E+00  9.40661421E-01  1.65638690E-01
 -7.81786802E+00  1.00000000E+00  6.15698627E+00 -4.41715938E-01  4.08631637E-01  1.35474465E+00  9.40703766E-01  1.65616355E-01
 -7.76827412E+00  1.00000000E+00  6.11915662E+00 -4.41586684E-01  4.08665896E-01  1.35478220E+00  9.40610098E-01  1.65668842E-01
 -7.71868021E+00  1.00000000E+00  6.08132697E+00 -4.41457433E-01  4.08690881E-01  1.35481977E+00  9.40516449E-01  1.65721329E-01
 -7.66908630E+00  1.00000000E+00  6.04358715E+00 -4.41526988E-01  4.08682345E-01  1.35479473E+00  9.40570504E-01  1.65689689E-01
 -7.61949239E+00  1.00000000E+00  6.00584732E+00 -4.41596543E-01  4.08671975E-01  1.35476969E+00  9.40624565E-01  1.65658050E-01
 -7.56989848E+00  1.00000000E+00  5.96805845E+00 -4.41653460E-01  4.08664794E-01  1.35475620E+00  9.40664325E-01  1.65636748E-01
 -7.52030457E+00  1.00000000E+00  5.93026957E+00 -4.41710377E-01  4.08630995E-01  1.35474271E+00  9.40704088E-01  1.65615447E-01
 -7.47071066E+00  1.00000000E+00  5.89245336E+00 -4.41603488E-01  4.08662425E-01  1.35477943E+00  9.40622533E-01  1.65662759E-01
 -7.42111676E+00  1.00000000E+00  5.85463715E+00 -4.41496601E-01  4.08691169E-01  1.35481617E+00  9.40540991E-01  1.65710072E-01
 -7.37152285E+00  1.00000000E+00  5.81688042E+00 -4.41541012E-01  4.08682244E-01  1.35479519E+00  9.40579000E-01  1.65686475E-01
 -7.32192894E+00  1.00000000E+00  5.77912368E+00 -4.41585422E-01  4.08675056E-01  1.35477421E+00  9.40617012E-01  1.65662879E-01
 -7.27233503E+00  1.00000000E+00  5.74134352E+00 -4.41651141E-01  4.08663782E-01  1.35475903E+00  9.40661025E-01  1.65639202E-01
 -7.22274112E+00  1.00000000E+00  5.70356337E+00 -4.41716860E-01  4.08632305E-01  1.35474385E+00  9.40705042E-01  1.65615525E-01
 -7.17314721E+00  1.00000000E+00  5.66573305E+00 -4.41586963E-01  4.08665523E-01  1.35478147E+00  9.40610813E-01  1.65668262E-01
 -7.12355330E+00  1.00000000E+00  5.62790274E+00 -4.41457069E-01  4.08690372E-01  1.35481910E+00  9.40516602E-01  1.65721000E-01
 -7.07395940E+00  1.00000000E+00  5.59016391E+00 -4.41526763E-01  4.08681888E-01  1.35479421E+00  9.40570657E-01  1.65689420E-01
 -7.02436549E+00  1.00000000E+00  5.55242509E+00 -4.41596458E-01  4.08671789E-01  1.35476932E+00  9.40624718E-01  1.65657840E-01
 -6.97477158E+00  1.00000000E+00  5.51463607E+00 -4.41653495E-01  4.08664867E-01  1.35475623E+00  9.40664313E-01  1.65636767E-01
 -6.92517767E+00  1.00000000E+00  5.47684705E+00 -4.41710532E-01  4.08631220E-01  1.35474315E+00  9.40703912E-01  1.65615694E-01
 -6.87558376E+00  1.00000000E+00  5.43903040E+00 -4.41604105E-01  4.08662722E-01  1.35477965E+00  9.40622865E-01  1.65662715E-01
 -6.82598985E+00  1.00000000E+00  5.40121376E+00 -4.41497680E-01  4.08691381E-01  1.35481617E+00  9.40541830E-01  1.65709736E-01
 -6.77639594E+00  1.00000000E+00  5.36345773E+00 -4.41541617E-01  4.08681814E-01  1.35479423E+00  9.40579953E-01  1.65685710E-01
 -6.72680204E+00  1.00000000E+00  5.32570170E+00 -4.41585554E-01  4.08674299E-01  1.35477229E+00  9.40618079E-01  1.65661683E-01
 -6.67720813E+00  1.00000000E+00  5.28792168E+00 -4.41651381E-01  4.08663348E-01  1.35475805E+00  9.40661568E-01  1.65638594E-01
 -6.62761422E+00  1.00000000E+00  5.25014165E+00 -4.41717209E-01  4.08632502E-01  1.35474382E+00  9.40705061E-01  1.65615505E-01
 -6.57802031E+00  1.00000000E+00  5.21231084E+00 -4.41587408E-01  4.08665623E-01  1.35478099E+00  9.40611258E-01  1.65667894E-01
 -6.52842640E+00  1.00000000E+00  5.17448002E+00 -4.41457611E-01  4.08690129E-01  1.35481818E+00  9.40517473E-01  1.65720284E-01
 -6.47883249E+00  1.00000000E+00  5.13674106E+00 -4.41526980E-01  4.08681373E-01  1.35479298E+00  9.40571442E-01  1.65688616E-01
 -6.42923858E+00  1.00000000E+00  5.09900209E+00 -4.41596350E-01  4.08671113E-01  1.35476779E+00  9.40625418E-01  1.65656949E-01
 -6.37964468E+00  1.00000000E+00  5.06121321E+00 -4.41653139E-01  4.08664204E-01  1.35475548E+00  9.40664446E-01  1.65636412E-01
 -6.33005077E+00  1.00000000E+00  5.02342434E+00 -4.41709929E-01  4.08630841E-01  1.35474317E+00  9.40703478E-01  1.65615875E-01
 -6.28045686E+00  1.00000000E+00  4.98560817E+00 -4.41603226E-01  4.08662545E-01  1.35477973E+00  9.40622167E-01  1.65663024E-01
 -6.23086295E+00  1.00000000E+00  4.94779201E+00 -4.41496525E-01  4.08691363E-01  1.35481630E+00  9.40540868E-01  1.65710174E-01
 -6.18126904E+00  1.00000000E+00  4.91003500E+00 -4.41541126E-01  4.08682480E-01  1.35479544E+00  9.40578924E-01  1.65686608E-01
 -6.13167513E+00  1.00000000E+00  4.87227799E+00 -4.41585728E-01  4.08675273E-01  1.35477459E+00  9.40616981E-01  1.65663042E-01
 -6.08208123E+00  1.00000000E+00  4.83449781E+00 -4.41650700E-01  4.08663814E-01  1.35475889E+00  9.40660801E-01  1.65639237E-01
 -6.03248732E+00  1.00000000E+00  4.79671764E+00 -4.41715674E-01  4.08631969E-01  1.35474321E+00  9.40704626E-01  1.65615432E-01
 -5.98289341E+00  1.00000000E+00  4.75888809E+00 -4.41586852E-01  4.08665644E-01  1.35478160E+00  9.40610635E-01  1.65668387E-01
 -5.93329950E+00  1.00000000E+00  4.72105854E+00 -4.41458034E-01  4.08690907E-01  1.35482002E+00  9.40516663E-01  1.65721343E-01
 -5.88370559E+00  1.00000000E+00  4.68331790E+00 -4.41527700E-01  4.08682628E-01  1.35479498E+00  9.40570875E-01  1.65689641E-01
 -5.83411168E+00  1.00000000E+00  4.64557725E+00 -4.41597367E-01  4.08672262E-01  1.35476994E+00  9.40625094E-01  1.65657939E-01
 -5.78451777E+00  1.00000000E+00  4.60778888E+00 -4.41653168E-01  4.08664202E-01  1.35475517E+00  9.40664693E-01  1.65636189E-01
 -5.73492387E+00  1.00000000E+00  4.57000050E+00 -4.41708970E-01  4.08629461E-01  1.35474039E+00  9.40704295E-01  1.65614439E-01
 -5.68532996E+00  1.00000000E+00  4.53218341E+00 -4.41597389E-01  4.08662292E-01  1.35478069E+00  9.40617978E-01  1.65665084E-01
 -5.63573605E+00  1.00000000E+00  4.49436631E+00 -4.41485810E-01  4.08692601E-01  1.35482100E+00  9.40531676E-01  1.65715729E-01
 -5.58614214E+00  1.00000000E+00  4.45661023E+00 -4.41529810E-01  4.08686633E-01  1.35480600E+00  9.40566202E-01  1.65695918E-01
 -5.53654823E+00  1.00000000E+00  4.41885415E+00 -4.41573811E-01  4.08682523E-01  1.35479100E+00  9.40600731E-01  1.65676106E-01
 -5.48695432E+00  1.00000000E+00  4.38106988E+00 -4.41638688E-01  4.08671217E-01  1.35476824E+00  9.40649382E-01  1.65647542E-01
 -5.43736041E+00  1.00000000E+00  4.34328562E+00 -4.41703566E-01  4.08633908E-01  1.35474548E+00  9.40698038E-01  1.65618978E-01
 -5.38776651E+00  1.00000000E+00  4.30546041E+00 -4.41579071E-01  4.08664424E-01  1.35478222E+00  9.40606224E-01  1.65670400E-01
 -5.33817260E+00  1.00000000E+00  4.26763520E+00 -4.41454580E-01  4.08690424E-01  1.35481898E+00  9.40514427E-01  1.65721823E-01
 -5.28857869E+00  1.00000000E+00  4.22989676E+00 -4.41524427E-01  4.08683581E-01  1.35479666E+00  9.40567845E-01  1.65691525E-01
 -5.23898478E+00  1.00000000E+00  4.19215832E+00 -4.41594274E-01  4.08674540E-01  1.35477434E+00  9.40621269E-01  1.65661228E-01
 -5.18939087E+00  1.00000000E+00  4.15436860E+00 -4.41651805E-01  4.08666567E-01  1.35475803E+00  9.40662468E-01  1.65638225E-01
 -5.13979696E+00  1.00000000E+00  4.11657888E+00 -4.41709337E-01  4.08632356E-01  1.35474173E+00  9.40703670E-01  1.65615222E-01
 -5.09020305E+00  1.00000000E+00  4.07875836E+00 -4.41597620E-01  4.08665532E-01  1.35478258E+00  9.40616731E-01  1.65666341E-01
 -5.04060915E+00  1.00000000E+00  4.04093784E+00 -4.41485905E-01  4.08694427E-01  1.35482345E+00  9.40529805E-01  1.65717460E-01
 -4.99101524E+00  1.00000000E+00  4.00318230E+00 -4.41530291E-01  4.08689096E-01  1.35480944E+00  9.40564387E-01  1.65698021E-01
 -4.94142133E+00  1.00000000E+00  3.96542676E+00 -4.41574678E-01  4.08684312E-01  1.35479542E+00  9.40598971E-01  1.65678582E-01
 -4.89182742E+00  1.00000000E+00  3.92764671E+00 -4.41621998E-01  4.08674482E-01  1.35477658E+00  9.40635259E-01  1.65656529E-01
 -4.84223351E+00  1.00000000E+00  3.88986666E+00 -4.41669319E-01  4.08654781E-01  1.35475774E+00  9.40671549E-01  1.65634476E-01
 -4.79263960E+00  1.00000000E+00  3.85204410E+00 -4.41578485E-01  4.08671991E-01  1.35478446E+00  9.40605464E-01  1.65671601E-01
 -4.74304569E+00  1.00000000E+00  3.81422154E+00 -4.41487654E-01  4.08688017E-01  1.35481120E+00  9.40539387E-01  1.65708726E-01
 -4.69345179E+00  1.00000000E+00  3.77647269E+00 -4.41539961E-01  4.08679285E-01  1.35478799E+00  9.40582238E-01  1.65682302E-01
 -4.64385788E+00  1.00000000E+00  3.73872384E+00 -4.41592269E-01  4.08666454E-01  1.35476479E+00  9.40625093E-01  1.65655879E-01
 -4.59426397E+00  1.00000000E+00  3.70095402E+00 -4.41662940E-01  4.08657243E-01  1.35474260E+00  9.40679172E-01  1.65625370E-01
 -4.54467006E+00  1.00000000E+00  3.66318420E+00 -4.41733612E-01  4.08619453E-01  1.35472041E+00  9.40733257E-01  1.65594861E-01
 -4.49507615E+00  1.00000000E+00  3.62538421E+00 -4.41748866E-01  4.08616635E-01  1.35471802E+00  9.40741382E-01  1.65590655E-01
 -4.44548224E+00  1.00000000E+00  3.58758422E+00 -4.41764120E-01  4.08600838E-01  1.35471563E+00  9.40749507E-01  1.65586449E-01
 -4.39588833E+00  1.00000000E+00  3.54976466E+00 -4.41601159E-01  4.08637939E-01  1.35476438E+00  9.40628838E-01  1.65654217E-01
 -4.34629443E+00  1.00000000E+00  3.51194511E+00 -4.41438204E-01  4.08674311E-01  1.35481317E+00  9.40508199E-01  1.65721987E-01
 -4.29670052E+00  1.00000000E+00  3.47419548E+00 -4.41557384E-01  4.08672296E-01  1.35478609E+00  9.40592364E-01  1.65677491E-01
 -4.24710661E+00  1.00000000E+00  3.43644586E+00 -4.41676568E-01  4.08647108E-01  1.35475903E+00  9.40676543E-01  1.65632996E-01
 -4.19751270E+00  1.00000000E+00  3.39862322E+00 -4.41559843E-01  4.08673697E-01  1.35480197E+00  9.40584995E-01  1.65686790E-01
 -4.14791879E+00  1.00000000E+00  3.36080057E+00 -4.41443121E-01  4.08707815E-01  1.35484492E+00  9.40493463E-01  1.65740585E-01
 -4.09832488E+00  1.00000000E+00  3.32304467E+00 -4.41496898E-01  4.08707917E-01  1.35481900E+00  9.40540517E-01  1.65711393E-01
 -4.04873097E+00  1.00000000E+00  3.28528876E+00 -4.41550675E-01  4.08694676E-01  1.35479308E+00  9.40587576E-01  1.65682201E-01
 -3.99913707E+00  1.00000000E+00  3.24750291E+00 -4.41574813E-01  4.08674899E-01  1.35477494E+00  9.40611320E-01  1.65665448E-01
 -3.94954316E+00  1.00000000E+00  3.20971705E+00 -4.41598951E-01  4.08658009E-01  1.35475680E+00  9.40635066E-01  1.65648695E-01
 -3.89994925E+00  1.00000000E+00  3.17195067E+00 -4.41675889E-01  4.08648644E-01  1.35474159E+00  9.40687299E-01  1.65621716E-01
 -3.85035534E+00  1.00000000E+00  3.13418429E+00 -4.41752829E-01  4.08608425E-01  1.35472638E+00  9.40739538E-01  1.65594736E-01
 -3.80076143E+00  1.00000000E+00  3.09635891E+00 -4.41644485E-01  4.08639013E-01  1.35476529E+00  9.40655197E-01  1.65644036E-01
 -3.75116752E+00  1.00000000E+00  3.05853352E+00 -4.41536144E-01  4.08669021E-01  1.35480421E+00  9.40570869E-01  1.65693337E-01
 -3.70157361E+00  1.00000000E+00  3.02078061E+00 -4.41617901E-01  4.08653338E-01  1.35477030E+00  9.40635116E-01  1.65654073E-01
 -3.65197971E+00  1.00000000E+00  2.98302770E+00 -4.41699660E-01  4.08636161E-01  1.35473639E+00  9.40699371E-01  1.65614809E-01
 -3.60238580E+00  1.00000000E+00  2.94522730E+00 -4.41690917E-01  4.08622036E-01  1.35473867E+00  9.40691458E-01  1.65618884E-01
 -3.55279189E+00  1.00000000E+00  2.90742690E+00 -4.41682175E-01  4.08621926E-01  1.35474094E+00  9.40683544E-01  1.65622958E-01
 -3.50319798E+00  1.00000000E+00  2.86964005E+00 -4.41622427E-01  4.08647934E-01  1.35477111E+00  9.40635701E-01  1.65654163E-01
 -3.45360407E+00  1.00000000E+00  2.83185320E+00 -4.41562679E-01  4.08666280E-01  1.35480128E+00  9.40587862E-01  1.65685367E-01
 -3.40401016E+00  1.00000000E+00  2.79409312E+00 -4.41658574E-01  4.08655023E-01  1.35476444E+00  9.40663134E-01  1.65640522E-01
 -3.35441626E+00  1.00000000E+00  2.75633304E+00 -4.41754470E-01  4.08618613E-01  1.35472761E+00  9.40738416E-01  1.65595677E-01
 -3.30482235E+00  1.00000000E+00  2.71850453E+00 -4.41620380E-01  4.08651472E-01  1.35477024E+00  9.40637245E-01  1.65653199E-01
 -3.25522844E+00  1.00000000E+00  2.68067603E+00 -4.41486292E-01  4.08683162E-01  1.35481290E+00  9.40536095E-01  1.65710722E-01
 -3.20563453E+00  1.00000000E+00  2.64290150E+00 -4.41528281E-01  4.08675951E-01  1.35479929E+00  9.40565783E-01  1.65693404E-01
 -3.15604062E+00  1.00000000E+00  2.60512697E+00 -4.41570270E-01  4.08678818E-01  1.35478569E+00  9.40595472E-01  1.65676086E-01
 -3.10644671E+00  1.00000000E+00  2.56734770E+00 -4.41534181E-01  4.08695526E-01  1.35480184E+00  9.40570203E-01  1.65692656E-01
 -3.05685280E+00  1.00000000E+00  2.52956842E+00 -4.41498092E-01  4.08696131E-01  1.35481800E+00  9.40544935E-01  1.65709226E-01
 -3.00725890E+00  1.00000000E+00  2.49180392E+00 -4.41602112E-01  4.08677979E-01  1.35477422E+00  9.40628344E-01  1.65658350E-01
 -2.95766499E+00  1.00000000E+00  2.45403941E+00 -4.41706135E-01  4.08633869E-01  1.35473045E+00  9.40711766E-01  1.65607475E-01
 -2.90807108E+00  1.00000000E+00  2.41622239E+00 -4.41592399E-01  4.08656610E-01  1.35476716E+00  9.40626354E-01  1.65656322E-01
 -2.85847717E+00  1.00000000E+00  2.37840536E+00 -4.41478665E-01  4.08678401E-01  1.35480388E+00  9.40540956E-01  1.65705169E-01
 -2.80888326E+00  1.00000000E+00  2.34067095E+00 -4.41648417E-01  4.08652086E-01  1.35475101E+00  9.40667099E-01  1.65633565E-01
 -2.75928935E+00  1.00000000E+00  2.30293654E+00 -4.41818174E-01  4.08599432E-01  1.35469818E+00  9.40793274E-01  1.65561963E-01
 -2.70969544E+00  1.00000000E+00  2.26510965E+00 -4.41733906E-01  4.08614392E-01  1.35472556E+00  9.40726245E-01  1.65599725E-01
 -2.66010154E+00  1.00000000E+00  2.22728275E+00 -4.41649641E-01  4.08625504E-01  1.35475294E+00  9.40659224E-01  1.65637488E-01
 -2.61050763E+00  1.00000000E+00  2.18949086E+00 -4.41579519E-01  4.08653035E-01  1.35477388E+00  9.40608788E-01  1.65666039E-01
 -2.56091372E+00  1.00000000E+00  2.15169898E+00 -4.41509398E-01  4.08678165E-01  1.35479483E+00  9.40558357E-01  1.65694589E-01
 -2.51131981E+00  1.00000000E+00  2.11392222E+00 -4.41533440E-01  4.08678619E-01  1.35479136E+00  9.40574602E-01  1.65686703E-01
 -2.46172590E+00  1.00000000E+00  2.07614547E+00 -4.41557483E-01  4.08677426E-01  1.35478789E+00  9.40590848E-01  1.65678817E-01
 -2.41213199E+00  1.00000000E+00  2.03837683E+00 -4.41634849E-01  4.08670889E-01  1.35476418E+00  9.40649467E-01  1.65645886E-01
 -2.36253808E+00  1.00000000E+00  2.00060820E+00 -4.41712217E-01  4.08631070E-01  1.35474048E+00  9.40708093E-01  1.65612955E-01
 -2.31294418E+00  1.00000000E+00  1.96279120E+00 -4.41594050E-01  4.08655932E-01  1.35478059E+00  9.40615532E-01  1.65666024E-01
 -2.26335027E+00  1.00000000E+00  1.92497419E+00 -4.41475885E-01  4.08687858E-01  1.35482072E+00  9.40522988E-01  1.65719093E-01
 -2.21375636E+00  1.00000000E+00  1.88720071E+00 -4.41515762E-01  4.08687859E-01  1.35480681E+00  9.40555562E-01  1.65700500E-01
 -2.16416245E+00  1.00000000E+00  1.84942723E+00 -4.41555639E-01  4.08685342E-01  1.35479291E+00  9.40588138E-01  1.65681907E-01
 -2.11456854E+00  1.00000000E+00  1.81165789E+00 -4.41568940E-01  4.08679497E-01  1.35477641E+00  9.40604862E-01  1.65668619E-01
 -2.06497463E+00  1.00000000E+00  1.77388855E+00 -4.41582240E-01  4.08660915E-01  1.35475992E+00  9.40621587E-01  1.65655331E-01
 -2.01538072E+00  1.00000000E+00  1.73609511E+00 -4.41602807E-01  4.08637536E-01  1.35474129E+00  9.40642007E-01  1.65639714E-01
 -1.96578682E+00  1.00000000E+00  1.69830167E+00 -4.41623373E-01  4.08627695E-01  1.35472267E+00  9.40662429E-01  1.65624097E-01
 -1.91619291E+00  1.00000000E+00  1.66052428E+00 -4.41585657E-01  4.08642406E-01  1.35473000E+00  9.40637657E-01  1.65636936E-01
 -1.86659900E+00  1.00000000E+00  1.62274690E+00 -4.41547941E-01  4.08638516E-01  1.35473732E+00  9.40612886E-01  1.65649775E-01
 -1.81700509E+00  1.00000000E+00  1.58495829E+00 -4.41576907E-01  4.08611050E-01  1.35471192E+00  9.40639796E-01  1.65628851E-01
 -1.76741118E+00  1.00000000E+00  1.54716968E+00 -4.41605872E-01  4.08601604E-01  1.35468652E+00  9.40666706E-01  1.65607928E-01
 -1.71781727E+00  1.00000000E+00  1.50939434E+00 -4.41543980E-01  4.08610781E-01  1.35469019E+00  9.40630524E-01  1.65623866E-01
 -1.66822336E+00  1.00000000E+00  1.47161900E+00 -4.41482089E-01  4.08600947E-01  1.35469386E+00  9.40594346E-01  1.65639804E-01
 -1.61862946E+00  1.00000000E+00  1.43385683E+00 -4.41508291E-01  4.08569896E-01  1.35465605E+00  9.40627971E-01  1.65611232E-01
 -1.56903555E+00  1.00000000E+00  1.39609466E+00 -4.41534493E-01  4.08548571E-01  1.35461825E+00  9.40661598E-01  1.65582661E-01
 -1.51944164E+00  1.00000000E+00  1.35835466E+00 -4.41543944E-01  4.08531094E-01  1.35457025E+00  9.40693909E-01  1.65550538E-01
 -1.46984773E+00  1.00000000E+00  1.32061465E+00 -4.41553396E-01  4.08481257E-01  1.35452226E+00  9.40726221E-01  1.65518415E-01
 -1.42025382E+00  1.00000000E+00  1.28282973E+00 -4.41422206E-01  4.08466827E-01  1.35451533E+00  9.40650670E-01  1.65545862E-01
 -1.37065991E+00  1.00000000E+00  1.24504482E+00 -4.41291021E-01  4.08467993E-01  1.35450841E+00  9.40575135E-01  1.65573310E-01
 -1.32106600E+00  1.00000000E+00  1.20739209E+00 -4.41380653E-01  4.08437758E-01  1.35443042E+00  9.40668485E-01  1.65504774E-01
 -1.27147210E+00  1.00000000E+00  1.16973936E+00 -4.41470286E-01  4.08375038E-01  1.35435245E+00  9.40761848E-01  1.65436239E-01
 -1.22187819E+00  1.00000000E+00  1.13206454E+00 -4.41412757E-01  4.08346923E-01  1.35431940E+00  9.40745041E-01  1.65429743E-01
 -1.17228428E+00  1.00000000E+00  1.09438973E+00 -4.41355229E-01  4.08324313E-01  1.35428636E+00  9.40728237E-01  1.65423247E-01
 -1.12269037E+00  1.00000000E+00  1.05681215E+00 -4.41351779E-01  4.08301600E-01  1.35426715E+00  9.40734609E-01  1.65413016E-01
 -1.07309646E+00  1.00000000E+00  1.01923457E+00 -4.41348329E-01  4.08288591E-01  1.35424794E+00  9.40740980E-01  1.65402785E-01
 -1.02350255E+00  1.00000000E+00  9.81761106E-01 -4.41338944E-01  4.08314900E-01  1.35427091E+00  9.40732179E-01  1.65415491E-01
 -9.73908645E-01  1.00000000E+00  9.44287643E-01 -4.41329559E-01  4.08357804E-01  1.35429387E+00  9.40723377E-01  1.65428198E-01
 -9.24314736E-01  1.00000000E+00  9.06969002E-01 -4.41414068E-01  4.08457346E-01  1.35449700E+00  9.40658872E-01  1.65535251E-01
 -8.74720828E-01  1.00000000E+00  8.69650362E-01 -4.41498585E-01  4.08579639E-01  1.35470016E+00  9.40594381E-01  1.65642311E-01
 -8.25312107E-01  1.00000000E+00  8.32698678E-01 -4.41703875E-01  4.08845618E-01  1.35509328E+00  9.40534651E-01  1.65823453E-01
 -7.75903387E-01  1.00000000E+00  7.95746995E-01 -4.41909204E-01  4.09161969E-01  1.35548653E+00  9.40474965E-01  1.66004627E-01
 -7.30665613E-01  1.00000000E+00  7.62242647E-01 -4.42424252E-01  4.09701837E-01  1.35627166E+00  9.40383480E-01  1.66355271E-01
 -6.85427839E-01  1.00000000E+00  7.28738299E-01 -4.42939493E-01  4.10298823E-01  1.35705734E+00  9.40292249E-01  1.66706035E-01
 -6.45465100E-01  1.00000000E+00  6.99503687E-01 -4.43614047E-01  4.11159189E-01  1.35834898E+00  9.40031431E-01  1.67327020E-01
 -6.05502361E-01  1.00000000E+00  6.70269075E-01 -4.44289001E-01  4.12129816E-01  1.35964197E+00  9.39771152E-01  1.67948329E-01
 -5.70199545E-01  1.00000000E+00  6.44760524E-01 -4.45307737E-01  4.13356204E-01  1.36149556E+00  9.39456740E-01  1.68815528E-01
 -5.34896729E-01  1.00000000E+00  6.19251972E-01 -4.46327362E-01  4.14748530E-01  1.36335197E+00  9.39143452E-01  1.69683408E-01
 -5.03710456E-01  1.00000000E+00  5.96967576E-01 -4.47826197E-01  4.16454145E-01  1.36599554E+00  9.38716565E-01  1.70911591E-01
 -4.72524184E-01  1.00000000E+00  5.74683179E-01 -4.49326889E-01  4.18374465E-01  1.36864493E+00  9.38292056E-01  1.72141148E-01
 -4.44974441E-01  1.00000000E+00  5.55614040E-01 -4.51448085E-01  4.20719102E-01  1.37229245E+00  9.37767773E-01  1.73809870E-01
 -4.17424698E-01  1.00000000E+00  5.36544901E-01 -4.53572951E-01  4.23390394E-01  1.37595112E+00  9.37248059E-01  1.75481223E-01
 -3.93087440E-01  1.00000000E+00  5.20045351E-01 -4.55980962E-01  4.26093970E-01  1.37998626E+00  9.36751750E-01  1.77293805E-01
 -3.68750182E-01  1.00000000E+00  5.03545801E-01 -4.58393647E-01  4.29290303E-01  1.38403514E+00  9.36261072E-01  1.79109625E-01
 -3.47250809E-01  1.00000000E+00  4.89307400E-01 -4.61226094E-01  4.32935719E-01  1.38973374E+00  9.35088459E-01  1.81858111E-01
 -3.25751437E-01  1.00000000E+00  4.75068999E-01 -4.64065843E-01  4.36982521E-01  1.39545764E+00  9.33925644E-01  1.84612800E-01
 -3.06759035E-01  1.00000000E+00  4.62897446E-01 -4.67802075E-01  4.41258253E-01  1.40200485E+00  9.33078767E-01  1.87570432E-01
 -2.87766633E-01  1.00000000E+00  4.50725894E-01 -4.71549936E-01  4.45976624E-01  1.40858693E+00  9.32245647E-01  1.90536515E-01
 -2.70988873E-01  1.00000000E+00  4.40478887E-01 -4.75555767E-01  4.51228800E-01  1.41660546E+00  9.30769914E-01  1.94334219E-01
 -2.54211113E-01  1.00000000E+00  4.30231880E-01 -4.79576223E-01  4.56836837E-01  1.42467324E+00  9.29312667E-01  1.98144230E-01
 -2.39389755E-01  1.00000000E+00  4.21706943E-01 -4.84302812E-01  4.62838927E-01  1.43379277E+00  9.27911935E-01  2.02352336E-01
 -2.24568396E-01  1.00000000E+00  4.13182007E-01 -4.89049337E-01  4.69258486E-01  1.44297604E+00  9.26534774E-01  2.06576507E-01
 -2.11472015E-01  1.00000000E+00  4.06058945E-01 -4.94325484E-01  4.76120149E-01  1.45363836E+00  9.24820791E-01  2.11527027E-01
 -1.98375634E-01  1.00000000E+00  3.98935884E-01 -4.99627397E-01  4.83449077E-01  1.46438532E+00  9.23137020E-01  2.16499321E-01
 -1.85977157E-01  1.00000000E+00  3.92899179E-01 -5.06437224E-01  4.92024259E-01  1.47781378E+00  9.21309429E-01  2.22601739E-01
 -1.73578680E-01  1.00000000E+00  3.86862473E-01 -5.13289244E-01  5.01173556E-01  1.49137551E+00  9.19528731E-01  2.28738713E-01
 -1.61180203E-01  1.00000000E+00  3.81610273E-01 -5.20948149E-01  5.12481706E-01  1.50884171E+00  9.16372481E-01  2.36987690E-01
 -1.48781726E-01  1.00000000E+00  3.76358072E-01 -5.28666826E-01  5.24604620E-01  1.52652036E+00  9.13286350E-01  2.45293605E-01
 -1.36383248E-01  1.00000000E+00  3.73196559E-01 -5.39772901E-01  5.39686009E-01  1.55138802E+00  9.09602719E-01  2.56714120E-01
 -1.23984771E-01  1.00000000E+00  3.70035047E-01 -5.51003499E-01  5.56336354E-01  1.57667794E+00  9.06051128E-01  2.68250724E-01
 -1.11586294E-01  1.00000000E+00  3.63959130E-01 -5.65117290E-01  5.78636953E-01  1.60891407E+00  9.01627619E-01  2.82914581E-01
 -9.91878171E-02  1.00000000E+00  3.57883213E-01 -5.79432575E-01  6.02079193E-01  1.64183368E+00  8.97410916E-01  2.97769107E-01
 -8.67893400E-02  1.00000000E+00  3.77844359E-01 -5.97672229E-01  6.35879790E-01  1.71358718E+00  8.79719195E-01  3.33547194E-01
 -7.43908628E-02  1.00000000E+00  3.97805504E-01 -6.16511989E-01  6.79803244E-01  1.78844355E+00  8.62815179E-01  3.70251349E-01
 -6.19923857E-02  1.00000000E+00  3.43375264E-01 -6.35614839E-01  7.35749315E-01  1.83514132E+00  8.58343556E-01  3.90719104E-01
 -4.95939085E-02  1.00000000E+00  2.88945024E-01 -6.55085947E-01  7.82620046E-01  1.88309131E+00  8.54200069E-01  4.11556497E-01
 -3.71954314E-02  1.00000000E+00  6.03933748E-01 -7.63052333E-01  9.04323796E-01  2.18707390E+00  8.30180181E-01  5.42757489E-01
 -2.47969543E-02  1.00000000E+00  9.18922471E-01 -8.84631463E-01  1.13634741E+00  2.54026335E+00  8.15852744E-01  6.89764242E-01
 -1.23984771E-02  1.00000000E+00  6.12150463E-02 -2.99084552E-01  1.85520482E+00  3.15427255E+00  4.55837687E-01  1.07937395E+00
  0.00000000E+00  1.00000000E+00 -7.96492378E-01  3.73696070E-01  3.28636798E+00  4.47893384E+00  3.45877225E-01  1.65322265E+00
