# curve 5 (die wall), step =      900, time =   7.20000000E+02
# N1 = tau_xx - tau_yy = G ( c_xx - c_yy ),  G =  2.0000E-01  (polymer part only)
#              x               y        pressure            c_xy        gammadot            c_xx            c_yy              N1
 -3.00000000E+00  1.00000000E+00  2.61027175E+00 -4.00091689E-01  3.99994134E-01  1.31980725E+00  1.00008214E+00  6.39450232E-02
 -2.95108291E+00  1.00000000E+00  2.57112736E+00 -4.00105644E-01  3.99997841E-01  1.31980878E+00  1.00008751E+00  6.39442534E-02
 -2.90216582E+00  1.00000000E+00  2.53198297E+00 -4.00119598E-01  4.00001766E-01  1.31981030E+00  1.00009288E+00  6.39434835E-02
 -2.85324873E+00  1.00000000E+00  2.49285089E+00 -4.00124685E-01  3.99999903E-01  1.31976275E+00  1.00010610E+00  6.39313292E-02
 -2.80433164E+00  1.00000000E+00  2.45371881E+00 -4.00129773E-01  3.99994262E-01  1.31971520E+00  1.00011932E+00  6.39191752E-02
 -2.75541455E+00  1.00000000E+00  2.41458095E+00 -4.00097666E-01  3.99998666E-01  1.31980365E+00  1.00008519E+00  6.39436929E-02
 -2.70649746E+00  1.00000000E+00  2.37544310E+00 -4.00065559E-01  3.99999102E-01  1.31989211E+00  1.00005105E+00  6.39682120E-02
 -2.65758037E+00  1.00000000E+00  2.33631239E+00 -4.00077521E-01  3.99998375E-01  1.31986078E+00  1.00006392E+00  6.39593719E-02
 -2.60866328E+00  1.00000000E+00  2.29718169E+00 -4.00089483E-01  4.00000012E-01  1.31982945E+00  1.00007679E+00  6.39505321E-02
 -2.55974619E+00  1.00000000E+00  2.25804627E+00 -4.00073215E-01  3.99998074E-01  1.31987774E+00  1.00005839E+00  6.39638701E-02
 -2.51082911E+00  1.00000000E+00  2.21891085E+00 -4.00056946E-01  4.00003991E-01  1.31992604E+00  1.00003999E+00  6.39772085E-02
 -2.46191202E+00  1.00000000E+00  2.17977777E+00 -4.00068633E-01  4.00000160E-01  1.31987554E+00  1.00005650E+00  6.39638090E-02
 -2.41299493E+00  1.00000000E+00  2.14064468E+00 -4.00080319E-01  3.99995033E-01  1.31982505E+00  1.00007300E+00  6.39504100E-02
 -2.36407784E+00  1.00000000E+00  2.10150937E+00 -4.00058689E-01  3.99997366E-01  1.31988301E+00  1.00005040E+00  6.39665215E-02
 -2.31516075E+00  1.00000000E+00  2.06237405E+00 -4.00037057E-01  4.00000633E-01  1.31994097E+00  1.00002780E+00  6.39826337E-02
 -2.26624366E+00  1.00000000E+00  2.02324042E+00 -4.00068968E-01  3.99998597E-01  1.31988089E+00  1.00005567E+00  6.39650438E-02
 -2.21732657E+00  1.00000000E+00  1.98410679E+00 -4.00100877E-01  3.99999435E-01  1.31982082E+00  1.00008355E+00  6.39474546E-02
 -2.16840948E+00  1.00000000E+00  1.94497677E+00 -4.00101103E-01  3.99995773E-01  1.31979535E+00  1.00008945E+00  6.39411798E-02
 -2.11949239E+00  1.00000000E+00  1.90584674E+00 -4.00101329E-01  3.99988186E-01  1.31976987E+00  1.00009534E+00  6.39349051E-02
 -2.07057530E+00  1.00000000E+00  1.86670870E+00 -4.00110548E-01  3.99989750E-01  1.31977336E+00  1.00009936E+00  6.39348006E-02
 -2.02165821E+00  1.00000000E+00  1.82757066E+00 -4.00119768E-01  3.99993101E-01  1.31977685E+00  1.00010337E+00  6.39346961E-02
 -1.97274112E+00  1.00000000E+00  1.78844278E+00 -4.00120614E-01  3.99984852E-01  1.31972428E+00  1.00011554E+00  6.39217491E-02
 -1.92382403E+00  1.00000000E+00  1.74931489E+00 -4.00121460E-01  3.99973781E-01  1.31967172E+00  1.00012770E+00  6.39088026E-02
 -1.87490694E+00  1.00000000E+00  1.71018153E+00 -4.00079698E-01  3.99969929E-01  1.31974600E+00  1.00009343E+00  6.39305137E-02
 -1.82598985E+00  1.00000000E+00  1.67104817E+00 -4.00037935E-01  3.99964535E-01  1.31982029E+00  1.00005916E+00  6.39522259E-02
 -1.77707276E+00  1.00000000E+00  1.63192452E+00 -4.00063731E-01  3.99959387E-01  1.31975130E+00  1.00008686E+00  6.39328888E-02
 -1.72815567E+00  1.00000000E+00  1.59280087E+00 -4.00089526E-01  3.99953971E-01  1.31968232E+00  1.00011456E+00  6.39135526E-02
 -1.67923858E+00  1.00000000E+00  1.55366974E+00 -4.00059114E-01  3.99937641E-01  1.31970155E+00  1.00009695E+00  6.39209188E-02
 -1.63032150E+00  1.00000000E+00  1.51453862E+00 -4.00028702E-01  3.99929278E-01  1.31972078E+00  1.00007935E+00  6.39282851E-02
 -1.58140441E+00  1.00000000E+00  1.47543602E+00 -4.00022872E-01  3.99911226E-01  1.31966270E+00  1.00009256E+00  6.39140277E-02
 -1.53248732E+00  1.00000000E+00  1.43633343E+00 -4.00017041E-01  3.99894663E-01  1.31960463E+00  1.00010577E+00  6.38997708E-02
 -1.48357023E+00  1.00000000E+00  1.39722826E+00 -3.99993314E-01  3.99875020E-01  1.31957475E+00  1.00010467E+00  6.38940161E-02
 -1.43465314E+00  1.00000000E+00  1.35812309E+00 -3.99969586E-01  3.99850125E-01  1.31954488E+00  1.00010357E+00  6.38882615E-02
 -1.38573605E+00  1.00000000E+00  1.31903872E+00 -3.99919457E-01  3.99822312E-01  1.31955383E+00  1.00008131E+00  6.38945033E-02
 -1.33681896E+00  1.00000000E+00  1.27995434E+00 -3.99869327E-01  3.99802247E-01  1.31956278E+00  1.00005905E+00  6.39007452E-02
 -1.28790187E+00  1.00000000E+00  1.24090832E+00 -3.99850879E-01  3.99773046E-01  1.31950385E+00  1.00006528E+00  6.38877132E-02
 -1.23898478E+00  1.00000000E+00  1.20186231E+00 -3.99832432E-01  3.99741904E-01  1.31944493E+00  1.00007152E+00  6.38746817E-02
 -1.19006769E+00  1.00000000E+00  1.16286537E+00 -3.99816922E-01  3.99715932E-01  1.31938564E+00  1.00008652E+00  6.38598237E-02
 -1.14115060E+00  1.00000000E+00  1.12386844E+00 -3.99801414E-01  3.99690898E-01  1.31932636E+00  1.00010153E+00  6.38449660E-02
 -1.09223351E+00  1.00000000E+00  1.08495586E+00 -3.99799125E-01  3.99680719E-01  1.31929000E+00  1.00010607E+00  6.38367866E-02
 -1.04331642E+00  1.00000000E+00  1.04604329E+00 -3.99796837E-01  3.99670964E-01  1.31925364E+00  1.00011061E+00  6.38286073E-02
 -9.94399333E-01  1.00000000E+00  1.00722814E+00 -3.99788453E-01  3.99688879E-01  1.31935317E+00  1.00008009E+00  6.38546155E-02
 -9.45482243E-01  1.00000000E+00  9.68412995E-01 -3.99780068E-01  3.99720852E-01  1.31945270E+00  1.00004958E+00  6.38806253E-02
 -8.96565154E-01  1.00000000E+00  9.29778365E-01 -3.99918302E-01  3.99828025E-01  1.31960323E+00  1.00007442E+00  6.39057619E-02
 -8.47648064E-01  1.00000000E+00  8.91143735E-01 -4.00056551E-01  3.99962379E-01  1.31975378E+00  1.00009928E+00  6.39309010E-02
 -7.99501858E-01  1.00000000E+00  8.53378853E-01 -4.00318237E-01  4.00190067E-01  1.32018237E+00  1.00011662E+00  6.40131496E-02
 -7.51355652E-01  1.00000000E+00  8.15613971E-01 -4.00579995E-01  4.00498272E-01  1.32061112E+00  1.00013401E+00  6.40954206E-02
 -7.08111109E-01  1.00000000E+00  7.81967084E-01 -4.01058245E-01  4.00908289E-01  1.32146210E+00  1.00009769E+00  6.42728833E-02
 -6.64866566E-01  1.00000000E+00  7.48320196E-01 -4.01536734E-01  4.01502634E-01  1.32231371E+00  1.00006155E+00  6.44504328E-02
 -6.26599939E-01  1.00000000E+00  7.18859917E-01 -4.02407488E-01  4.02274235E-01  1.32358862E+00  1.00013592E+00  6.46905386E-02
 -5.88333313E-01  1.00000000E+00  6.89399639E-01 -4.03278946E-01  4.03147610E-01  1.32486505E+00  1.00021087E+00  6.49308359E-02
 -5.54471587E-01  1.00000000E+00  6.63720592E-01 -4.04389437E-01  4.04307885E-01  1.32695364E+00  1.00001431E+00  6.53878645E-02
 -5.20609860E-01  1.00000000E+00  6.38041545E-01 -4.05501222E-01  4.05599182E-01  1.32904587E+00  9.99818844E-01  6.58454043E-02
 -4.90645977E-01  1.00000000E+00  6.15554529E-01 -4.07307753E-01  4.07139498E-01  1.33165552E+00  1.00006550E+00  6.63180033E-02
 -4.60682095E-01  1.00000000E+00  5.93067514E-01 -4.09117374E-01  4.08837351E-01  1.33427159E+00  1.00031457E+00  6.67914046E-02
 -4.34167380E-01  1.00000000E+00  5.73753000E-01 -4.11116243E-01  4.10993330E-01  1.33796696E+00  1.00001016E+00  6.75913590E-02
 -4.07652666E-01  1.00000000E+00  5.54438487E-01 -4.13119236E-01  4.13340568E-01  1.34167370E+00  9.99709185E-01  6.83929027E-02
 -3.84190072E-01  1.00000000E+00  5.37489002E-01 -4.15921679E-01  4.15859309E-01  1.34606460E+00  9.99918363E-01  6.92292465E-02
 -3.60727478E-01  1.00000000E+00  5.20539517E-01 -4.18731809E-01  4.18616194E-01  1.35047265E+00  1.00013335E+00  7.00678599E-02
 -3.39965684E-01  1.00000000E+00  5.06047378E-01 -4.21944386E-01  4.21936185E-01  1.35611770E+00  9.99948662E-01  7.12338078E-02
 -3.19203889E-01  1.00000000E+00  4.91555238E-01 -4.25167438E-01  4.25442534E-01  1.36178946E+00  9.99772125E-01  7.24034670E-02
 -3.00831998E-01  1.00000000E+00  4.79146721E-01 -4.29389535E-01  4.29323481E-01  1.36872663E+00  9.99988646E-01  7.37475977E-02
 -2.82460107E-01  1.00000000E+00  4.66738204E-01 -4.33629431E-01  4.33483803E-01  1.37570496E+00  1.00021829E+00  7.50973343E-02
 -2.66203017E-01  1.00000000E+00  4.56168288E-01 -4.38144262E-01  4.38155125E-01  1.38405606E+00  9.99882657E-01  7.68346816E-02
 -2.49945927E-01  1.00000000E+00  4.45598372E-01 -4.42680424E-01  4.43089327E-01  1.39246331E+00  9.99563041E-01  7.85800531E-02
 -2.35560203E-01  1.00000000E+00  4.36693212E-01 -4.48304509E-01  4.48358775E-01  1.40228850E+00  9.99763651E-01  8.05049694E-02
 -2.21174479E-01  1.00000000E+00  4.27788051E-01 -4.53961281E-01  4.54009632E-01  1.41219205E+00  9.99987141E-01  8.24409822E-02
 -2.08421419E-01  1.00000000E+00  4.20322032E-01 -4.60517862E-01  4.60256955E-01  1.42402152E+00  1.00005111E+00  8.47940808E-02
 -1.95668358E-01  1.00000000E+00  4.12856014E-01 -4.67119073E-01  4.66872064E-01  1.43596144E+00  1.00014627E+00  8.71630333E-02
 -1.83439085E-01  1.00000000E+00  4.06546508E-01 -4.74419739E-01  4.74575668E-01  1.45061721E+00  9.99597234E-01  9.02039953E-02
 -1.71209813E-01  1.00000000E+00  4.00237003E-01 -4.81779075E-01  4.82691549E-01  1.46543355E+00  9.99088390E-01  9.32690313E-02
 -1.58980541E-01  1.00000000E+00  3.94363838E-01 -4.92523519E-01  4.92648081E-01  1.48548020E+00  9.99711510E-01  9.71537379E-02
 -1.46751268E-01  1.00000000E+00  3.88490673E-01 -5.03391001E-01  5.03152381E-01  1.50582780E+00  1.00041297E+00  1.01082966E-01
 -1.34521996E-01  1.00000000E+00  3.84688233E-01 -5.16452325E-01  5.16861321E-01  1.53486199E+00  9.99159564E-01  1.07140486E-01
 -1.22292724E-01  1.00000000E+00  3.80885794E-01 -5.29712985E-01  5.31329551E-01  1.56447958E+00  9.98030787E-01  1.13289759E-01
 -1.10063451E-01  1.00000000E+00  3.75443911E-01 -5.51939110E-01  5.51605298E-01  1.60536605E+00  1.00149985E+00  1.20773240E-01
 -9.78341789E-02  1.00000000E+00  3.70002027E-01 -5.74677047E-01  5.71707339E-01  1.64742757E+00  1.00527296E+00  1.28430922E-01
 -8.56049065E-02  1.00000000E+00  3.85036313E-01 -5.98432807E-01  6.01142196E-01  1.73239650E+00  9.93163566E-01  1.47846586E-01
 -7.33756342E-02  1.00000000E+00  4.00070599E-01 -6.23133479E-01  6.37796071E-01  1.82171541E+00  9.81660398E-01  1.68011003E-01
 -6.11463618E-02  1.00000000E+00  3.36242575E-01 -6.76798314E-01  6.98919976E-01  1.91929393E+00  9.96634567E-01  1.84531873E-01
 -4.89170895E-02  1.00000000E+00  2.72414552E-01 -7.33208021E-01  7.37825904E-01  2.02267848E+00  1.01315332E+00  2.01905034E-01
 -3.66878171E-02  1.00000000E+00  6.25888616E-01 -9.64175370E-01  8.28115253E-01  2.50688321E+00  1.07405511E+00  2.86565620E-01
 -2.44585447E-02  1.00000000E+00  9.79362679E-01 -1.24648671E+00  1.01409112E+00  3.11250146E+00  1.15970309E+00  3.90559674E-01
 -1.22292724E-02  1.00000000E+00 -2.03632718E-01 -3.50589681E-01  1.69143844E+00  4.22438039E+00  6.03912132E-01  7.24093651E-01
  0.00000000E+00  1.00000000E+00 -1.38662811E+00  8.60265598E-01  3.05466854E+00  6.99292344E+00  5.15971041E-01  1.29539048E+00
