# curve 5 (die wall), step =        1, time =   8.00000000E-01
# N1 = tau_xx - tau_yy = G ( c_xx - c_yy ),  G =  2.0000E-01  (polymer part only)
#              x               y        pressure            c_xy        gammadot            c_xx            c_yy              N1
 -3.00000000E+00  1.00000000E+00  2.28016532E+00  0.00000000E+00  3.99990012E-01  1.00000000E+00  1.00000000E+00  0.00000000E+00
 -2.95108291E+00  1.00000000E+00  2.24539083E+00  0.00000000E+00  3.99994136E-01  1.00000000E+00  1.00000000E+00  0.00000000E+00
 -2.90216582E+00  1.00000000E+00  2.21061633E+00  0.00000000E+00  3.99998035E-01  1.00000000E+00  1.00000000E+00  0.00000000E+00
 -2.85324873E+00  1.00000000E+00  2.17582866E+00  0.00000000E+00  3.99999684E-01  1.00000000E+00  1.00000000E+00  0.00000000E+00
 -2.80433164E+00  1.00000000E+00  2.14104099E+00  0.00000000E+00  4.00000124E-01  1.00000000E+00  1.00000000E+00  0.00000000E+00
 -2.75541455E+00  1.00000000E+00  2.10625570E+00  0.00000000E+00  4.00000141E-01  1.00000000E+00  1.00000000E+00  0.00000000E+00
 -2.70649746E+00  1.00000000E+00  2.07147041E+00  0.00000000E+00  4.00000079E-01  1.00000000E+00  1.00000000E+00  0.00000000E+00
 -2.65758037E+00  1.00000000E+00  2.03668467E+00  0.00000000E+00  3.99999910E-01  1.00000000E+00  1.00000000E+00  0.00000000E+00
 -2.60866328E+00  1.00000000E+00  2.00189893E+00  0.00000000E+00  3.99999691E-01  1.00000000E+00  1.00000000E+00  0.00000000E+00
 -2.55974619E+00  1.00000000E+00  1.96711333E+00  0.00000000E+00  3.99999420E-01  1.00000000E+00  1.00000000E+00  0.00000000E+00
 -2.51082911E+00  1.00000000E+00  1.93232773E+00  0.00000000E+00  3.99999121E-01  1.00000000E+00  1.00000000E+00  0.00000000E+00
 -2.46191202E+00  1.00000000E+00  1.89754211E+00  0.00000000E+00  3.99998726E-01  1.00000000E+00  1.00000000E+00  0.00000000E+00
 -2.41299493E+00  1.00000000E+00  1.86275649E+00  0.00000000E+00  3.99998291E-01  1.00000000E+00  1.00000000E+00  0.00000000E+00
 -2.36407784E+00  1.00000000E+00  1.82797096E+00  0.00000000E+00  3.99997661E-01  1.00000000E+00  1.00000000E+00  0.00000000E+00
 -2.31516075E+00  1.00000000E+00  1.79318543E+00  0.00000000E+00  3.99996953E-01  1.00000000E+00  1.00000000E+00  0.00000000E+00
 -2.26624366E+00  1.00000000E+00  1.75840001E+00  0.00000000E+00  3.99995945E-01  1.00000000E+00  1.00000000E+00  0.00000000E+00
 -2.21732657E+00  1.00000000E+00  1.72361460E+00  0.00000000E+00  3.99994790E-01  1.00000000E+00  1.00000000E+00  0.00000000E+00
 -2.16840948E+00  1.00000000E+00  1.68882932E+00  0.00000000E+00  3.99993255E-01  1.00000000E+00  1.00000000E+00  0.00000000E+00
 -2.11949239E+00  1.00000000E+00  1.65404404E+00  0.00000000E+00  3.99991548E-01  1.00000000E+00  1.00000000E+00  0.00000000E+00
 -2.07057530E+00  1.00000000E+00  1.61925951E+00  0.00000000E+00  3.99989122E-01  1.00000000E+00  1.00000000E+00  0.00000000E+00
 -2.02165821E+00  1.00000000E+00  1.58447498E+00  0.00000000E+00  3.99986329E-01  1.00000000E+00  1.00000000E+00  0.00000000E+00
 -1.97274112E+00  1.00000000E+00  1.54969101E+00  0.00000000E+00  3.99982988E-01  1.00000000E+00  1.00000000E+00  0.00000000E+00
 -1.92382403E+00  1.00000000E+00  1.51490704E+00  0.00000000E+00  3.99979042E-01  1.00000000E+00  1.00000000E+00  0.00000000E+00
 -1.87490694E+00  1.00000000E+00  1.48012470E+00  0.00000000E+00  3.99973943E-01  1.00000000E+00  1.00000000E+00  0.00000000E+00
 -1.82598985E+00  1.00000000E+00  1.44534236E+00  0.00000000E+00  3.99968236E-01  1.00000000E+00  1.00000000E+00  0.00000000E+00
 -1.77707276E+00  1.00000000E+00  1.41056320E+00  0.00000000E+00  3.99961076E-01  1.00000000E+00  1.00000000E+00  0.00000000E+00
 -1.72815567E+00  1.00000000E+00  1.37578403E+00  0.00000000E+00  3.99952197E-01  1.00000000E+00  1.00000000E+00  0.00000000E+00
 -1.67923858E+00  1.00000000E+00  1.34100926E+00  0.00000000E+00  3.99941107E-01  1.00000000E+00  1.00000000E+00  0.00000000E+00
 -1.63032150E+00  1.00000000E+00  1.30623449E+00  0.00000000E+00  3.99929265E-01  1.00000000E+00  1.00000000E+00  0.00000000E+00
 -1.58140441E+00  1.00000000E+00  1.27146610E+00  0.00000000E+00  3.99914917E-01  1.00000000E+00  1.00000000E+00  0.00000000E+00
 -1.53248732E+00  1.00000000E+00  1.23669771E+00  0.00000000E+00  3.99900435E-01  1.00000000E+00  1.00000000E+00  0.00000000E+00
 -1.48357023E+00  1.00000000E+00  1.20194343E+00  0.00000000E+00  3.99883588E-01  1.00000000E+00  1.00000000E+00  0.00000000E+00
 -1.43465314E+00  1.00000000E+00  1.16718915E+00  0.00000000E+00  3.99863263E-01  1.00000000E+00  1.00000000E+00  0.00000000E+00
 -1.38573605E+00  1.00000000E+00  1.13245249E+00  0.00000000E+00  3.99839122E-01  1.00000000E+00  1.00000000E+00  0.00000000E+00
 -1.33681896E+00  1.00000000E+00  1.09771583E+00  0.00000000E+00  3.99816392E-01  1.00000000E+00  1.00000000E+00  0.00000000E+00
 -1.28790187E+00  1.00000000E+00  1.06300758E+00  0.00000000E+00  3.99793101E-01  1.00000000E+00  1.00000000E+00  0.00000000E+00
 -1.23898478E+00  1.00000000E+00  1.02829932E+00  0.00000000E+00  3.99770387E-01  1.00000000E+00  1.00000000E+00  0.00000000E+00
 -1.19006769E+00  1.00000000E+00  9.93635262E-01  0.00000000E+00  3.99751652E-01  1.00000000E+00  1.00000000E+00  0.00000000E+00
 -1.14115060E+00  1.00000000E+00  9.58971199E-01  0.00000000E+00  3.99731549E-01  1.00000000E+00  1.00000000E+00  0.00000000E+00
 -1.09223351E+00  1.00000000E+00  9.24379506E-01  0.00000000E+00  3.99731203E-01  1.00000000E+00  1.00000000E+00  0.00000000E+00
 -1.04331642E+00  1.00000000E+00  8.89787812E-01  0.00000000E+00  3.99736667E-01  1.00000000E+00  1.00000000E+00  0.00000000E+00
 -9.94399333E-01  1.00000000E+00  8.55277052E-01  0.00000000E+00  3.99769534E-01  1.00000000E+00  1.00000000E+00  0.00000000E+00
 -9.45482243E-01  1.00000000E+00  8.20766293E-01  0.00000000E+00  3.99817200E-01  1.00000000E+00  1.00000000E+00  0.00000000E+00
 -8.96565154E-01  1.00000000E+00  7.86406651E-01  0.00000000E+00  3.99945079E-01  1.00000000E+00  1.00000000E+00  0.00000000E+00
 -8.47648064E-01  1.00000000E+00  7.52047009E-01  0.00000000E+00  4.00104275E-01  1.00000000E+00  1.00000000E+00  0.00000000E+00
 -7.99501858E-01  1.00000000E+00  7.18442751E-01  0.00000000E+00  4.00373573E-01  1.00000000E+00  1.00000000E+00  0.00000000E+00
 -7.51355652E-01  1.00000000E+00  6.84838493E-01  0.00000000E+00  4.00717403E-01  1.00000000E+00  1.00000000E+00  0.00000000E+00
 -7.08111109E-01  1.00000000E+00  6.54870922E-01  0.00000000E+00  4.01183367E-01  1.00000000E+00  1.00000000E+00  0.00000000E+00
 -6.64866566E-01  1.00000000E+00  6.24903350E-01  0.00000000E+00  4.01807528E-01  1.00000000E+00  1.00000000E+00  0.00000000E+00
 -6.26599939E-01  1.00000000E+00  5.98621571E-01  0.00000000E+00  4.02641895E-01  1.00000000E+00  1.00000000E+00  0.00000000E+00
 -5.88333313E-01  1.00000000E+00  5.72339792E-01  0.00000000E+00  4.03587205E-01  1.00000000E+00  1.00000000E+00  0.00000000E+00
 -5.54471587E-01  1.00000000E+00  5.49425302E-01  0.00000000E+00  4.04794957E-01  1.00000000E+00  1.00000000E+00  0.00000000E+00
 -5.20609860E-01  1.00000000E+00  5.26510813E-01  0.00000000E+00  4.06146209E-01  1.00000000E+00  1.00000000E+00  0.00000000E+00
 -4.90645977E-01  1.00000000E+00  5.06307636E-01  0.00000000E+00  4.07787452E-01  1.00000000E+00  1.00000000E+00  0.00000000E+00
 -4.60682095E-01  1.00000000E+00  4.86104458E-01  0.00000000E+00  4.09567961E-01  1.00000000E+00  1.00000000E+00  0.00000000E+00
 -4.34167380E-01  1.00000000E+00  4.68805594E-01  0.00000000E+00  4.11773631E-01  1.00000000E+00  1.00000000E+00  0.00000000E+00
 -4.07652666E-01  1.00000000E+00  4.51506729E-01  0.00000000E+00  4.14197938E-01  1.00000000E+00  1.00000000E+00  0.00000000E+00
 -3.84190072E-01  1.00000000E+00  4.36140059E-01  0.00000000E+00  4.16808986E-01  1.00000000E+00  1.00000000E+00  0.00000000E+00
 -3.60727478E-01  1.00000000E+00  4.20773388E-01  0.00000000E+00  4.19640226E-01  1.00000000E+00  1.00000000E+00  0.00000000E+00
 -3.39965684E-01  1.00000000E+00  4.07594457E-01  0.00000000E+00  4.23035054E-01  1.00000000E+00  1.00000000E+00  0.00000000E+00
 -3.19203889E-01  1.00000000E+00  3.94415526E-01  0.00000000E+00  4.26629601E-01  1.00000000E+00  1.00000000E+00  0.00000000E+00
 -3.00831998E-01  1.00000000E+00  3.82977525E-01  0.00000000E+00  4.30602680E-01  1.00000000E+00  1.00000000E+00  0.00000000E+00
 -2.82460107E-01  1.00000000E+00  3.71539524E-01  0.00000000E+00  4.34885678E-01  1.00000000E+00  1.00000000E+00  0.00000000E+00
 -2.66203017E-01  1.00000000E+00  3.61801523E-01  0.00000000E+00  4.39619596E-01  1.00000000E+00  1.00000000E+00  0.00000000E+00
 -2.49945927E-01  1.00000000E+00  3.52063522E-01  0.00000000E+00  4.44630812E-01  1.00000000E+00  1.00000000E+00  0.00000000E+00
 -2.35560203E-01  1.00000000E+00  3.43552699E-01  0.00000000E+00  4.49983259E-01  1.00000000E+00  1.00000000E+00  0.00000000E+00
 -2.21174479E-01  1.00000000E+00  3.35041876E-01  0.00000000E+00  4.55733317E-01  1.00000000E+00  1.00000000E+00  0.00000000E+00
 -2.08421419E-01  1.00000000E+00  3.27810763E-01  0.00000000E+00  4.62052613E-01  1.00000000E+00  1.00000000E+00  0.00000000E+00
 -1.95668358E-01  1.00000000E+00  3.20579649E-01  0.00000000E+00  4.68783273E-01  1.00000000E+00  1.00000000E+00  0.00000000E+00
 -1.83439085E-01  1.00000000E+00  3.14382560E-01  0.00000000E+00  4.76488766E-01  1.00000000E+00  1.00000000E+00  0.00000000E+00
 -1.71209813E-01  1.00000000E+00  3.08185471E-01  0.00000000E+00  4.84617232E-01  1.00000000E+00  1.00000000E+00  0.00000000E+00
 -1.58980541E-01  1.00000000E+00  3.02010296E-01  0.00000000E+00  4.94573056E-01  1.00000000E+00  1.00000000E+00  0.00000000E+00
 -1.46751268E-01  1.00000000E+00  2.95835122E-01  0.00000000E+00  5.05184494E-01  1.00000000E+00  1.00000000E+00  0.00000000E+00
 -1.34521996E-01  1.00000000E+00  2.90695067E-01  0.00000000E+00  5.18760374E-01  1.00000000E+00  1.00000000E+00  0.00000000E+00
 -1.22292724E-01  1.00000000E+00  2.85555012E-01  0.00000000E+00  5.32972640E-01  1.00000000E+00  1.00000000E+00  0.00000000E+00
 -1.10063451E-01  1.00000000E+00  2.80386478E-01  0.00000000E+00  5.53266417E-01  1.00000000E+00  1.00000000E+00  0.00000000E+00
 -9.78341789E-02  1.00000000E+00  2.75217944E-01  0.00000000E+00  5.74048599E-01  1.00000000E+00  1.00000000E+00  0.00000000E+00
 -8.56049065E-02  1.00000000E+00  2.80080483E-01  0.00000000E+00  6.02304343E-01  1.00000000E+00  1.00000000E+00  0.00000000E+00
 -7.33756342E-02  1.00000000E+00  2.84943023E-01  0.00000000E+00  6.35480275E-01  1.00000000E+00  1.00000000E+00  0.00000000E+00
 -6.11463618E-02  1.00000000E+00  2.44580390E-01  0.00000000E+00  6.95513093E-01  1.00000000E+00  1.00000000E+00  0.00000000E+00
 -4.89170895E-02  1.00000000E+00  2.04217756E-01  0.00000000E+00  7.45512123E-01  1.00000000E+00  1.00000000E+00  0.00000000E+00
 -3.66878171E-02  1.00000000E+00  4.02241452E-01  0.00000000E+00  8.44595620E-01  1.00000000E+00  1.00000000E+00  0.00000000E+00
 -2.44585447E-02  1.00000000E+00  6.00265148E-01  0.00000000E+00  1.03843762E+00  1.00000000E+00  1.00000000E+00  0.00000000E+00
 -1.22292724E-02  1.00000000E+00 -1.95386902E-01  0.00000000E+00  1.50920071E+00  1.00000000E+00  1.00000000E+00  0.00000000E+00
  0.00000000E+00  1.00000000E+00 -9.91038952E-01  0.00000000E+00  2.25597835E+00  1.00000000E+00  1.00000000E+00  0.00000000E+00
