# curve 5 (die wall), step =      700, time =   2.80000000E+02
# N1 = tau_xx - tau_yy = G ( c_xx - c_yy ),  G =  1.0000E-01  (polymer part only)
#              x               y        pressure            c_xy        gammadot            c_xx            c_yy              N1
 -1.00000000E+01  1.00000000E+00  8.17529908E+00 -1.83772425E+00  4.06179649E-01  7.95114391E+00  9.66540621E-01  6.98460329E-01
 -9.95040609E+00  1.00000000E+00  8.13656980E+00 -1.83673908E+00  4.06183982E-01  7.94694765E+00  9.66355074E-01  6.98059258E-01
 -9.90081218E+00  1.00000000E+00  8.09784052E+00 -1.83575442E+00  4.06186783E-01  7.94275362E+00  9.66169645E-01  6.97658397E-01
 -9.85121827E+00  1.00000000E+00  8.05975113E+00 -1.83667903E+00  4.06186937E-01  7.94700879E+00  9.66360137E-01  6.98064865E-01
 -9.80162437E+00  1.00000000E+00  8.02166174E+00 -1.83760410E+00  4.06211839E-01  7.95126623E+00  9.66550725E-01  6.98471551E-01
 -9.75203046E+00  1.00000000E+00  7.98313532E+00 -1.83695027E+00  4.06155187E-01  7.94872972E+00  9.66355895E-01  6.98237382E-01
 -9.70243655E+00  1.00000000E+00  7.94460889E+00 -1.83629665E+00  4.06123152E-01  7.94619402E+00  9.66161125E-01  6.98003290E-01
 -9.65284264E+00  1.00000000E+00  7.90628713E+00 -1.83742648E+00  4.06140077E-01  7.94761201E+00  9.66637976E-01  6.98097403E-01
 -9.60324873E+00  1.00000000E+00  7.86796536E+00 -1.83855668E+00  4.06028305E-01  7.94903057E+00  9.67115106E-01  6.98191546E-01
 -9.55365482E+00  1.00000000E+00  7.82999751E+00 -1.83873173E+00  4.05941744E-01  7.95352760E+00  9.66977886E-01  6.98654972E-01
 -9.50406091E+00  1.00000000E+00  7.79202966E+00 -1.83890672E+00  4.05935170E-01  7.95802748E+00  9.66840653E-01  6.99118683E-01
 -9.45446701E+00  1.00000000E+00  7.75306843E+00 -1.83790921E+00  4.05877419E-01  7.95280902E+00  9.66687460E-01  6.98612156E-01
 -9.40487310E+00  1.00000000E+00  7.71410720E+00 -1.83691227E+00  4.05915069E-01  7.94759398E+00  9.66534364E-01  6.98105961E-01
 -9.35527919E+00  1.00000000E+00  7.67605122E+00 -1.83824217E+00  4.05991282E-01  7.95201373E+00  9.66739478E-01  6.98527425E-01
 -9.30568528E+00  1.00000000E+00  7.63799524E+00 -1.83957280E+00  4.06003396E-01  7.95643603E+00  9.66944867E-01  6.98949116E-01
 -9.25609137E+00  1.00000000E+00  7.59966958E+00 -1.83886061E+00  4.05974405E-01  7.95577074E+00  9.66772224E-01  6.98899852E-01
 -9.20649746E+00  1.00000000E+00  7.56134391E+00 -1.83814845E+00  4.06058037E-01  7.95510569E+00  9.66599681E-01  6.98850601E-01
 -9.15690355E+00  1.00000000E+00  7.52279156E+00 -1.83755961E+00  4.06027434E-01  7.95209539E+00  9.66464783E-01  6.98563060E-01
 -9.10730965E+00  1.00000000E+00  7.48423920E+00 -1.83697096E+00  4.06041471E-01  7.94908622E+00  9.66329919E-01  6.98275630E-01
 -9.05771574E+00  1.00000000E+00  7.44597041E+00 -1.83723075E+00  4.06166981E-01  7.95179911E+00  9.66236832E-01  6.98556227E-01
 -9.00812183E+00  1.00000000E+00  7.40770162E+00 -1.83749060E+00  4.06281890E-01  7.95451296E+00  9.66143762E-01  6.98836919E-01
 -8.95852792E+00  1.00000000E+00  7.36937038E+00 -1.83761354E+00  4.06225319E-01  7.95253700E+00  9.66346304E-01  6.98619070E-01
 -8.90893401E+00  1.00000000E+00  7.33103913E+00 -1.83773643E+00  4.06130758E-01  7.95056167E+00  9.66548873E-01  6.98401280E-01
 -8.85934010E+00  1.00000000E+00  7.29278422E+00 -1.83787066E+00  4.06173331E-01  7.95269881E+00  9.66524979E-01  6.98617383E-01
 -8.80974619E+00  1.00000000E+00  7.25452931E+00 -1.83800488E+00  4.06195432E-01  7.95483657E+00  9.66501080E-01  6.98833549E-01
 -8.76015229E+00  1.00000000E+00  7.21602391E+00 -1.83750337E+00  4.06118162E-01  7.95171038E+00  9.66425131E-01  6.98528525E-01
 -8.71055838E+00  1.00000000E+00  7.17751851E+00 -1.83700202E+00  4.06086975E-01  7.94858544E+00  9.66349200E-01  6.98223624E-01
 -8.66096447E+00  1.00000000E+00  7.13927062E+00 -1.83680294E+00  4.06121601E-01  7.94746420E+00  9.66357335E-01  6.98110687E-01
 -8.61137056E+00  1.00000000E+00  7.10102273E+00 -1.83660389E+00  4.06153961E-01  7.94634313E+00  9.66365477E-01  6.97997765E-01
 -8.56177665E+00  1.00000000E+00  7.06260871E+00 -1.83691956E+00  4.06151822E-01  7.94720904E+00  9.66442908E-01  6.98076613E-01
 -8.51218274E+00  1.00000000E+00  7.02419469E+00 -1.83723528E+00  4.06120308E-01  7.94807506E+00  9.66520355E-01  6.98155470E-01
 -8.46258884E+00  1.00000000E+00  6.98593591E+00 -1.83817783E+00  4.06103659E-01  7.95232223E+00  9.66692196E-01  6.98563003E-01
 -8.41299493E+00  1.00000000E+00  6.94767712E+00 -1.83912086E+00  4.06047290E-01  7.95657167E+00  9.66864140E-01  6.98970753E-01
 -8.36340102E+00  1.00000000E+00  6.90927698E+00 -1.83786469E+00  4.06007953E-01  7.95245991E+00  9.66601387E-01  6.98585852E-01
 -8.31380711E+00  1.00000000E+00  6.87087684E+00 -1.83660920E+00  4.06094415E-01  7.94835035E+00  9.66338863E-01  6.98201148E-01
 -8.26421320E+00  1.00000000E+00  6.83241601E+00 -1.83677583E+00  4.06088041E-01  7.94786590E+00  9.66385126E-01  6.98148078E-01
 -8.21461929E+00  1.00000000E+00  6.79395518E+00 -1.83694243E+00  4.06086962E-01  7.94738153E+00  9.66431397E-01  6.98095014E-01
 -8.16502538E+00  1.00000000E+00  6.75580069E+00 -1.83831383E+00  4.06106166E-01  7.95252521E+00  9.66753152E-01  6.98577206E-01
 -8.11543148E+00  1.00000000E+00  6.71764621E+00 -1.83968613E+00  4.05998842E-01  7.95767225E+00  9.67075157E-01  6.99059709E-01
 -8.06583757E+00  1.00000000E+00  6.67912692E+00 -1.83803205E+00  4.05944047E-01  7.95313225E+00  9.66630932E-01  6.98650131E-01
 -8.01624366E+00  1.00000000E+00  6.64060763E+00 -1.83637904E+00  4.06051210E-01  7.94859508E+00  9.66187136E-01  6.98240794E-01
 -7.96664975E+00  1.00000000E+00  6.60224678E+00 -1.83681401E+00  4.06082928E-01  7.94849984E+00  9.66348599E-01  6.98215124E-01
 -7.91705584E+00  1.00000000E+00  6.56388593E+00 -1.83724897E+00  4.06115048E-01  7.94840471E+00  9.66510103E-01  6.98189461E-01
 -7.86746193E+00  1.00000000E+00  6.52565676E+00 -1.83802157E+00  4.06164048E-01  7.95255347E+00  9.66545433E-01  6.98600804E-01
 -7.81786802E+00  1.00000000E+00  6.48742759E+00 -1.83879452E+00  4.06172029E-01  7.95670440E+00  9.66580840E-01  6.99012356E-01
 -7.76827412E+00  1.00000000E+00  6.44903153E+00 -1.83766849E+00  4.06124596E-01  7.95297697E+00  9.66395612E-01  6.98658136E-01
 -7.71868021E+00  1.00000000E+00  6.41063547E+00 -1.83654298E+00  4.06193120E-01  7.94925135E+00  9.66210577E-01  6.98304077E-01
 -7.66908630E+00  1.00000000E+00  6.37216682E+00 -1.83667258E+00  4.06167306E-01  7.94870666E+00  9.66247596E-01  6.98245906E-01
 -7.61949239E+00  1.00000000E+00  6.33369816E+00 -1.83680217E+00  4.06136554E-01  7.94816204E+00  9.66284620E-01  6.98187742E-01
 -7.56989848E+00  1.00000000E+00  6.29559129E+00 -1.83848416E+00  4.06147739E-01  7.95309697E+00  9.66772786E-01  6.98632419E-01
 -7.52030457E+00  1.00000000E+00  6.25748441E+00 -1.84016735E+00  4.06018163E-01  7.95803517E+00  9.67261390E-01  6.99077378E-01
 -7.47071066E+00  1.00000000E+00  6.21893727E+00 -1.83828529E+00  4.05943000E-01  7.95315210E+00  9.66743934E-01  6.98640816E-01
 -7.42111676E+00  1.00000000E+00  6.18039013E+00 -1.83640456E+00  4.06047836E-01  7.94827239E+00  9.66227044E-01  6.98204534E-01
 -7.37152285E+00  1.00000000E+00  6.14201803E+00 -1.83679725E+00  4.06072122E-01  7.94812294E+00  9.66367524E-01  6.98175542E-01
 -7.32192894E+00  1.00000000E+00  6.10364592E+00 -1.83718994E+00  4.06099823E-01  7.94797359E+00  9.66508038E-01  6.98146555E-01
 -7.27233503E+00  1.00000000E+00  6.06540699E+00 -1.83797772E+00  4.06150539E-01  7.95230449E+00  9.66546550E-01  6.98575794E-01
 -7.22274112E+00  1.00000000E+00  6.02716805E+00 -1.83876588E+00  4.06154126E-01  7.95663776E+00  9.66585138E-01  6.99005262E-01
 -7.17314721E+00  1.00000000E+00  5.98877258E+00 -1.83761886E+00  4.06109627E-01  7.95282127E+00  9.66391111E-01  6.98643016E-01
 -7.12355330E+00  1.00000000E+00  5.95037710E+00 -1.83647239E+00  4.06182571E-01  7.94900668E+00  9.66197284E-01  6.98280940E-01
 -7.07395940E+00  1.00000000E+00  5.91191148E+00 -1.83661230E+00  4.06161652E-01  7.94852690E+00  9.66232434E-01  6.98229446E-01
 -7.02436549E+00  1.00000000E+00  5.87344587E+00 -1.83675220E+00  4.06135571E-01  7.94804717E+00  9.66267590E-01  6.98177958E-01
 -6.97477158E+00  1.00000000E+00  5.83534775E+00 -1.83852977E+00  4.06143495E-01  7.95305882E+00  9.66800645E-01  6.98625817E-01
 -6.92517767E+00  1.00000000E+00  5.79724964E+00 -1.84030865E+00  4.06001652E-01  7.95807387E+00  9.67334200E-01  6.99073967E-01
 -6.87558376E+00  1.00000000E+00  5.75871625E+00 -1.83845334E+00  4.05919079E-01  7.95324211E+00  9.66828431E-01  6.98641368E-01
 -6.82598985E+00  1.00000000E+00  5.72018286E+00 -1.83659932E+00  4.06020972E-01  7.94841364E+00  9.66323211E-01  6.98209043E-01
 -6.77639594E+00  1.00000000E+00  5.68178536E+00 -1.83682076E+00  4.06045737E-01  7.94804768E+00  9.66393337E-01  6.98165434E-01
 -6.72680204E+00  1.00000000E+00  5.64338786E+00 -1.83704217E+00  4.06082063E-01  7.94768178E+00  9.66463475E-01  6.98121830E-01
 -6.67720813E+00  1.00000000E+00  5.60514686E+00 -1.83783753E+00  4.06153068E-01  7.95211600E+00  9.66488053E-01  6.98562795E-01
 -6.62761422E+00  1.00000000E+00  5.56690586E+00 -1.83863327E+00  4.06176223E-01  7.95655270E+00  9.66512713E-01  6.99003998E-01
 -6.57802031E+00  1.00000000E+00  5.52851773E+00 -1.83756080E+00  4.06127686E-01  7.95289291E+00  9.66348726E-01  6.98654419E-01
 -6.52842640E+00  1.00000000E+00  5.49012959E+00 -1.83648883E+00  4.06198407E-01  7.94923487E+00  9.66184916E-01  6.98304995E-01
 -6.47883249E+00  1.00000000E+00  5.45166985E+00 -1.83664077E+00  4.06176562E-01  7.94882072E+00  9.66222908E-01  6.98259781E-01
 -6.42923858E+00  1.00000000E+00  5.41321011E+00 -1.83679269E+00  4.06149835E-01  7.94840663E+00  9.66260907E-01  6.98214572E-01
 -6.37964468E+00  1.00000000E+00  5.37510508E+00 -1.83848254E+00  4.06160463E-01  7.95326072E+00  9.66754282E-01  6.98650644E-01
 -6.33005077E+00  1.00000000E+00  5.33700005E+00 -1.84017357E+00  4.06031971E-01  7.95811799E+00  9.67248102E-01  6.99086989E-01
 -6.28045686E+00  1.00000000E+00  5.29845001E+00 -1.83827703E+00  4.05953992E-01  7.95322340E+00  9.66728027E-01  6.98649537E-01
 -6.23086295E+00  1.00000000E+00  5.25989996E+00 -1.83638183E+00  4.06055485E-01  7.94833220E+00  9.66208529E-01  6.98212367E-01
 -6.18126904E+00  1.00000000E+00  5.22153378E+00 -1.83682140E+00  4.06076000E-01  7.94823814E+00  9.66368187E-01  6.98186995E-01
 -6.13167513E+00  1.00000000E+00  5.18316760E+00 -1.83726096E+00  4.06099456E-01  7.94814419E+00  9.66527887E-01  6.98161630E-01
 -6.08208123E+00  1.00000000E+00  5.14491945E+00 -1.83798956E+00  4.06147214E-01  7.95230066E+00  9.66554546E-01  6.98574612E-01
 -6.03248732E+00  1.00000000E+00  5.10667129E+00 -1.83871849E+00  4.06148422E-01  7.95645931E+00  9.66581268E-01  6.98987804E-01
 -5.98289341E+00  1.00000000E+00  5.06827493E+00 -1.83761908E+00  4.06103809E-01  7.95271775E+00  9.66401265E-01  6.98631649E-01
 -5.93329950E+00  1.00000000E+00  5.02987856E+00 -1.83652020E+00  4.06174925E-01  7.94897800E+00  9.66221445E-01  6.98275656E-01
 -5.88370559E+00  1.00000000E+00  4.99141645E+00 -1.83668500E+00  4.06149735E-01  7.94840508E+00  9.66278300E-01  6.98212678E-01
 -5.83411168E+00  1.00000000E+00  4.95295434E+00 -1.83684977E+00  4.06118563E-01  7.94783225E+00  9.66335162E-01  6.98149709E-01
 -5.78451777E+00  1.00000000E+00  4.91486851E+00 -1.83843543E+00  4.06124512E-01  7.95291703E+00  9.66764036E-01  6.98615300E-01
 -5.73492387E+00  1.00000000E+00  4.87678268E+00 -1.84002219E+00  4.06008270E-01  7.95800519E+00  9.67193279E-01  6.99081191E-01
 -5.68532996E+00  1.00000000E+00  4.83816624E+00 -1.83787875E+00  4.05972783E-01  7.95249849E+00  9.66585622E-01  6.98591287E-01
 -5.63573605E+00  1.00000000E+00  4.79954981E+00 -1.83573704E+00  4.06098903E-01  7.94699608E+00  9.65978705E-01  6.98101738E-01
 -5.58614214E+00  1.00000000E+00  4.76126089E+00 -1.83658289E+00  4.06118443E-01  7.94777627E+00  9.66278734E-01  6.98149754E-01
 -5.53654823E+00  1.00000000E+00  4.72297198E+00 -1.83742886E+00  4.06119855E-01  7.94855677E+00  9.66578905E-01  6.98197787E-01
 -5.48695432E+00  1.00000000E+00  4.68468955E+00 -1.83816091E+00  4.06129724E-01  7.95249243E+00  9.66652638E-01  6.98583980E-01
 -5.43736041E+00  1.00000000E+00  4.64640713E+00 -1.83889327E+00  4.06090224E-01  7.95643004E+00  9.66726427E-01  6.98970362E-01
 -5.38776651E+00  1.00000000E+00  4.60803363E+00 -1.83774960E+00  4.06054114E-01  7.95263399E+00  9.66509092E-01  6.98612490E-01
 -5.33817260E+00  1.00000000E+00  4.56966013E+00 -1.83660648E+00  4.06134893E-01  7.94883982E+00  9.66291949E-01  6.98254787E-01
 -5.28857869E+00  1.00000000E+00  4.53120723E+00 -1.83680573E+00  4.06122160E-01  7.94838692E+00  9.66356756E-01  6.98203017E-01
 -5.23898478E+00  1.00000000E+00  4.49275433E+00 -1.83700495E+00  4.06114310E-01  7.94793410E+00  9.66421573E-01  6.98151253E-01
 -5.18939087E+00  1.00000000E+00  4.45460264E+00 -1.83833475E+00  4.06132346E-01  7.95321840E+00  9.66713887E-01  6.98650451E-01
 -5.13979696E+00  1.00000000E+00  4.41645094E+00 -1.83966543E+00  4.06039205E-01  7.95850623E+00  9.67006425E-01  6.99149980E-01
 -5.09020305E+00  1.00000000E+00  4.37782439E+00 -1.83769119E+00  4.06008701E-01  7.95250361E+00  9.66497826E-01  6.98600578E-01
 -5.04060915E+00  1.00000000E+00  4.33919784E+00 -1.83571858E+00  4.06109233E-01  7.94650576E+00  9.65989809E-01  6.98051595E-01
 -4.99101524E+00  1.00000000E+00  4.30104475E+00 -1.83670506E+00  4.06091853E-01  7.94768574E+00  9.66353995E-01  6.98133174E-01
 -4.94142133E+00  1.00000000E+00  4.26289167E+00 -1.83769178E+00  4.06074319E-01  7.94886616E+00  9.66718375E-01  6.98214778E-01
 -4.89182742E+00  1.00000000E+00  4.22455329E+00 -1.83820759E+00  4.06062418E-01  7.95161567E+00  9.66769305E-01  6.98484637E-01
 -4.84223351E+00  1.00000000E+00  4.18621492E+00 -1.83872356E+00  4.06023923E-01  7.95436614E+00  9.66820263E-01  6.98754588E-01
 -4.79263960E+00  1.00000000E+00  4.14777288E+00 -1.83777060E+00  4.05991432E-01  7.95122991E+00  9.66623898E-01  6.98460602E-01
 -4.74304569E+00  1.00000000E+00  4.10933084E+00 -1.83681802E+00  4.06060191E-01  7.94809497E+00  9.66427665E-01  6.98166731E-01
 -4.69345179E+00  1.00000000E+00  4.07089829E+00 -1.83678811E+00  4.06064744E-01  7.94832941E+00  9.66335214E-01  6.98199420E-01
 -4.64385788E+00  1.00000000E+00  4.03246575E+00 -1.83675820E+00  4.06094585E-01  7.94856386E+00  9.66242773E-01  6.98232109E-01
 -4.59426397E+00  1.00000000E+00  3.99429232E+00 -1.83872490E+00  4.06157929E-01  7.95361364E+00  9.66832427E-01  6.98678121E-01
 -4.54467006E+00  1.00000000E+00  3.95611889E+00 -1.84069308E+00  4.06068274E-01  7.95866701E+00  9.67422712E-01  6.99124430E-01
 -4.49507615E+00  1.00000000E+00  3.91787179E+00 -1.84025628E+00  4.06017687E-01  7.96080793E+00  9.67080541E-01  6.99372739E-01
 -4.44548224E+00  1.00000000E+00  3.87962469E+00 -1.83981938E+00  4.06057066E-01  7.96294980E+00  9.66738462E-01  6.99621134E-01
 -4.39588833E+00  1.00000000E+00  3.84097865E+00 -1.83753472E+00  4.05950317E-01  7.95449760E+00  9.66331710E-01  6.98816589E-01
 -4.34629443E+00  1.00000000E+00  3.80233261E+00 -1.83525249E+00  4.05999994E-01  7.94605450E+00  9.65925682E-01  6.98012882E-01
 -4.29670052E+00  1.00000000E+00  3.76408577E+00 -1.83691810E+00  4.06101563E-01  7.95103039E+00  9.66283301E-01  6.98474708E-01
 -4.24710661E+00  1.00000000E+00  3.72583892E+00 -1.83858480E+00  4.06143082E-01  7.95600959E+00  9.66641344E-01  6.98936825E-01
 -4.19751270E+00  1.00000000E+00  3.68742587E+00 -1.83723068E+00  4.06056801E-01  7.95124931E+00  9.66363090E-01  6.98488622E-01
 -4.14791879E+00  1.00000000E+00  3.64901282E+00 -1.83587738E+00  4.06150778E-01  7.94649195E+00  9.66085093E-01  6.98040686E-01
 -4.09832488E+00  1.00000000E+00  3.61083179E+00 -1.83695472E+00  4.06085442E-01  7.94890121E+00  9.66448847E-01  6.98245236E-01
 -4.04873097E+00  1.00000000E+00  3.57265076E+00 -1.83803249E+00  4.06029485E-01  7.95131136E+00  9.66812805E-01  6.98449855E-01
 -3.99913707E+00  1.00000000E+00  3.53397960E+00 -1.83729392E+00  4.06035766E-01  7.94938459E+00  9.66532252E-01  6.98285234E-01
 -3.94954316E+00  1.00000000E+00  3.49530843E+00 -1.83655558E+00  4.06027269E-01  7.94745833E+00  9.66251800E-01  6.98120653E-01
 -3.89994925E+00  1.00000000E+00  3.45738650E+00 -1.83888425E+00  4.06101412E-01  7.95598072E+00  9.66798645E-01  6.98918208E-01
 -3.85035534E+00  1.00000000E+00  3.41946456E+00 -1.84121550E+00  4.06043755E-01  7.96451238E+00  9.67346222E-01  6.99716616E-01
 -3.80076143E+00  1.00000000E+00  3.38084152E+00 -1.83889461E+00  4.05950285E-01  7.95931505E+00  9.66673667E-01  6.99264138E-01
 -3.75116752E+00  1.00000000E+00  3.34221848E+00 -1.83657553E+00  4.06051675E-01  7.95412186E+00  9.66002016E-01  6.98811984E-01
 -3.70157361E+00  1.00000000E+00  3.30380233E+00 -1.83714905E+00  4.06064133E-01  7.95462848E+00  9.66120519E-01  6.98850796E-01
 -3.65197971E+00  1.00000000E+00  3.26538619E+00 -1.83772260E+00  4.06129977E-01  7.95513526E+00  9.66239091E-01  6.98889617E-01
 -3.60238580E+00  1.00000000E+00  3.22701625E+00 -1.83741116E+00  4.06157500E-01  7.95282221E+00  9.66187996E-01  6.98663421E-01
 -3.55279189E+00  1.00000000E+00  3.18864632E+00 -1.83709978E+00  4.06170575E-01  7.95050985E+00  9.66136905E-01  6.98437295E-01
 -3.50319798E+00  1.00000000E+00  3.15036373E+00 -1.83753372E+00  4.06243125E-01  7.95032508E+00  9.66408913E-01  6.98391617E-01
 -3.45360407E+00  1.00000000E+00  3.11208113E+00 -1.83796770E+00  4.06227854E-01  7.95014042E+00  9.66680993E-01  6.98345943E-01
 -3.40401016E+00  1.00000000E+00  3.07396110E+00 -1.83929677E+00  4.06164377E-01  7.95659109E+00  9.66946644E-01  6.98964445E-01
 -3.35441626E+00  1.00000000E+00  3.03584106E+00 -1.84062683E+00  4.06039159E-01  7.96304699E+00  9.67212480E-01  6.99583451E-01
 -3.30482235E+00  1.00000000E+00  2.99732977E+00 -1.83830046E+00  4.05920698E-01  7.95579590E+00  9.66659741E-01  6.98913616E-01
 -3.25522844E+00  1.00000000E+00  2.95881848E+00 -1.83597635E+00  4.05991723E-01  7.94855174E+00  9.66107802E-01  6.98244394E-01
 -3.20563453E+00  1.00000000E+00  2.92027056E+00 -1.83580568E+00  4.06035912E-01  7.94615629E+00  9.66047485E-01  6.98010880E-01
 -3.15604062E+00  1.00000000E+00  2.88172264E+00 -1.83563497E+00  4.06097899E-01  7.94376162E+00  9.65987169E-01  6.97777445E-01
 -3.10644671E+00  1.00000000E+00  2.84350854E+00 -1.83672615E+00  4.06135139E-01  7.94553584E+00  9.66456842E-01  6.97907900E-01
 -3.05685280E+00  1.00000000E+00  2.80529444E+00 -1.83781773E+00  4.06059345E-01  7.94731069E+00  9.66926777E-01  6.98038391E-01
 -3.00725890E+00  1.00000000E+00  2.76712944E+00 -1.83887242E+00  4.06048380E-01  7.95370477E+00  9.67005072E-01  6.98669970E-01
 -2.95766499E+00  1.00000000E+00  2.72896445E+00 -1.83992782E+00  4.05971142E-01  7.96010403E+00  9.67083466E-01  6.99302056E-01
 -2.90807108E+00  1.00000000E+00  2.69024105E+00 -1.83822347E+00  4.05913566E-01  7.95475137E+00  9.66711310E-01  6.98804006E-01
 -2.85847717E+00  1.00000000E+00  2.65151765E+00 -1.83652033E+00  4.05974182E-01  7.94940248E+00  9.66339585E-01  6.98306289E-01
 -2.80888326E+00  1.00000000E+00  2.61359930E+00 -1.83869977E+00  4.06006766E-01  7.95638073E+00  9.66777270E-01  6.98960346E-01
 -2.75928935E+00  1.00000000E+00  2.57568096E+00 -1.84088119E+00  4.06018765E-01  7.96336537E+00  9.67215662E-01  6.99614971E-01
 -2.70969544E+00  1.00000000E+00  2.53709270E+00 -1.83891335E+00  4.06019080E-01  7.95928767E+00  9.66558436E-01  6.99272924E-01
 -2.66010154E+00  1.00000000E+00  2.49850444E+00 -1.83694683E+00  4.06165243E-01  7.95521266E+00  9.65901899E-01  6.98931076E-01
 -2.61050763E+00  1.00000000E+00  2.46006329E+00 -1.83655587E+00  4.06121297E-01  7.95153091E+00  9.65970213E-01  6.98556070E-01
 -2.56091372E+00  1.00000000E+00  2.42162213E+00 -1.83616503E+00  4.06215878E-01  7.94785093E+00  9.66038541E-01  6.98181239E-01
 -2.51131981E+00  1.00000000E+00  2.38324990E+00 -1.83670206E+00  4.06231728E-01  7.94865714E+00  9.66218448E-01  6.98243870E-01
 -2.46172590E+00  1.00000000E+00  2.34487766E+00 -1.83723917E+00  4.06204923E-01  7.94946351E+00  9.66398408E-01  6.98306510E-01
 -2.41213199E+00  1.00000000E+00  2.30674142E+00 -1.83856544E+00  4.06196614E-01  7.95413342E+00  9.66727340E-01  6.98740608E-01
 -2.36253808E+00  1.00000000E+00  2.26860519E+00 -1.83989253E+00  4.06105131E-01  7.95880614E+00  9.67056516E-01  6.99174963E-01
 -2.31294418E+00  1.00000000E+00  2.23018434E+00 -1.83817412E+00  4.06027420E-01  7.95375462E+00  9.66654096E-01  6.98710052E-01
 -2.26335027E+00  1.00000000E+00  2.19176350E+00 -1.83645688E+00  4.06076996E-01  7.94870652E+00  9.66252124E-01  6.98245440E-01
 -2.21375636E+00  1.00000000E+00  2.15324720E+00 -1.83642059E+00  4.06085041E-01  7.94705380E+00  9.66266162E-01  6.98078764E-01
 -2.16416245E+00  1.00000000E+00  2.11473091E+00 -1.83638427E+00  4.06105083E-01  7.94540147E+00  9.66280197E-01  6.97912127E-01
 -2.11456854E+00  1.00000000E+00  2.07656748E+00 -1.83736692E+00  4.06145620E-01  7.94975220E+00  9.66492575E-01  6.98325962E-01
 -2.06497463E+00  1.00000000E+00  2.03840404E+00 -1.83835009E+00  4.06152942E-01  7.95410531E+00  9.66705064E-01  6.98740025E-01
 -2.01538072E+00  1.00000000E+00  1.99991800E+00 -1.83791164E+00  4.06075974E-01  7.95178306E+00  9.66631487E-01  6.98515157E-01
 -1.96578682E+00  1.00000000E+00  1.96143196E+00 -1.83747330E+00  4.06006216E-01  7.94946149E+00  9.66557928E-01  6.98290356E-01
 -1.91619291E+00  1.00000000E+00  1.92317336E+00 -1.83787108E+00  4.06103260E-01  7.95277484E+00  9.66559734E-01  6.98621511E-01
 -1.86659900E+00  1.00000000E+00  1.88491477E+00 -1.83826898E+00  4.06165602E-01  7.95608962E+00  9.66561544E-01  6.98952807E-01
 -1.81700509E+00  1.00000000E+00  1.84633487E+00 -1.83765645E+00  4.06083891E-01  7.95244100E+00  9.66459131E-01  6.98598187E-01
 -1.76741118E+00  1.00000000E+00  1.80775496E+00 -1.83704415E+00  4.06044554E-01  7.94879408E+00  9.66356746E-01  6.98243733E-01
 -1.71781727E+00  1.00000000E+00  1.76952552E+00 -1.83663104E+00  4.06068634E-01  7.94834249E+00  9.66219285E-01  6.98212321E-01
 -1.66822336E+00  1.00000000E+00  1.73129607E+00 -1.83621796E+00  4.06086974E-01  7.94789098E+00  9.66081857E-01  6.98180913E-01
 -1.61862946E+00  1.00000000E+00  1.69277135E+00 -1.83614109E+00  4.06065832E-01  7.94517863E+00  9.66170121E-01  6.97900851E-01
 -1.56903555E+00  1.00000000E+00  1.65424664E+00 -1.83606417E+00  4.06002013E-01  7.94246732E+00  9.66258380E-01  6.97620894E-01
 -1.51944164E+00  1.00000000E+00  1.61633608E+00 -1.83800799E+00  4.05850779E-01  7.94673644E+00  9.67028959E-01  6.97970748E-01
 -1.46984773E+00  1.00000000E+00  1.57842553E+00 -1.83995328E+00  4.05579689E-01  7.95100835E+00  9.67800285E-01  6.98320807E-01
 -1.42025382E+00  1.00000000E+00  1.53980998E+00 -1.83740339E+00  4.05349699E-01  7.94175187E+00  9.67239871E-01  6.97451200E-01
 -1.37065991E+00  1.00000000E+00  1.50119442E+00 -1.83485655E+00  4.05294212E-01  7.93250633E+00  9.66680341E-01  6.96582599E-01
 -1.32106600E+00  1.00000000E+00  1.46282933E+00 -1.83479261E+00  4.05211529E-01  7.93068952E+00  9.66666307E-01  6.96402321E-01
 -1.27147210E+00  1.00000000E+00  1.42446423E+00 -1.83472864E+00  4.05128537E-01  7.92887319E+00  9.66652271E-01  6.96222091E-01
 -1.22187819E+00  1.00000000E+00  1.38620194E+00 -1.83394489E+00  4.04955898E-01  7.92257521E+00  9.66693145E-01  6.95588207E-01
 -1.17228428E+00  1.00000000E+00  1.34793965E+00 -1.83316158E+00  4.04807363E-01  7.91628237E+00  9.66734062E-01  6.94954831E-01
 -1.12269037E+00  1.00000000E+00  1.30977047E+00 -1.83225483E+00  4.04559802E-01  7.90812880E+00  9.66819229E-01  6.94130957E-01
 -1.07309646E+00  1.00000000E+00  1.27160129E+00 -1.83134869E+00  4.04281513E-01  7.89998392E+00  9.66904436E-01  6.93307948E-01
 -1.02350255E+00  1.00000000E+00  1.23377153E+00 -1.83034215E+00  4.03909197E-01  7.89009035E+00  9.67156205E-01  6.92293414E-01
 -9.73908645E-01  1.00000000E+00  1.19594176E+00 -1.82933646E+00  4.03524365E-01  7.88020966E+00  9.67408127E-01  6.91280153E-01
 -9.24314736E-01  1.00000000E+00  1.15819393E+00 -1.82771216E+00  4.03102625E-01  7.86930685E+00  9.67378762E-01  6.90192808E-01
 -8.74720828E-01  1.00000000E+00  1.12044609E+00 -1.82608963E+00  4.02634780E-01  7.85841930E+00  9.67349630E-01  6.89106967E-01
 -8.25312107E-01  1.00000000E+00  1.08350103E+00 -1.82381771E+00  4.02083844E-01  7.84207459E+00  9.67369516E-01  6.87470508E-01
 -7.75903387E-01  1.00000000E+00  1.04655598E+00 -1.82154936E+00  4.01654483E-01  7.82576445E+00  9.67389821E-01  6.85837463E-01
 -7.30665613E-01  1.00000000E+00  1.01317048E+00 -1.82023957E+00  4.01424140E-01  7.81539113E+00  9.67387145E-01  6.84800399E-01
 -6.85427839E-01  1.00000000E+00  9.79784980E-01 -1.81893096E+00  4.01163633E-01  7.80503192E+00  9.67384543E-01  6.83764737E-01
 -6.45465100E-01  1.00000000E+00  9.51223224E-01 -1.81766871E+00  4.00987365E-01  7.79848687E+00  9.67183607E-01  6.83130326E-01
 -6.05502361E-01  1.00000000E+00  9.22661468E-01 -1.81640739E+00  4.00866287E-01  7.79194732E+00  9.66982828E-01  6.82496449E-01
 -5.70199545E-01  1.00000000E+00  8.98429017E-01 -1.81571501E+00  4.00906319E-01  7.79043655E+00  9.66773804E-01  6.82366275E-01
 -5.34896729E-01  1.00000000E+00  8.74196565E-01 -1.81502278E+00  4.01078655E-01  7.78892614E+00  9.66564863E-01  6.82236128E-01
 -5.03710456E-01  1.00000000E+00  8.53601449E-01 -1.81774938E+00  4.01390079E-01  7.80066585E+00  9.67061773E-01  6.83360408E-01
 -4.72524184E-01  1.00000000E+00  8.33006333E-01 -1.82047993E+00  4.01748174E-01  7.81242326E+00  9.67559595E-01  6.84486367E-01
 -4.44974441E-01  1.00000000E+00  8.16164163E-01 -1.82439541E+00  4.02640482E-01  7.83976581E+00  9.67520413E-01  6.87224540E-01
 -4.17424698E-01  1.00000000E+00  7.99321993E-01 -1.82832153E+00  4.03644697E-01  7.86720544E+00  9.67482632E-01  6.89972281E-01
 -3.93087440E-01  1.00000000E+00  7.85271035E-01 -1.83249282E+00  4.04768817E-01  7.90225381E+00  9.67239707E-01  6.93501411E-01
 -3.68750182E-01  1.00000000E+00  7.71220076E-01 -1.83667656E+00  4.06334202E-01  7.93746299E+00  9.66997736E-01  6.97046526E-01
 -3.47250809E-01  1.00000000E+00  7.59994049E-01 -1.84146689E+00  4.08395558E-01  7.99254067E+00  9.65450306E-01  7.02709036E-01
 -3.25751437E-01  1.00000000E+00  7.48768022E-01 -1.84627622E+00  4.10793644E-01  8.04802089E+00  9.63905906E-01  7.08411498E-01
 -3.06759035E-01  1.00000000E+00  7.40543283E-01 -1.85942694E+00  4.13350171E-01  8.12912752E+00  9.64926326E-01  7.16420120E-01
 -2.87766633E-01  1.00000000E+00  7.32318544E-01 -1.87268647E+00  4.16025235E-01  8.21105657E+00  9.65961486E-01  7.24509509E-01
 -2.70988873E-01  1.00000000E+00  7.26195938E-01 -1.88169796E+00  4.19213187E-01  8.30239162E+00  9.64240568E-01  7.33815105E-01
 -2.54211113E-01  1.00000000E+00  7.20073333E-01 -1.89077076E+00  4.22690588E-01  8.39478559E+00  9.62525951E-01  7.43225964E-01
 -2.39389755E-01  1.00000000E+00  7.16123720E-01 -1.90430142E+00  4.26545920E-01  8.50734999E+00  9.61856524E-01  7.54549347E-01
 -2.24568396E-01  1.00000000E+00  7.12174107E-01 -1.91795828E+00  4.30616531E-01  8.62146239E+00  9.61198373E-01  7.66026402E-01
 -2.11472015E-01  1.00000000E+00  7.10374269E-01 -1.93628804E+00  4.35059850E-01  8.75907113E+00  9.61301944E-01  7.79776919E-01
 -1.98375634E-01  1.00000000E+00  7.08574430E-01 -1.95483655E+00  4.39594998E-01  8.89891318E+00  9.61427982E-01  7.93748520E-01
 -1.85977157E-01  1.00000000E+00  7.09354316E-01 -1.97577252E+00  4.45018222E-01  9.06800169E+00  9.60955230E-01  8.10704646E-01
 -1.73578680E-01  1.00000000E+00  7.10134202E-01 -1.99699451E+00  4.50769549E-01  9.24037095E+00  9.60509240E-01  8.27986171E-01
 -1.61180203E-01  1.00000000E+00  7.11634895E-01 -2.01874424E+00  4.58006646E-01  9.44937926E+00  9.58306781E-01  8.49107248E-01
 -1.48781726E-01  1.00000000E+00  7.13135588E-01 -2.04080826E+00  4.65482426E-01  9.66327102E+00  9.56128627E-01  8.70714240E-01
 -1.36383248E-01  1.00000000E+00  7.22855828E-01 -2.08000527E+00  4.75093101E-01  9.97696078E+00  9.56285455E-01  9.02067533E-01
 -1.23984771E-01  1.00000000E+00  7.32576069E-01 -2.12013821E+00  4.85175730E-01  1.03010099E+01  9.56529153E-01  9.34448070E-01
 -1.11586294E-01  1.00000000E+00  7.36016088E-01 -2.16616574E+00  4.97355847E-01  1.06123841E+01  9.60140611E-01  9.65224348E-01
 -9.91878171E-02  1.00000000E+00  7.39456107E-01 -2.21334072E+00  5.07039012E-01  1.09332223E+01  9.63893352E-01  9.96932894E-01
 -8.67893400E-02  1.00000000E+00  7.74683924E-01 -2.03116642E+00  5.18186422E-01  1.08595347E+01  9.02562706E-01  9.95697201E-01
 -7.43908628E-02  1.00000000E+00  8.09911741E-01 -1.85173565E+00  5.30733988E-01  1.07981973E+01  8.46541494E-01  9.95165583E-01
 -6.19923857E-02  1.00000000E+00  7.95093627E-01 -1.78186777E+00  5.22619010E-01  1.01566903E+01  8.52793484E-01  9.30389681E-01
 -4.95939085E-02  1.00000000E+00  7.80275512E-01 -1.71534186E+00  4.69129340E-01  9.55359114E+00  8.59585742E-01  8.69400539E-01
 -3.71954314E-02  1.00000000E+00  1.62698257E+00 -3.96352645E+00  4.00953492E-01  1.37740779E+01  1.62065818E+00  1.21534198E+00
 -2.47969543E-02  1.00000000E+00  2.47368963E+00 -7.70438930E+00  4.66144111E-01  2.09054569E+01  3.23636139E+00  1.76690956E+00
 -1.23984771E-02  1.00000000E+00  1.22440737E+00  2.33779712E+00  1.35800416E+00  1.38097609E+01  1.10521163E+00  1.27045493E+00
  0.00000000E+00  1.00000000E+00 -2.48748943E-02  2.32298981E+01  4.97125914E+00  3.82758378E+01  1.44005506E+01  2.38752872E+00
