# curve 5 (die wall), step =      400, time =   1.60000000E+02
# N1 = tau_xx - tau_yy = G ( c_xx - c_yy ),  G =  2.0000E-01  (polymer part only)
#              x               y        pressure            c_xy        gammadot            c_xx            c_yy              N1
 -1.00000000E+01  1.00000000E+00  8.08074718E+00 -9.30214130E-01  4.05295934E-01  2.72901453E+00  1.00018403E+00  3.45766101E-01
 -9.95040609E+00  1.00000000E+00  8.04208610E+00 -9.29929780E-01  4.05308195E-01  2.72857218E+00  1.00010926E+00  3.45692585E-01
 -9.90081218E+00  1.00000000E+00  8.00342502E+00 -9.29645474E-01  4.05315258E-01  2.72812992E+00  1.00003452E+00  3.45619081E-01
 -9.85121827E+00  1.00000000E+00  7.96496600E+00 -9.29842697E-01  4.05312659E-01  2.72855234E+00  1.00008568E+00  3.45693333E-01
 -9.80162437E+00  1.00000000E+00  7.92650697E+00 -9.30039950E-01  4.05325123E-01  2.72897483E+00  1.00013685E+00  3.45767596E-01
 -9.75203046E+00  1.00000000E+00  7.88791642E+00 -9.30018584E-01  4.05303723E-01  2.72871951E+00  1.00012967E+00  3.45717969E-01
 -9.70243655E+00  1.00000000E+00  7.84932587E+00 -9.29997216E-01  4.05283565E-01  2.72846421E+00  1.00012248E+00  3.45668347E-01
 -9.65284264E+00  1.00000000E+00  7.81080404E+00 -9.30116389E-01  4.05291521E-01  2.72861537E+00  1.00020147E+00  3.45682781E-01
 -9.60324873E+00  1.00000000E+00  7.77228221E+00 -9.30235571E-01  4.05259623E-01  2.72876654E+00  1.00028046E+00  3.45697216E-01
 -9.55365482E+00  1.00000000E+00  7.73382494E+00 -9.30409432E-01  4.05232113E-01  2.72919708E+00  1.00031100E+00  3.45777215E-01
 -9.50406091E+00  1.00000000E+00  7.69536766E+00 -9.30583317E-01  4.05235052E-01  2.72962769E+00  1.00034156E+00  3.45857226E-01
 -9.45446701E+00  1.00000000E+00  7.65667683E+00 -9.30261867E-01  4.05205068E-01  2.72905175E+00  1.00025201E+00  3.45759947E-01
 -9.40487310E+00  1.00000000E+00  7.61798600E+00 -9.29940483E-01  4.05213524E-01  2.72847595E+00  1.00016251E+00  3.45662687E-01
 -9.35527919E+00  1.00000000E+00  7.57953059E+00 -9.30446736E-01  4.05233944E-01  2.72911700E+00  1.00029684E+00  3.45764031E-01
 -9.30568528E+00  1.00000000E+00  7.54107517E+00 -9.30953099E-01  4.05229846E-01  2.72975828E+00  1.00043128E+00  3.45865400E-01
 -9.25609137E+00  1.00000000E+00  7.50251839E+00 -9.30584656E-01  4.05225674E-01  2.72954789E+00  1.00030282E+00  3.45849015E-01
 -9.20649746E+00  1.00000000E+00  7.46396160E+00 -9.30216240E-01  4.05267509E-01  2.72933761E+00  1.00017443E+00  3.45832636E-01
 -9.15690355E+00  1.00000000E+00  7.42538384E+00 -9.30216226E-01  4.05254546E-01  2.72901644E+00  1.00019241E+00  3.45764804E-01
 -9.10730965E+00  1.00000000E+00  7.38680607E+00 -9.30216209E-01  4.05249229E-01  2.72869531E+00  1.00021040E+00  3.45696981E-01
 -9.05771574E+00  1.00000000E+00  7.34829957E+00 -9.30247350E-01  4.05284019E-01  2.72908409E+00  1.00017607E+00  3.45781604E-01
 -9.00812183E+00  1.00000000E+00  7.30979306E+00 -9.30278494E-01  4.05319077E-01  2.72947294E+00  1.00014174E+00  3.45866239E-01
 -8.95852792E+00  1.00000000E+00  7.27124591E+00 -9.30278233E-01  4.05301470E-01  2.72917374E+00  1.00017904E+00  3.45798940E-01
 -8.90893401E+00  1.00000000E+00  7.23269876E+00 -9.30277970E-01  4.05270959E-01  2.72887458E+00  1.00021634E+00  3.45731648E-01
 -8.85934010E+00  1.00000000E+00  7.19416782E+00 -9.30256301E-01  4.05288185E-01  2.72908202E+00  1.00019924E+00  3.45776557E-01
 -8.80974619E+00  1.00000000E+00  7.15563688E+00 -9.30234628E-01  4.05304010E-01  2.72928948E+00  1.00018214E+00  3.45821469E-01
 -8.76015229E+00  1.00000000E+00  7.11705580E+00 -9.30192846E-01  4.05279152E-01  2.72898323E+00  1.00017081E+00  3.45762484E-01
 -8.71055838E+00  1.00000000E+00  7.07847472E+00 -9.30151065E-01  4.05270297E-01  2.72867701E+00  1.00015948E+00  3.45703506E-01
 -8.66096447E+00  1.00000000E+00  7.03996559E+00 -9.30002923E-01  4.05293857E-01  2.72860416E+00  1.00012654E+00  3.45695523E-01
 -8.61137056E+00  1.00000000E+00  7.00145646E+00 -9.29854782E-01  4.05313217E-01  2.72853133E+00  1.00009362E+00  3.45687541E-01
 -8.56177665E+00  1.00000000E+00  6.96290923E+00 -9.29940889E-01  4.05302758E-01  2.72857730E+00  1.00012020E+00  3.45691419E-01
 -8.51218274E+00  1.00000000E+00  6.92436200E+00 -9.30026997E-01  4.05287633E-01  2.72862328E+00  1.00014679E+00  3.45695297E-01
 -8.46258884E+00  1.00000000E+00  6.88583186E+00 -9.30358568E-01  4.05281545E-01  2.72910196E+00  1.00025098E+00  3.45770196E-01
 -8.41299493E+00  1.00000000E+00  6.84730172E+00 -9.30690197E-01  4.05251233E-01  2.72958076E+00  1.00035521E+00  3.45845109E-01
 -8.36340102E+00  1.00000000E+00  6.80873563E+00 -9.30225922E-01  4.05248967E-01  2.72907363E+00  1.00020506E+00  3.45773716E-01
 -8.31380711E+00  1.00000000E+00  6.77016954E+00 -9.29761732E-01  4.05289940E-01  2.72856669E+00  1.00005500E+00  3.45702339E-01
 -8.26421320E+00  1.00000000E+00  6.73163645E+00 -9.29916081E-01  4.05284169E-01  2.72856610E+00  1.00011269E+00  3.45690682E-01
 -8.21461929E+00  1.00000000E+00  6.69310336E+00 -9.30070428E-01  4.05274947E-01  2.72856552E+00  1.00017039E+00  3.45679026E-01
 -8.16502538E+00  1.00000000E+00  6.65459931E+00 -9.30410169E-01  4.05278372E-01  2.72912963E+00  1.00027640E+00  3.45770646E-01
 -8.11543148E+00  1.00000000E+00  6.61609526E+00 -9.30749981E-01  4.05240983E-01  2.72969388E+00  1.00038245E+00  3.45862285E-01
 -8.06583757E+00  1.00000000E+00  6.57748922E+00 -9.30309897E-01  4.05237357E-01  2.72917063E+00  1.00023415E+00  3.45787297E-01
 -8.01624366E+00  1.00000000E+00  6.53888318E+00 -9.29869900E-01  4.05278777E-01  2.72864755E+00  1.00008593E+00  3.45712325E-01
 -7.96664975E+00  1.00000000E+00  6.50037231E+00 -9.29980363E-01  4.05273097E-01  2.72864848E+00  1.00013259E+00  3.45703180E-01
 -7.91705584E+00  1.00000000E+00  6.46186144E+00 -9.30090825E-01  4.05272918E-01  2.72864943E+00  1.00017926E+00  3.45694035E-01
 -7.86746193E+00  1.00000000E+00  6.42334028E+00 -9.30399247E-01  4.05283187E-01  2.72917585E+00  1.00024712E+00  3.45785746E-01
 -7.81786802E+00  1.00000000E+00  6.38481912E+00 -9.30707723E-01  4.05273911E-01  2.72970240E+00  1.00031503E+00  3.45877473E-01
 -7.76827412E+00  1.00000000E+00  6.34625163E+00 -9.30254965E-01  4.05267901E-01  2.72918085E+00  1.00018821E+00  3.45798528E-01
 -7.71868021E+00  1.00000000E+00  6.30768413E+00 -9.29802287E-01  4.05299599E-01  2.72865948E+00  1.00006147E+00  3.45719601E-01
 -7.66908630E+00  1.00000000E+00  6.26913816E+00 -9.29930784E-01  4.05288719E-01  2.72861936E+00  1.00010544E+00  3.45702784E-01
 -7.61949239E+00  1.00000000E+00  6.23059220E+00 -9.30059277E-01  4.05273857E-01  2.72857925E+00  1.00014941E+00  3.45685968E-01
 -7.56989848E+00  1.00000000E+00  6.19209850E+00 -9.30415542E-01  4.05279805E-01  2.72914322E+00  1.00027169E+00  3.45774306E-01
 -7.52030457E+00  1.00000000E+00  6.15360480E+00 -9.30771884E-01  4.05244109E-01  2.72970734E+00  1.00039402E+00  3.45862663E-01
 -7.47071066E+00  1.00000000E+00  6.11499302E+00 -9.30316749E-01  4.05237802E-01  2.72916252E+00  1.00024028E+00  3.45784448E-01
 -7.42111676E+00  1.00000000E+00  6.07638124E+00 -9.29861708E-01  4.05280078E-01  2.72861788E+00  1.00008662E+00  3.45706251E-01
 -7.37152285E+00  1.00000000E+00  6.03787179E+00 -9.29973498E-01  4.05273428E-01  2.72863416E+00  1.00013109E+00  3.45700612E-01
 -7.32192894E+00  1.00000000E+00  5.99936233E+00 -9.30085288E-01  4.05272808E-01  2.72865044E+00  1.00017557E+00  3.45694974E-01
 -7.27233503E+00  1.00000000E+00  5.96083901E+00 -9.30402453E-01  4.05283547E-01  2.72918314E+00  1.00024965E+00  3.45786699E-01
 -7.22274112E+00  1.00000000E+00  5.92231569E+00 -9.30719674E-01  4.05272340E-01  2.72971597E+00  1.00032377E+00  3.45878440E-01
 -7.17314721E+00  1.00000000E+00  5.88374695E+00 -9.30258107E-01  4.05264454E-01  2.72918147E+00  1.00019246E+00  3.45797803E-01
 -7.12355330E+00  1.00000000E+00  5.84517820E+00 -9.29796624E-01  4.05296432E-01  2.72864716E+00  1.00006124E+00  3.45717184E-01
 -7.07395940E+00  1.00000000E+00  5.80663502E+00 -9.29927120E-01  4.05286596E-01  2.72861194E+00  1.00010497E+00  3.45701393E-01
 -7.02436549E+00  1.00000000E+00  5.76809183E+00 -9.30057613E-01  4.05273424E-01  2.72857673E+00  1.00014871E+00  3.45685604E-01
 -6.97477158E+00  1.00000000E+00  5.72959831E+00 -9.30417836E-01  4.05279743E-01  2.72914666E+00  1.00027332E+00  3.45774669E-01
 -6.92517767E+00  1.00000000E+00  5.69110479E+00 -9.30778138E-01  4.05243127E-01  2.72971674E+00  1.00039798E+00  3.45863753E-01
 -6.87558376E+00  1.00000000E+00  5.65249427E+00 -9.30327703E-01  4.05235994E-01  2.72916985E+00  1.00024855E+00  3.45784262E-01
 -6.82598985E+00  1.00000000E+00  5.61388375E+00 -9.29877361E-01  4.05277634E-01  2.72862315E+00  1.00009920E+00  3.45704788E-01
 -6.77639594E+00  1.00000000E+00  5.57537301E+00 -9.29979837E-01  4.05269106E-01  2.72862570E+00  1.00013818E+00  3.45697503E-01
 -6.72680204E+00  1.00000000E+00  5.53686228E+00 -9.30082312E-01  4.05268158E-01  2.72862825E+00  1.00017717E+00  3.45690217E-01
 -6.67720813E+00  1.00000000E+00  5.49833928E+00 -9.30400246E-01  4.05282290E-01  2.72917885E+00  1.00024702E+00  3.45786367E-01
 -6.62761422E+00  1.00000000E+00  5.45981628E+00 -9.30718238E-01  4.05275313E-01  2.72972958E+00  1.00031691E+00  3.45882534E-01
 -6.57802031E+00  1.00000000E+00  5.42124724E+00 -9.30260098E-01  4.05265690E-01  2.72918999E+00  1.00019062E+00  3.45799873E-01
 -6.52842640E+00  1.00000000E+00  5.38267819E+00 -9.29802042E-01  4.05296184E-01  2.72865058E+00  1.00006443E+00  3.45717229E-01
 -6.47883249E+00  1.00000000E+00  5.34413431E+00 -9.29930381E-01  4.05285894E-01  2.72861282E+00  1.00010677E+00  3.45701210E-01
 -6.42923858E+00  1.00000000E+00  5.30559043E+00 -9.30058715E-01  4.05272866E-01  2.72857508E+00  1.00014912E+00  3.45685192E-01
 -6.37964468E+00  1.00000000E+00  5.26709635E+00 -9.30413473E-01  4.05279617E-01  2.72914441E+00  1.00026907E+00  3.45775068E-01
 -6.33005077E+00  1.00000000E+00  5.22860226E+00 -9.30768309E-01  4.05245297E-01  2.72971389E+00  1.00038907E+00  3.45864964E-01
 -6.28045686E+00  1.00000000E+00  5.18999094E+00 -9.30314292E-01  4.05239213E-01  2.72916864E+00  1.00023660E+00  3.45786408E-01
 -6.23086295E+00  1.00000000E+00  5.15137961E+00 -9.29860369E-01  4.05281141E-01  2.72862356E+00  1.00008421E+00  3.45707871E-01
 -6.18126904E+00  1.00000000E+00  5.11286948E+00 -9.29975027E-01  4.05274280E-01  2.72864128E+00  1.00013049E+00  3.45702158E-01
 -6.13167513E+00  1.00000000E+00  5.07435935E+00 -9.30089686E-01  4.05273119E-01  2.72865901E+00  1.00017678E+00  3.45696446E-01
 -6.08208123E+00  1.00000000E+00  5.03583573E+00 -9.30399943E-01  4.05283102E-01  2.72917643E+00  1.00024916E+00  3.45785453E-01
 -6.03248732E+00  1.00000000E+00  4.99731211E+00 -9.30710255E-01  4.05271060E-01  2.72969397E+00  1.00032158E+00  3.45874477E-01
 -5.98289341E+00  1.00000000E+00  4.95874434E+00 -9.30257601E-01  4.05264673E-01  2.72917757E+00  1.00019256E+00  3.45797002E-01
 -5.93329950E+00  1.00000000E+00  4.92017658E+00 -9.29805027E-01  4.05297541E-01  2.72866135E+00  1.00006364E+00  3.45719543E-01
 -5.88370559E+00  1.00000000E+00  4.88163017E+00 -9.29937000E-01  4.05287136E-01  2.72861899E+00  1.00011141E+00  3.45701517E-01
 -5.83411168E+00  1.00000000E+00  4.84308376E+00 -9.30068968E-01  4.05272154E-01  2.72857665E+00  1.00015919E+00  3.45683492E-01
 -5.78451777E+00  1.00000000E+00  4.80459236E+00 -9.30415696E-01  4.05274892E-01  2.72913757E+00  1.00027383E+00  3.45772749E-01
 -5.73492387E+00  1.00000000E+00  4.76610095E+00 -9.30762496E-01  4.05239156E-01  2.72969863E+00  1.00038851E+00  3.45862024E-01
 -5.68532996E+00  1.00000000E+00  4.72748469E+00 -9.30271257E-01  4.05241793E-01  2.72912354E+00  1.00021535E+00  3.45781638E-01
 -5.63573605E+00  1.00000000E+00  4.68886843E+00 -9.29780127E-01  4.05290427E-01  2.72854866E+00  1.00004230E+00  3.45701272E-01
 -5.58614214E+00  1.00000000E+00  4.65036543E+00 -9.29911986E-01  4.05288037E-01  2.72862005E+00  1.00009494E+00  3.45705021E-01
 -5.53654823E+00  1.00000000E+00  4.61186242E+00 -9.30043849E-01  4.05286772E-01  2.72869145E+00  1.00014760E+00  3.45708771E-01
 -5.48695432E+00  1.00000000E+00  4.57332825E+00 -9.30360823E-01  4.05287106E-01  2.72914502E+00  1.00024393E+00  3.45780218E-01
 -5.43736041E+00  1.00000000E+00  4.53479408E+00 -9.30677850E-01  4.05257827E-01  2.72959870E+00  1.00034031E+00  3.45851678E-01
 -5.38776651E+00  1.00000000E+00  4.49623041E+00 -9.30220215E-01  4.05255436E-01  2.72909119E+00  1.00019538E+00  3.45779162E-01
 -5.33817260E+00  1.00000000E+00  4.45766673E+00 -9.29762664E-01  4.05294751E-01  2.72858385E+00  1.00005055E+00  3.45706662E-01
 -5.28857869E+00  1.00000000E+00  4.41913319E+00 -9.29915505E-01  4.05287884E-01  2.72857623E+00  1.00010920E+00  3.45693405E-01
 -5.23898478E+00  1.00000000E+00  4.38059966E+00 -9.30068345E-01  4.05277545E-01  2.72856863E+00  1.00016787E+00  3.45680151E-01
 -5.18939087E+00  1.00000000E+00  4.34209591E+00 -9.30405170E-01  4.05281133E-01  2.72914606E+00  1.00026831E+00  3.45775550E-01
 -5.13979696E+00  1.00000000E+00  4.30359215E+00 -9.30742066E-01  4.05248056E-01  2.72972363E+00  1.00036879E+00  3.45870970E-01
 -5.09020305E+00  1.00000000E+00  4.26496436E+00 -9.30258237E-01  4.05254460E-01  2.72912047E+00  1.00020423E+00  3.45783248E-01
 -5.04060915E+00  1.00000000E+00  4.22633656E+00 -9.29774520E-01  4.05296211E-01  2.72851752E+00  1.00003978E+00  3.45695548E-01
 -4.99101524E+00  1.00000000E+00  4.18786718E+00 -9.29924915E-01  4.05285901E-01  2.72862571E+00  1.00010592E+00  3.45703959E-01
 -4.94142133E+00  1.00000000E+00  4.14939779E+00 -9.30075318E-01  4.05283795E-01  2.72873392E+00  1.00017206E+00  3.45712372E-01
 -4.89182742E+00  1.00000000E+00  4.11085180E+00 -9.30299509E-01  4.05278795E-01  2.72901880E+00  1.00023954E+00  3.45755852E-01
 -4.84223351E+00  1.00000000E+00  4.07230582E+00 -9.30523722E-01  4.05260469E-01  2.72930373E+00  1.00030705E+00  3.45799336E-01
 -4.79263960E+00  1.00000000E+00  4.03372794E+00 -9.30202316E-01  4.05250557E-01  2.72895316E+00  1.00021081E+00  3.45748470E-01
 -4.74304569E+00  1.00000000E+00  3.99515005E+00 -9.29880948E-01  4.05274145E-01  2.72860268E+00  1.00011462E+00  3.45697612E-01
 -4.69345179E+00  1.00000000E+00  3.95661767E+00 -9.29985921E-01  4.05264772E-01  2.72861754E+00  1.00014228E+00  3.45695051E-01
 -4.64385788E+00  1.00000000E+00  3.91808529E+00 -9.30090893E-01  4.05255350E-01  2.72863240E+00  1.00016995E+00  3.45692492E-01
 -4.59426397E+00  1.00000000E+00  3.87960338E+00 -9.30482395E-01  4.05267467E-01  2.72919067E+00  1.00031150E+00  3.45775834E-01
 -4.54467006E+00  1.00000000E+00  3.84112147E+00 -9.30873982E-01  4.05235893E-01  2.72974910E+00  1.00045312E+00  3.45859195E-01
 -4.49507615E+00  1.00000000E+00  3.80256725E+00 -9.30924460E-01  4.05221264E-01  2.72994817E+00  1.00043024E+00  3.45903586E-01
 -4.44548224E+00  1.00000000E+00  3.76401302E+00 -9.30974940E-01  4.05233512E-01  2.73014726E+00  1.00040736E+00  3.45947980E-01
 -4.39588833E+00  1.00000000E+00  3.72540280E+00 -9.30286026E-01  4.05211696E-01  2.72921946E+00  1.00020765E+00  3.45802363E-01
 -4.34629443E+00  1.00000000E+00  3.68679257E+00 -9.29597339E-01  4.05234464E-01  2.72829213E+00  1.00000814E+00  3.45656798E-01
 -4.29670052E+00  1.00000000E+00  3.64829224E+00 -9.30102668E-01  4.05263059E-01  2.72894302E+00  1.00016250E+00  3.45756104E-01
 -4.24710661E+00  1.00000000E+00  3.60979190E+00 -9.30608115E-01  4.05273463E-01  2.72959414E+00  1.00031697E+00  3.45855434E-01
 -4.19751270E+00  1.00000000E+00  3.57120920E+00 -9.30095484E-01  4.05258532E-01  2.72897971E+00  1.00014294E+00  3.45767354E-01
 -4.14791879E+00  1.00000000E+00  3.53262650E+00 -9.29582972E-01  4.05309074E-01  2.72836551E+00  9.99969032E-01  3.45679297E-01
 -4.09832488E+00  1.00000000E+00  3.49413919E+00 -9.29840710E-01  4.05297891E-01  2.72857917E+00  1.00009070E+00  3.45697693E-01
 -4.04873097E+00  1.00000000E+00  3.45565187E+00 -9.30098474E-01  4.05280711E-01  2.72879287E+00  1.00021240E+00  3.45716093E-01
 -3.99913707E+00  1.00000000E+00  3.41704926E+00 -9.30076025E-01  4.05260631E-01  2.72861939E+00  1.00019757E+00  3.45684365E-01
 -3.94954316E+00  1.00000000E+00  3.37844665E+00 -9.30053577E-01  4.05230526E-01  2.72844593E+00  1.00018273E+00  3.45652640E-01
 -3.89994925E+00  1.00000000E+00  3.34001143E+00 -9.30572058E-01  4.05245581E-01  2.72939843E+00  1.00033580E+00  3.45812527E-01
 -3.85035534E+00  1.00000000E+00  3.30157620E+00 -9.31090717E-01  4.05227142E-01  2.73035131E+00  1.00048897E+00  3.45972468E-01
 -3.80076143E+00  1.00000000E+00  3.26293846E+00 -9.30551517E-01  4.05215673E-01  2.72974062E+00  1.00028813E+00  3.45890499E-01
 -3.75116752E+00  1.00000000E+00  3.22430071E+00 -9.30012448E-01  4.05262107E-01  2.72913017E+00  1.00008741E+00  3.45808553E-01
 -3.70157361E+00  1.00000000E+00  3.18575838E+00 -9.30288968E-01  4.05260578E-01  2.72932336E+00  1.00017011E+00  3.45830650E-01
 -3.65197971E+00  1.00000000E+00  3.14721606E+00 -9.30565504E-01  4.05271388E-01  2.72951660E+00  1.00025284E+00  3.45852751E-01
 -3.60238580E+00  1.00000000E+00  3.10867479E+00 -9.30465178E-01  4.05264782E-01  2.72926639E+00  1.00022459E+00  3.45808361E-01
 -3.55279189E+00  1.00000000E+00  3.07013352E+00 -9.30364860E-01  4.05259067E-01  2.72901621E+00  1.00019634E+00  3.45763974E-01
 -3.50319798E+00  1.00000000E+00  3.03161923E+00 -9.30221989E-01  4.05289926E-01  2.72891467E+00  1.00017371E+00  3.45748193E-01
 -3.45360407E+00  1.00000000E+00  2.99310494E+00 -9.30079119E-01  4.05299004E-01  2.72881316E+00  1.00015109E+00  3.45732413E-01
 -3.40401016E+00  1.00000000E+00  2.95461316E+00 -9.30513492E-01  4.05282056E-01  2.72944125E+00  1.00029480E+00  3.45829290E-01
 -3.35441626E+00  1.00000000E+00  2.91612138E+00 -9.30947968E-01  4.05245118E-01  2.73006954E+00  1.00043859E+00  3.45926190E-01
 -3.30482235E+00  1.00000000E+00  2.87751595E+00 -9.30381551E-01  4.05233419E-01  2.72936364E+00  1.00024970E+00  3.45822787E-01
 -3.25522844E+00  1.00000000E+00  2.83891051E+00 -9.29815284E-01  4.05270355E-01  2.72865803E+00  1.00006096E+00  3.45719413E-01
 -3.20563453E+00  1.00000000E+00  2.80033168E+00 -9.29862830E-01  4.05269780E-01  2.72849677E+00  1.00007078E+00  3.45685197E-01
 -3.15604062E+00  1.00000000E+00  2.76175284E+00 -9.29910371E-01  4.05276528E-01  2.72833552E+00  1.00008061E+00  3.45650983E-01
 -3.10644671E+00  1.00000000E+00  2.72326510E+00 -9.29897726E-01  4.05287970E-01  2.72840758E+00  1.00011996E+00  3.45657524E-01
 -3.05685280E+00  1.00000000E+00  2.68477735E+00 -9.29885079E-01  4.05273877E-01  2.72847964E+00  1.00015931E+00  3.45664065E-01
 -3.00725890E+00  1.00000000E+00  2.64627809E+00 -9.30326824E-01  4.05261653E-01  2.72909952E+00  1.00028400E+00  3.45763103E-01
 -2.95766499E+00  1.00000000E+00  2.60777882E+00 -9.30768665E-01  4.05228286E-01  2.72971959E+00  1.00040878E+00  3.45862162E-01
 -2.90807108E+00  1.00000000E+00  2.56914648E+00 -9.30283885E-01  4.05215688E-01  2.72914430E+00  1.00025324E+00  3.45778211E-01
 -2.85847717E+00  1.00000000E+00  2.53051414E+00 -9.29799207E-01  4.05240866E-01  2.72856921E+00  1.00009781E+00  3.45694280E-01
 -2.80888326E+00  1.00000000E+00  2.49209339E+00 -9.30503836E-01  4.05239707E-01  2.72944496E+00  1.00030892E+00  3.45827207E-01
 -2.75928935E+00  1.00000000E+00  2.45367264E+00 -9.31208685E-01  4.05219754E-01  2.73032115E+00  1.00052024E+00  3.45960181E-01
 -2.70969544E+00  1.00000000E+00  2.41504495E+00 -9.30826354E-01  4.05214407E-01  2.72990243E+00  1.00035989E+00  3.45908508E-01
 -2.66010154E+00  1.00000000E+00  2.37641726E+00 -9.30444091E-01  4.05258022E-01  2.72948383E+00  1.00019960E+00  3.45856846E-01
 -2.61050763E+00  1.00000000E+00  2.33786851E+00 -9.30177845E-01  4.05251588E-01  2.72907766E+00  1.00014064E+00  3.45787404E-01
 -2.56091372E+00  1.00000000E+00  2.29931976E+00 -9.29911634E-01  4.05289797E-01  2.72867156E+00  1.00008170E+00  3.45717973E-01
 -2.51131981E+00  1.00000000E+00  2.26076718E+00 -9.29951746E-01  4.05294992E-01  2.72866100E+00  1.00010043E+00  3.45712114E-01
 -2.46172590E+00  1.00000000E+00  2.22221461E+00 -9.29991857E-01  4.05288208E-01  2.72865044E+00  1.00011915E+00  3.45706256E-01
 -2.41213199E+00  1.00000000E+00  2.18372328E+00 -9.30371221E-01  4.05289279E-01  2.72919013E+00  1.00024443E+00  3.45789139E-01
 -2.36253808E+00  1.00000000E+00  2.14523194E+00 -9.30750661E-01  4.05261227E-01  2.72972997E+00  1.00036977E+00  3.45872039E-01
 -2.31294418E+00  1.00000000E+00  2.10666081E+00 -9.30254473E-01  4.05255573E-01  2.72914965E+00  1.00020021E+00  3.45789890E-01
 -2.26335027E+00  1.00000000E+00  2.06808967E+00 -9.29758394E-01  4.05292493E-01  2.72856955E+00  1.00003075E+00  3.45707761E-01
 -2.21375636E+00  1.00000000E+00  2.02951601E+00 -9.29851311E-01  4.05293012E-01  2.72848700E+00  1.00007797E+00  3.45681806E-01
 -2.16416245E+00  1.00000000E+00  1.99094235E+00 -9.29944225E-01  4.05285673E-01  2.72840445E+00  1.00012519E+00  3.45655852E-01
 -2.11456854E+00  1.00000000E+00  1.95245380E+00 -9.30112590E-01  4.05284601E-01  2.72879175E+00  1.00017350E+00  3.45723649E-01
 -2.06497463E+00  1.00000000E+00  1.91396526E+00 -9.30280978E-01  4.05284150E-01  2.72917910E+00  1.00022182E+00  3.45791455E-01
 -2.01538072E+00  1.00000000E+00  1.87539355E+00 -9.30248342E-01  4.05251822E-01  2.72888488E+00  1.00023287E+00  3.45730402E-01
 -1.96578682E+00  1.00000000E+00  1.83682185E+00 -9.30215707E-01  4.05215428E-01  2.72859070E+00  1.00024392E+00  3.45669355E-01
 -1.91619291E+00  1.00000000E+00  1.79830525E+00 -9.30222565E-01  4.05241818E-01  2.72889848E+00  1.00021771E+00  3.45736154E-01
 -1.86659900E+00  1.00000000E+00  1.75978866E+00 -9.30229421E-01  4.05267162E-01  2.72920630E+00  1.00019150E+00  3.45802960E-01
 -1.81700509E+00  1.00000000E+00  1.72118355E+00 -9.30186102E-01  4.05234514E-01  2.72880688E+00  1.00019416E+00  3.45722546E-01
 -1.76741118E+00  1.00000000E+00  1.68257845E+00 -9.30142785E-01  4.05212773E-01  2.72840753E+00  1.00019681E+00  3.45642144E-01
 -1.71781727E+00  1.00000000E+00  1.64408652E+00 -9.29997524E-01  4.05216917E-01  2.72838112E+00  1.00014649E+00  3.45646925E-01
 -1.66822336E+00  1.00000000E+00  1.60559459E+00 -9.29852263E-01  4.05214639E-01  2.72835473E+00  1.00009619E+00  3.45651708E-01
 -1.61862946E+00  1.00000000E+00  1.56702485E+00 -9.29830509E-01  4.05185189E-01  2.72798927E+00  1.00011310E+00  3.45575234E-01
 -1.56903555E+00  1.00000000E+00  1.52845510E+00 -9.29808753E-01  4.05147736E-01  2.72762386E+00  1.00013000E+00  3.45498771E-01
 -1.51944164E+00  1.00000000E+00  1.49004348E+00 -9.30076032E-01  4.05102326E-01  2.72789610E+00  1.00029305E+00  3.45520611E-01
 -1.46984773E+00  1.00000000E+00  1.45163185E+00 -9.30343352E-01  4.05015957E-01  2.72816840E+00  1.00045613E+00  3.45542453E-01
 -1.42025382E+00  1.00000000E+00  1.41301855E+00 -9.29739011E-01  4.04940501E-01  2.72713541E+00  1.00027281E+00  3.45372520E-01
 -1.37065991E+00  1.00000000E+00  1.37440525E+00 -9.29134898E-01  4.04926152E-01  2.72610289E+00  1.00008963E+00  3.45202651E-01
 -1.32106600E+00  1.00000000E+00  1.33598108E+00 -9.29395206E-01  4.04878209E-01  2.72604603E+00  1.00020485E+00  3.45168236E-01
 -1.27147210E+00  1.00000000E+00  1.29755692E+00 -9.29655507E-01  4.04802373E-01  2.72598924E+00  1.00032011E+00  3.45133827E-01
 -1.22187819E+00  1.00000000E+00  1.25912990E+00 -9.29402291E-01  4.04720005E-01  2.72535512E+00  1.00028649E+00  3.45013727E-01
 -1.17228428E+00  1.00000000E+00  1.22070288E+00 -9.29149128E-01  4.04654765E-01  2.72472116E+00  1.00025289E+00  3.44893653E-01
 -1.12269037E+00  1.00000000E+00  1.18238292E+00 -9.28945436E-01  4.04558198E-01  2.72393385E+00  1.00024775E+00  3.44737221E-01
 -1.07309646E+00  1.00000000E+00  1.14406297E+00 -9.28741793E-01  4.04457883E-01  2.72314678E+00  1.00024261E+00  3.44580832E-01
 -1.02350255E+00  1.00000000E+00  1.10591205E+00 -9.28517825E-01  4.04366617E-01  2.72240248E+00  1.00027535E+00  3.44425427E-01
 -9.73908645E-01  1.00000000E+00  1.06776112E+00 -9.28293906E-01  4.04286237E-01  2.72165839E+00  1.00030811E+00  3.44270057E-01
 -9.24314736E-01  1.00000000E+00  1.02976740E+00 -9.28113128E-01  4.04221637E-01  2.72130053E+00  1.00022417E+00  3.44215272E-01
 -8.74720828E-01  1.00000000E+00  9.91773681E-01 -9.27932376E-01  4.04156660E-01  2.72094272E+00  1.00014024E+00  3.44160495E-01
 -8.25312107E-01  1.00000000E+00  9.54310649E-01 -9.27974221E-01  4.04176294E-01  2.72112879E+00  1.00019350E+00  3.44187059E-01
 -7.75903387E-01  1.00000000E+00  9.16847617E-01 -9.28016068E-01  4.04253612E-01  2.72131489E+00  1.00024676E+00  3.44213626E-01
 -7.30665613E-01  1.00000000E+00  8.82942617E-01 -9.28580103E-01  4.04523375E-01  2.72307937E+00  1.00024906E+00  3.44566062E-01
 -6.85427839E-01  1.00000000E+00  8.49037617E-01 -9.29144449E-01  4.04819183E-01  2.72484500E+00  1.00025150E+00  3.44918701E-01
 -6.45465100E-01  1.00000000E+00  8.19656680E-01 -9.29914769E-01  4.05337794E-01  2.72844658E+00  1.00008396E+00  3.45672522E-01
 -6.05502361E-01  1.00000000E+00  7.90275744E-01 -9.30685912E-01  4.05943629E-01  2.73205294E+00  9.99916696E-01  3.46427248E-01
 -5.70199545E-01  1.00000000E+00  7.64874359E-01 -9.32204481E-01  4.06774850E-01  2.73817696E+00  9.99871349E-01  3.47661123E-01
 -5.34896729E-01  1.00000000E+00  7.39472973E-01 -9.33725859E-01  4.07751848E-01  2.74431469E+00  9.99826767E-01  3.48897585E-01
 -5.03710456E-01  1.00000000E+00  7.17538675E-01 -9.36538553E-01  4.08974687E-01  2.75428941E+00  9.99947545E-01  3.50868373E-01
 -4.72524184E-01  1.00000000E+00  6.95604377E-01 -9.39359928E-01  4.10350030E-01  2.76430020E+00  1.00007094E+00  3.52845851E-01
 -4.44974441E-01  1.00000000E+00  6.77159671E-01 -9.43264233E-01  4.12171239E-01  2.77841116E+00  1.00013358E+00  3.55655515E-01
 -4.17424698E-01  1.00000000E+00  6.58714964E-01 -9.47185383E-01  4.14227276E-01  2.79259380E+00  1.00020142E+00  3.58478476E-01
 -3.93087440E-01  1.00000000E+00  6.42938571E-01 -9.51857061E-01  4.16364586E-01  2.80963022E+00  1.00046901E+00  3.61832242E-01
 -3.68750182E-01  1.00000000E+00  6.27162178E-01 -9.56552880E-01  4.18946615E-01  2.82677012E+00  1.00074337E+00  3.65205351E-01
 -3.47250809E-01  1.00000000E+00  6.13940178E-01 -9.61708548E-01  4.21991407E-01  2.84946928E+00  1.00001086E+00  3.69891683E-01
 -3.25751437E-01  1.00000000E+00  6.00718178E-01 -9.66898059E-01  4.25415343E-01  2.87235100E+00  9.99288694E-01  3.74612462E-01
 -3.06759035E-01  1.00000000E+00  5.90032438E-01 -9.75055312E-01  4.29004489E-01  2.90133069E+00  9.99927395E-01  3.80280659E-01
 -2.87766633E-01  1.00000000E+00  5.79346698E-01 -9.83282998E-01  4.32919961E-01  2.93060140E+00  1.00058629E+00  3.86003021E-01
 -2.70988873E-01  1.00000000E+00  5.70583137E-01 -9.90952379E-01  4.37413089E-01  2.96366063E+00  9.99877779E-01  3.92756570E-01
 -2.54211113E-01  1.00000000E+00  5.61819576E-01 -9.98692870E-01  4.42225865E-01  2.99709300E+00  9.99189720E-01  3.99580656E-01
 -2.39389755E-01  1.00000000E+00  5.55143963E-01 -1.00860789E+00  4.47417116E-01  3.03676448E+00  9.99235762E-01  4.07505743E-01
 -2.24568396E-01  1.00000000E+00  5.48468350E-01 -1.01863255E+00  4.52914546E-01  3.07695985E+00  9.99311259E-01  4.15529719E-01
 -2.11472015E-01  1.00000000E+00  5.43514779E-01 -1.03016868E+00  4.58839943E-01  3.12370459E+00  9.99437023E-01  4.24853513E-01
 -1.98375634E-01  1.00000000E+00  5.38561208E-01 -1.04185121E+00  4.65070041E-01  3.17115814E+00  9.99601048E-01  4.34311419E-01
 -1.85977157E-01  1.00000000E+00  5.35463130E-01 -1.05652974E+00  4.72423160E-01  3.23055927E+00  9.99993413E-01  4.46113171E-01
 -1.73578680E-01  1.00000000E+00  5.32365052E-01 -1.07143878E+00  4.80251871E-01  3.29107090E+00  1.00044490E+00  4.58125199E-01
 -1.61180203E-01  1.00000000E+00  5.29831969E-01 -1.08747404E+00  4.90186385E-01  3.36507317E+00  9.99391184E-01  4.73136398E-01
 -1.48781726E-01  1.00000000E+00  5.27298887E-01 -1.10380383E+00  5.00690350E-01  3.44074635E+00  9.98410762E-01  4.88467117E-01
 -1.36383248E-01  1.00000000E+00  5.30499679E-01 -1.12827193E+00  5.13849079E-01  3.55297461E+00  9.98128796E-01  5.10969164E-01
 -1.23984771E-01  1.00000000E+00  5.33700472E-01 -1.15339295E+00  5.28457842E-01  3.66887748E+00  9.97993003E-01  5.34176896E-01
 -1.11586294E-01  1.00000000E+00  5.30975607E-01 -1.18636328E+00  5.48122879E-01  3.81067672E+00  9.99336281E-01  5.62268087E-01
 -9.91878171E-02  1.00000000E+00  5.28250743E-01 -1.22040367E+00  5.68356915E-01  3.95795429E+00  1.00093051E+00  5.91404757E-01
 -8.67893400E-02  1.00000000E+00  5.62902904E-01 -1.24129780E+00  5.99195658E-01  4.22403209E+00  9.79774326E-01  6.48851552E-01
 -7.43908628E-02  1.00000000E+00  5.97555064E-01 -1.26304062E+00  6.37811311E-01  4.50958065E+00  9.59057888E-01  7.10104553E-01
 -6.19923857E-02  1.00000000E+00  5.36426979E-01 -1.27722984E+00  6.79530629E-01  4.63493007E+00  9.54148345E-01  7.36156345E-01
 -4.95939085E-02  1.00000000E+00  4.75298893E-01 -1.29167899E+00  7.05022283E-01  4.76392615E+00  9.49286080E-01  7.62928014E-01
 -3.71954314E-02  1.00000000E+00  9.59618642E-01 -1.74397142E+00  7.82802661E-01  6.19482574E+00  1.06051661E+00  1.02686183E+00
 -2.47969543E-02  1.00000000E+00  1.44393839E+00 -2.33133101E+00  9.53419887E-01  8.06209418E+00  1.21520886E+00  1.36937706E+00
 -1.23984771E-02  1.00000000E+00  5.43664014E-01  2.54278978E-01  1.73922634E+00  8.84247943E+00  5.79392763E-01  1.65261733E+00
  0.00000000E+00  1.00000000E+00 -3.56610363E-01  3.92535947E+00  3.59437527E+00  1.39645618E+01  1.52349105E+00  2.48821415E+00
