# curve 5 (die wall), step =      200, time =   8.00000000E+01
# N1 = tau_xx - tau_yy = G ( c_xx - c_yy ),  G =  5.0000E-02  (polymer part only)
#              x               y        pressure            c_xy        gammadot            c_xx            c_yy              N1
 -1.00000000E+01  1.00000000E+00  7.00497115E+00 -2.38753028E+00  4.21564774E-01  1.24011911E+01  9.99978423E-01  5.70060633E-01
 -9.95040609E+00  1.00000000E+00  6.97221947E+00 -2.38718341E+00  4.21626773E-01  1.23965792E+01  9.99995707E-01  5.69829174E-01
 -9.90081218E+00  1.00000000E+00  6.93946779E+00 -2.38683657E+00  4.21670537E-01  1.23919691E+01  1.00001298E+00  5.69597807E-01
 -9.85121827E+00  1.00000000E+00  6.90682923E+00 -2.38697564E+00  4.21639777E-01  1.23962957E+01  1.00000043E+00  5.69814765E-01
 -9.80162437E+00  1.00000000E+00  6.87419068E+00 -2.38711460E+00  4.21582887E-01  1.24006240E+01  9.99987857E-01  5.70031807E-01
 -9.75203046E+00  1.00000000E+00  6.84131267E+00 -2.38667396E+00  4.21581107E-01  1.23979825E+01  9.99800290E-01  5.69909108E-01
 -9.70243655E+00  1.00000000E+00  6.80843467E+00 -2.38623340E+00  4.21627933E-01  1.23953415E+01  9.99612757E-01  5.69786436E-01
 -9.65284264E+00  1.00000000E+00  6.77574146E+00 -2.38741811E+00  4.21607695E-01  1.23982926E+01  1.00001579E+00  5.69913838E-01
 -9.60324873E+00  1.00000000E+00  6.74304826E+00 -2.38860323E+00  4.21516528E-01  1.24012445E+01  1.00041901E+00  5.70041274E-01
 -9.55365482E+00  1.00000000E+00  6.71046018E+00 -2.38889550E+00  4.21459130E-01  1.24084667E+01  1.00039288E+00  5.70403691E-01
 -9.50406091E+00  1.00000000E+00  6.67787211E+00 -2.38918758E+00  4.21346912E-01  1.24156935E+01  1.00036672E+00  5.70766340E-01
 -9.45446701E+00  1.00000000E+00  6.64487064E+00 -2.38820148E+00  4.21391260E-01  1.24078103E+01  1.00023882E+00  5.70378573E-01
 -9.40487310E+00  1.00000000E+00  6.61186916E+00 -2.38721583E+00  4.21437249E-01  1.23999321E+01  1.00011096E+00  5.69991059E-01
 -9.35527919E+00  1.00000000E+00  6.57920073E+00 -2.38833169E+00  4.21462687E-01  1.24077405E+01  1.00011225E+00  5.70381413E-01
 -9.30568528E+00  1.00000000E+00  6.54653230E+00 -2.38944816E+00  4.21447201E-01  1.24155538E+01  1.00011365E+00  5.70772007E-01
 -9.25609137E+00  1.00000000E+00  6.51388200E+00 -2.38906594E+00  4.21461258E-01  1.24123209E+01  1.00023479E+00  5.70604306E-01
 -9.20649746E+00  1.00000000E+00  6.48123169E+00 -2.38868382E+00  4.21490379E-01  1.24090889E+01  1.00035598E+00  5.70436644E-01
 -9.15690355E+00  1.00000000E+00  6.44834985E+00 -2.38802991E+00  4.21519211E-01  1.24063310E+01  1.00009939E+00  5.70311579E-01
 -9.10730965E+00  1.00000000E+00  6.41546801E+00 -2.38737618E+00  4.21572787E-01  1.24035737E+01  9.99842872E-01  5.70186541E-01
 -9.05771574E+00  1.00000000E+00  6.38278289E+00 -2.38719514E+00  4.21627000E-01  1.24045316E+01  9.99710941E-01  5.70241033E-01
 -9.00812183E+00  1.00000000E+00  6.35009776E+00 -2.38701409E+00  4.21662015E-01  1.24054896E+01  9.99579022E-01  5.70295530E-01
 -8.95852792E+00  1.00000000E+00  6.31733058E+00 -2.38741643E+00  4.21657817E-01  1.24036907E+01  9.99773063E-01  5.70195882E-01
 -8.90893401E+00  1.00000000E+00  6.28456339E+00 -2.38781867E+00  4.21653178E-01  1.24018923E+01  9.99967137E-01  5.70096256E-01
 -8.85934010E+00  1.00000000E+00  6.25192414E+00 -2.38801008E+00  4.21636455E-01  1.24043461E+01  1.00006419E+00  5.70214094E-01
 -8.80974619E+00  1.00000000E+00  6.21928489E+00 -2.38820147E+00  4.21563760E-01  1.24068004E+01  1.00016125E+00  5.70331957E-01
 -8.76015229E+00  1.00000000E+00  6.18640668E+00 -2.38785011E+00  4.21556107E-01  1.24038184E+01  1.00003259E+00  5.70189290E-01
 -8.71055838E+00  1.00000000E+00  6.15352847E+00 -2.38749879E+00  4.21605317E-01  1.24008371E+01  9.99903947E-01  5.70046660E-01
 -8.66096447E+00  1.00000000E+00  6.12087290E+00 -2.38722705E+00  4.21602724E-01  1.23977641E+01  9.99982951E-01  5.69889058E-01
 -8.61137056E+00  1.00000000E+00  6.08821733E+00 -2.38695536E+00  4.21568410E-01  1.23946919E+01  1.00006197E+00  5.69731495E-01
 -8.56177665E+00  1.00000000E+00  6.05546671E+00 -2.38742619E+00  4.21583107E-01  1.23966363E+01  1.00015112E+00  5.69824257E-01
 -8.51218274E+00  1.00000000E+00  6.02271608E+00 -2.38789710E+00  4.21578872E-01  1.23985809E+01  1.00024029E+00  5.69917033E-01
 -8.46258884E+00  1.00000000E+00  5.98994265E+00 -2.38831464E+00  4.21527306E-01  1.24061820E+01  1.00013556E+00  5.70302320E-01
 -8.41299493E+00  1.00000000E+00  5.95716921E+00 -2.38873218E+00  4.21464836E-01  1.24137879E+01  1.00003081E+00  5.70687857E-01
 -8.36340102E+00  1.00000000E+00  5.92445208E+00 -2.38764487E+00  4.21527186E-01  1.24054654E+01  1.00000102E+00  5.70273220E-01
 -8.31380711E+00  1.00000000E+00  5.89173496E+00 -2.38655815E+00  4.21542505E-01  1.23971485E+01  9.99971309E-01  5.69858861E-01
 -8.26421320E+00  1.00000000E+00  5.85893722E+00 -2.38700045E+00  4.21561885E-01  1.23979398E+01  1.00000962E+00  5.69896510E-01
 -8.21461929E+00  1.00000000E+00  5.82613948E+00 -2.38744277E+00  4.21587170E-01  1.23987312E+01  1.00004797E+00  5.69934163E-01
 -8.16502538E+00  1.00000000E+00  5.79342962E+00 -2.38845823E+00  4.21561909E-01  1.24069955E+01  1.00017133E+00  5.70341207E-01
 -8.11543148E+00  1.00000000E+00  5.76071977E+00 -2.38947417E+00  4.21473644E-01  1.24152653E+01  1.00029472E+00  5.70748530E-01
 -8.06583757E+00  1.00000000E+00  5.72793640E+00 -2.38815216E+00  4.21471291E-01  1.24071515E+01  1.00012559E+00  5.70351296E-01
 -8.01624366E+00  1.00000000E+00  5.69515304E+00 -2.38683091E+00  4.21499210E-01  1.23990430E+01  9.99956570E-01  5.69954322E-01
 -7.96664975E+00  1.00000000E+00  5.66245568E+00 -2.38721231E+00  4.21546558E-01  1.23994338E+01  1.00003189E+00  5.69970097E-01
 -7.91705584E+00  1.00000000E+00  5.62975832E+00 -2.38759371E+00  4.21582188E-01  1.23998247E+01  1.00010722E+00  5.69985873E-01
 -7.86746193E+00  1.00000000E+00  5.59699746E+00 -2.38806306E+00  4.21588128E-01  1.24063409E+01  9.99947556E-01  5.70319666E-01
 -7.81786802E+00  1.00000000E+00  5.56423660E+00 -2.38853256E+00  4.21583643E-01  1.24128607E+01  9.99787923E-01  5.70653637E-01
 -7.76827412E+00  1.00000000E+00  5.53151034E+00 -2.38744566E+00  4.21619599E-01  1.24052173E+01  9.99799043E-01  5.70270915E-01
 -7.71868021E+00  1.00000000E+00  5.49878407E+00 -2.38635934E+00  4.21612317E-01  1.23975787E+01  9.99810276E-01  5.69888423E-01
 -7.66908630E+00  1.00000000E+00  5.46598863E+00 -2.38674764E+00  4.21611215E-01  1.23980729E+01  9.99851837E-01  5.69911051E-01
 -7.61949239E+00  1.00000000E+00  5.43319319E+00 -2.38713595E+00  4.21612113E-01  1.23985670E+01  9.99893423E-01  5.69933680E-01
 -7.56989848E+00  1.00000000E+00  5.40051033E+00 -2.38858731E+00  4.21582531E-01  1.24067507E+01  1.00019300E+00  5.70327886E-01
 -7.52030457E+00  1.00000000E+00  5.36782747E+00 -2.39003958E+00  4.21477264E-01  1.24149398E+01  1.00049273E+00  5.70722354E-01
 -7.47071066E+00  1.00000000E+00  5.33502511E+00 -2.38852487E+00  4.21467244E-01  1.24067470E+01  1.00026684E+00  5.70324007E-01
 -7.42111676E+00  1.00000000E+00  5.30222275E+00 -2.38701111E+00  4.21494159E-01  1.23985596E+01  1.00004112E+00  5.69925923E-01
 -7.37152285E+00  1.00000000E+00  5.26951436E+00 -2.38729548E+00  4.21535364E-01  1.23989200E+01  1.00008033E+00  5.69941984E-01
 -7.32192894E+00  1.00000000E+00  5.23680597E+00 -2.38757985E+00  4.21568153E-01  1.23992805E+01  1.00011955E+00  5.69958047E-01
 -7.27233503E+00  1.00000000E+00  5.20403397E+00 -2.38795199E+00  4.21571740E-01  1.24060622E+01  9.99925820E-01  5.70306821E-01
 -7.22274112E+00  1.00000000E+00  5.17126197E+00 -2.38832420E+00  4.21563433E-01  1.24128479E+01  9.99732119E-01  5.70655791E-01
 -7.17314721E+00  1.00000000E+00  5.13854484E+00 -2.38727087E+00  4.21608895E-01  1.24050836E+01  9.99751577E-01  5.70266601E-01
 -7.12355330E+00  1.00000000E+00  5.10582770E+00 -2.38621810E+00  4.21607343E-01  1.23973241E+01  9.99771135E-01  5.69877649E-01
 -7.07395940E+00  1.00000000E+00  5.07303554E+00 -2.38662659E+00  4.21611888E-01  1.23979684E+01  9.99811129E-01  5.69907862E-01
 -7.02436549E+00  1.00000000E+00  5.04024339E+00 -2.38703508E+00  4.21617749E-01  1.23986127E+01  9.99851150E-01  5.69938077E-01
 -6.97477158E+00  1.00000000E+00  5.00756759E+00 -2.38866312E+00  4.21582854E-01  1.24069414E+01  1.00022373E+00  5.70335883E-01
 -6.92517767E+00  1.00000000E+00  4.97489180E+00 -2.39029225E+00  4.21461913E-01  1.24152757E+01  1.00059652E+00  5.70733957E-01
 -6.87558376E+00  1.00000000E+00  4.94210164E+00 -2.38883888E+00  4.21443468E-01  1.24071840E+01  1.00039475E+00  5.70339464E-01
 -6.82598985E+00  1.00000000E+00  4.90931149E+00 -2.38738641E+00  4.21465968E-01  1.23990977E+01  1.00019314E+00  5.69945227E-01
 -6.77639594E+00  1.00000000E+00  4.87658141E+00 -2.38735047E+00  4.21508950E-01  1.23991117E+01  1.00011510E+00  5.69949831E-01
 -6.72680204E+00  1.00000000E+00  4.84385134E+00 -2.38731453E+00  4.21551720E-01  1.23991258E+01  1.00003708E+00  5.69954435E-01
 -6.67720813E+00  1.00000000E+00  4.81107702E+00 -2.38770601E+00  4.21574296E-01  1.24057880E+01  9.99835505E-01  5.70297627E-01
 -6.62761422E+00  1.00000000E+00  4.77830270E+00 -2.38809760E+00  4.21584390E-01  1.24124541E+01  9.99633970E-01  5.70641006E-01
 -6.57802031E+00  1.00000000E+00  4.74558842E+00 -2.38712863E+00  4.21626386E-01  1.24049967E+01  9.99682224E-01  5.70265723E-01
 -6.52842640E+00  1.00000000E+00  4.71287414E+00 -2.38616016E+00  4.21624757E-01  1.23975438E+01  9.99730573E-01  5.69890662E-01
 -6.47883249E+00  1.00000000E+00  4.68008820E+00 -2.38660692E+00  4.21629224E-01  1.23982842E+01  9.99783759E-01  5.69925020E-01
 -6.42923858E+00  1.00000000E+00  4.64730226E+00 -2.38705369E+00  4.21634355E-01  1.23990246E+01  9.99836975E-01  5.69959381E-01
 -6.37964468E+00  1.00000000E+00  4.61462574E+00 -2.38862679E+00  4.21601082E-01  1.24069886E+01  1.00018296E+00  5.70340283E-01
 -6.33005077E+00  1.00000000E+00  4.58194923E+00 -2.39020091E+00  4.21491120E-01  1.24149578E+01  1.00052914E+00  5.70721431E-01
 -6.28045686E+00  1.00000000E+00  4.54914018E+00 -2.38858478E+00  4.21475496E-01  1.24067223E+01  1.00027466E+00  5.70322382E-01
 -6.23086295E+00  1.00000000E+00  4.51633112E+00 -2.38696971E+00  4.21498177E-01  1.23984923E+01  1.00002039E+00  5.69923595E-01
 -6.18126904E+00  1.00000000E+00  4.48362447E+00 -2.38732273E+00  4.21536158E-01  1.23989213E+01  1.00008496E+00  5.69941819E-01
 -6.13167513E+00  1.00000000E+00  4.45091782E+00 -2.38767576E+00  4.21565672E-01  1.23993504E+01  1.00014955E+00  5.69960045E-01
 -6.08208123E+00  1.00000000E+00  4.41814329E+00 -2.38797070E+00  4.21567344E-01  1.24060727E+01  9.99938548E-01  5.70306708E-01
 -6.03248732E+00  1.00000000E+00  4.38536877E+00 -2.38826566E+00  4.21557157E-01  1.24127989E+01  9.99727573E-01  5.70653566E-01
 -5.98289341E+00  1.00000000E+00  4.35264272E+00 -2.38727843E+00  4.21603315E-01  1.24051035E+01  9.99763962E-01  5.70266979E-01
 -5.93329950E+00  1.00000000E+00  4.31991667E+00 -2.38629171E+00  4.21600095E-01  1.23974130E+01  9.99800438E-01  5.69880628E-01
 -5.88370559E+00  1.00000000E+00  4.28713177E+00 -2.38674945E+00  4.21599561E-01  1.23979745E+01  9.99865260E-01  5.69905460E-01
 -5.83411168E+00  1.00000000E+00  4.25434687E+00 -2.38720718E+00  4.21599186E-01  1.23985360E+01  9.99930114E-01  5.69930294E-01
 -5.78451777E+00  1.00000000E+00  4.22168812E+00 -2.38862200E+00  4.21564242E-01  1.24069984E+01  1.00020404E+00  5.70339718E-01
 -5.73492387E+00  1.00000000E+00  4.18902937E+00 -2.39003770E+00  4.21469851E-01  1.24154666E+01  1.00047811E+00  5.70749425E-01
 -5.68532996E+00  1.00000000E+00  4.15617276E+00 -2.38796510E+00  4.21491494E-01  1.24058935E+01  1.00007250E+00  5.70291050E-01
 -5.63573605E+00  1.00000000E+00  4.12331614E+00 -2.38589414E+00  4.21540692E-01  1.23963278E+01  9.99667259E-01  5.69833029E-01
 -5.58614214E+00  1.00000000E+00  4.09065740E+00 -2.38704200E+00  4.21585825E-01  1.23978764E+01  1.00000385E+00  5.69893626E-01
 -5.53654823E+00  1.00000000E+00  4.05799866E+00 -2.38819007E+00  4.21595335E-01  1.23994254E+01  1.00034061E+00  5.69954238E-01
 -5.48695432E+00  1.00000000E+00  4.02520647E+00 -2.38833633E+00  4.21552822E-01  1.24062716E+01  1.00012211E+00  5.70307474E-01
 -5.43736041E+00  1.00000000E+00  3.99241427E+00 -2.38848248E+00  4.21496025E-01  1.24131220E+01  9.99903613E-01  5.70660920E-01
 -5.38776651E+00  1.00000000E+00  3.95971241E+00 -2.38748208E+00  4.21558010E-01  1.24051281E+01  9.99912935E-01  5.70260760E-01
 -5.33817260E+00  1.00000000E+00  3.92701055E+00 -2.38648219E+00  4.21567732E-01  1.23971394E+01  9.99922326E-01  5.69860856E-01
 -5.28857869E+00  1.00000000E+00  3.89421610E+00 -2.38696687E+00  4.21582572E-01  1.23979252E+01  9.99982888E-01  5.69897117E-01
 -5.23898478E+00  1.00000000E+00  3.86142165E+00 -2.38745156E+00  4.21603139E-01  1.23987111E+01  1.00004349E+00  5.69933381E-01
 -5.18939087E+00  1.00000000E+00  3.82871229E+00 -2.38842043E+00  4.21578162E-01  1.24072525E+01  1.00014076E+00  5.70355585E-01
 -5.13979696E+00  1.00000000E+00  3.79600294E+00 -2.38938973E+00  4.21503470E-01  1.24157998E+01  1.00023804E+00  5.70778088E-01
 -5.09020305E+00  1.00000000E+00  3.76315796E+00 -2.38764214E+00  4.21524987E-01  1.24057447E+01  9.99953741E-01  5.70289548E-01
 -5.04060915E+00  1.00000000E+00  3.73031299E+00 -2.38589586E+00  4.21557461E-01  1.23956977E+01  9.99669650E-01  5.69801404E-01
 -4.99101524E+00  1.00000000E+00  3.69773126E+00 -2.38708125E+00  4.21565139E-01  1.23978630E+01  1.00002590E+00  5.69891857E-01
 -4.94142133E+00  1.00000000E+00  3.66514952E+00 -2.38826693E+00  4.21538364E-01  1.24000290E+01  1.00038233E+00  5.69982332E-01
 -4.89182742E+00  1.00000000E+00  3.63232554E+00 -2.38851123E+00  4.21514785E-01  1.24048308E+01  1.00029040E+00  5.70227019E-01
 -4.84223351E+00  1.00000000E+00  3.59950155E+00 -2.38875553E+00  4.21472008E-01  1.24096346E+01  1.00019846E+00  5.70471806E-01
 -4.79263960E+00  1.00000000E+00  3.56673149E+00 -2.38781172E+00  4.21496370E-01  1.24039336E+01  1.00010555E+00  5.70191403E-01
 -4.74304569E+00  1.00000000E+00  3.53396143E+00 -2.38686831E+00  4.21516174E-01  1.23982353E+01  1.00001272E+00  5.69911128E-01
 -4.69345179E+00  1.00000000E+00  3.50121040E+00 -2.38697509E+00  4.21535067E-01  1.23993253E+01  9.99931511E-01  5.69969690E-01
 -4.64385788E+00  1.00000000E+00  3.46845936E+00 -2.38708187E+00  4.21575369E-01  1.24004154E+01  9.99850321E-01  5.70028256E-01
 -4.59426397E+00  1.00000000E+00  3.43579038E+00 -2.38883253E+00  4.21571895E-01  1.24084376E+01  1.00023275E+00  5.70410242E-01
 -4.54467006E+00  1.00000000E+00  3.40312140E+00 -2.39058437E+00  4.21483567E-01  1.24164650E+01  1.00061545E+00  5.70792476E-01
 -4.49507615E+00  1.00000000E+00  3.37032678E+00 -2.38992880E+00  4.21464308E-01  1.24186312E+01  1.00026045E+00  5.70918539E-01
 -4.44548224E+00  1.00000000E+00  3.33753217E+00 -2.38927313E+00  4.21457793E-01  1.24207983E+01  9.99905559E-01  5.71044636E-01
 -4.39588833E+00  1.00000000E+00  3.30482022E+00 -2.38769873E+00  4.21499506E-01  1.24089945E+01  9.99861744E-01  5.70456639E-01
 -4.34629443E+00  1.00000000E+00  3.27210827E+00 -2.38612555E+00  4.21578031E-01  1.23972020E+01  9.99818088E-01  5.69869198E-01
 -4.29670052E+00  1.00000000E+00  3.23928906E+00 -2.38694918E+00  4.21602157E-01  1.24046835E+01  9.99760926E-01  5.70246131E-01
 -4.24710661E+00  1.00000000E+00  3.20646984E+00 -2.38777319E+00  4.21543676E-01  1.24121696E+01  9.99703812E-01  5.70623292E-01
 -4.19751270E+00  1.00000000E+00  3.17374614E+00 -2.38684329E+00  4.21599211E-01  1.24030747E+01  9.99732770E-01  5.70167094E-01
 -4.14791879E+00  1.00000000E+00  3.14102243E+00 -2.38591383E+00  4.21652856E-01  1.23939865E+01  9.99761754E-01  5.69711237E-01
 -4.09832488E+00  1.00000000E+00  3.10834414E+00 -2.38700565E+00  4.21608269E-01  1.23982116E+01  1.00006800E+00  5.69907179E-01
 -4.04873097E+00  1.00000000E+00  3.07566585E+00 -2.38809790E+00  4.21485205E-01  1.24024381E+01  1.00037436E+00  5.70103188E-01
 -3.99913707E+00  1.00000000E+00  3.04278206E+00 -2.38743637E+00  4.21502829E-01  1.24011488E+01  1.00005847E+00  5.70054515E-01
 -3.94954316E+00  1.00000000E+00  3.00989827E+00 -2.38677499E+00  4.21573271E-01  1.23998596E+01  9.99742681E-01  5.70005847E-01
 -3.89994925E+00  1.00000000E+00  2.97731911E+00 -2.38874126E+00  4.21552625E-01  1.24126649E+01  1.00008879E+00  5.70628803E-01
 -3.85035534E+00  1.00000000E+00  2.94473994E+00 -2.39070926E+00  4.21453601E-01  1.24254833E+01  1.00043513E+00  5.71252411E-01
 -3.80076143E+00  1.00000000E+00  2.91192035E+00 -2.38873163E+00  4.21455197E-01  1.24155676E+01  1.00012030E+00  5.70772363E-01
 -3.75116752E+00  1.00000000E+00  2.87910075E+00 -2.38675555E+00  4.21491100E-01  1.24056597E+01  9.99805795E-01  5.70292695E-01
 -3.70157361E+00  1.00000000E+00  2.84630429E+00 -2.38705096E+00  4.21527050E-01  1.24078854E+01  9.99679038E-01  5.70410319E-01
 -3.65197971E+00  1.00000000E+00  2.81350783E+00 -2.38734643E+00  4.21545469E-01  1.24101115E+01  9.99552335E-01  5.70527960E-01
 -3.60238580E+00  1.00000000E+00  2.78067588E+00 -2.38716100E+00  4.21597294E-01  1.24067602E+01  9.99508066E-01  5.70362606E-01
 -3.55279189E+00  1.00000000E+00  2.74784393E+00 -2.38697553E+00  4.21684513E-01  1.24034098E+01  9.99463795E-01  5.70197300E-01
 -3.50319798E+00  1.00000000E+00  2.71529447E+00 -2.38795578E+00  4.21705569E-01  1.24021207E+01  9.99976388E-01  5.70107215E-01
 -3.45360407E+00  1.00000000E+00  2.68274502E+00 -2.38893607E+00  4.21675737E-01  1.24008323E+01  1.00048921E+00  5.70017152E-01
 -3.40401016E+00  1.00000000E+00  2.64996293E+00 -2.38933821E+00  4.21600137E-01  1.24109246E+01  1.00036906E+00  5.70527778E-01
 -3.35441626E+00  1.00000000E+00  2.61718085E+00 -2.38974008E+00  4.21452284E-01  1.24210260E+01  1.00024884E+00  5.71038856E-01
 -3.30482235E+00  1.00000000E+00  2.58443910E+00 -2.38788444E+00  4.21455504E-01  1.24098117E+01  1.00000665E+00  5.70490252E-01
 -3.25522844E+00  1.00000000E+00  2.55169736E+00 -2.38603031E+00  4.21485139E-01  1.23986075E+01  9.99764697E-01  5.69942142E-01
 -3.20563453E+00  1.00000000E+00  2.51881371E+00 -2.38615159E+00  4.21557889E-01  1.23967828E+01  9.99698637E-01  5.69854208E-01
 -3.15604062E+00  1.00000000E+00  2.48593007E+00 -2.38627274E+00  4.21617877E-01  1.23949584E+01  9.99632611E-01  5.69766289E-01
 -3.10644671E+00  1.00000000E+00  2.45333264E+00 -2.38731526E+00  4.21617646E-01  1.23959930E+01  1.00012872E+00  5.69793216E-01
 -3.05685280E+00  1.00000000E+00  2.42073521E+00 -2.38835805E+00  4.21540379E-01  1.23970280E+01  1.00062505E+00  5.69820147E-01
 -3.00725890E+00  1.00000000E+00  2.38796652E+00 -2.38878669E+00  4.21501672E-01  1.24076133E+01  1.00041036E+00  5.70360147E-01
 -2.95766499E+00  1.00000000E+00  2.35519783E+00 -2.38921517E+00  4.21418030E-01  1.24182084E+01  1.00019562E+00  5.70900639E-01
 -2.90807108E+00  1.00000000E+00  2.32236273E+00 -2.38812253E+00  4.21439258E-01  1.24088362E+01  1.00020616E+00  5.70431503E-01
 -2.85847717E+00  1.00000000E+00  2.28952762E+00 -2.38703052E+00  4.21472467E-01  1.23994712E+01  1.00021676E+00  5.69962722E-01
 -2.80888326E+00  1.00000000E+00  2.25698261E+00 -2.38863464E+00  4.21455031E-01  1.24120371E+01  1.00020701E+00  5.70591507E-01
 -2.75928935E+00  1.00000000E+00  2.22443759E+00 -2.39024007E+00  4.21429179E-01  1.24246159E+01  1.00019744E+00  5.71220925E-01
 -2.70969544E+00  1.00000000E+00  2.19152135E+00 -2.38829607E+00  4.21500242E-01  1.24177749E+01  9.99663246E-01  5.70905583E-01
 -2.66010154E+00  1.00000000E+00  2.15860510E+00 -2.38635334E+00  4.21606075E-01  1.24109378E+01  9.99129455E-01  5.70590418E-01
 -2.61050763E+00  1.00000000E+00  2.12584076E+00 -2.38665285E+00  4.21657381E-01  1.24052803E+01  9.99474570E-01  5.70290286E-01
 -2.56091372E+00  1.00000000E+00  2.09307643E+00 -2.38695207E+00  4.21689152E-01  1.23996259E+01  9.99819741E-01  5.69990310E-01
 -2.51131981E+00  1.00000000E+00  2.06040118E+00 -2.38735633E+00  4.21695763E-01  1.23999205E+01  9.99968077E-01  5.69997620E-01
 -2.46172590E+00  1.00000000E+00  2.02772594E+00 -2.38776060E+00  4.21676783E-01  1.24002151E+01  1.00011644E+00  5.70004932E-01
 -2.41213199E+00  1.00000000E+00  1.99498718E+00 -2.38852902E+00  4.21625759E-01  1.24080415E+01  1.00014990E+00  5.70394582E-01
 -2.36253808E+00  1.00000000E+00  1.96224841E+00 -2.38929769E+00  4.21523146E-01  1.24158731E+01  1.00018336E+00  5.70784487E-01
 -2.31294418E+00  1.00000000E+00  1.92949865E+00 -2.38817179E+00  4.21552530E-01  1.24071346E+01  1.00012763E+00  5.70350349E-01
 -2.26335027E+00  1.00000000E+00  1.89674889E+00 -2.38704651E+00  4.21579985E-01  1.23984023E+01  1.00007197E+00  5.69916519E-01
 -2.21375636E+00  1.00000000E+00  1.86393797E+00 -2.38713278E+00  4.21585760E-01  1.23970655E+01  1.00006787E+00  5.69849881E-01
 -2.16416245E+00  1.00000000E+00  1.83112705E+00 -2.38721899E+00  4.21588048E-01  1.23957288E+01  1.00006378E+00  5.69783252E-01
 -2.11456854E+00  1.00000000E+00  1.79847609E+00 -2.38754851E+00  4.21588106E-01  1.24017312E+01  1.00005208E+00  5.70083955E-01
 -2.06497463E+00  1.00000000E+00  1.76582513E+00 -2.38787798E+00  4.21552484E-01  1.24077366E+01  1.00004034E+00  5.70384815E-01
 -2.01538072E+00  1.00000000E+00  1.73294000E+00 -2.38758273E+00  4.21546759E-01  1.24052650E+01  9.99939848E-01  5.70266257E-01
 -1.96578682E+00  1.00000000E+00  1.70005487E+00 -2.38728750E+00  4.21591832E-01  1.24027939E+01  9.99839360E-01  5.70147725E-01
 -1.91619291E+00  1.00000000E+00  1.66740525E+00 -2.38783223E+00  4.21616503E-01  1.24064268E+01  1.00000514E+00  5.70321083E-01
 -1.86659900E+00  1.00000000E+00  1.63475563E+00 -2.38837709E+00  4.21567224E-01  1.24100608E+01  1.00017094E+00  5.70494494E-01
 -1.81700509E+00  1.00000000E+00  1.60182272E+00 -2.38784984E+00  4.21549163E-01  1.24060898E+01  1.00000282E+00  5.70304350E-01
 -1.76741118E+00  1.00000000E+00  1.56888980E+00 -2.38732270E+00  4.21577178E-01  1.24021201E+01  9.99834722E-01  5.70114270E-01
 -1.71781727E+00  1.00000000E+00  1.53625467E+00 -2.38693357E+00  4.21545449E-01  1.24003530E+01  9.99801865E-01  5.70027558E-01
 -1.66822336E+00  1.00000000E+00  1.50361955E+00 -2.38654449E+00  4.21478087E-01  1.23985862E+01  9.99769024E-01  5.69940858E-01
 -1.61862946E+00  1.00000000E+00  1.47078401E+00 -2.38653799E+00  4.21465539E-01  1.23958036E+01  9.99779160E-01  5.69801224E-01
 -1.56903555E+00  1.00000000E+00  1.43794847E+00 -2.38653142E+00  4.21462008E-01  1.23930218E+01  9.99789293E-01  5.69661626E-01
 -1.51944164E+00  1.00000000E+00  1.40533182E+00 -2.38821525E+00  4.21284974E-01  1.24001340E+01  1.00038679E+00  5.69987363E-01
 -1.46984773E+00  1.00000000E+00  1.37271517E+00 -2.38990022E+00  4.20966470E-01  1.24072504E+01  1.00098466E+00  5.70313287E-01
 -1.42025382E+00  1.00000000E+00  1.33990334E+00 -2.38782607E+00  4.20857197E-01  1.23944439E+01  1.00067297E+00  5.69688549E-01
 -1.37065991E+00  1.00000000E+00  1.30709150E+00 -2.38575383E+00  4.20754061E-01  1.23816507E+01  1.00036155E+00  5.69064458E-01
 -1.32106600E+00  1.00000000E+00  1.27429897E+00 -2.38570183E+00  4.20607346E-01  1.23819936E+01  1.00024731E+00  5.69087312E-01
 -1.27147210E+00  1.00000000E+00  1.24150643E+00 -2.38564984E+00  4.20400064E-01  1.23823364E+01  1.00013310E+00  5.69110166E-01
 -1.22187819E+00  1.00000000E+00  1.20886568E+00 -2.38495182E+00  4.20167768E-01  1.23737233E+01  1.00020752E+00  5.68675791E-01
 -1.17228428E+00  1.00000000E+00  1.17622493E+00 -2.38425403E+00  4.19883166E-01  1.23651165E+01  1.00028194E+00  5.68241728E-01
 -1.12269037E+00  1.00000000E+00  1.14367452E+00 -2.38356350E+00  4.19548090E-01  1.23549340E+01  1.00037268E+00  5.67728068E-01
 -1.07309646E+00  1.00000000E+00  1.11112410E+00 -2.38287309E+00  4.19185338E-01  1.23447604E+01  1.00046338E+00  5.67214852E-01
 -1.02350255E+00  1.00000000E+00  1.07885515E+00 -2.38168827E+00  4.18630717E-01  1.23302866E+01  1.00069237E+00  5.66479713E-01
 -9.73908645E-01  1.00000000E+00  1.04658620E+00 -2.38050424E+00  4.18025346E-01  1.23158304E+01  1.00092144E+00  5.65745450E-01
 -9.24314736E-01  1.00000000E+00  1.01452205E+00 -2.37925501E+00  4.17380297E-01  1.23013842E+01  1.00102997E+00  5.65017713E-01
 -8.74720828E-01  1.00000000E+00  9.82457903E-01 -2.37800654E+00  4.16696977E-01  1.22869556E+01  1.00113850E+00  5.64290853E-01
 -8.25312107E-01  1.00000000E+00  9.51164540E-01 -2.37535588E+00  4.15761923E-01  1.22602787E+01  1.00125674E+00  5.62951096E-01
 -7.75903387E-01  1.00000000E+00  9.19871178E-01 -2.37270889E+00  4.14848319E-01  1.22336612E+01  1.00137516E+00  5.61614302E-01
 -7.30665613E-01  1.00000000E+00  8.91826162E-01 -2.37069337E+00  4.14151153E-01  1.22131084E+01  1.00141932E+00  5.60584454E-01
 -6.85427839E-01  1.00000000E+00  8.63781145E-01 -2.36867988E+00  4.13316069E-01  1.21925911E+01  1.00146353E+00  5.59556379E-01
 -6.45465100E-01  1.00000000E+00  8.39873311E-01 -2.36597575E+00  4.12540187E-01  1.21729217E+01  1.00123388E+00  5.58584393E-01
 -6.05502361E-01  1.00000000E+00  8.15965477E-01 -2.36327514E+00  4.11810667E-01  1.21532843E+01  1.00100460E+00  5.57613986E-01
 -5.70199545E-01  1.00000000E+00  7.95965198E-01 -2.36025709E+00  4.11077173E-01  1.21319926E+01  1.00077021E+00  5.56561120E-01
 -5.34896729E-01  1.00000000E+00  7.75964920E-01 -2.35724343E+00  4.10503875E-01  1.21107384E+01  1.00053634E+00  5.55510102E-01
 -5.03710456E-01  1.00000000E+00  7.59183571E-01 -2.35812661E+00  4.09966401E-01  1.20993617E+01  1.00132105E+00  5.54902033E-01
 -4.72524184E-01  1.00000000E+00  7.42402221E-01 -2.35900829E+00  4.09462136E-01  1.20879989E+01  1.00210609E+00  5.54294641E-01
 -4.44974441E-01  1.00000000E+00  7.29017497E-01 -2.36197658E+00  4.09543667E-01  1.20939966E+01  1.00309543E+00  5.54545060E-01
 -4.17424698E-01  1.00000000E+00  7.15632773E-01 -2.36494712E+00  4.09522064E-01  1.20999986E+01  1.00408596E+00  5.54795633E-01
 -3.93087440E-01  1.00000000E+00  7.04774530E-01 -2.36238711E+00  4.09248374E-01  1.20954156E+01  1.00334431E+00  5.54603567E-01
 -3.68750182E-01  1.00000000E+00  6.93916288E-01 -2.35982844E+00  4.09716185E-01  1.20908356E+01  1.00260350E+00  5.54411603E-01
 -3.47250809E-01  1.00000000E+00  6.85675308E-01 -2.35837190E+00  4.10540517E-01  1.21119955E+01  1.00098524E+00  5.55550513E-01
 -3.25751437E-01  1.00000000E+00  6.77434328E-01 -2.35691157E+00  4.11724944E-01  1.21332025E+01  9.99368540E-01  5.56691698E-01
 -3.06759035E-01  1.00000000E+00  6.71799355E-01 -2.36469377E+00  4.12784114E-01  1.21643665E+01  1.00112314E+00  5.58162167E-01
 -2.87766633E-01  1.00000000E+00  6.66164383E-01 -2.37249781E+00  4.14111186E-01  1.21956123E+01  1.00288356E+00  5.59636436E-01
 -2.70988873E-01  1.00000000E+00  6.62514958E-01 -2.37402590E+00  4.16018902E-01  1.22426439E+01  1.00140572E+00  5.62061910E-01
 -2.54211113E-01  1.00000000E+00  6.58865534E-01 -2.37555134E+00  4.18062546E-01  1.22898741E+01  9.99928264E-01  5.64497292E-01
 -2.39389755E-01  1.00000000E+00  6.57301147E-01 -2.38076235E+00  4.20229792E-01  1.23425201E+01  9.99863709E-01  5.67132820E-01
 -2.24568396E-01  1.00000000E+00  6.55736761E-01 -2.38598683E+00  4.22593166E-01  1.23953979E+01  9.99799470E-01  5.69779919E-01
 -2.11472015E-01  1.00000000E+00  6.56211627E-01 -2.39619942E+00  4.25215774E-01  1.24657516E+01  1.00086906E+00  5.73244125E-01
 -1.98375634E-01  1.00000000E+00  6.56686492E-01 -2.40646066E+00  4.27897115E-01  1.25365060E+01  1.00194438E+00  5.76728082E-01
 -1.85977157E-01  1.00000000E+00  6.59565614E-01 -2.42123118E+00  4.31303494E-01  1.26304448E+01  1.00396789E+00  5.81323844E-01
 -1.73578680E-01  1.00000000E+00  6.62444735E-01 -2.43609898E+00  4.34862598E-01  1.27250881E+01  1.00600451E+00  5.85954178E-01
 -1.61180203E-01  1.00000000E+00  6.67070017E-01 -2.44385494E+00  4.39766370E-01  1.28420535E+01  1.00426279E+00  5.91889534E-01
 -1.48781726E-01  1.00000000E+00  6.71695298E-01 -2.45163370E+00  4.44806364E-01  1.29601526E+01  1.00251982E+00  5.97881640E-01
 -1.36383248E-01  1.00000000E+00  6.83150660E-01 -2.47082160E+00  4.51005006E-01  1.31270955E+01  1.00348327E+00  6.06180611E-01
 -1.23984771E-01  1.00000000E+00  6.94606022E-01 -2.49018508E+00  4.57802054E-01  1.32962225E+01  1.00445754E+00  6.14588246E-01
 -1.11586294E-01  1.00000000E+00  7.04489724E-01 -2.53744117E+00  4.67691022E-01  1.35053121E+01  1.01405070E+00  6.24563068E-01
 -9.91878171E-02  1.00000000E+00  7.14373426E-01 -2.58548759E+00  4.76323104E-01  1.37177315E+01  1.02383238E+00  6.34694956E-01
 -8.67893400E-02  1.00000000E+00  7.59774084E-01 -2.40213151E+00  4.88816267E-01  1.38135685E+01  9.56770763E-01  6.42839886E-01
 -7.43908628E-02  1.00000000E+00  8.05174742E-01 -2.21880605E+00  5.06830076E-01  1.39241064E+01  8.94604284E-01  6.51475106E-01
 -6.19923857E-02  1.00000000E+00  7.83498520E-01 -2.03447992E+00  5.18378704E-01  1.34396986E+01  8.51246696E-01  6.29422595E-01
 -4.95939085E-02  1.00000000E+00  7.61822298E-01 -1.85871133E+00  4.86240644E-01  1.29765879E+01  8.11559484E-01  6.08251422E-01
 -3.71954314E-02  1.00000000E+00  1.35869195E+00 -4.75459035E+00  4.51217721E-01  1.72180284E+01  1.81651855E+00  7.70075492E-01
 -2.47969543E-02  1.00000000E+00  1.95556160E+00 -9.50400368E+00  5.25282528E-01  2.47963976E+01  4.07116700E+00  1.03626153E+00
 -1.23984771E-02  1.00000000E+00  9.24885482E-01  1.65984486E+00  1.32914077E+00  1.45103044E+01  1.06355565E+00  6.72337440E-01
  0.00000000E+00  1.00000000E+00 -1.05790635E-01  1.94425661E+01  4.81507704E+00  3.29124975E+01  1.19450328E+01  1.04837324E+00
