# curve 5 (die wall), step =     1000, time =   4.00000000E+02
# N1 = tau_xx - tau_yy = G ( c_xx - c_yy ),  G =  5.3333E-02  (polymer part only)
#              x               y        pressure            c_xy        gammadot            c_xx            c_yy              N1
 -3.00000000E+00  1.00000000E+00  2.13406231E+00 -1.22165280E+00  4.17546503E-01  5.06122134E+00  6.81382453E-01  2.33591407E-01
 -2.95108291E+00  1.00000000E+00  2.10314470E+00 -1.22183670E+00  4.17547215E-01  5.06198040E+00  6.81402274E-01  2.33630834E-01
 -2.90216582E+00  1.00000000E+00  2.07222708E+00 -1.22202063E+00  4.17538524E-01  5.06273958E+00  6.81422102E-01  2.33670266E-01
 -2.85324873E+00  1.00000000E+00  2.04132372E+00 -1.22198929E+00  4.17531110E-01  5.06224266E+00  6.81435370E-01  2.33643055E-01
 -2.80433164E+00  1.00000000E+00  2.01042036E+00 -1.22195796E+00  4.17539618E-01  5.06174578E+00  6.81448637E-01  2.33615848E-01
 -2.75541455E+00  1.00000000E+00  1.97956369E+00 -1.22179718E+00  4.17545759E-01  5.06103609E+00  6.81453614E-01  2.33577732E-01
 -2.70649746E+00  1.00000000E+00  1.94870702E+00 -1.22163642E+00  4.17549580E-01  5.06032649E+00  6.81458598E-01  2.33539621E-01
 -2.65758037E+00  1.00000000E+00  1.91780540E+00 -1.22162663E+00  4.17548975E-01  5.06061749E+00  6.81428916E-01  2.33556724E-01
 -2.60866328E+00  1.00000000E+00  1.88690377E+00 -1.22161685E+00  4.17547760E-01  5.06090852E+00  6.81399235E-01  2.33573829E-01
 -2.55974619E+00  1.00000000E+00  1.85604076E+00 -1.22151378E+00  4.17553459E-01  5.06070631E+00  6.81395630E-01  2.33563236E-01
 -2.51082911E+00  1.00000000E+00  1.82517775E+00 -1.22141071E+00  4.17541092E-01  5.06050410E+00  6.81392029E-01  2.33552644E-01
 -2.46191202E+00  1.00000000E+00  1.79425785E+00 -1.22144242E+00  4.17545561E-01  5.06012531E+00  6.81408985E-01  2.33531537E-01
 -2.41299493E+00  1.00000000E+00  1.76333794E+00 -1.22147411E+00  4.17566002E-01  5.05974655E+00  6.81425942E-01  2.33510432E-01
 -2.36407784E+00  1.00000000E+00  1.73248729E+00 -1.22140719E+00  4.17565750E-01  5.05954095E+00  6.81440690E-01  2.33498680E-01
 -2.31516075E+00  1.00000000E+00  1.70163665E+00 -1.22134026E+00  4.17545960E-01  5.05933535E+00  6.81455441E-01  2.33486929E-01
 -2.26624366E+00  1.00000000E+00  1.67074183E+00 -1.22146548E+00  4.17531628E-01  5.06052055E+00  6.81407641E-01  2.33552688E-01
 -2.21732657E+00  1.00000000E+00  1.63984702E+00 -1.22159072E+00  4.17509618E-01  5.06170603E+00  6.81359849E-01  2.33618463E-01
 -2.16840948E+00  1.00000000E+00  1.60894168E+00 -1.22165201E+00  4.17511285E-01  5.06135943E+00  6.81397410E-01  2.33597974E-01
 -2.11949239E+00  1.00000000E+00  1.57803634E+00 -1.22171329E+00  4.17532742E-01  5.06101286E+00  6.81434973E-01  2.33577487E-01
 -2.07057530E+00  1.00000000E+00  1.54719662E+00 -1.22181468E+00  4.17516045E-01  5.06259584E+00  6.81374407E-01  2.33665143E-01
 -2.02165821E+00  1.00000000E+00  1.51635690E+00 -1.22191607E+00  4.17472607E-01  5.06417935E+00  6.81313844E-01  2.33752827E-01
 -1.97274112E+00  1.00000000E+00  1.48540647E+00 -1.22179586E+00  4.17476189E-01  5.06310622E+00  6.81317462E-01  2.33695400E-01
 -1.92382403E+00  1.00000000E+00  1.45445604E+00 -1.22167566E+00  4.17507893E-01  5.06203331E+00  6.81321080E-01  2.33637986E-01
 -1.87490694E+00  1.00000000E+00  1.42363265E+00 -1.22164984E+00  4.17517745E-01  5.06104773E+00  6.81408675E-01  2.33580749E-01
 -1.82598985E+00  1.00000000E+00  1.39280927E+00 -1.22162402E+00  4.17516865E-01  5.06006236E+00  6.81496281E-01  2.33523524E-01
 -1.77707276E+00  1.00000000E+00  1.36191059E+00 -1.22177944E+00  4.17485751E-01  5.06163380E+00  6.81445159E-01  2.33610061E-01
 -1.72815567E+00  1.00000000E+00  1.33101191E+00 -1.22193489E+00  4.17432751E-01  5.06320575E+00  6.81394043E-01  2.33696624E-01
 -1.67923858E+00  1.00000000E+00  1.30013134E+00 -1.22175335E+00  4.17415891E-01  5.06218865E+00  6.81411265E-01  2.33641461E-01
 -1.63032150E+00  1.00000000E+00  1.26925078E+00 -1.22157184E+00  4.17385051E-01  5.06117176E+00  6.81428497E-01  2.33586308E-01
 -1.58140441E+00  1.00000000E+00  1.23838544E+00 -1.22163981E+00  4.17350103E-01  5.06058548E+00  6.81498929E-01  2.33551282E-01
 -1.53248732E+00  1.00000000E+00  1.20752011E+00 -1.22170778E+00  4.17320938E-01  5.05999928E+00  6.81569366E-01  2.33516262E-01
 -1.48357023E+00  1.00000000E+00  1.17666766E+00 -1.22155930E+00  4.17283010E-01  5.05938333E+00  6.81529109E-01  2.33485558E-01
 -1.43465314E+00  1.00000000E+00  1.14581520E+00 -1.22141084E+00  4.17257564E-01  5.05876745E+00  6.81488856E-01  2.33454858E-01
 -1.38573605E+00  1.00000000E+00  1.11499673E+00 -1.22134383E+00  4.17207142E-01  5.05765723E+00  6.81597146E-01  2.33389871E-01
 -1.33681896E+00  1.00000000E+00  1.08417826E+00 -1.22127685E+00  4.17127753E-01  5.05654727E+00  6.81705459E-01  2.33324897E-01
 -1.28790187E+00  1.00000000E+00  1.05336530E+00 -1.22121523E+00  4.17031553E-01  5.05562929E+00  6.81753840E-01  2.33273357E-01
 -1.23898478E+00  1.00000000E+00  1.02255234E+00 -1.22115361E+00  4.16940384E-01  5.05471148E+00  6.81802224E-01  2.33221827E-01
 -1.19006769E+00  1.00000000E+00  9.91842896E-01 -1.22119052E+00  4.16821308E-01  5.05475661E+00  6.81850813E-01  2.33221643E-01
 -1.14115060E+00  1.00000000E+00  9.61133455E-01 -1.22122744E+00  4.16681543E-01  5.05480174E+00  6.81899406E-01  2.33221458E-01
 -1.09223351E+00  1.00000000E+00  9.30459161E-01 -1.22104949E+00  4.16573452E-01  5.05320730E+00  6.81944779E-01  2.33134001E-01
 -1.04331642E+00  1.00000000E+00  8.99784867E-01 -1.22087159E+00  4.16472640E-01  5.05161338E+00  6.81990160E-01  2.33046572E-01
 -9.94399333E-01  1.00000000E+00  8.69297274E-01 -1.22069231E+00  4.16367970E-01  5.04998940E+00  6.82071966E-01  2.32955596E-01
 -9.45482243E-01  1.00000000E+00  8.38809682E-01 -1.22051308E+00  4.16252876E-01  5.04836595E+00  6.82153796E-01  2.32864648E-01
 -8.96565154E-01  1.00000000E+00  8.08523149E-01 -1.22051022E+00  4.16154640E-01  5.04817591E+00  6.82196288E-01  2.32852247E-01
 -8.47648064E-01  1.00000000E+00  7.78236615E-01 -1.22050735E+00  4.16043869E-01  5.04798588E+00  6.82238785E-01  2.32839845E-01
 -7.99501858E-01  1.00000000E+00  7.48786194E-01 -1.22051126E+00  4.16014318E-01  5.04716497E+00  6.82332312E-01  2.32791075E-01
 -7.51355652E-01  1.00000000E+00  7.19335774E-01 -1.22051516E+00  4.16031641E-01  5.04634421E+00  6.82425851E-01  2.32742312E-01
 -7.08111109E-01  1.00000000E+00  6.93236205E-01 -1.22052294E+00  4.16140146E-01  5.04737076E+00  6.82299723E-01  2.32803789E-01
 -6.64866566E-01  1.00000000E+00  6.67136637E-01 -1.22053073E+00  4.16441127E-01  5.04839755E+00  6.82173619E-01  2.32865276E-01
 -6.26599939E-01  1.00000000E+00  6.44505221E-01 -1.22135078E+00  4.16880862E-01  5.05265965E+00  6.82144690E-01  2.33094131E-01
 -5.88333313E-01  1.00000000E+00  6.21873806E-01 -1.22217144E+00  4.17402954E-01  5.05692535E+00  6.82115948E-01  2.33323168E-01
 -5.54471587E-01  1.00000000E+00  6.02319555E-01 -1.22140398E+00  4.18270709E-01  5.06510064E+00  6.80870102E-01  2.33825629E-01
 -5.20609860E-01  1.00000000E+00  5.82765304E-01 -1.22063604E+00  4.19266547E-01  5.07329345E+00  6.79626062E-01  2.34328927E-01
 -4.90645977E-01  1.00000000E+00  5.65960056E-01 -1.22366878E+00  4.20408228E-01  5.08398491E+00  6.80049180E-01  2.34876572E-01
 -4.60682095E-01  1.00000000E+00  5.49154808E-01 -1.22670771E+00  4.21712063E-01  5.09469931E+00  6.80474455E-01  2.35425326E-01
 -4.34167380E-01  1.00000000E+00  5.34979026E-01 -1.22586265E+00  4.23579218E-01  5.11130711E+00  6.78317050E-01  2.36426137E-01
 -4.07652666E-01  1.00000000E+00  5.20803244E-01 -1.22501672E+00  4.25637202E-01  5.12798193E+00  6.76165196E-01  2.37430226E-01
 -3.84190072E-01  1.00000000E+00  5.08645967E-01 -1.22856827E+00  4.27771974E-01  5.14728453E+00  6.75971730E-01  2.38470016E-01
 -3.60727478E-01  1.00000000E+00  4.96488690E-01 -1.23213163E+00  4.30130844E-01  5.16665969E+00  6.75781830E-01  2.39513486E-01
 -3.39965684E-01  1.00000000E+00  4.86480012E-01 -1.23334215E+00  4.33120382E-01  5.19257969E+00  6.73733348E-01  2.41005139E-01
 -3.19203889E-01  1.00000000E+00  4.76471334E-01 -1.23455827E+00  4.36286572E-01  5.21864129E+00  6.71691676E-01  2.42503979E-01
 -3.00831998E-01  1.00000000E+00  4.68176965E-01 -1.23878416E+00  4.39758569E-01  5.25045296E+00  6.70648964E-01  2.44256213E-01
 -2.82460107E-01  1.00000000E+00  4.59882596E-01 -1.24303180E+00  4.43511216E-01  5.28246163E+00  6.69613667E-01  2.46018558E-01
 -2.66203017E-01  1.00000000E+00  4.53243705E-01 -1.24419213E+00  4.47906377E-01  5.31984669E+00  6.66463866E-01  2.48180417E-01
 -2.49945927E-01  1.00000000E+00  4.46604813E-01 -1.24536074E+00  4.52565829E-01  5.35752450E+00  6.63328856E-01  2.50357101E-01
 -2.35560203E-01  1.00000000E+00  4.41466034E-01 -1.25124535E+00  4.57423614E-01  5.40230096E+00  6.61923614E-01  2.52820125E-01
 -2.21174479E-01  1.00000000E+00  4.36327255E-01 -1.25717153E+00  4.62637467E-01  5.44745739E+00  6.60532345E-01  2.55302669E-01
 -2.08421419E-01  1.00000000E+00  4.32501048E-01 -1.26304958E+00  4.68549571E-01  5.50048058E+00  6.58322922E-01  2.58248409E-01
 -1.95668358E-01  1.00000000E+00  4.28674841E-01 -1.26897575E+00  4.74784514E-01  5.55403370E+00  6.56133310E-01  2.61221354E-01
 -1.83439085E-01  1.00000000E+00  4.26081746E-01 -1.26998792E+00  4.82183491E-01  5.61387675E+00  6.51123285E-01  2.64680185E-01
 -1.71209813E-01  1.00000000E+00  4.23488651E-01 -1.27101129E+00  4.89983149E-01  5.67444386E+00  6.46148227E-01  2.68175767E-01
 -1.58980541E-01  1.00000000E+00  4.21581216E-01 -1.28131155E+00  4.99400543E-01  5.75224735E+00  6.44100791E-01  2.72434483E-01
 -1.46751268E-01  1.00000000E+00  4.19673782E-01 -1.29173168E+00  5.09273517E-01  5.83113078E+00  6.42091034E-01  2.76748786E-01
 -1.34521996E-01  1.00000000E+00  4.21469325E-01 -1.29665865E+00  5.22471990E-01  5.94676931E+00  6.34385045E-01  2.83327161E-01
 -1.22292724E-01  1.00000000E+00  4.23264868E-01 -1.30166588E+00  5.36240595E-01  6.06489847E+00  6.26777525E-01  2.90033117E-01
 -1.10063451E-01  1.00000000E+00  4.21125531E-01 -1.32331303E+00  5.55453874E-01  6.18261524E+00  6.26986501E-01  2.96300199E-01
 -9.78341789E-02  1.00000000E+00  4.18986195E-01 -1.34534191E+00  5.74443362E-01  6.30261135E+00  6.27297573E-01  3.02683401E-01
 -8.56049065E-02  1.00000000E+00  4.46778744E-01 -1.31597782E+00  6.04013549E-01  6.60721391E+00  5.91883142E-01  3.20817641E-01
 -7.33756342E-02  1.00000000E+00  4.74571292E-01 -1.28564440E+00  6.40868612E-01  6.93140393E+00  5.57981400E-01  3.39915868E-01
 -6.11463618E-02  1.00000000E+00  4.09005449E-01 -1.31323401E+00  6.94957471E-01  6.92527695E+00  5.69828489E-01  3.38957251E-01
 -4.89170895E-02  1.00000000E+00  3.43439606E-01 -1.34095443E+00  7.20196247E-01  6.91967245E+00  5.81926463E-01  3.38013119E-01
 -3.66878171E-02  1.00000000E+00  7.50992210E-01 -2.34503305E+00  7.82759008E-01  9.08323391E+00  8.71344316E-01  4.37967445E-01
 -2.44585447E-02  1.00000000E+00  1.15854481E+00 -3.75347220E+00  9.18358066E-01  1.21773813E+01  1.37193112E+00  5.76290675E-01
 -1.22292724E-02  1.00000000E+00  7.83199060E-02  6.11081608E-01  1.67266075E+00  9.32632150E+00  3.21743022E-01  4.80244186E-01
  0.00000000E+00  1.00000000E+00 -1.00190500E+00  6.26748047E+00  3.56161320E+00  1.57070541E+01  2.66872996E+00  6.95377286E-01
