# curve 5 (die wall), step =      200, time =   8.00000000E+01
# N1 = tau_xx - tau_yy = G ( c_xx - c_yy ),  G =  5.3333E-02  (polymer part only)
#              x               y        pressure            c_xy        gammadot            c_xx            c_yy              N1
 -3.00000000E+00  1.00000000E+00  2.13406230E+00 -1.22165281E+00  4.17546500E-01  5.06122124E+00  6.81382463E-01  2.33591401E-01
 -2.95108291E+00  1.00000000E+00  2.10314469E+00 -1.22183671E+00  4.17547213E-01  5.06198030E+00  6.81402283E-01  2.33630828E-01
 -2.90216582E+00  1.00000000E+00  2.07222707E+00 -1.22202063E+00  4.17538522E-01  5.06273948E+00  6.81422111E-01  2.33670260E-01
 -2.85324873E+00  1.00000000E+00  2.04132371E+00 -1.22198930E+00  4.17531108E-01  5.06224256E+00  6.81435379E-01  2.33643049E-01
 -2.80433164E+00  1.00000000E+00  2.01042035E+00 -1.22195796E+00  4.17539616E-01  5.06174569E+00  6.81448647E-01  2.33615842E-01
 -2.75541455E+00  1.00000000E+00  1.97956368E+00 -1.22179718E+00  4.17545757E-01  5.06103599E+00  6.81453622E-01  2.33577726E-01
 -2.70649746E+00  1.00000000E+00  1.94870701E+00 -1.22163642E+00  4.17549578E-01  5.06032640E+00  6.81458607E-01  2.33539615E-01
 -2.65758037E+00  1.00000000E+00  1.91780539E+00 -1.22162663E+00  4.17548973E-01  5.06061740E+00  6.81428925E-01  2.33556719E-01
 -2.60866328E+00  1.00000000E+00  1.88690376E+00 -1.22161685E+00  4.17547758E-01  5.06090842E+00  6.81399244E-01  2.33573823E-01
 -2.55974619E+00  1.00000000E+00  1.85604075E+00 -1.22151378E+00  4.17553457E-01  5.06070620E+00  6.81395639E-01  2.33563230E-01
 -2.51082911E+00  1.00000000E+00  1.82517774E+00 -1.22141071E+00  4.17541090E-01  5.06050400E+00  6.81392038E-01  2.33552638E-01
 -2.46191202E+00  1.00000000E+00  1.79425784E+00 -1.22144242E+00  4.17545559E-01  5.06012521E+00  6.81408995E-01  2.33531531E-01
 -2.41299493E+00  1.00000000E+00  1.76333793E+00 -1.22147412E+00  4.17566000E-01  5.05974645E+00  6.81425951E-01  2.33510427E-01
 -2.36407784E+00  1.00000000E+00  1.73248729E+00 -1.22140719E+00  4.17565749E-01  5.05954085E+00  6.81440699E-01  2.33498675E-01
 -2.31516075E+00  1.00000000E+00  1.70163664E+00 -1.22134026E+00  4.17545958E-01  5.05933526E+00  6.81455450E-01  2.33486923E-01
 -2.26624366E+00  1.00000000E+00  1.67074182E+00 -1.22146548E+00  4.17531626E-01  5.06052045E+00  6.81407651E-01  2.33552683E-01
 -2.21732657E+00  1.00000000E+00  1.63984701E+00 -1.22159072E+00  4.17509616E-01  5.06170593E+00  6.81359858E-01  2.33618457E-01
 -2.16840948E+00  1.00000000E+00  1.60894167E+00 -1.22165201E+00  4.17511283E-01  5.06135933E+00  6.81397419E-01  2.33597968E-01
 -2.11949239E+00  1.00000000E+00  1.57803633E+00 -1.22171329E+00  4.17532740E-01  5.06101276E+00  6.81434982E-01  2.33577481E-01
 -2.07057530E+00  1.00000000E+00  1.54719661E+00 -1.22181468E+00  4.17516043E-01  5.06259573E+00  6.81374417E-01  2.33665137E-01
 -2.02165821E+00  1.00000000E+00  1.51635689E+00 -1.22191608E+00  4.17472605E-01  5.06417924E+00  6.81313854E-01  2.33752821E-01
 -1.97274112E+00  1.00000000E+00  1.48540646E+00 -1.22179586E+00  4.17476187E-01  5.06310611E+00  6.81317472E-01  2.33695394E-01
 -1.92382403E+00  1.00000000E+00  1.45445603E+00 -1.22167567E+00  4.17507892E-01  5.06203321E+00  6.81321090E-01  2.33637980E-01
 -1.87490694E+00  1.00000000E+00  1.42363265E+00 -1.22164984E+00  4.17517743E-01  5.06104763E+00  6.81408685E-01  2.33580744E-01
 -1.82598985E+00  1.00000000E+00  1.39280926E+00 -1.22162402E+00  4.17516863E-01  5.06006226E+00  6.81496290E-01  2.33523518E-01
 -1.77707276E+00  1.00000000E+00  1.36191058E+00 -1.22177945E+00  4.17485749E-01  5.06163369E+00  6.81445168E-01  2.33610055E-01
 -1.72815567E+00  1.00000000E+00  1.33101190E+00 -1.22193490E+00  4.17432749E-01  5.06320564E+00  6.81394053E-01  2.33696618E-01
 -1.67923858E+00  1.00000000E+00  1.30013134E+00 -1.22175335E+00  4.17415889E-01  5.06218855E+00  6.81411275E-01  2.33641455E-01
 -1.63032150E+00  1.00000000E+00  1.26925077E+00 -1.22157184E+00  4.17385049E-01  5.06117165E+00  6.81428507E-01  2.33586301E-01
 -1.58140441E+00  1.00000000E+00  1.23838544E+00 -1.22163982E+00  4.17350101E-01  5.06058537E+00  6.81498939E-01  2.33551276E-01
 -1.53248732E+00  1.00000000E+00  1.20752010E+00 -1.22170778E+00  4.17320936E-01  5.05999918E+00  6.81569376E-01  2.33516256E-01
 -1.48357023E+00  1.00000000E+00  1.17666765E+00 -1.22155930E+00  4.17283008E-01  5.05938323E+00  6.81529119E-01  2.33485553E-01
 -1.43465314E+00  1.00000000E+00  1.14581519E+00 -1.22141084E+00  4.17257562E-01  5.05876735E+00  6.81488867E-01  2.33454853E-01
 -1.38573605E+00  1.00000000E+00  1.11499672E+00 -1.22134384E+00  4.17207140E-01  5.05765713E+00  6.81597156E-01  2.33389866E-01
 -1.33681896E+00  1.00000000E+00  1.08417826E+00 -1.22127685E+00  4.17127750E-01  5.05654717E+00  6.81705468E-01  2.33324891E-01
 -1.28790187E+00  1.00000000E+00  1.05336529E+00 -1.22121523E+00  4.17031550E-01  5.05562919E+00  6.81753849E-01  2.33273351E-01
 -1.23898478E+00  1.00000000E+00  1.02255233E+00 -1.22115361E+00  4.16940382E-01  5.05471138E+00  6.81802233E-01  2.33221821E-01
 -1.19006769E+00  1.00000000E+00  9.91842888E-01 -1.22119053E+00  4.16821306E-01  5.05475651E+00  6.81850822E-01  2.33221637E-01
 -1.14115060E+00  1.00000000E+00  9.61133448E-01 -1.22122744E+00  4.16681541E-01  5.05480164E+00  6.81899416E-01  2.33221452E-01
 -1.09223351E+00  1.00000000E+00  9.30459154E-01 -1.22104950E+00  4.16573450E-01  5.05320720E+00  6.81944788E-01  2.33133995E-01
 -1.04331642E+00  1.00000000E+00  8.99784859E-01 -1.22087159E+00  4.16472638E-01  5.05161328E+00  6.81990169E-01  2.33046566E-01
 -9.94399333E-01  1.00000000E+00  8.69297267E-01 -1.22069231E+00  4.16367968E-01  5.04998930E+00  6.82071975E-01  2.32955591E-01
 -9.45482243E-01  1.00000000E+00  8.38809675E-01 -1.22051308E+00  4.16252874E-01  5.04836586E+00  6.82153805E-01  2.32864643E-01
 -8.96565154E-01  1.00000000E+00  8.08523142E-01 -1.22051022E+00  4.16154638E-01  5.04817581E+00  6.82196298E-01  2.32852241E-01
 -8.47648064E-01  1.00000000E+00  7.78236608E-01 -1.22050736E+00  4.16043867E-01  5.04798578E+00  6.82238794E-01  2.32839839E-01
 -7.99501858E-01  1.00000000E+00  7.48786187E-01 -1.22051126E+00  4.16014316E-01  5.04716487E+00  6.82332322E-01  2.32791069E-01
 -7.51355652E-01  1.00000000E+00  7.19335767E-01 -1.22051517E+00  4.16031639E-01  5.04634411E+00  6.82425861E-01  2.32742307E-01
 -7.08111109E-01  1.00000000E+00  6.93236199E-01 -1.22052294E+00  4.16140144E-01  5.04737067E+00  6.82299732E-01  2.32803783E-01
 -6.64866566E-01  1.00000000E+00  6.67136630E-01 -1.22053073E+00  4.16441125E-01  5.04839746E+00  6.82173628E-01  2.32865271E-01
 -6.26599939E-01  1.00000000E+00  6.44505215E-01 -1.22135078E+00  4.16880861E-01  5.05265957E+00  6.82144700E-01  2.33094126E-01
 -5.88333313E-01  1.00000000E+00  6.21873799E-01 -1.22217144E+00  4.17402953E-01  5.05692527E+00  6.82115957E-01  2.33323163E-01
 -5.54471587E-01  1.00000000E+00  6.02319549E-01 -1.22140398E+00  4.18270708E-01  5.06510056E+00  6.80870111E-01  2.33825624E-01
 -5.20609860E-01  1.00000000E+00  5.82765298E-01 -1.22063605E+00  4.19266546E-01  5.07329337E+00  6.79626071E-01  2.34328923E-01
 -4.90645977E-01  1.00000000E+00  5.65960050E-01 -1.22366879E+00  4.20408226E-01  5.08398484E+00  6.80049189E-01  2.34876568E-01
 -4.60682095E-01  1.00000000E+00  5.49154802E-01 -1.22670772E+00  4.21712062E-01  5.09469924E+00  6.80474463E-01  2.35425321E-01
 -4.34167380E-01  1.00000000E+00  5.34979020E-01 -1.22586265E+00  4.23579218E-01  5.11130704E+00  6.78317058E-01  2.36426132E-01
 -4.07652666E-01  1.00000000E+00  5.20803238E-01 -1.22501673E+00  4.25637201E-01  5.12798187E+00  6.76165204E-01  2.37430222E-01
 -3.84190072E-01  1.00000000E+00  5.08645961E-01 -1.22856828E+00  4.27771973E-01  5.14728448E+00  6.75971738E-01  2.38470013E-01
 -3.60727478E-01  1.00000000E+00  4.96488684E-01 -1.23213164E+00  4.30130843E-01  5.16665964E+00  6.75781837E-01  2.39513483E-01
 -3.39965684E-01  1.00000000E+00  4.86480006E-01 -1.23334216E+00  4.33120382E-01  5.19257965E+00  6.73733355E-01  2.41005136E-01
 -3.19203889E-01  1.00000000E+00  4.76471328E-01 -1.23455828E+00  4.36286572E-01  5.21864125E+00  6.71691682E-01  2.42503977E-01
 -3.00831998E-01  1.00000000E+00  4.68176959E-01 -1.23878417E+00  4.39758569E-01  5.25045293E+00  6.70648970E-01  2.44256211E-01
 -2.82460107E-01  1.00000000E+00  4.59882590E-01 -1.24303181E+00  4.43511216E-01  5.28246162E+00  6.69613672E-01  2.46018557E-01
 -2.66203017E-01  1.00000000E+00  4.53243698E-01 -1.24419214E+00  4.47906377E-01  5.31984668E+00  6.66463870E-01  2.48180417E-01
 -2.49945927E-01  1.00000000E+00  4.46604807E-01 -1.24536075E+00  4.52565829E-01  5.35752450E+00  6.63328860E-01  2.50357101E-01
 -2.35560203E-01  1.00000000E+00  4.41466028E-01 -1.25124537E+00  4.57423615E-01  5.40230097E+00  6.61923617E-01  2.52820125E-01
 -2.21174479E-01  1.00000000E+00  4.36327249E-01 -1.25717155E+00  4.62637468E-01  5.44745741E+00  6.60532347E-01  2.55302670E-01
 -2.08421419E-01  1.00000000E+00  4.32501042E-01 -1.26304959E+00  4.68549572E-01  5.50048060E+00  6.58322924E-01  2.58248409E-01
 -1.95668358E-01  1.00000000E+00  4.28674834E-01 -1.26897576E+00  4.74784515E-01  5.55403373E+00  6.56133311E-01  2.61221355E-01
 -1.83439085E-01  1.00000000E+00  4.26081739E-01 -1.26998793E+00  4.82183492E-01  5.61387677E+00  6.51123285E-01  2.64680186E-01
 -1.71209813E-01  1.00000000E+00  4.23488644E-01 -1.27101130E+00  4.89983151E-01  5.67444390E+00  6.46148227E-01  2.68175769E-01
 -1.58980541E-01  1.00000000E+00  4.21581210E-01 -1.28131156E+00  4.99400545E-01  5.75224739E+00  6.44100791E-01  2.72434485E-01
 -1.46751268E-01  1.00000000E+00  4.19673775E-01 -1.29173168E+00  5.09273520E-01  5.83113082E+00  6.42091033E-01  2.76748789E-01
 -1.34521996E-01  1.00000000E+00  4.21469318E-01 -1.29665865E+00  5.22471992E-01  5.94676935E+00  6.34385042E-01  2.83327163E-01
 -1.22292724E-01  1.00000000E+00  4.23264860E-01 -1.30166589E+00  5.36240598E-01  6.06489851E+00  6.26777522E-01  2.90033120E-01
 -1.10063451E-01  1.00000000E+00  4.21125524E-01 -1.32331303E+00  5.55453877E-01  6.18261528E+00  6.26986498E-01  2.96300202E-01
 -9.78341789E-02  1.00000000E+00  4.18986187E-01 -1.34534191E+00  5.74443365E-01  6.30261139E+00  6.27297569E-01  3.02683404E-01
 -8.56049065E-02  1.00000000E+00  4.46778735E-01 -1.31597782E+00  6.04013552E-01  6.60721395E+00  5.91883138E-01  3.20817643E-01
 -7.33756342E-02  1.00000000E+00  4.74571284E-01 -1.28564439E+00  6.40868616E-01  6.93140397E+00  5.57981396E-01  3.39915871E-01
 -6.11463618E-02  1.00000000E+00  4.09005440E-01 -1.31323401E+00  6.94957475E-01  6.92527701E+00  5.69828486E-01  3.38957254E-01
 -4.89170895E-02  1.00000000E+00  3.43439596E-01 -1.34095443E+00  7.20196253E-01  6.91967252E+00  5.81926462E-01  3.38013123E-01
 -3.66878171E-02  1.00000000E+00  7.50992196E-01 -2.34503303E+00  7.82759017E-01  9.08323396E+00  8.71344299E-01  4.37967449E-01
 -2.44585447E-02  1.00000000E+00  1.15854480E+00 -3.75347212E+00  9.18358078E-01  1.21773813E+01  1.37193107E+00  5.76290678E-01
 -1.22292724E-02  1.00000000E+00  7.83198943E-02  6.11081611E-01  1.67266076E+00  9.32632169E+00  3.21743016E-01  4.80244196E-01
  0.00000000E+00  1.00000000E+00 -1.00190501E+00  6.26748038E+00  3.56161316E+00  1.57070542E+01  2.66872987E+00  6.95377298E-01
