# curve 5 (die wall), step =        1, time =   4.00000000E-01
# N1 = tau_xx - tau_yy = G ( c_xx - c_yy ),  G =  5.3333E-02  (polymer part only)
#              x               y        pressure            c_xy        gammadot            c_xx            c_yy              N1
 -3.00000000E+00  1.00000000E+00  1.59132312E+00  0.00000000E+00  3.99991041E-01  1.00000000E+00  1.00000000E+00  0.00000000E+00
 -2.95108291E+00  1.00000000E+00  1.56705824E+00  0.00000000E+00  3.99994618E-01  1.00000000E+00  1.00000000E+00  0.00000000E+00
 -2.90216582E+00  1.00000000E+00  1.54279335E+00  0.00000000E+00  3.99998122E-01  1.00000000E+00  1.00000000E+00  0.00000000E+00
 -2.85324873E+00  1.00000000E+00  1.51851876E+00  0.00000000E+00  3.99999671E-01  1.00000000E+00  1.00000000E+00  0.00000000E+00
 -2.80433164E+00  1.00000000E+00  1.49424417E+00  0.00000000E+00  4.00000092E-01  1.00000000E+00  1.00000000E+00  0.00000000E+00
 -2.75541455E+00  1.00000000E+00  1.46997162E+00  0.00000000E+00  4.00000125E-01  1.00000000E+00  1.00000000E+00  0.00000000E+00
 -2.70649746E+00  1.00000000E+00  1.44569907E+00  0.00000000E+00  4.00000077E-01  1.00000000E+00  1.00000000E+00  0.00000000E+00
 -2.65758037E+00  1.00000000E+00  1.42142608E+00  0.00000000E+00  3.99999912E-01  1.00000000E+00  1.00000000E+00  0.00000000E+00
 -2.60866328E+00  1.00000000E+00  1.39715309E+00  0.00000000E+00  3.99999694E-01  1.00000000E+00  1.00000000E+00  0.00000000E+00
 -2.55974619E+00  1.00000000E+00  1.37288023E+00  0.00000000E+00  3.99999422E-01  1.00000000E+00  1.00000000E+00  0.00000000E+00
 -2.51082911E+00  1.00000000E+00  1.34860738E+00  0.00000000E+00  3.99999122E-01  1.00000000E+00  1.00000000E+00  0.00000000E+00
 -2.46191202E+00  1.00000000E+00  1.32433449E+00  0.00000000E+00  3.99998728E-01  1.00000000E+00  1.00000000E+00  0.00000000E+00
 -2.41299493E+00  1.00000000E+00  1.30006161E+00  0.00000000E+00  3.99998294E-01  1.00000000E+00  1.00000000E+00  0.00000000E+00
 -2.36407784E+00  1.00000000E+00  1.27578880E+00  0.00000000E+00  3.99997666E-01  1.00000000E+00  1.00000000E+00  0.00000000E+00
 -2.31516075E+00  1.00000000E+00  1.25151599E+00  0.00000000E+00  3.99996956E-01  1.00000000E+00  1.00000000E+00  0.00000000E+00
 -2.26624366E+00  1.00000000E+00  1.22724326E+00  0.00000000E+00  3.99995949E-01  1.00000000E+00  1.00000000E+00  0.00000000E+00
 -2.21732657E+00  1.00000000E+00  1.20297054E+00  0.00000000E+00  3.99994794E-01  1.00000000E+00  1.00000000E+00  0.00000000E+00
 -2.16840948E+00  1.00000000E+00  1.17869787E+00  0.00000000E+00  3.99993263E-01  1.00000000E+00  1.00000000E+00  0.00000000E+00
 -2.11949239E+00  1.00000000E+00  1.15442521E+00  0.00000000E+00  3.99991552E-01  1.00000000E+00  1.00000000E+00  0.00000000E+00
 -2.07057530E+00  1.00000000E+00  1.13015313E+00  0.00000000E+00  3.99989105E-01  1.00000000E+00  1.00000000E+00  0.00000000E+00
 -2.02165821E+00  1.00000000E+00  1.10588105E+00  0.00000000E+00  3.99986315E-01  1.00000000E+00  1.00000000E+00  0.00000000E+00
 -1.97274112E+00  1.00000000E+00  1.08160927E+00  0.00000000E+00  3.99983011E-01  1.00000000E+00  1.00000000E+00  0.00000000E+00
 -1.92382403E+00  1.00000000E+00  1.05733748E+00  0.00000000E+00  3.99979089E-01  1.00000000E+00  1.00000000E+00  0.00000000E+00
 -1.87490694E+00  1.00000000E+00  1.03306692E+00  0.00000000E+00  3.99973989E-01  1.00000000E+00  1.00000000E+00  0.00000000E+00
 -1.82598985E+00  1.00000000E+00  1.00879636E+00  0.00000000E+00  3.99968276E-01  1.00000000E+00  1.00000000E+00  0.00000000E+00
 -1.77707276E+00  1.00000000E+00  9.84527963E-01  0.00000000E+00  3.99961070E-01  1.00000000E+00  1.00000000E+00  0.00000000E+00
 -1.72815567E+00  1.00000000E+00  9.60259567E-01  0.00000000E+00  3.99952236E-01  1.00000000E+00  1.00000000E+00  0.00000000E+00
 -1.67923858E+00  1.00000000E+00  9.35994343E-01  0.00000000E+00  3.99941080E-01  1.00000000E+00  1.00000000E+00  0.00000000E+00
 -1.63032150E+00  1.00000000E+00  9.11729120E-01  0.00000000E+00  3.99929170E-01  1.00000000E+00  1.00000000E+00  0.00000000E+00
 -1.58140441E+00  1.00000000E+00  8.87467936E-01  0.00000000E+00  3.99914903E-01  1.00000000E+00  1.00000000E+00  0.00000000E+00
 -1.53248732E+00  1.00000000E+00  8.63206752E-01  0.00000000E+00  3.99900474E-01  1.00000000E+00  1.00000000E+00  0.00000000E+00
 -1.48357023E+00  1.00000000E+00  8.38955662E-01  0.00000000E+00  3.99883634E-01  1.00000000E+00  1.00000000E+00  0.00000000E+00
 -1.43465314E+00  1.00000000E+00  8.14704572E-01  0.00000000E+00  3.99863462E-01  1.00000000E+00  1.00000000E+00  0.00000000E+00
 -1.38573605E+00  1.00000000E+00  7.90466151E-01  0.00000000E+00  3.99839068E-01  1.00000000E+00  1.00000000E+00  0.00000000E+00
 -1.33681896E+00  1.00000000E+00  7.66227729E-01  0.00000000E+00  3.99816236E-01  1.00000000E+00  1.00000000E+00  0.00000000E+00
 -1.28790187E+00  1.00000000E+00  7.42008369E-01  0.00000000E+00  3.99793231E-01  1.00000000E+00  1.00000000E+00  0.00000000E+00
 -1.23898478E+00  1.00000000E+00  7.17789009E-01  0.00000000E+00  3.99770662E-01  1.00000000E+00  1.00000000E+00  0.00000000E+00
 -1.19006769E+00  1.00000000E+00  6.93599944E-01  0.00000000E+00  3.99751442E-01  1.00000000E+00  1.00000000E+00  0.00000000E+00
 -1.14115060E+00  1.00000000E+00  6.69410879E-01  0.00000000E+00  3.99731222E-01  1.00000000E+00  1.00000000E+00  0.00000000E+00
 -1.09223351E+00  1.00000000E+00  6.45274665E-01  0.00000000E+00  3.99731443E-01  1.00000000E+00  1.00000000E+00  0.00000000E+00
 -1.04331642E+00  1.00000000E+00  6.21138452E-01  0.00000000E+00  3.99737519E-01  1.00000000E+00  1.00000000E+00  0.00000000E+00
 -9.94399333E-01  1.00000000E+00  5.97056080E-01  0.00000000E+00  3.99770341E-01  1.00000000E+00  1.00000000E+00  0.00000000E+00
 -9.45482243E-01  1.00000000E+00  5.72973709E-01  0.00000000E+00  3.99818434E-01  1.00000000E+00  1.00000000E+00  0.00000000E+00
 -8.96565154E-01  1.00000000E+00  5.48995762E-01  0.00000000E+00  3.99945931E-01  1.00000000E+00  1.00000000E+00  0.00000000E+00
 -8.47648064E-01  1.00000000E+00  5.25017816E-01  0.00000000E+00  4.00103073E-01  1.00000000E+00  1.00000000E+00  0.00000000E+00
 -7.99501858E-01  1.00000000E+00  5.01569451E-01  0.00000000E+00  4.00373608E-01  1.00000000E+00  1.00000000E+00  0.00000000E+00
 -7.51355652E-01  1.00000000E+00  4.78121086E-01  0.00000000E+00  4.00714430E-01  1.00000000E+00  1.00000000E+00  0.00000000E+00
 -7.08111109E-01  1.00000000E+00  4.57213655E-01  0.00000000E+00  4.01181452E-01  1.00000000E+00  1.00000000E+00  0.00000000E+00
 -6.64866566E-01  1.00000000E+00  4.36306224E-01  0.00000000E+00  4.01802392E-01  1.00000000E+00  1.00000000E+00  0.00000000E+00
 -6.26599939E-01  1.00000000E+00  4.17949661E-01  0.00000000E+00  4.02631787E-01  1.00000000E+00  1.00000000E+00  0.00000000E+00
 -5.88333313E-01  1.00000000E+00  3.99593098E-01  0.00000000E+00  4.03572875E-01  1.00000000E+00  1.00000000E+00  0.00000000E+00
 -5.54471587E-01  1.00000000E+00  3.83626164E-01  0.00000000E+00  4.04785866E-01  1.00000000E+00  1.00000000E+00  0.00000000E+00
 -5.20609860E-01  1.00000000E+00  3.67659230E-01  0.00000000E+00  4.06143328E-01  1.00000000E+00  1.00000000E+00  0.00000000E+00
 -4.90645977E-01  1.00000000E+00  3.53516132E-01  0.00000000E+00  4.07776538E-01  1.00000000E+00  1.00000000E+00  0.00000000E+00
 -4.60682095E-01  1.00000000E+00  3.39373035E-01  0.00000000E+00  4.09546106E-01  1.00000000E+00  1.00000000E+00  0.00000000E+00
 -4.34167380E-01  1.00000000E+00  3.27361252E-01  0.00000000E+00  4.11750584E-01  1.00000000E+00  1.00000000E+00  0.00000000E+00
 -4.07652666E-01  1.00000000E+00  3.15349469E-01  0.00000000E+00  4.14179106E-01  1.00000000E+00  1.00000000E+00  0.00000000E+00
 -3.84190072E-01  1.00000000E+00  3.04589826E-01  0.00000000E+00  4.16777492E-01  1.00000000E+00  1.00000000E+00  0.00000000E+00
 -3.60727478E-01  1.00000000E+00  2.93830183E-01  0.00000000E+00  4.19588524E-01  1.00000000E+00  1.00000000E+00  0.00000000E+00
 -3.39965684E-01  1.00000000E+00  2.84638392E-01  0.00000000E+00  4.22967328E-01  1.00000000E+00  1.00000000E+00  0.00000000E+00
 -3.19203889E-01  1.00000000E+00  2.75446602E-01  0.00000000E+00  4.26540179E-01  1.00000000E+00  1.00000000E+00  0.00000000E+00
 -3.00831998E-01  1.00000000E+00  2.67447060E-01  0.00000000E+00  4.30485228E-01  1.00000000E+00  1.00000000E+00  0.00000000E+00
 -2.82460107E-01  1.00000000E+00  2.59447518E-01  0.00000000E+00  4.34764690E-01  1.00000000E+00  1.00000000E+00  0.00000000E+00
 -2.66203017E-01  1.00000000E+00  2.52677040E-01  0.00000000E+00  4.39502350E-01  1.00000000E+00  1.00000000E+00  0.00000000E+00
 -2.49945927E-01  1.00000000E+00  2.45906561E-01  0.00000000E+00  4.44499029E-01  1.00000000E+00  1.00000000E+00  0.00000000E+00
 -2.35560203E-01  1.00000000E+00  2.39951410E-01  0.00000000E+00  4.49805565E-01  1.00000000E+00  1.00000000E+00  0.00000000E+00
 -2.21174479E-01  1.00000000E+00  2.33996259E-01  0.00000000E+00  4.55532849E-01  1.00000000E+00  1.00000000E+00  0.00000000E+00
 -2.08421419E-01  1.00000000E+00  2.28889798E-01  0.00000000E+00  4.61832508E-01  1.00000000E+00  1.00000000E+00  0.00000000E+00
 -1.95668358E-01  1.00000000E+00  2.23783336E-01  0.00000000E+00  4.68537882E-01  1.00000000E+00  1.00000000E+00  0.00000000E+00
 -1.83439085E-01  1.00000000E+00  2.19530012E-01  0.00000000E+00  4.76210108E-01  1.00000000E+00  1.00000000E+00  0.00000000E+00
 -1.71209813E-01  1.00000000E+00  2.15276688E-01  0.00000000E+00  4.84297693E-01  1.00000000E+00  1.00000000E+00  0.00000000E+00
 -1.58980541E-01  1.00000000E+00  2.10918212E-01  0.00000000E+00  4.94192048E-01  1.00000000E+00  1.00000000E+00  0.00000000E+00
 -1.46751268E-01  1.00000000E+00  2.06559736E-01  0.00000000E+00  5.04754138E-01  1.00000000E+00  1.00000000E+00  0.00000000E+00
 -1.34521996E-01  1.00000000E+00  2.02992236E-01  0.00000000E+00  5.18167195E-01  1.00000000E+00  1.00000000E+00  0.00000000E+00
 -1.22292724E-01  1.00000000E+00  1.99424736E-01  0.00000000E+00  5.32245562E-01  1.00000000E+00  1.00000000E+00  0.00000000E+00
 -1.10063451E-01  1.00000000E+00  1.95078020E-01  0.00000000E+00  5.52530975E-01  1.00000000E+00  1.00000000E+00  0.00000000E+00
 -9.78341789E-02  1.00000000E+00  1.90731303E-01  0.00000000E+00  5.73135466E-01  1.00000000E+00  1.00000000E+00  0.00000000E+00
 -8.56049065E-02  1.00000000E+00  1.96369624E-01  0.00000000E+00  6.00815818E-01  1.00000000E+00  1.00000000E+00  0.00000000E+00
 -7.33756342E-02  1.00000000E+00  2.02007944E-01  0.00000000E+00  6.33656089E-01  1.00000000E+00  1.00000000E+00  0.00000000E+00
 -6.11463618E-02  1.00000000E+00  1.65729492E-01  0.00000000E+00  6.92902362E-01  1.00000000E+00  1.00000000E+00  0.00000000E+00
 -4.89170895E-02  1.00000000E+00  1.29451040E-01  0.00000000E+00  7.44995529E-01  1.00000000E+00  1.00000000E+00  0.00000000E+00
 -3.66878171E-02  1.00000000E+00  2.78088704E-01  0.00000000E+00  8.43599636E-01  1.00000000E+00  1.00000000E+00  0.00000000E+00
 -2.44585447E-02  1.00000000E+00  4.26726368E-01  0.00000000E+00  1.01585283E+00  1.00000000E+00  1.00000000E+00  0.00000000E+00
 -1.22292724E-02  1.00000000E+00 -1.11954321E-01  0.00000000E+00  1.46175113E+00  1.00000000E+00  1.00000000E+00  0.00000000E+00
  0.00000000E+00  1.00000000E+00 -6.50635011E-01  0.00000000E+00  2.20617195E+00  1.00000000E+00  1.00000000E+00  0.00000000E+00
