# curve 5 (die wall), step =      400, time =   1.60000000E+02
# N1 = tau_xx - tau_yy = G ( c_xx - c_yy ),  G =  2.0000E-01  (polymer part only)
#              x               y        pressure            c_xy        gammadot            c_xx            c_yy              N1
 -1.00000000E+01  1.00000000E+00  7.42547072E+00 -7.57814033E-01  4.16169521E-01  2.18280509E+00  8.82711097E-01  2.60018799E-01
 -9.95040609E+00  1.00000000E+00  7.38977905E+00 -7.57606672E-01  4.16211074E-01  2.18255287E+00  8.82643644E-01  2.59981846E-01
 -9.90081218E+00  1.00000000E+00  7.35408739E+00 -7.57399335E-01  4.16245821E-01  2.18230069E+00  8.82576213E-01  2.59944896E-01
 -9.85121827E+00  1.00000000E+00  7.31846557E+00 -7.57518310E-01  4.16240831E-01  2.18247702E+00  8.82616783E-01  2.59972046E-01
 -9.80162437E+00  1.00000000E+00  7.28284375E+00 -7.57637295E-01  4.16217160E-01  2.18265336E+00  8.82657361E-01  2.59999199E-01
 -9.75203046E+00  1.00000000E+00  7.24714747E+00 -7.57677771E-01  4.16193067E-01  2.18260172E+00  8.82678144E-01  2.59984716E-01
 -9.70243655E+00  1.00000000E+00  7.21145118E+00 -7.57718247E-01  4.16190370E-01  2.18255010E+00  8.82698928E-01  2.59970234E-01
 -9.65284264E+00  1.00000000E+00  7.17579848E+00 -7.57773577E-01  4.16190316E-01  2.18262175E+00  8.82732753E-01  2.59977799E-01
 -9.60324873E+00  1.00000000E+00  7.14014578E+00 -7.57828910E-01  4.16156698E-01  2.18269340E+00  8.82766580E-01  2.59985365E-01
 -9.55365482E+00  1.00000000E+00  7.10450496E+00 -7.57954614E-01  4.16139511E-01  2.18293375E+00  8.82792161E-01  2.60028319E-01
 -9.50406091E+00  1.00000000E+00  7.06886415E+00 -7.58080330E-01  4.16106368E-01  2.18317414E+00  8.82817750E-01  2.60071277E-01
 -9.45446701E+00  1.00000000E+00  7.03313340E+00 -7.57843334E-01  4.16110344E-01  2.18280725E+00  8.82756232E-01  2.60010203E-01
 -9.40487310E+00  1.00000000E+00  6.99740264E+00 -7.57606376E-01  4.16128239E-01  2.18244044E+00  8.82694742E-01  2.59949139E-01
 -9.35527919E+00  1.00000000E+00  6.96177739E+00 -7.58015744E-01  4.16120847E-01  2.18292683E+00  8.82816276E-01  2.60022112E-01
 -9.30568528E+00  1.00000000E+00  6.92615214E+00 -7.58425200E-01  4.16080794E-01  2.18341341E+00  8.82937900E-01  2.60095101E-01
 -9.25609137E+00  1.00000000E+00  6.89046894E+00 -7.58099919E-01  4.16112276E-01  2.18316168E+00  8.82809188E-01  2.60070499E-01
 -9.20649746E+00  1.00000000E+00  6.85478575E+00 -7.57774680E-01  4.16151889E-01  2.18291005E+00  8.82680536E-01  2.60045903E-01
 -9.15690355E+00  1.00000000E+00  6.81910633E+00 -7.57834617E-01  4.16147530E-01  2.18282023E+00  8.82726204E-01  2.60018805E-01
 -9.10730965E+00  1.00000000E+00  6.78342690E+00 -7.57894553E-01  4.16153491E-01  2.18273043E+00  8.82771876E-01  2.59991710E-01
 -9.05771574E+00  1.00000000E+00  6.74778238E+00 -7.57865084E-01  4.16176873E-01  2.18286559E+00  8.82725586E-01  2.60028000E-01
 -9.00812183E+00  1.00000000E+00  6.71213785E+00 -7.57835614E-01  4.16182949E-01  2.18300076E+00  8.82679298E-01  2.60064292E-01
 -8.95852792E+00  1.00000000E+00  6.67645362E+00 -7.57874234E-01  4.16168579E-01  2.18290851E+00  8.82717008E-01  2.60038301E-01
 -8.90893401E+00  1.00000000E+00  6.64076939E+00 -7.57912853E-01  4.16166106E-01  2.18281627E+00  8.82754720E-01  2.60012311E-01
 -8.85934010E+00  1.00000000E+00  6.60511251E+00 -7.57853822E-01  4.16185417E-01  2.18285134E+00  8.82725619E-01  2.60025145E-01
 -8.80974619E+00  1.00000000E+00  6.56945563E+00 -7.57794790E-01  4.16178373E-01  2.18288642E+00  8.82696521E-01  2.60037979E-01
 -8.76015229E+00  1.00000000E+00  6.53376171E+00 -7.57816528E-01  4.16158997E-01  2.18281816E+00  8.82706082E-01  2.60022416E-01
 -8.71055838E+00  1.00000000E+00  6.49806779E+00 -7.57838265E-01  4.16172917E-01  2.18274991E+00  8.82715643E-01  2.60006853E-01
 -8.66096447E+00  1.00000000E+00  6.46241598E+00 -7.57685192E-01  4.16205136E-01  2.18261019E+00  8.82670563E-01  2.59987926E-01
 -8.61137056E+00  1.00000000E+00  6.42676417E+00 -7.57532127E-01  4.16218167E-01  2.18247050E+00  8.82625496E-01  2.59969001E-01
 -8.56177665E+00  1.00000000E+00  6.39111581E+00 -7.57629131E-01  4.16208201E-01  2.18252487E+00  8.82671420E-01  2.59970690E-01
 -8.51218274E+00  1.00000000E+00  6.35546746E+00 -7.57726139E-01  4.16195450E-01  2.18257924E+00  8.82717351E-01  2.59972379E-01
 -8.46258884E+00  1.00000000E+00  6.31978358E+00 -7.57951967E-01  4.16166928E-01  2.18291187E+00  8.82776395E-01  2.60027094E-01
 -8.41299493E+00  1.00000000E+00  6.28409970E+00 -7.58177827E-01  4.16107158E-01  2.18324455E+00  8.82835465E-01  2.60081818E-01
 -8.36340102E+00  1.00000000E+00  6.24840596E+00 -7.57799126E-01  4.16154577E-01  2.18282801E+00  8.82707262E-01  2.60024150E-01
 -8.31380711E+00  1.00000000E+00  6.21271221E+00 -7.57420498E-01  4.16189703E-01  2.18241162E+00  8.82579136E-01  2.59966496E-01
 -8.26421320E+00  1.00000000E+00  6.17708846E+00 -7.57596421E-01  4.16187249E-01  2.18250020E+00  8.82658734E-01  2.59968292E-01
 -8.21461929E+00  1.00000000E+00  6.14146471E+00 -7.57772355E-01  4.16180967E-01  2.18258880E+00  8.82738350E-01  2.59970090E-01
 -8.16502538E+00  1.00000000E+00  6.10579033E+00 -7.57997233E-01  4.16165373E-01  2.18294421E+00  8.82797128E-01  2.60029417E-01
 -8.11543148E+00  1.00000000E+00  6.07011595E+00 -7.58222147E-01  4.16110731E-01  2.18329970E+00  8.82855930E-01  2.60088754E-01
 -8.06583757E+00  1.00000000E+00  6.03440508E+00 -7.57882254E-01  4.16148333E-01  2.18291049E+00  8.82739551E-01  2.60034188E-01
 -8.01624366E+00  1.00000000E+00  5.99869421E+00 -7.57542422E-01  4.16187655E-01  2.18252141E+00  8.82623235E-01  2.59979634E-01
 -7.96664975E+00  1.00000000E+00  5.96307453E+00 -7.57658930E-01  4.16182977E-01  2.18256017E+00  8.82684870E-01  2.59975060E-01
 -7.91705584E+00  1.00000000E+00  5.92745486E+00 -7.57775442E-01  4.16176860E-01  2.18259894E+00  8.82746515E-01  2.59970486E-01
 -7.86746193E+00  1.00000000E+00  5.89177625E+00 -7.57984063E-01  4.16160976E-01  2.18295675E+00  8.82779203E-01  2.60035510E-01
 -7.81786802E+00  1.00000000E+00  5.85609763E+00 -7.58192714E-01  4.16121280E-01  2.18331464E+00  8.82811915E-01  2.60100544E-01
 -7.76827412E+00  1.00000000E+00  5.82039805E+00 -7.57818416E-01  4.16167151E-01  2.18288653E+00  8.82696546E-01  2.60037998E-01
 -7.71868021E+00  1.00000000E+00  5.78469847E+00 -7.57444189E-01  4.16195721E-01  2.18245858E+00  8.82581252E-01  2.59975465E-01
 -7.66908630E+00  1.00000000E+00  5.74906945E+00 -7.57608548E-01  4.16188752E-01  2.18252869E+00  8.82656577E-01  2.59974422E-01
 -7.61949239E+00  1.00000000E+00  5.71344043E+00 -7.57772914E-01  4.16178367E-01  2.18259882E+00  8.82731919E-01  2.59973379E-01
 -7.56989848E+00  1.00000000E+00  5.67777111E+00 -7.58000104E-01  4.16164255E-01  2.18295050E+00  8.82794571E-01  2.60031186E-01
 -7.52030457E+00  1.00000000E+00  5.64210180E+00 -7.58227330E-01  4.16111442E-01  2.18330225E+00  8.82857249E-01  2.60089001E-01
 -7.47071066E+00  1.00000000E+00  5.60638905E+00 -7.57882189E-01  4.16148313E-01  2.18290557E+00  8.82739971E-01  2.60033120E-01
 -7.42111676E+00  1.00000000E+00  5.57067630E+00 -7.57537112E-01  4.16188634E-01  2.18250901E+00  8.82622756E-01  2.59977250E-01
 -7.37152285E+00  1.00000000E+00  5.53505772E+00 -7.57654259E-01  4.16184210E-01  2.18255541E+00  8.82682782E-01  2.59974525E-01
 -7.32192894E+00  1.00000000E+00  5.49943915E+00 -7.57771410E-01  4.16178555E-01  2.18260182E+00  8.82742817E-01  2.59971801E-01
 -7.27233503E+00  1.00000000E+00  5.46375817E+00 -7.57985276E-01  4.16162491E-01  2.18296094E+00  8.82779849E-01  2.60036218E-01
 -7.22274112E+00  1.00000000E+00  5.42807719E+00 -7.58199172E-01  4.16120326E-01  2.18332013E+00  8.82816905E-01  2.60100645E-01
 -7.17314721E+00  1.00000000E+00  5.39237727E+00 -7.57820008E-01  4.16164867E-01  2.18288592E+00  8.82699173E-01  2.60037349E-01
 -7.12355330E+00  1.00000000E+00  5.35667736E+00 -7.57440917E-01  4.16193641E-01  2.18245185E+00  8.82581519E-01  2.59974066E-01
 -7.07395940E+00  1.00000000E+00  5.32105049E+00 -7.57606687E-01  4.16187341E-01  2.18252510E+00  8.82656731E-01  2.59973675E-01
 -7.02436549E+00  1.00000000E+00  5.28542363E+00 -7.57772465E-01  4.16178141E-01  2.18259838E+00  8.82731960E-01  2.59973284E-01
 -6.97477158E+00  1.00000000E+00  5.24975420E+00 -7.58001511E-01  4.16164311E-01  2.18295273E+00  8.82795408E-01  2.60031464E-01
 -6.92517767E+00  1.00000000E+00  5.21408477E+00 -7.58230592E-01  4.16110961E-01  2.18330715E+00  8.82858883E-01  2.60089654E-01
 -6.87558376E+00  1.00000000E+00  5.17837210E+00 -7.57888399E-01  4.16147340E-01  2.18290844E+00  8.82744531E-01  2.60032781E-01
 -6.82598985E+00  1.00000000E+00  5.14265943E+00 -7.57546269E-01  4.16187150E-01  2.18250984E+00  8.82630241E-01  2.59975920E-01
 -6.77639594E+00  1.00000000E+00  5.10704121E+00 -7.57659489E-01  4.16181433E-01  2.18255163E+00  8.82688140E-01  2.59972699E-01
 -6.72680204E+00  1.00000000E+00  5.07142299E+00 -7.57772714E-01  4.16175557E-01  2.18259343E+00  8.82746047E-01  2.59969477E-01
 -6.67720813E+00  1.00000000E+00  5.03574182E+00 -7.57985705E-01  4.16161428E-01  2.18296029E+00  8.82779695E-01  2.60036119E-01
 -6.62761422E+00  1.00000000E+00  5.00006066E+00 -7.58198726E-01  4.16121952E-01  2.18332722E+00  8.82813366E-01  2.60102771E-01
 -6.57802031E+00  1.00000000E+00  4.96436002E+00 -7.57821436E-01  4.16165389E-01  2.18288941E+00  8.82698647E-01  2.60038153E-01
 -6.52842640E+00  1.00000000E+00  4.92865938E+00 -7.57444219E-01  4.16193140E-01  2.18245175E+00  8.82584005E-01  2.59973550E-01
 -6.47883249E+00  1.00000000E+00  4.89303234E+00 -7.57608990E-01  4.16186475E-01  2.18252442E+00  8.82658520E-01  2.59973180E-01
 -6.42923858E+00  1.00000000E+00  4.85740531E+00 -7.57773769E-01  4.16177296E-01  2.18259711E+00  8.82733051E-01  2.59972811E-01
 -6.37964468E+00  1.00000000E+00  4.82173550E+00 -7.57999066E-01  4.16163813E-01  2.18295093E+00  8.82793375E-01  2.60031510E-01
 -6.33005077E+00  1.00000000E+00  4.78606569E+00 -7.58224398E-01  4.16112205E-01  2.18330482E+00  8.82853725E-01  2.60090219E-01
 -6.28045686E+00  1.00000000E+00  4.75035330E+00 -7.57880351E-01  4.16149315E-01  2.18290806E+00  8.82737504E-01  2.60034111E-01
 -6.23086295E+00  1.00000000E+00  4.71464091E+00 -7.57536368E-01  4.16189374E-01  2.18251141E+00  8.82621346E-01  2.59978014E-01
 -6.18126904E+00  1.00000000E+00  4.67902149E+00 -7.57654934E-01  4.16184842E-01  2.18255786E+00  8.82682411E-01  2.59975089E-01
 -6.13167513E+00  1.00000000E+00  4.64340208E+00 -7.57773503E-01  4.16178865E-01  2.18260431E+00  8.82743484E-01  2.59972165E-01
 -6.08208123E+00  1.00000000E+00  4.60772188E+00 -7.57984013E-01  4.16162205E-01  2.18295825E+00  8.82779663E-01  2.60035717E-01
 -6.03248732E+00  1.00000000E+00  4.57204167E+00 -7.58194553E-01  4.16119541E-01  2.18331225E+00  8.82815866E-01  2.60099277E-01
 -5.98289341E+00  1.00000000E+00  4.53634163E+00 -7.57820619E-01  4.16165355E-01  2.18288653E+00  8.82699364E-01  2.60037434E-01
 -5.93329950E+00  1.00000000E+00  4.50064160E+00 -7.57446756E-01  4.16194698E-01  2.18246096E+00  8.82582938E-01  2.59975605E-01
 -5.88370559E+00  1.00000000E+00  4.46501197E+00 -7.57612620E-01  4.16187986E-01  2.18252994E+00  8.82659996E-01  2.59973990E-01
 -5.83411168E+00  1.00000000E+00  4.42938233E+00 -7.57778492E-01  4.16177256E-01  2.18259895E+00  8.82737072E-01  2.59972376E-01
 -5.78451777E+00  1.00000000E+00  4.39371494E+00 -7.58001248E-01  4.16160827E-01  2.18294872E+00  8.82796556E-01  2.60030432E-01
 -5.73492387E+00  1.00000000E+00  4.35804754E+00 -7.58224039E-01  4.16107763E-01  2.18329856E+00  8.82856066E-01  2.60088498E-01
 -5.68532996E+00  1.00000000E+00  4.32233218E+00 -7.57852394E-01  4.16150723E-01  2.18288559E+00  8.82723575E-01  2.60032403E-01
 -5.63573605E+00  1.00000000E+00  4.28661682E+00 -7.57480822E-01  4.16196164E-01  2.18247276E+00  8.82591158E-01  2.59976320E-01
 -5.58614214E+00  1.00000000E+00  4.25100070E+00 -7.57606746E-01  4.16198770E-01  2.18254283E+00  8.82652396E-01  2.59978087E-01
 -5.53654823E+00  1.00000000E+00  4.21538458E+00 -7.57732676E-01  4.16196527E-01  2.18261291E+00  8.82713643E-01  2.59979853E-01
 -5.48695432E+00  1.00000000E+00  4.17969678E+00 -7.57950165E-01  4.16171847E-01  2.18293055E+00  8.82769737E-01  2.60032162E-01
 -5.43736041E+00  1.00000000E+00  4.14400898E+00 -7.58167683E-01  4.16111833E-01  2.18324825E+00  8.82825856E-01  2.60084478E-01
 -5.38776651E+00  1.00000000E+00  4.10831607E+00 -7.57794311E-01  4.16158839E-01  2.18283276E+00  8.82701255E-01  2.60026301E-01
 -5.33817260E+00  1.00000000E+00  4.07262316E+00 -7.57421011E-01  4.16192777E-01  2.18241741E+00  8.82576728E-01  2.59968137E-01
 -5.28857869E+00  1.00000000E+00  4.03699900E+00 -7.57595393E-01  4.16189465E-01  2.18250210E+00  8.82656681E-01  2.59969083E-01
 -5.23898478E+00  1.00000000E+00  4.00137485E+00 -7.57769783E-01  4.16182190E-01  2.18258680E+00  8.82736651E-01  2.59970030E-01
 -5.18939087E+00  1.00000000E+00  3.96570098E+00 -7.57992854E-01  4.16166563E-01  2.18294719E+00  8.82792522E-01  2.60030934E-01
 -5.13979696E+00  1.00000000E+00  3.93002712E+00 -7.58215960E-01  4.16114921E-01  2.18330766E+00  8.82848418E-01  2.60091848E-01
 -5.09020305E+00  1.00000000E+00  3.89430459E+00 -7.57845633E-01  4.16159972E-01  2.18288484E+00  8.82717677E-01  2.60033432E-01
 -5.04060915E+00  1.00000000E+00  3.85858205E+00 -7.57475380E-01  4.16202166E-01  2.18246215E+00  8.82587009E-01  2.59975029E-01
 -4.99101524E+00  1.00000000E+00  3.82297854E+00 -7.57607460E-01  4.16198885E-01  2.18255303E+00  8.82650344E-01  2.59980536E-01
 -4.94142133E+00  1.00000000E+00  3.78737502E+00 -7.57739546E-01  4.16190107E-01  2.18264391E+00  8.82713689E-01  2.59986045E-01
 -4.89182742E+00  1.00000000E+00  3.75169115E+00 -7.57900683E-01  4.16172948E-01  2.18284139E+00  8.82763068E-01  2.60015664E-01
 -4.84223351E+00  1.00000000E+00  3.71600728E+00 -7.58061834E-01  4.16139514E-01  2.18303889E+00  8.82812462E-01  2.60045286E-01
 -4.79263960E+00  1.00000000E+00  3.68030267E+00 -7.57795808E-01  4.16159896E-01  2.18275876E+00  8.82722787E-01  2.60007195E-01
 -4.74304569E+00  1.00000000E+00  3.64459807E+00 -7.57529817E-01  4.16179990E-01  2.18247870E+00  8.82633151E-01  2.59969109E-01
 -4.69345179E+00  1.00000000E+00  3.60896992E+00 -7.57657888E-01  4.16171617E-01  2.18254335E+00  8.82689589E-01  2.59970752E-01
 -4.64385788E+00  1.00000000E+00  3.57334178E+00 -7.57785964E-01  4.16160053E-01  2.18260802E+00  8.82746038E-01  2.59972396E-01
 -4.59426397E+00  1.00000000E+00  3.53770115E+00 -7.58049609E-01  4.16146312E-01  2.18295640E+00  8.82833504E-01  2.60024580E-01
 -4.54467006E+00  1.00000000E+00  3.50206052E+00 -7.58313296E-01  4.16088927E-01  2.18330486E+00  8.82921006E-01  2.60076771E-01
 -4.49507615E+00  1.00000000E+00  3.46634941E+00 -7.58354087E-01  4.16081967E-01  2.18342402E+00  8.82908163E-01  2.60103171E-01
 -4.44548224E+00  1.00000000E+00  3.43063830E+00 -7.58394879E-01  4.16063958E-01  2.18354318E+00  8.82895323E-01  2.60129572E-01
 -4.39588833E+00  1.00000000E+00  3.39495973E+00 -7.57879651E-01  4.16111846E-01  2.18294470E+00  8.82728564E-01  2.60043227E-01
 -4.34629443E+00  1.00000000E+00  3.35928115E+00 -7.57364563E-01  4.16169446E-01  2.18234649E+00  8.82561948E-01  2.59956908E-01
 -4.29670052E+00  1.00000000E+00  3.32363051E+00 -7.57734743E-01  4.16171312E-01  2.18278391E+00  8.82680358E-01  2.60020711E-01
 -4.24710661E+00  1.00000000E+00  3.28797988E+00 -7.58104998E-01  4.16127850E-01  2.18322148E+00  8.82798842E-01  2.60084528E-01
 -4.19751270E+00  1.00000000E+00  3.25228258E+00 -7.57712796E-01  4.16172826E-01  2.18277772E+00  8.82660958E-01  2.60023353E-01
 -4.14791879E+00  1.00000000E+00  3.21658529E+00 -7.57320678E-01  4.16229712E-01  2.18233412E+00  8.82523156E-01  2.59962193E-01
 -4.09832488E+00  1.00000000E+00  3.18095584E+00 -7.57515350E-01  4.16226884E-01  2.18247440E+00  8.82621499E-01  2.59970581E-01
 -4.04873097E+00  1.00000000E+00  3.14532639E+00 -7.57710041E-01  4.16188314E-01  2.18261471E+00  8.82719864E-01  2.59978970E-01
 -3.99913707E+00  1.00000000E+00  3.10963899E+00 -7.57746194E-01  4.16162673E-01  2.18258415E+00  8.82739537E-01  2.59968923E-01
 -3.94954316E+00  1.00000000E+00  3.07395159E+00 -7.57782346E-01  4.16148068E-01  2.18255360E+00  8.82759210E-01  2.59958877E-01
 -3.89994925E+00  1.00000000E+00  3.03831791E+00 -7.58103983E-01  4.16126340E-01  2.18309587E+00  8.82836640E-01  2.60051845E-01
 -3.85035534E+00  1.00000000E+00  3.00268423E+00 -7.58425694E-01  4.16064366E-01  2.18363830E+00  8.82914122E-01  2.60144835E-01
 -3.80076143E+00  1.00000000E+00  2.96696703E+00 -7.58041675E-01  4.16104974E-01  2.18320253E+00  8.82778630E-01  2.60084779E-01
 -3.75116752E+00  1.00000000E+00  2.93124984E+00 -7.57657735E-01  4.16149907E-01  2.18276690E+00  8.82643217E-01  2.60024737E-01
 -3.70157361E+00  1.00000000E+00  2.89560118E+00 -7.57889034E-01  4.16141311E-01  2.18296830E+00  8.82724474E-01  2.60048765E-01
 -3.65197971E+00  1.00000000E+00  2.85995252E+00 -7.58120354E-01  4.16122606E-01  2.18316974E+00  8.82805760E-01  2.60072797E-01
 -3.60238580E+00  1.00000000E+00  2.82426041E+00 -7.58060645E-01  4.16111125E-01  2.18306716E+00  8.82782278E-01  2.60056976E-01
 -3.55279189E+00  1.00000000E+00  2.78856829E+00 -7.58000940E-01  4.16127520E-01  2.18296458E+00  8.82758798E-01  2.60041157E-01
 -3.50319798E+00  1.00000000E+00  2.75293836E+00 -7.57863981E-01  4.16163769E-01  2.18282408E+00  8.82724783E-01  2.60019859E-01
 -3.45360407E+00  1.00000000E+00  2.71730843E+00 -7.57727030E-01  4.16184207E-01  2.18268359E+00  8.82690778E-01  2.59998563E-01
 -3.40401016E+00  1.00000000E+00  2.68164876E+00 -7.58039270E-01  4.16158672E-01  2.18308732E+00  8.82792142E-01  2.60059035E-01
 -3.35441626E+00  1.00000000E+00  2.64598909E+00 -7.58351568E-01  4.16089859E-01  2.18349115E+00  8.82893558E-01  2.60119519E-01
 -3.30482235E+00  1.00000000E+00  2.61027977E+00 -7.57919646E-01  4.16131056E-01  2.18301389E+00  8.82740079E-01  2.60054763E-01
 -3.25522844E+00  1.00000000E+00  2.57457046E+00 -7.57487824E-01  4.16177783E-01  2.18253682E+00  8.82586701E-01  2.59990023E-01
 -3.20563453E+00  1.00000000E+00  2.53889231E+00 -7.57581711E-01  4.16182971E-01  2.18253666E+00  8.82628506E-01  2.59981631E-01
 -3.15604062E+00  1.00000000E+00  2.50321416E+00 -7.57675597E-01  4.16193648E-01  2.18253651E+00  8.82670317E-01  2.59973239E-01
 -3.10644671E+00  1.00000000E+00  2.46758711E+00 -7.57612058E-01  4.16209389E-01  2.18248028E+00  8.82669474E-01  2.59962162E-01
 -3.05685280E+00  1.00000000E+00  2.43196006E+00 -7.57548518E-01  4.16196868E-01  2.18242406E+00  8.82668634E-01  2.59951085E-01
 -3.00725890E+00  1.00000000E+00  2.39629754E+00 -7.57885731E-01  4.16164629E-01  2.18283676E+00  8.82774701E-01  2.60012412E-01
 -2.95766499E+00  1.00000000E+00  2.36063503E+00 -7.58223006E-01  4.16096026E-01  2.18324959E+00  8.82880828E-01  2.60073751E-01
 -2.90807108E+00  1.00000000E+00  2.32493065E+00 -7.57861125E-01  4.16126111E-01  2.18283343E+00  8.82763982E-01  2.60013890E-01
 -2.85847717E+00  1.00000000E+00  2.28922627E+00 -7.57499312E-01  4.16159228E-01  2.18241741E+00  8.82647206E-01  2.59954041E-01
 -2.80888326E+00  1.00000000E+00  2.25363040E+00 -7.58038757E-01  4.16122662E-01  2.18305549E+00  8.82816447E-01  2.60047808E-01
 -2.75928935E+00  1.00000000E+00  2.21803454E+00 -7.58578358E-01  4.16049653E-01  2.18369387E+00  8.82985843E-01  2.60141605E-01
 -2.70969544E+00  1.00000000E+00  2.18229194E+00 -7.58287668E-01  4.16075371E-01  2.18342967E+00  8.82854561E-01  2.60115022E-01
 -2.66010154E+00  1.00000000E+00  2.14654933E+00 -7.57997021E-01  4.16108230E-01  2.18316555E+00  8.82723326E-01  2.60088444E-01
 -2.61050763E+00  1.00000000E+00  2.11088371E+00 -7.57794719E-01  4.16150768E-01  2.18287683E+00  8.82675877E-01  2.60040191E-01
 -2.56091372E+00  1.00000000E+00  2.07521809E+00 -7.57592441E-01  4.16189436E-01  2.18258817E+00  8.82628450E-01  2.59991945E-01
 -2.51131981E+00  1.00000000E+00  2.03956822E+00 -7.57636302E-01  4.16196518E-01  2.18258193E+00  8.82657019E-01  2.59984983E-01
 -2.46172590E+00  1.00000000E+00  2.00391835E+00 -7.57680163E-01  4.16194095E-01  2.18257570E+00  8.82685589E-01  2.59978022E-01
 -2.41213199E+00  1.00000000E+00  1.96825891E+00 -7.57946745E-01  4.16178058E-01  2.18293342E+00  8.82767478E-01  2.60033189E-01
 -2.36253808E+00  1.00000000E+00  1.93259948E+00 -7.58213370E-01  4.16114946E-01  2.18329123E+00  8.82849404E-01  2.60088366E-01
 -2.31294418E+00  1.00000000E+00  1.89690567E+00 -7.57834390E-01  4.16154251E-01  2.18288963E+00  8.82708723E-01  2.60036181E-01
 -2.26335027E+00  1.00000000E+00  1.86121186E+00 -7.57455485E-01  4.16204472E-01  2.18248816E+00  8.82568121E-01  2.59984007E-01
 -2.21375636E+00  1.00000000E+00  1.82554631E+00 -7.57564224E-01  4.16205944E-01  2.18248249E+00  8.82635851E-01  2.59969328E-01
 -2.16416245E+00  1.00000000E+00  1.78988076E+00 -7.57672966E-01  4.16197513E-01  2.18247684E+00  8.82703589E-01  2.59954650E-01
 -2.11456854E+00  1.00000000E+00  1.75424135E+00 -7.57750296E-01  4.16184624E-01  2.18265430E+00  8.82717471E-01  2.59987366E-01
 -2.06497463E+00  1.00000000E+00  1.71860195E+00 -7.57827632E-01  4.16155285E-01  2.18283178E+00  8.82731355E-01  2.60020085E-01
 -2.01538072E+00  1.00000000E+00  1.68290766E+00 -7.57853134E-01  4.16126282E-01  2.18274351E+00  8.82758470E-01  2.59997007E-01
 -1.96578682E+00  1.00000000E+00  1.64721338E+00 -7.57878635E-01  4.16119012E-01  2.18265524E+00  8.82785586E-01  2.59973931E-01
 -1.91619291E+00  1.00000000E+00  1.61156888E+00 -7.57833410E-01  4.16136959E-01  2.18272614E+00  8.82752947E-01  2.59994638E-01
 -1.86659900E+00  1.00000000E+00  1.57592437E+00 -7.57788183E-01  4.16129110E-01  2.18279704E+00  8.82720311E-01  2.60015346E-01
 -1.81700509E+00  1.00000000E+00  1.54021761E+00 -7.57813190E-01  4.16101433E-01  2.18267202E+00  8.82746947E-01  2.59985014E-01
 -1.76741118E+00  1.00000000E+00  1.50451085E+00 -7.57838196E-01  4.16100347E-01  2.18254700E+00  8.82773585E-01  2.59954684E-01
 -1.71781727E+00  1.00000000E+00  1.46887705E+00 -7.57701573E-01  4.16106457E-01  2.18245370E+00  8.82727089E-01  2.59945323E-01
 -1.66822336E+00  1.00000000E+00  1.43324324E+00 -7.57564956E-01  4.16084652E-01  2.18236042E+00  8.82680603E-01  2.59935963E-01
 -1.61862946E+00  1.00000000E+00  1.39758536E+00 -7.57600233E-01  4.16049886E-01  2.18223026E+00  8.82722226E-01  2.59901607E-01
 -1.56903555E+00  1.00000000E+00  1.36192747E+00 -7.57635510E-01  4.16030567E-01  2.18210012E+00  8.82763851E-01  2.59867254E-01
 -1.51944164E+00  1.00000000E+00  1.32632397E+00 -7.57789111E-01  4.15986039E-01  2.18223932E+00  8.82857601E-01  2.59876344E-01
 -1.46984773E+00  1.00000000E+00  1.29072047E+00 -7.57942728E-01  4.15882351E-01  2.18237854E+00  8.82951367E-01  2.59885434E-01
 -1.42025382E+00  1.00000000E+00  1.25503977E+00 -7.57524487E-01  4.15859466E-01  2.18176484E+00  8.82835342E-01  2.59785900E-01
 -1.37065991E+00  1.00000000E+00  1.21935907E+00 -7.57106359E-01  4.15854222E-01  2.18115138E+00  8.82719408E-01  2.59686394E-01
 -1.32106600E+00  1.00000000E+00  1.18381891E+00 -7.57384191E-01  4.15804507E-01  2.18127568E+00  8.82858830E-01  2.59683370E-01
 -1.27147210E+00  1.00000000E+00  1.14827875E+00 -7.57662049E-01  4.15708335E-01  2.18140004E+00  8.82998300E-01  2.59680349E-01
 -1.22187819E+00  1.00000000E+00  1.11273002E+00 -7.57499960E-01  4.15652639E-01  2.18108463E+00  8.82982502E-01  2.59620425E-01
 -1.17228428E+00  1.00000000E+00  1.07718129E+00 -7.57337891E-01  4.15597292E-01  2.18076926E+00  8.82966719E-01  2.59560509E-01
 -1.12269037E+00  1.00000000E+00  1.04173767E+00 -7.57265206E-01  4.15533435E-01  2.18048989E+00  8.82984684E-01  2.59501041E-01
 -1.07309646E+00  1.00000000E+00  1.00629405E+00 -7.57192530E-01  4.15479793E-01  2.18021056E+00  8.83002654E-01  2.59441580E-01
 -1.02350255E+00  1.00000000E+00  9.70984957E-01 -7.57086585E-01  4.15443734E-01  2.17993077E+00  8.83032012E-01  2.59379751E-01
 -9.73908645E-01  1.00000000E+00  9.35675861E-01 -7.56980651E-01  4.15412803E-01  2.17965101E+00  8.83061381E-01  2.59317926E-01
 -9.24314736E-01  1.00000000E+00  9.00523020E-01 -7.56953148E-01  4.15430881E-01  2.17983898E+00  8.82968649E-01  2.59374067E-01
 -8.74720828E-01  1.00000000E+00  8.65370179E-01 -7.56925647E-01  4.15468675E-01  2.18002697E+00  8.82875926E-01  2.59430209E-01
 -8.25312107E-01  1.00000000E+00  8.30664939E-01 -7.57070554E-01  4.15613539E-01  2.18050357E+00  8.82877539E-01  2.59525205E-01
 -7.75903387E-01  1.00000000E+00  7.95959698E-01 -7.57215488E-01  4.15802870E-01  2.18098026E+00  8.82879162E-01  2.59620220E-01
 -7.30665613E-01  1.00000000E+00  7.64542403E-01 -7.57768489E-01  4.16230264E-01  2.18266342E+00  8.82762011E-01  2.59980282E-01
 -6.85427839E-01  1.00000000E+00  7.33125108E-01 -7.58321831E-01  4.16697012E-01  2.18434788E+00  8.82645085E-01  2.60340558E-01
 -6.45465100E-01  1.00000000E+00  7.05821412E-01 -7.58923799E-01  4.17422860E-01  2.18714151E+00  8.82253928E-01  2.60977517E-01
 -6.05502361E-01  1.00000000E+00  6.78517717E-01 -7.59526405E-01  4.18257801E-01  2.18993871E+00  8.81863269E-01  2.61615089E-01
 -5.70199545E-01  1.00000000E+00  6.54830897E-01 -7.60585938E-01  4.19332394E-01  2.19411828E+00  8.81441670E-01  2.62535321E-01
 -5.34896729E-01  1.00000000E+00  6.31144077E-01 -7.61647114E-01  4.20571442E-01  2.19830576E+00  8.81021103E-01  2.63456931E-01
 -5.03710456E-01  1.00000000E+00  6.10568052E-01 -7.63534206E-01  4.22095024E-01  2.20482119E+00  8.80519210E-01  2.64860395E-01
 -4.72524184E-01  1.00000000E+00  5.89992026E-01 -7.65425822E-01  4.23813194E-01  2.21135577E+00  8.80020030E-01  2.66267149E-01
 -4.44974441E-01  1.00000000E+00  5.72583760E-01 -7.68088350E-01  4.26003293E-01  2.22059752E+00  8.79303386E-01  2.68258827E-01
 -4.17424698E-01  1.00000000E+00  5.55175495E-01 -7.70759884E-01  4.28479862E-01  2.22987759E+00  8.78592160E-01  2.70257087E-01
 -3.93087440E-01  1.00000000E+00  5.40230942E-01 -7.73687987E-01  4.30961175E-01  2.23996746E+00  8.77906635E-01  2.72412165E-01
 -3.68750182E-01  1.00000000E+00  5.25286390E-01 -7.76626872E-01  4.33960943E-01  2.25010264E+00  8.77227220E-01  2.74575083E-01
 -3.47250809E-01  1.00000000E+00  5.12571132E-01 -7.79730196E-01  4.37439296E-01  2.26410411E+00  8.75440212E-01  2.77732780E-01
 -3.25751437E-01  1.00000000E+00  4.99855874E-01 -7.82849482E-01  4.41322738E-01  2.27819247E+00  8.73664991E-01  2.80905496E-01
 -3.06759035E-01  1.00000000E+00  4.89288639E-01 -7.87825194E-01  4.45374618E-01  2.29499694E+00  8.72675656E-01  2.84464256E-01
 -2.87766633E-01  1.00000000E+00  4.78721405E-01 -7.92830914E-01  4.49844286E-01  2.31192450E+00  8.71702919E-01  2.88044316E-01
 -2.70988873E-01  1.00000000E+00  4.69976092E-01 -7.97391500E-01  4.54902412E-01  2.33164664E+00  8.69516471E-01  2.92426034E-01
 -2.54211113E-01  1.00000000E+00  4.61230778E-01 -8.01984150E-01  4.60296117E-01  2.35153628E+00  8.67351666E-01  2.96836924E-01
 -2.39389755E-01  1.00000000E+00  4.54260757E-01 -8.07725291E-01  4.66055614E-01  2.37416403E+00  8.65443789E-01  3.01744048E-01
 -2.24568396E-01  1.00000000E+00  4.47290736E-01 -8.13511776E-01  4.72199671E-01  2.39700801E+00  8.63562556E-01  3.06689091E-01
 -2.11472015E-01  1.00000000E+00  4.41775535E-01 -8.19984356E-01  4.78768415E-01  2.42328493E+00  8.61335721E-01  3.12389842E-01
 -1.98375634E-01  1.00000000E+00  4.36260334E-01 -8.26515407E-01  4.85749521E-01  2.44984814E+00  8.59143016E-01  3.18141024E-01
 -1.85977157E-01  1.00000000E+00  4.32078461E-01 -8.35049408E-01  4.93948916E-01  2.48296702E+00  8.56824567E-01  3.25228491E-01
 -1.73578680E-01  1.00000000E+00  4.27896588E-01 -8.43678697E-01  5.02693688E-01  2.51653049E+00  8.54558229E-01  3.32394452E-01
 -1.61180203E-01  1.00000000E+00  4.24476604E-01 -8.52167980E-01  5.13617749E-01  2.55768644E+00  8.50272980E-01  3.41482691E-01
 -1.48781726E-01  1.00000000E+00  4.21056620E-01 -8.60774111E-01  5.25244181E-01  2.59951640E+00  8.46062643E-01  3.50690751E-01
 -1.36383248E-01  1.00000000E+00  4.21046250E-01 -8.73899800E-01  5.39651423E-01  2.65895387E+00  8.41285078E-01  3.63533758E-01
 -1.23984771E-01  1.00000000E+00  4.21035881E-01 -8.87276491E-01  5.55641992E-01  2.71974773E+00  8.36644925E-01  3.76620562E-01
 -1.11586294E-01  1.00000000E+00  4.17068831E-01 -9.04143911E-01  5.77182332E-01  2.79376058E+00  8.31536225E-01  3.92444870E-01
 -9.91878171E-02  1.00000000E+00  4.13101781E-01 -9.21396487E-01  5.99519770E-01  2.86978005E+00  8.26629888E-01  4.08630033E-01
 -8.67893400E-02  1.00000000E+00  4.39918017E-01 -9.31778880E-01  6.32413517E-01  3.02415563E+00  8.01734420E-01  4.44484242E-01
 -7.43908628E-02  1.00000000E+00  4.66734252E-01 -9.42821923E-01  6.75586518E-01  3.18754649E+00  7.77736979E-01  4.81961902E-01
 -6.19923857E-02  1.00000000E+00  4.10467041E-01 -9.48186847E-01  7.27806746E-01  3.26013678E+00  7.68139261E-01  4.98399505E-01
 -4.95939085E-02  1.00000000E+00  3.54199830E-01 -9.53679976E-01  7.66476555E-01  3.33449782E+00  7.58689753E-01  5.15161613E-01
 -3.71954314E-02  1.00000000E+00  7.18181440E-01 -1.17529902E+00  8.72520207E-01  4.04268373E+00  7.76669103E-01  6.53202925E-01
 -2.47969543E-02  1.00000000E+00  1.08216305E+00 -1.43964193E+00  1.08610645E+00  4.90274832E+00  8.11994400E-01  8.18150785E-01
 -1.23984771E-02  1.00000000E+00  2.34252129E-01  2.82055489E-03  1.84386432E+00  5.43319476E+00  3.69696737E-01  1.01269961E+00
  0.00000000E+00  1.00000000E+00 -6.13658792E-01  1.82717647E+00  3.54736502E+00  8.04547339E+00  6.77729087E-01  1.47354886E+00
