# curve 5 (die wall), step =      500, time =   2.00000000E+02
# N1 = tau_xx - tau_yy = G ( c_xx - c_yy ),  G =  1.0000E-01  (polymer part only)
#              x               y        pressure            c_xy        gammadot            c_xx            c_yy              N1
 -1.00000000E+01  1.00000000E+00  7.50311740E+00 -1.49359474E+00  4.16480225E-01  5.90940752E+00  8.88175133E-01  5.02123238E-01
 -9.95040609E+00  1.00000000E+00  7.46752438E+00 -1.49305991E+00  4.16521163E-01  5.90703348E+00  8.88096077E-01  5.01893740E-01
 -9.90081218E+00  1.00000000E+00  7.43193137E+00 -1.49252528E+00  4.16552968E-01  5.90466040E+00  8.88017064E-01  5.01664333E-01
 -9.85121827E+00  1.00000000E+00  7.39660999E+00 -1.49294039E+00  4.16535285E-01  5.90686375E+00  8.88087389E-01  5.01877636E-01
 -9.80162437E+00  1.00000000E+00  7.36128862E+00 -1.49335562E+00  4.16508780E-01  5.90906793E+00  8.88157733E-01  5.02091019E-01
 -9.75203046E+00  1.00000000E+00  7.32571225E+00 -1.49309059E+00  4.16481222E-01  5.90781031E+00  8.88068371E-01  5.01974194E-01
 -9.70243655E+00  1.00000000E+00  7.29013588E+00 -1.49282561E+00  4.16489920E-01  5.90655297E+00  8.87979021E-01  5.01857395E-01
 -9.65284264E+00  1.00000000E+00  7.25471664E+00 -1.49343137E+00  4.16487917E-01  5.90764728E+00  8.88234879E-01  5.01941240E-01
 -9.60324873E+00  1.00000000E+00  7.21929739E+00 -1.49403729E+00  4.16401108E-01  5.90874186E+00  8.88490833E-01  5.02025103E-01
 -9.55365482E+00  1.00000000E+00  7.18401590E+00 -1.49432225E+00  4.16341910E-01  5.91159155E+00  8.88454779E-01  5.02313677E-01
 -9.50406091E+00  1.00000000E+00  7.14873440E+00 -1.49460728E+00  4.16282937E-01  5.91444269E+00  8.88418722E-01  5.02602397E-01
 -9.45446701E+00  1.00000000E+00  7.11296772E+00 -1.49388134E+00  4.16282182E-01  5.91103658E+00  8.88314434E-01  5.02272214E-01
 -9.40487310E+00  1.00000000E+00  7.07720103E+00 -1.49315577E+00  4.16320808E-01  5.90763242E+00  8.88210219E-01  5.01942220E-01
 -9.35527919E+00  1.00000000E+00  7.04188015E+00 -1.49415453E+00  4.16354360E-01  5.91099836E+00  8.88343938E-01  5.02265442E-01
 -9.30568528E+00  1.00000000E+00  7.00655926E+00 -1.49515384E+00  4.16336645E-01  5.91436625E+00  8.88477859E-01  5.02588839E-01
 -9.25609137E+00  1.00000000E+00  6.97112975E+00 -1.49456555E+00  4.16341853E-01  5.91321969E+00  8.88365309E-01  5.02485438E-01
 -9.20649746E+00  1.00000000E+00  6.93570024E+00 -1.49397737E+00  4.16396515E-01  5.91207342E+00  8.88252841E-01  5.02382058E-01
 -9.15690355E+00  1.00000000E+00  6.90012809E+00 -1.49373273E+00  4.16394994E-01  5.91058552E+00  8.88197586E-01  5.02238793E-01
 -9.10730965E+00  1.00000000E+00  6.86455595E+00 -1.49348814E+00  4.16421496E-01  5.90909800E+00  8.88142336E-01  5.02095567E-01
 -9.05771574E+00  1.00000000E+00  6.82915887E+00 -1.49351386E+00  4.16490877E-01  5.91030104E+00  8.88043290E-01  5.02225775E-01
 -9.00812183E+00  1.00000000E+00  6.79376179E+00 -1.49353957E+00  4.16541815E-01  5.91150435E+00  8.87944253E-01  5.02356010E-01
 -8.95852792E+00  1.00000000E+00  6.75828807E+00 -1.49361632E+00  4.16518931E-01  5.91046716E+00  8.88061775E-01  5.02240538E-01
 -8.90893401E+00  1.00000000E+00  6.72281436E+00 -1.49369306E+00  4.16488736E-01  5.90943020E+00  8.88179307E-01  5.02125089E-01
 -8.85934010E+00  1.00000000E+00  6.68742669E+00 -1.49375075E+00  4.16502534E-01  5.91042047E+00  8.88180104E-01  5.02224037E-01
 -8.80974619E+00  1.00000000E+00  6.65203903E+00 -1.49380843E+00  4.16480417E-01  5.91141093E+00  8.88180899E-01  5.02323003E-01
 -8.76015229E+00  1.00000000E+00  6.61646712E+00 -1.49356302E+00  4.16447907E-01  5.90987852E+00  8.88130205E-01  5.02174831E-01
 -8.71055838E+00  1.00000000E+00  6.58089520E+00 -1.49331765E+00  4.16465790E-01  5.90834651E+00  8.88079514E-01  5.02026700E-01
 -8.66096447E+00  1.00000000E+00  6.54551228E+00 -1.49313115E+00  4.16491996E-01  5.90737768E+00  8.88101172E-01  5.01927651E-01
 -8.61137056E+00  1.00000000E+00  6.51012936E+00 -1.49294468E+00  4.16494721E-01  5.90640901E+00  8.88122840E-01  5.01828617E-01
 -8.56177665E+00  1.00000000E+00  6.47465689E+00 -1.49317625E+00  4.16492028E-01  5.90702248E+00  8.88180525E-01  5.01884195E-01
 -8.51218274E+00  1.00000000E+00  6.43918442E+00 -1.49340784E+00  4.16473500E-01  5.90763602E+00  8.88238221E-01  5.01939779E-01
 -8.46258884E+00  1.00000000E+00  6.40372996E+00 -1.49400921E+00  4.16434288E-01  5.91067918E+00  8.88295241E-01  5.02238394E-01
 -8.41299493E+00  1.00000000E+00  6.36827549E+00 -1.49461083E+00  4.16361960E-01  5.91372392E+00  8.88352311E-01  5.02537161E-01
 -8.36340102E+00  1.00000000E+00  6.33279864E+00 -1.49368257E+00  4.16393800E-01  5.91048698E+00  8.88194822E-01  5.02229215E-01
 -8.31380711E+00  1.00000000E+00  6.29732179E+00 -1.49275480E+00  4.16444112E-01  5.90725183E+00  8.88037492E-01  5.01921434E-01
 -8.26421320E+00  1.00000000E+00  6.26183750E+00 -1.49304039E+00  4.16449939E-01  5.90740594E+00  8.88114522E-01  5.01929142E-01
 -8.21461929E+00  1.00000000E+00  6.22635321E+00 -1.49332597E+00  4.16459097E-01  5.90756009E+00  8.88191574E-01  5.01936852E-01
 -8.16502538E+00  1.00000000E+00  6.19096211E+00 -1.49415304E+00  4.16448884E-01  5.91105661E+00  8.88339856E-01  5.02271676E-01
 -8.11543148E+00  1.00000000E+00  6.15557101E+00 -1.49498057E+00  4.16355365E-01  5.91455520E+00  8.88488241E-01  5.02606696E-01
 -8.06583757E+00  1.00000000E+00  6.12001534E+00 -1.49393365E+00  4.16353373E-01  5.91119429E+00  8.88259035E-01  5.02293525E-01
 -8.01624366E+00  1.00000000E+00  6.08445966E+00 -1.49288733E+00  4.16417659E-01  5.90783534E+00  8.88030031E-01  5.01980531E-01
 -7.96664975E+00  1.00000000E+00  6.04904746E+00 -1.49318781E+00  4.16442306E-01  5.90796947E+00  8.88138725E-01  5.01983074E-01
 -7.91705584E+00  1.00000000E+00  6.01363526E+00 -1.49348829E+00  4.16461647E-01  5.90810364E+00  8.88247444E-01  5.01985620E-01
 -7.86746193E+00  1.00000000E+00  5.97819458E+00 -1.49397614E+00  4.16471132E-01  5.91095173E+00  8.88213212E-01  5.02273852E-01
 -7.81786802E+00  1.00000000E+00  5.94275389E+00 -1.49446418E+00  4.16451609E-01  5.91380120E+00  8.88179029E-01  5.02562217E-01
 -7.76827412E+00  1.00000000E+00  5.90727416E+00 -1.49360331E+00  4.16468468E-01  5.91073704E+00  8.88073798E-01  5.02266324E-01
 -7.71868021E+00  1.00000000E+00  5.87179442E+00 -1.49274287E+00  4.16500159E-01  5.90767448E+00  8.87968714E-01  5.01970576E-01
 -7.66908630E+00  1.00000000E+00  5.83630492E+00 -1.49298387E+00  4.16490399E-01  5.90770348E+00  8.88036703E-01  5.01966678E-01
 -7.61949239E+00  1.00000000E+00  5.80081542E+00 -1.49322487E+00  4.16480298E-01  5.90773252E+00  8.88104708E-01  5.01962781E-01
 -7.56989848E+00  1.00000000E+00  5.76544697E+00 -1.49419280E+00  4.16467581E-01  5.91111420E+00  8.88337362E-01  5.02277683E-01
 -7.52030457E+00  1.00000000E+00  5.73007852E+00 -1.49516128E+00  4.16364057E-01  5.91449783E+00  8.88570178E-01  5.02592765E-01
 -7.47071066E+00  1.00000000E+00  5.69450637E+00 -1.49402557E+00  4.16354149E-01  5.91104162E+00  8.88310875E-01  5.02273074E-01
 -7.42111676E+00  1.00000000E+00  5.65893423E+00 -1.49289055E+00  4.16418325E-01  5.90758750E+00  8.88051818E-01  5.01953568E-01
 -7.37152285E+00  1.00000000E+00  5.62351776E+00 -1.49318178E+00  4.16438560E-01  5.90775999E+00  8.88151374E-01  5.01960862E-01
 -7.32192894E+00  1.00000000E+00  5.58810129E+00 -1.49347302E+00  4.16455290E-01  5.90793253E+00  8.88250953E-01  5.01968158E-01
 -7.27233503E+00  1.00000000E+00  5.55265316E+00 -1.49396777E+00  4.16463593E-01  5.91088799E+00  8.88218343E-01  5.02266965E-01
 -7.22274112E+00  1.00000000E+00  5.51720504E+00 -1.49446274E+00  4.16438834E-01  5.91384494E+00  8.88185781E-01  5.02565916E-01
 -7.17314721E+00  1.00000000E+00  5.48172802E+00 -1.49358539E+00  4.16457331E-01  5.91071929E+00  8.88074017E-01  5.02264527E-01
 -7.12355330E+00  1.00000000E+00  5.44625100E+00 -1.49270849E+00  4.16492031E-01  5.90759530E+00  8.87962404E-01  5.01963290E-01
 -7.07395940E+00  1.00000000E+00  5.41076457E+00 -1.49295469E+00  4.16486129E-01  5.90766186E+00  8.88027932E-01  5.01963393E-01
 -7.02436549E+00  1.00000000E+00  5.37527814E+00 -1.49320090E+00  4.16480238E-01  5.90772845E+00  8.88093476E-01  5.01963498E-01
 -6.97477158E+00  1.00000000E+00  5.33991398E+00 -1.49421981E+00  4.16465553E-01  5.91115623E+00  8.88351855E-01  5.02280438E-01
 -6.92517767E+00  1.00000000E+00  5.30454982E+00 -1.49523933E+00  4.16353889E-01  5.91458604E+00  8.88610418E-01  5.02597562E-01
 -6.87558376E+00  1.00000000E+00  5.26898404E+00 -1.49412105E+00  4.16339110E-01  5.91113592E+00  8.88360988E-01  5.02277493E-01
 -6.82598985E+00  1.00000000E+00  5.23341827E+00 -1.49300344E+00  4.16401217E-01  5.90768788E+00  8.88111794E-01  5.01957608E-01
 -6.77639594E+00  1.00000000E+00  5.19798983E+00 -1.49320992E+00  4.16421325E-01  5.90776422E+00  8.88172758E-01  5.01959146E-01
 -6.72680204E+00  1.00000000E+00  5.16256140E+00 -1.49341640E+00  4.16442995E-01  5.90784059E+00  8.88233734E-01  5.01960686E-01
 -6.67720813E+00  1.00000000E+00  5.12711288E+00 -1.49391034E+00  4.16464231E-01  5.91082971E+00  8.88190480E-01  5.02263923E-01
 -6.62761422E+00  1.00000000E+00  5.09166435E+00 -1.49440449E+00  4.16452833E-01  5.91382036E+00  8.88147276E-01  5.02567308E-01
 -6.57802031E+00  1.00000000E+00  5.05619016E+00 -1.49356005E+00  4.16467059E-01  5.91075443E+00  8.88051535E-01  5.02270290E-01
 -6.52842640E+00  1.00000000E+00  5.02071596E+00 -1.49271602E+00  4.16499751E-01  5.90769011E+00  8.87955936E-01  5.01973417E-01
 -6.47883249E+00  1.00000000E+00  4.98523198E+00 -1.49296429E+00  4.16493563E-01  5.90777307E+00  8.88021493E-01  5.01975157E-01
 -6.42923858E+00  1.00000000E+00  4.94974800E+00 -1.49321256E+00  4.16488056E-01  5.90785606E+00  8.88087066E-01  5.01976899E-01
 -6.37964468E+00  1.00000000E+00  4.91437960E+00 -1.49418318E+00  4.16475663E-01  5.91117936E+00  8.88322365E-01  5.02285699E-01
 -6.33005077E+00  1.00000000E+00  4.87901120E+00 -1.49515436E+00  4.16373694E-01  5.91450455E+00  8.88557830E-01  5.02594672E-01
 -6.28045686E+00  1.00000000E+00  4.84343825E+00 -1.49401296E+00  4.16361829E-01  5.91104743E+00  8.88298204E-01  5.02274923E-01
 -6.23086295E+00  1.00000000E+00  4.80786530E+00 -1.49287225E+00  4.16423354E-01  5.90759241E+00  8.88038827E-01  5.01955359E-01
 -6.18126904E+00  1.00000000E+00  4.77244975E+00 -1.49318853E+00  4.16441286E-01  5.90778744E+00  8.88149977E-01  5.01963746E-01
 -6.13167513E+00  1.00000000E+00  4.73703419E+00 -1.49350482E+00  4.16455316E-01  5.90798251E+00  8.88261153E-01  5.01972136E-01
 -6.08208123E+00  1.00000000E+00  4.70158464E+00 -1.49397397E+00  4.16461422E-01  5.91087949E+00  8.88223684E-01  5.02265580E-01
 -6.03248732E+00  1.00000000E+00  4.66613508E+00 -1.49444332E+00  4.16434749E-01  5.91377789E+00  8.88186258E-01  5.02559164E-01
 -5.98289341E+00  1.00000000E+00  4.63065443E+00 -1.49359432E+00  4.16454142E-01  5.91070486E+00  8.88082267E-01  5.02262259E-01
 -5.93329950E+00  1.00000000E+00  4.59517379E+00 -1.49274574E+00  4.16488292E-01  5.90763344E+00  8.87978419E-01  5.01965502E-01
 -5.88370559E+00  1.00000000E+00  4.55968767E+00 -1.49300498E+00  4.16479275E-01  5.90765385E+00  8.88057151E-01  5.01959670E-01
 -5.83411168E+00  1.00000000E+00  4.52420155E+00 -1.49326423E+00  4.16468662E-01  5.90767430E+00  8.88135901E-01  5.01953840E-01
 -5.78451777E+00  1.00000000E+00  4.48884621E+00 -1.49419305E+00  4.16451324E-01  5.91111715E+00  8.88340962E-01  5.02277619E-01
 -5.73492387E+00  1.00000000E+00  4.45349086E+00 -1.49512240E+00  4.16355774E-01  5.91456202E+00  8.88546166E-01  5.02601586E-01
 -5.68532996E+00  1.00000000E+00  4.41788664E+00 -1.49379961E+00  4.16371550E-01  5.91071608E+00  8.88216162E-01  5.02249991E-01
 -5.63573605E+00  1.00000000E+00  4.38228242E+00 -1.49247773E+00  4.16452296E-01  5.90687275E+00  8.87886496E-01  5.01898626E-01
 -5.58614214E+00  1.00000000E+00  4.34690141E+00 -1.49301305E+00  4.16477291E-01  5.90746455E+00  8.88081698E-01  5.01938285E-01
 -5.53654823E+00  1.00000000E+00  4.31152039E+00 -1.49354844E+00  4.16480904E-01  5.90805651E+00  8.88276973E-01  5.01977954E-01
 -5.48695432E+00  1.00000000E+00  4.27605138E+00 -1.49402916E+00  4.16454810E-01  5.91085939E+00  8.88278844E-01  5.02258054E-01
 -5.43736041E+00  1.00000000E+00  4.24058237E+00 -1.49451006E+00  4.16389142E-01  5.91366360E+00  8.88280749E-01  5.02538285E-01
 -5.38776651E+00  1.00000000E+00  4.20511914E+00 -1.49362371E+00  4.16420503E-01  5.91052446E+00  8.88145019E-01  5.02237944E-01
 -5.33817260E+00  1.00000000E+00  4.16965590E+00 -1.49273781E+00  4.16465819E-01  5.90738700E+00  8.88009435E-01  5.01937757E-01
 -5.28857869E+00  1.00000000E+00  4.13417292E+00 -1.49303153E+00  4.16467735E-01  5.90751590E+00  8.88095244E-01  5.01942066E-01
 -5.23898478E+00  1.00000000E+00  4.09868994E+00 -1.49332524E+00  4.16472907E-01  5.90764485E+00  8.88181076E-01  5.01946377E-01
 -5.18939087E+00  1.00000000E+00  4.06330034E+00 -1.49413746E+00  4.16462031E-01  5.91122306E+00  8.88314609E-01  5.02290845E-01
 -5.13979696E+00  1.00000000E+00  4.02791073E+00 -1.49495012E+00  4.16378848E-01  5.91480344E+00  8.88448239E-01  5.02635520E-01
 -5.09020305E+00  1.00000000E+00  3.99229931E+00 -1.49370255E+00  4.16398208E-01  5.91070683E+00  8.88167066E-01  5.02253977E-01
 -5.04060915E+00  1.00000000E+00  3.95668788E+00 -1.49245584E+00  4.16464333E-01  5.90661312E+00  8.87886176E-01  5.01872695E-01
 -4.99101524E+00  1.00000000E+00  3.92138088E+00 -1.49304522E+00  4.16461229E-01  5.90744987E+00  8.88105848E-01  5.01934402E-01
 -4.94142133E+00  1.00000000E+00  3.88607387E+00 -1.49363471E+00  4.16442543E-01  5.90828684E+00  8.88325606E-01  5.01996123E-01
 -4.89182742E+00  1.00000000E+00  3.85057847E+00 -1.49399774E+00  4.16421164E-01  5.91016540E+00  8.88345717E-01  5.02181968E-01
 -4.84223351E+00  1.00000000E+00  3.81508307E+00 -1.49436087E+00  4.16376765E-01  5.91204455E+00  8.88365848E-01  5.02367871E-01
 -4.79263960E+00  1.00000000E+00  3.77956872E+00 -1.49368315E+00  4.16382432E-01  5.90977045E+00  8.88246123E-01  5.02152433E-01
 -4.74304569E+00  1.00000000E+00  3.74405438E+00 -1.49300568E+00  4.16419804E-01  5.90749724E+00  8.88126485E-01  5.01937075E-01
 -4.69345179E+00  1.00000000E+00  3.70859230E+00 -1.49315483E+00  4.16423692E-01  5.90787061E+00  8.88123784E-01  5.01974682E-01
 -4.64385788E+00  1.00000000E+00  3.67313021E+00 -1.49330399E+00  4.16441104E-01  5.90824400E+00  8.88121091E-01  5.02012291E-01
 -4.59426397E+00  1.00000000E+00  3.63776919E+00 -1.49441109E+00  4.16452994E-01  5.91161132E+00  8.88407410E-01  5.02320391E-01
 -4.54467006E+00  1.00000000E+00  3.60240817E+00 -1.49551885E+00  4.16367314E-01  5.91498062E+00  8.88693960E-01  5.02628666E-01
 -4.49507615E+00  1.00000000E+00  3.56691978E+00 -1.49531851E+00  4.16341408E-01  5.91602447E+00  8.88496705E-01  5.02752776E-01
 -4.44548224E+00  1.00000000E+00  3.53143139E+00 -1.49511814E+00  4.16345677E-01  5.91706860E+00  8.88299484E-01  5.02876912E-01
 -4.39588833E+00  1.00000000E+00  3.49590305E+00 -1.49372050E+00  4.16346362E-01  5.91187331E+00  8.88095307E-01  5.02377800E-01
 -4.34629443E+00  1.00000000E+00  3.46037471E+00 -1.49232403E+00  4.16415133E-01  5.90668260E+00  8.87891485E-01  5.01879111E-01
 -4.29670052E+00  1.00000000E+00  3.42492809E+00 -1.49332343E+00  4.16456245E-01  5.91011531E+00  8.88054816E-01  5.02206050E-01
 -4.24710661E+00  1.00000000E+00  3.38948147E+00 -1.49432340E+00  4.16425759E-01  5.91355005E+00  8.88218335E-01  5.02533172E-01
 -4.19751270E+00  1.00000000E+00  3.35399363E+00 -1.49330482E+00  4.16437663E-01  5.90980509E+00  8.88043042E-01  5.02176205E-01
 -4.14791879E+00  1.00000000E+00  3.31850580E+00 -1.49228686E+00  4.16517616E-01  5.90606252E+00  8.87867932E-01  5.01819459E-01
 -4.09832488E+00  1.00000000E+00  3.28313922E+00 -1.49300761E+00  4.16481451E-01  5.90765377E+00  8.88120613E-01  5.01953315E-01
 -4.04873097E+00  1.00000000E+00  3.24777264E+00 -1.49372860E+00  4.16399435E-01  5.90924552E+00  8.88373410E-01  5.02087211E-01
 -3.99913707E+00  1.00000000E+00  3.21215775E+00 -1.49342486E+00  4.16396238E-01  5.90842682E+00  8.88231929E-01  5.02019489E-01
 -3.94954316E+00  1.00000000E+00  3.17654286E+00 -1.49312117E+00  4.16413159E-01  5.90760825E+00  8.88090472E-01  5.01951777E-01
 -3.89994925E+00  1.00000000E+00  3.14128639E+00 -1.49450580E+00  4.16416935E-01  5.91313763E+00  8.88358436E-01  5.02477919E-01
 -3.85035534E+00  1.00000000E+00  3.10602992E+00 -1.49589166E+00  4.16330892E-01  5.91867218E+00  8.88626704E-01  5.03004548E-01
 -3.80076143E+00  1.00000000E+00  3.07043493E+00 -1.49448589E+00  4.16318223E-01  5.91476922E+00  8.88282855E-01  5.02648637E-01
 -3.75116752E+00  1.00000000E+00  3.03483995E+00 -1.49308109E+00  4.16385807E-01  5.91086900E+00  8.87939396E-01  5.02292960E-01
 -3.70157361E+00  1.00000000E+00  2.99935467E+00 -1.49351293E+00  4.16401219E-01  5.91177716E+00  8.87997140E-01  5.02378002E-01
 -3.65197971E+00  1.00000000E+00  2.96386940E+00 -1.49394484E+00  4.16420100E-01  5.91268549E+00  8.88054933E-01  5.02463056E-01
 -3.60238580E+00  1.00000000E+00  2.92836064E+00 -1.49371463E+00  4.16442155E-01  5.91130020E+00  8.88005443E-01  5.02329476E-01
 -3.55279189E+00  1.00000000E+00  2.89285188E+00 -1.49348447E+00  4.16487529E-01  5.90991525E+00  8.87955958E-01  5.02195929E-01
 -3.50319798E+00  1.00000000E+00  2.85750719E+00 -1.49363042E+00  4.16538495E-01  5.90939764E+00  8.88123816E-01  5.02127382E-01
 -3.45360407E+00  1.00000000E+00  2.82216249E+00 -1.49377638E+00  4.16537019E-01  5.90888010E+00  8.88291703E-01  5.02058840E-01
 -3.40401016E+00  1.00000000E+00  2.78675533E+00 -1.49457949E+00  4.16477431E-01  5.91301922E+00  8.88401589E-01  5.02461764E-01
 -3.35441626E+00  1.00000000E+00  2.75134816E+00 -1.49538309E+00  4.16349098E-01  5.91716125E+00  8.88511553E-01  5.02864970E-01
 -3.30482235E+00  1.00000000E+00  2.71581727E+00 -1.49395911E+00  4.16332234E-01  5.91246806E+00  8.88213495E-01  5.02425456E-01
 -3.25522844E+00  1.00000000E+00  2.68028638E+00 -1.49253626E+00  4.16389621E-01  5.90777867E+00  8.87915809E-01  5.01986286E-01
 -3.20563453E+00  1.00000000E+00  2.64471570E+00 -1.49259953E+00  4.16433493E-01  5.90682895E+00  8.87927933E-01  5.01890102E-01
 -3.15604062E+00  1.00000000E+00  2.60914502E+00 -1.49266276E+00  4.16478633E-01  5.90587945E+00  8.87940061E-01  5.01793939E-01
 -3.10644671E+00  1.00000000E+00  2.57380666E+00 -1.49309933E+00  4.16494172E-01  5.90648892E+00  8.88185430E-01  5.01830349E-01
 -3.05685280E+00  1.00000000E+00  2.53846830E+00 -1.49353599E+00  4.16434570E-01  5.90709849E+00  8.88430869E-01  5.01866763E-01
 -3.00725890E+00  1.00000000E+00  2.50304648E+00 -1.49427310E+00  4.16400960E-01  5.91124525E+00  8.88454590E-01  5.02279066E-01
 -2.95766499E+00  1.00000000E+00  2.46762466E+00 -1.49501063E+00  4.16315317E-01  5.91539493E+00  8.88478388E-01  5.02691655E-01
 -2.90807108E+00  1.00000000E+00  2.43201012E+00 -1.49398504E+00  4.16317742E-01  5.91170286E+00  8.88317602E-01  5.02338526E-01
 -2.85847717E+00  1.00000000E+00  2.39639558E+00 -1.49296007E+00  4.16365886E-01  5.90801312E+00  8.88157009E-01  5.01985611E-01
 -2.80888326E+00  1.00000000E+00  2.36116967E+00 -1.49440522E+00  4.16352617E-01  5.91315269E+00  8.88373107E-01  5.02477958E-01
 -2.75928935E+00  1.00000000E+00  2.32594376E+00 -1.49585159E+00  4.16308564E-01  5.91829677E+00  8.88589598E-01  5.02970717E-01
 -2.70969544E+00  1.00000000E+00  2.29031161E+00 -1.49465527E+00  4.16340961E-01  5.91554436E+00  8.88196184E-01  5.02734817E-01
 -2.66010154E+00  1.00000000E+00  2.25467946E+00 -1.49345960E+00  4.16442117E-01  5.91279341E+00  8.87803080E-01  5.02499033E-01
 -2.61050763E+00  1.00000000E+00  2.21919608E+00 -1.49320915E+00  4.16464656E-01  5.91042664E+00  8.87887390E-01  5.02253925E-01
 -2.56091372E+00  1.00000000E+00  2.18371271E+00 -1.49295876E+00  4.16524325E-01  5.90806086E+00  8.87971717E-01  5.02008915E-01
 -2.51131981E+00  1.00000000E+00  2.14827906E+00 -1.49315721E+00  4.16537234E-01  5.90818980E+00  8.88058138E-01  5.02013167E-01
 -2.46172590E+00  1.00000000E+00  2.11284541E+00 -1.49335566E+00  4.16522347E-01  5.90831876E+00  8.88144570E-01  5.02017419E-01
 -2.41213199E+00  1.00000000E+00  2.07744946E+00 -1.49414093E+00  4.16496266E-01  5.91148437E+00  8.88284418E-01  5.02319995E-01
 -2.36253808E+00  1.00000000E+00  2.04205351E+00 -1.49492660E+00  4.16404748E-01  5.91465167E+00  8.88424365E-01  5.02622730E-01
 -2.31294418E+00  1.00000000E+00  2.00655881E+00 -1.49384355E+00  4.16411475E-01  5.91108807E+00  8.88211698E-01  5.02287637E-01
 -2.26335027E+00  1.00000000E+00  1.97106412E+00 -1.49276115E+00  4.16464648E-01  5.90752667E+00  8.87999249E-01  5.01952742E-01
 -2.21375636E+00  1.00000000E+00  1.93553424E+00 -1.49289973E+00  4.16470888E-01  5.90686513E+00  8.88074738E-01  5.01879039E-01
 -2.16416245E+00  1.00000000E+00  1.90000435E+00 -1.49303827E+00  4.16471310E-01  5.90620373E+00  8.88150235E-01  5.01805349E-01
 -2.11456854E+00  1.00000000E+00  1.86465032E+00 -1.49347817E+00  4.16472734E-01  5.90874040E+00  8.88201684E-01  5.02053872E-01
 -2.06497463E+00  1.00000000E+00  1.82929628E+00 -1.49391821E+00  4.16445103E-01  5.91127817E+00  8.88253152E-01  5.02302502E-01
 -2.01538072E+00  1.00000000E+00  1.79373301E+00 -1.49374065E+00  4.16403614E-01  5.91004408E+00  8.88232734E-01  5.02181135E-01
 -1.96578682E+00  1.00000000E+00  1.75816974E+00 -1.49356312E+00  4.16392473E-01  5.90881025E+00  8.88212318E-01  5.02059793E-01
 -1.91619291E+00  1.00000000E+00  1.72278845E+00 -1.49376180E+00  4.16438964E-01  5.91047682E+00  8.88215098E-01  5.02226173E-01
 -1.86659900E+00  1.00000000E+00  1.68740717E+00 -1.49396052E+00  4.16440386E-01  5.91214389E+00  8.88217878E-01  5.02392601E-01
 -1.81700509E+00  1.00000000E+00  1.65178858E+00 -1.49366449E+00  4.16400719E-01  5.91021876E+00  8.88170255E-01  5.02204851E-01
 -1.76741118E+00  1.00000000E+00  1.61616998E+00 -1.49336852E+00  4.16403008E-01  5.90829427E+00  8.88122638E-01  5.02017163E-01
 -1.71781727E+00  1.00000000E+00  1.58081243E+00 -1.49310886E+00  4.16401906E-01  5.90787004E+00  8.88063318E-01  5.01980672E-01
 -1.66822336E+00  1.00000000E+00  1.54545488E+00 -1.49284922E+00  4.16371193E-01  5.90744586E+00  8.88004016E-01  5.01944185E-01
 -1.61862946E+00  1.00000000E+00  1.50991661E+00 -1.49278023E+00  4.16347524E-01  5.90601589E+00  8.88041255E-01  5.01797463E-01
 -1.56903555E+00  1.00000000E+00  1.47437833E+00 -1.49271124E+00  4.16324692E-01  5.90458629E+00  8.88078491E-01  5.01650780E-01
 -1.51944164E+00  1.00000000E+00  1.43913458E+00 -1.49378310E+00  4.16197306E-01  5.90740932E+00  8.88506992E-01  5.01890233E-01
 -1.46984773E+00  1.00000000E+00  1.40389083E+00 -1.49485558E+00  4.15952217E-01  5.91023380E+00  8.88935761E-01  5.02129804E-01
 -1.42025382E+00  1.00000000E+00  1.36830886E+00 -1.49332199E+00  4.15846424E-01  5.90457753E+00  8.88640828E-01  5.01593670E-01
 -1.37065991E+00  1.00000000E+00  1.33272689E+00 -1.49178983E+00  4.15804838E-01  5.89892670E+00  8.88346297E-01  5.01058040E-01
 -1.32106600E+00  1.00000000E+00  1.29732736E+00 -1.49215667E+00  4.15716579E-01  5.89917374E+00  8.88453357E-01  5.01072038E-01
 -1.27147210E+00  1.00000000E+00  1.26192783E+00 -1.49252353E+00  4.15584219E-01  5.89942086E+00  8.88560452E-01  5.01086041E-01
 -1.22187819E+00  1.00000000E+00  1.22658885E+00 -1.49206503E+00  4.15442989E-01  5.89636789E+00  8.88602949E-01  5.00776494E-01
 -1.17228428E+00  1.00000000E+00  1.19124987E+00 -1.49160673E+00  4.15294130E-01  5.89331653E+00  8.88645483E-01  5.00467105E-01
 -1.12269037E+00  1.00000000E+00  1.15600774E+00 -1.49110775E+00  4.15098953E-01  5.88945566E+00  8.88705929E-01  5.00074973E-01
 -1.07309646E+00  1.00000000E+00  1.12076561E+00 -1.49060902E+00  4.14896725E-01  5.88559739E+00  8.88766407E-01  4.99683098E-01
 -1.02350255E+00  1.00000000E+00  1.08577214E+00 -1.49008536E+00  4.14619593E-01  5.88101062E+00  8.88969307E-01  4.99204131E-01
 -9.73908645E-01  1.00000000E+00  1.05077868E+00 -1.48956203E+00  4.14321145E-01  5.87642755E+00  8.89172319E-01  4.98725523E-01
 -9.24314736E-01  1.00000000E+00  1.01592265E+00 -1.48876762E+00  4.14028950E-01  5.87213530E+00  8.89137451E-01  4.98299785E-01
 -8.74720828E-01  1.00000000E+00  9.81066620E-01 -1.48797369E+00  4.13726883E-01  5.86784620E+00  8.89102675E-01  4.97874352E-01
 -8.25312107E-01  1.00000000E+00  9.46894268E-01 -1.48730846E+00  4.13378276E-01  5.86176300E+00  8.89342907E-01  4.97242009E-01
 -7.75903387E-01  1.00000000E+00  9.12721916E-01 -1.48664373E+00  4.13077322E-01  5.85568636E+00  8.89583283E-01  4.96610307E-01
 -7.30665613E-01  1.00000000E+00  8.81887577E-01 -1.48638964E+00  4.13004510E-01  5.85346517E+00  8.89604124E-01  4.96386105E-01
 -6.85427839E-01  1.00000000E+00  8.51053237E-01 -1.48613561E+00  4.12909098E-01  5.85124487E+00  8.89624966E-01  4.96161990E-01
 -6.45465100E-01  1.00000000E+00  8.24526045E-01 -1.48567179E+00  4.12983145E-01  5.85151468E+00  8.89331221E-01  4.96218345E-01
 -6.05502361E-01  1.00000000E+00  7.97998852E-01 -1.48520800E+00  4.13140107E-01  5.85178465E+00  8.89037570E-01  4.96274708E-01
 -5.70199545E-01  1.00000000E+00  7.75360726E-01 -1.48533334E+00  4.13462280E-01  5.85544418E+00  8.88796167E-01  4.96664801E-01
 -5.34896729E-01  1.00000000E+00  7.52722600E-01 -1.48545868E+00  4.13934558E-01  5.85910627E+00  8.88554804E-01  4.97055147E-01
 -5.03710456E-01  1.00000000E+00  7.33367189E-01 -1.48791091E+00  4.14583142E-01  5.87155064E+00  8.88695141E-01  4.98285550E-01
 -4.72524184E-01  1.00000000E+00  7.14011778E-01 -1.49036767E+00  4.15330915E-01  5.88402144E+00  8.88836422E-01  4.99518502E-01
 -4.44974441E-01  1.00000000E+00  6.98096738E-01 -1.49392888E+00  4.16616267E-01  5.90644665E+00  8.88621486E-01  5.01782516E-01
 -4.17424698E-01  1.00000000E+00  6.82181697E-01 -1.49750110E+00  4.18038635E-01  5.92895830E+00  8.88408679E-01  5.04054962E-01
 -3.93087440E-01  1.00000000E+00  6.68797852E-01 -1.50067247E+00  4.19453946E-01  5.95330413E+00  8.87956581E-01  5.06534755E-01
 -3.68750182E-01  1.00000000E+00  6.55414007E-01 -1.50385342E+00  4.21415909E-01  5.97775270E+00  8.87506015E-01  5.09024669E-01
 -3.47250809E-01  1.00000000E+00  6.44534635E-01 -1.50690907E+00  4.23863473E-01  6.01515039E+00  8.85606066E-01  5.12954432E-01
 -3.25751437E-01  1.00000000E+00  6.33655264E-01 -1.50997729E+00  4.26687102E-01  6.05279709E+00  8.83711162E-01  5.16908593E-01
 -3.06759035E-01  1.00000000E+00  6.25355235E-01 -1.51882997E+00  4.29592628E-01  6.10332564E+00  8.83874398E-01  5.21945124E-01
 -2.87766633E-01  1.00000000E+00  6.17055206E-01 -1.52774451E+00  4.32779489E-01  6.15427802E+00  8.84049040E-01  5.27022898E-01
 -2.70988873E-01  1.00000000E+00  6.10644885E-01 -1.53342935E+00  4.36578376E-01  6.21220853E+00  8.81806141E-01  5.33040239E-01
 -2.54211113E-01  1.00000000E+00  6.04234564E-01 -1.53915105E+00  4.40657832E-01  6.27071084E+00  8.79573163E-01  5.39113768E-01
 -2.39389755E-01  1.00000000E+00  5.99860856E-01 -1.54781673E+00  4.45046964E-01  6.33908402E+00  8.78190244E-01  5.46089377E-01
 -2.24568396E-01  1.00000000E+00  5.95487148E-01 -1.55655292E+00  4.49718438E-01  6.40822265E+00  8.76819857E-01  5.53140279E-01
 -2.11472015E-01  1.00000000E+00  5.92928667E-01 -1.56783208E+00  4.54761014E-01  6.49035865E+00  8.75672167E-01  5.61468649E-01
 -1.98375634E-01  1.00000000E+00  5.90370185E-01 -1.57922300E+00  4.60018738E-01  6.57356792E+00  8.74543726E-01  5.69902419E-01
 -1.85977157E-01  1.00000000E+00  5.89982094E-01 -1.59348384E+00  4.66297432E-01  6.67758284E+00  8.73210061E-01  5.80437278E-01
 -1.73578680E-01  1.00000000E+00  5.89594003E-01 -1.60791952E+00  4.72979736E-01  6.78327450E+00  8.71906010E-01  5.91136849E-01
 -1.61180203E-01  1.00000000E+00  5.89845709E-01 -1.62058719E+00  4.81554114E-01  6.90922989E+00  8.68137745E-01  6.04109214E-01
 -1.48781726E-01  1.00000000E+00  5.90097415E-01 -1.63341568E+00  4.90531000E-01  7.03762308E+00  8.64403715E-01  6.17321937E-01
 -1.36383248E-01  1.00000000E+00  5.97497414E-01 -1.65498565E+00  5.01790822E-01  7.22762753E+00  8.60601245E-01  6.36702628E-01
 -1.23984771E-01  1.00000000E+00  6.04897414E-01 -1.67697299E+00  5.14353450E-01  7.42291915E+00  8.56868010E-01  6.56605114E-01
 -1.11586294E-01  1.00000000E+00  6.05677263E-01 -1.71073074E+00  5.31028979E-01  7.64546957E+00  8.56483981E-01  6.78898558E-01
 -9.91878171E-02  1.00000000E+00  6.06457113E-01 -1.74532512E+00  5.47149066E-01  7.87474208E+00  8.56243873E-01  7.01849821E-01
 -8.67893400E-02  1.00000000E+00  6.47352911E-01 -1.67814454E+00  5.71773361E-01  8.16179285E+00  8.10401344E-01  7.35139150E-01
 -7.43908628E-02  1.00000000E+00  6.88248710E-01 -1.60871628E+00  6.03354026E-01  8.46723093E+00  7.66548047E-01  7.70068288E-01
 -6.19923857E-02  1.00000000E+00  6.32264447E-01 -1.53738378E+00  6.28551378E-01  8.35819385E+00  7.47676815E-01  7.61051704E-01
 -4.95939085E-02  1.00000000E+00  5.76280185E-01 -1.46725709E+00  6.22302025E-01  8.25198693E+00  7.29727638E-01  7.52225929E-01
 -3.71954314E-02  1.00000000E+00  1.18368653E+00 -2.86721483E+00  6.38157023E-01  1.14480156E+01  1.12317846E+00  1.03248372E+00
 -2.47969543E-02  1.00000000E+00  1.79109287E+00 -4.98060108E+00  7.49855078E-01  1.62787553E+01  1.86529136E+00  1.44134639E+00
 -1.23984771E-02  1.00000000E+00  7.73981012E-01  1.45629980E+00  1.59080994E+00  1.23855539E+01  6.49656341E-01  1.17358975E+00
  0.00000000E+00  1.00000000E+00 -2.43130842E-01  1.15636821E+01  4.30582124E+00  2.39675729E+01  5.84272227E+00  1.81248506E+00
