# curve 5 (die wall), step =     1000, time =   4.00000000E+02
# N1 = tau_xx - tau_yy = G ( c_xx - c_yy ),  G =  1.2000E+00  (polymer part only)
#              x               y        pressure            c_xy        gammadot            c_xx            c_yy              N1
 -3.00000000E+00  1.00000000E+00  2.56805075E+00 -1.95599769E-01  4.02154941E-01  1.06582932E+00  9.88522145E-01  9.27686068E-02
 -2.95108291E+00  1.00000000E+00  2.52936509E+00 -1.95601174E-01  4.02159263E-01  1.06582972E+00  9.88522675E-01  9.27684511E-02
 -2.90216582E+00  1.00000000E+00  2.49067943E+00 -1.95602579E-01  4.02161523E-01  1.06583012E+00  9.88523205E-01  9.27682955E-02
 -2.85324873E+00  1.00000000E+00  2.45197372E+00 -1.95607336E-01  4.02154782E-01  1.06581694E+00  9.88532595E-01  9.27412123E-02
 -2.80433164E+00  1.00000000E+00  2.41326801E+00 -1.95612094E-01  4.02150577E-01  1.06580376E+00  9.88541985E-01  9.27141291E-02
 -2.75541455E+00  1.00000000E+00  2.37455433E+00 -1.95604109E-01  4.02161245E-01  1.06582960E+00  9.88523046E-01  9.27678663E-02
 -2.70649746E+00  1.00000000E+00  2.33584065E+00 -1.95596125E-01  4.02166652E-01  1.06585545E+00  9.88504108E-01  9.28216040E-02
 -2.65758037E+00  1.00000000E+00  2.29714639E+00 -1.95599685E-01  4.02168142E-01  1.06584570E+00  9.88511628E-01  9.28008863E-02
 -2.60866328E+00  1.00000000E+00  2.25845213E+00 -1.95603244E-01  4.02163923E-01  1.06583596E+00  9.88519148E-01  9.27801687E-02
 -2.55974619E+00  1.00000000E+00  2.21974487E+00 -1.95598494E-01  4.02170940E-01  1.06584832E+00  9.88509863E-01  9.28061536E-02
 -2.51082911E+00  1.00000000E+00  2.18103762E+00 -1.95593743E-01  4.02177511E-01  1.06586069E+00  9.88500577E-01  9.28321387E-02
 -2.46191202E+00  1.00000000E+00  2.14233969E+00 -1.95598690E-01  4.02167511E-01  1.06584838E+00  9.88509763E-01  9.28063417E-02
 -2.41299493E+00  1.00000000E+00  2.10364175E+00 -1.95603638E-01  4.02164112E-01  1.06583607E+00  9.88518948E-01  9.27805448E-02
 -2.36407784E+00  1.00000000E+00  2.06493280E+00 -1.95598158E-01  4.02173503E-01  1.06585070E+00  9.88508023E-01  9.28112145E-02
 -2.31516075E+00  1.00000000E+00  2.02622386E+00 -1.95592679E-01  4.02175609E-01  1.06586534E+00  9.88497099E-01  9.28418843E-02
 -2.26624366E+00  1.00000000E+00  1.98753343E+00 -1.95597745E-01  4.02170282E-01  1.06584888E+00  9.88509257E-01  9.28075445E-02
 -2.21732657E+00  1.00000000E+00  1.94884300E+00 -1.95602812E-01  4.02165445E-01  1.06583242E+00  9.88521415E-01  9.27732048E-02
 -2.16840948E+00  1.00000000E+00  1.91014200E+00 -1.95604548E-01  4.02156267E-01  1.06582614E+00  9.88525995E-01  9.27601699E-02
 -2.11949239E+00  1.00000000E+00  1.87144100E+00 -1.95606285E-01  4.02150265E-01  1.06581985E+00  9.88530575E-01  9.27471350E-02
 -2.07057530E+00  1.00000000E+00  1.83274312E+00 -1.95602410E-01  4.02154337E-01  1.06581935E+00  9.88529796E-01  9.27474630E-02
 -2.02165821E+00  1.00000000E+00  1.79404524E+00 -1.95598535E-01  4.02149961E-01  1.06581884E+00  9.88529017E-01  9.27477909E-02
 -1.97274112E+00  1.00000000E+00  1.75534727E+00 -1.95601019E-01  4.02135235E-01  1.06580679E+00  9.88536970E-01  9.27237839E-02
 -1.92382403E+00  1.00000000E+00  1.71664929E+00 -1.95603503E-01  4.02126364E-01  1.06579474E+00  9.88544924E-01  9.26997770E-02
 -1.87490694E+00  1.00000000E+00  1.67793840E+00 -1.95593289E-01  4.02129919E-01  1.06581594E+00  9.88528405E-01  9.27450407E-02
 -1.82598985E+00  1.00000000E+00  1.63922751E+00 -1.95583076E-01  4.02128782E-01  1.06583714E+00  9.88511886E-01  9.27903047E-02
 -1.77707276E+00  1.00000000E+00  1.60054743E+00 -1.95584862E-01  4.02123647E-01  1.06581853E+00  9.88524506E-01  9.27528314E-02
 -1.72815567E+00  1.00000000E+00  1.56186734E+00 -1.95586648E-01  4.02108497E-01  1.06579992E+00  9.88537126E-01  9.27153582E-02
 -1.67923858E+00  1.00000000E+00  1.52316775E+00 -1.95576662E-01  4.02099661E-01  1.06580673E+00  9.88529391E-01  9.27328024E-02
 -1.63032150E+00  1.00000000E+00  1.48446815E+00 -1.95566675E-01  4.02093065E-01  1.06581353E+00  9.88521657E-01  9.27502467E-02
 -1.58140441E+00  1.00000000E+00  1.44579247E+00 -1.95564101E-01  4.02069039E-01  1.06579809E+00  9.88531163E-01  9.27203187E-02
 -1.53248732E+00  1.00000000E+00  1.40711679E+00 -1.95561526E-01  4.02051670E-01  1.06578266E+00  9.88540669E-01  9.26903909E-02
 -1.48357023E+00  1.00000000E+00  1.36845422E+00 -1.95550732E-01  4.02036149E-01  1.06577828E+00  9.88540165E-01  9.26857347E-02
 -1.43465314E+00  1.00000000E+00  1.32979165E+00 -1.95539937E-01  4.02010565E-01  1.06577389E+00  9.88539662E-01  9.26810785E-02
 -1.38573605E+00  1.00000000E+00  1.29113064E+00 -1.95523183E-01  4.01992560E-01  1.06578077E+00  9.88529764E-01  9.27012091E-02
 -1.33681896E+00  1.00000000E+00  1.25246962E+00 -1.95506429E-01  4.01977100E-01  1.06578765E+00  9.88519866E-01  9.27213398E-02
 -1.28790187E+00  1.00000000E+00  1.21386117E+00 -1.95501035E-01  4.01949584E-01  1.06577579E+00  9.88525649E-01  9.27001673E-02
 -1.23898478E+00  1.00000000E+00  1.17525272E+00 -1.95495641E-01  4.01925067E-01  1.06576393E+00  9.88531432E-01  9.26789950E-02
 -1.19006769E+00  1.00000000E+00  1.13669531E+00 -1.95485106E-01  4.01908004E-01  1.06575054E+00  9.88538323E-01  9.26546659E-02
 -1.14115060E+00  1.00000000E+00  1.09813789E+00 -1.95474572E-01  4.01884776E-01  1.06573716E+00  9.88545215E-01  9.26303369E-02
 -1.09223351E+00  1.00000000E+00  1.05965681E+00 -1.95480757E-01  4.01880026E-01  1.06573306E+00  9.88548936E-01  9.26209432E-02
 -1.04331642E+00  1.00000000E+00  1.02117572E+00 -1.95486942E-01  4.01885373E-01  1.06572895E+00  9.88552657E-01  9.26115496E-02
 -9.94399333E-01  1.00000000E+00  9.82783644E-01 -1.95498244E-01  4.01926848E-01  1.06576146E+00  9.88534894E-01  9.26718789E-02
 -9.45482243E-01  1.00000000E+00  9.44391566E-01 -1.95509547E-01  4.01983785E-01  1.06579397E+00  9.88517132E-01  9.27322088E-02
 -8.96565154E-01  1.00000000E+00  9.06188155E-01 -1.95583506E-01  4.02119637E-01  1.06582951E+00  9.88520389E-01  9.27709414E-02
 -8.47648064E-01  1.00000000E+00  8.67984744E-01 -1.95657467E-01  4.02286718E-01  1.06586505E+00  9.88523651E-01  9.28096748E-02
 -7.99501858E-01  1.00000000E+00  8.30623512E-01 -1.95805186E-01  4.02566577E-01  1.06595862E+00  9.88516704E-01  9.29303003E-02
 -7.51355652E-01  1.00000000E+00  7.93262280E-01 -1.95952913E-01  4.02939715E-01  1.06605222E+00  9.88509777E-01  9.30509319E-02
 -7.08111109E-01  1.00000000E+00  7.59970277E-01 -1.96211255E-01  4.03416592E-01  1.06625073E+00  9.88461773E-01  9.33467444E-02
 -6.64866566E-01  1.00000000E+00  7.26678274E-01 -1.96469622E-01  4.04092409E-01  1.06644932E+00  9.88413838E-01  9.36425821E-02
 -6.26599939E-01  1.00000000E+00  6.97504045E-01 -1.96911993E-01  4.04953126E-01  1.06671459E+00  9.88399060E-01  9.39786331E-02
 -5.88333313E-01  1.00000000E+00  6.68329816E-01 -1.97354433E-01  4.05935833E-01  1.06698008E+00  9.88384471E-01  9.43147333E-02
 -5.54471587E-01  1.00000000E+00  6.42892702E-01 -1.97956931E-01  4.07220316E-01  1.06748089E+00  9.88232587E-01  9.50979680E-02
 -5.20609860E-01  1.00000000E+00  6.17455589E-01 -1.98559562E-01  4.08641283E-01  1.06798223E+00  9.88081099E-01  9.58813537E-02
 -4.90645977E-01  1.00000000E+00  5.95124352E-01 -1.99418098E-01  4.10321165E-01  1.06847780E+00  9.88079418E-01  9.64780546E-02
 -4.60682095E-01  1.00000000E+00  5.72793115E-01 -2.00276900E-01  4.12196220E-01  1.06897422E+00  9.88078447E-01  9.70749308E-02
 -4.34167380E-01  1.00000000E+00  5.53628747E-01 -2.01352916E-01  4.14548702E-01  1.06985143E+00  9.87830714E-01  9.84248560E-02
 -4.07652666E-01  1.00000000E+00  5.34464380E-01 -2.02429359E-01  4.17098107E-01  1.07073027E+00  9.87584228E-01  9.97752513E-02
 -3.84190072E-01  1.00000000E+00  5.17566414E-01 -2.03760351E-01  4.19814670E-01  1.07159491E+00  9.87499583E-01  1.00914399E-01
 -3.60727478E-01  1.00000000E+00  5.00668448E-01 -2.05091992E-01  4.22812315E-01  1.07246173E+00  9.87416676E-01  1.02054060E-01
 -3.39965684E-01  1.00000000E+00  4.86211028E-01 -2.06726181E-01  4.26404207E-01  1.07372351E+00  9.87132694E-01  1.03908981E-01
 -3.19203889E-01  1.00000000E+00  4.71753609E-01 -2.08361371E-01  4.30187404E-01  1.07498891E+00  9.86851481E-01  1.05764918E-01
 -3.00831998E-01  1.00000000E+00  4.59303273E-01 -2.10387687E-01  4.34353327E-01  1.07637806E+00  9.86689622E-01  1.07626124E-01
 -2.82460107E-01  1.00000000E+00  4.46852937E-01 -2.12415556E-01  4.38861829E-01  1.07777235E+00  9.86531812E-01  1.09488644E-01
 -2.66203017E-01  1.00000000E+00  4.36193925E-01 -2.14713236E-01  4.43907826E-01  1.07963120E+00  9.86108510E-01  1.12227231E-01
 -2.49945927E-01  1.00000000E+00  4.25534913E-01 -2.17012986E-01  4.49209401E-01  1.08149740E+00  9.85690712E-01  1.14968020E-01
 -2.35560203E-01  1.00000000E+00  4.16514823E-01 -2.19661964E-01  4.54844561E-01  1.08347042E+00  9.85397962E-01  1.17686947E-01
 -2.21174479E-01  1.00000000E+00  4.07494733E-01 -2.22313718E-01  4.60944203E-01  1.08545261E+00  9.85112218E-01  1.20408475E-01
 -2.08421419E-01  1.00000000E+00  3.99751683E-01 -2.25507809E-01  4.67673037E-01  1.08792852E+00  9.84722250E-01  1.23847528E-01
 -1.95668358E-01  1.00000000E+00  3.92008633E-01 -2.28706056E-01  4.74820353E-01  1.09041806E+00  9.84342513E-01  1.27290655E-01
 -1.83439085E-01  1.00000000E+00  3.85480443E-01 -2.32362179E-01  4.83114609E-01  1.09363505E+00  9.83611073E-01  1.32028769E-01
 -1.71209813E-01  1.00000000E+00  3.78952253E-01 -2.36023993E-01  4.91833327E-01  1.09687155E+00  9.82893670E-01  1.36773460E-01
 -1.58980541E-01  1.00000000E+00  3.72559890E-01 -2.41004151E-01  5.02518178E-01  1.10074498E+00  9.82469137E-01  1.41931011E-01
 -1.46751268E-01  1.00000000E+00  3.66167527E-01 -2.45994936E-01  5.13886462E-01  1.10465118E+00  9.82068906E-01  1.47098726E-01
 -1.34521996E-01  1.00000000E+00  3.61977461E-01 -2.52330552E-01  5.28577245E-01  1.11104302E+00  9.80440585E-01  1.56722922E-01
 -1.22292724E-01  1.00000000E+00  3.57787396E-01 -2.58685200E-01  5.44074648E-01  1.11749993E+00  9.78856053E-01  1.66372651E-01
 -1.10063451E-01  1.00000000E+00  3.50258190E-01 -2.68844466E-01  5.65938694E-01  1.12469417E+00  9.79202151E-01  1.74590418E-01
 -9.78341789E-02  1.00000000E+00  3.42728984E-01 -2.79050218E-01  5.87900662E-01  1.13201431E+00  9.79643857E-01  1.82844544E-01
 -8.56049065E-02  1.00000000E+00  3.58336459E-01 -2.90892611E-01  6.19088968E-01  1.15201818E+00  9.71309714E-01  2.16850161E-01
 -7.33756342E-02  1.00000000E+00  3.73943935E-01 -3.02831299E-01  6.57043201E-01  1.17244294E+00  9.63211957E-01  2.51077174E-01
 -6.11463618E-02  1.00000000E+00  3.04270995E-01 -3.27321119E-01  7.20936002E-01  1.18779715E+00  9.67994904E-01  2.63762698E-01
 -4.89170895E-02  1.00000000E+00  2.34598055E-01 -3.52098609E-01  7.67624679E-01  1.20381417E+00  9.73305196E-01  2.76610769E-01
 -3.66878171E-02  1.00000000E+00  5.65534806E-01 -4.29578791E-01  8.72397934E-01  1.28423132E+00  9.75192555E-01  3.70846521E-01
 -2.44585447E-02  1.00000000E+00  8.96471557E-01 -5.10835033E-01  1.08352118E+00  1.37355716E+00  9.82342668E-01  4.69457390E-01
 -1.22292724E-02  1.00000000E+00 -1.33465249E-01 -3.19841207E-01  1.80909583E+00  1.82824037E+00  6.75898718E-01  1.38280999E+00
  0.00000000E+00  1.00000000E+00 -1.16340205E+00 -1.20074553E-01  3.05601245E+00  2.53213801E+00  4.71832728E-01  2.47236634E+00
