# curve 5 (die wall), step =      400, time =   3.20000000E+02
# N1 = tau_xx - tau_yy = G ( c_xx - c_yy ),  G =  9.0000E-01  (polymer part only)
#              x               y        pressure            c_xy        gammadot            c_xx            c_yy              N1
 -3.00000000E+00  1.00000000E+00  2.69461810E+00 -4.00087468E-01  4.00008791E-01  1.31980725E+00  1.00007786E+00  2.87756455E-01
 -2.95108291E+00  1.00000000E+00  2.65539292E+00 -4.00109231E-01  4.00011095E-01  1.31981248E+00  1.00008835E+00  2.87751719E-01
 -2.90216582E+00  1.00000000E+00  2.61616775E+00 -4.00130993E-01  4.00017613E-01  1.31981772E+00  1.00009885E+00  2.87746982E-01
 -2.85324873E+00  1.00000000E+00  2.57705260E+00 -4.00127658E-01  4.00001357E-01  1.31975321E+00  1.00011548E+00  2.87673962E-01
 -2.80433164E+00  1.00000000E+00  2.53793746E+00 -4.00124322E-01  3.99974740E-01  1.31968871E+00  1.00013211E+00  2.87600944E-01
 -2.75541455E+00  1.00000000E+00  2.49878339E+00 -4.00090516E-01  3.99991228E-01  1.31978658E+00  1.00008947E+00  2.87727395E-01
 -2.70649746E+00  1.00000000E+00  2.45962931E+00 -4.00056709E-01  3.99994572E-01  1.31988446E+00  1.00004684E+00  2.87853854E-01
 -2.65758037E+00  1.00000000E+00  2.42051144E+00 -4.00071192E-01  3.99992947E-01  1.31985053E+00  1.00006390E+00  2.87807963E-01
 -2.60866328E+00  1.00000000E+00  2.38139357E+00 -4.00085674E-01  4.00000379E-01  1.31981660E+00  1.00008096E+00  2.87762073E-01
 -2.55974619E+00  1.00000000E+00  2.34224967E+00 -4.00069328E-01  3.99992843E-01  1.31987219E+00  1.00005778E+00  2.87832965E-01
 -2.51082911E+00  1.00000000E+00  2.30310577E+00 -4.00052983E-01  4.00017439E-01  1.31992778E+00  1.00003461E+00  2.87903859E-01
 -2.46191202E+00  1.00000000E+00  2.26397721E+00 -4.00065013E-01  4.00001229E-01  1.31987000E+00  1.00005670E+00  2.87831968E-01
 -2.41299493E+00  1.00000000E+00  2.22484865E+00 -4.00077043E-01  3.99983292E-01  1.31981222E+00  1.00007880E+00  2.87760079E-01
 -2.36407784E+00  1.00000000E+00  2.18570832E+00 -4.00055543E-01  3.99996915E-01  1.31988024E+00  1.00004905E+00  2.87848070E-01
 -2.31516075E+00  1.00000000E+00  2.14656798E+00 -4.00034043E-01  4.00011901E-01  1.31994827E+00  1.00001930E+00  2.87936065E-01
 -2.26624366E+00  1.00000000E+00  2.10743098E+00 -4.00069427E-01  4.00006404E-01  1.31988225E+00  1.00005443E+00  2.87845046E-01
 -2.21732657E+00  1.00000000E+00  2.06829398E+00 -4.00104811E-01  4.00010375E-01  1.31981625E+00  1.00008955E+00  2.87754030E-01
 -2.16840948E+00  1.00000000E+00  2.02917986E+00 -4.00101171E-01  3.99999928E-01  1.31978656E+00  1.00009499E+00  2.87722409E-01
 -2.11949239E+00  1.00000000E+00  1.99006573E+00 -4.00097531E-01  3.99977324E-01  1.31975687E+00  1.00010043E+00  2.87690789E-01
 -2.07057530E+00  1.00000000E+00  1.95090328E+00 -4.00106079E-01  3.99988660E-01  1.31976103E+00  1.00010289E+00  2.87692325E-01
 -2.02165821E+00  1.00000000E+00  1.91174083E+00 -4.00114628E-01  4.00004980E-01  1.31976519E+00  1.00010534E+00  2.87693861E-01
 -1.97274112E+00  1.00000000E+00  1.87263440E+00 -4.00111301E-01  3.99979773E-01  1.31970091E+00  1.00012143E+00  2.87621530E-01
 -1.92382403E+00  1.00000000E+00  1.83352797E+00 -4.00107975E-01  3.99949592E-01  1.31963663E+00  1.00013752E+00  2.87549202E-01
 -1.87490694E+00  1.00000000E+00  1.79437760E+00 -4.00064657E-01  3.99952177E-01  1.31971511E+00  1.00009814E+00  2.87655275E-01
 -1.82598985E+00  1.00000000E+00  1.75522722E+00 -4.00021337E-01  3.99948658E-01  1.31979360E+00  1.00005877E+00  2.87761353E-01
 -1.77707276E+00  1.00000000E+00  1.71611341E+00 -4.00048511E-01  3.99949029E-01  1.31972522E+00  1.00008775E+00  2.87673722E-01
 -1.72815567E+00  1.00000000E+00  1.67699960E+00 -4.00075684E-01  3.99954144E-01  1.31965685E+00  1.00011674E+00  2.87586095E-01
 -1.67923858E+00  1.00000000E+00  1.63783835E+00 -4.00041758E-01  3.99919119E-01  1.31967621E+00  1.00009504E+00  2.87623050E-01
 -1.63032150E+00  1.00000000E+00  1.59867709E+00 -4.00007832E-01  3.99919790E-01  1.31969557E+00  1.00007334E+00  2.87660006E-01
 -1.58140441E+00  1.00000000E+00  1.55961403E+00 -3.99994929E-01  3.99884533E-01  1.31961317E+00  1.00009514E+00  2.87566230E-01
 -1.53248732E+00  1.00000000E+00  1.52055096E+00 -3.99982027E-01  3.99858214E-01  1.31953079E+00  1.00011695E+00  2.87472458E-01
 -1.48357023E+00  1.00000000E+00  1.48142187E+00 -3.99949797E-01  3.99829541E-01  1.31949038E+00  1.00011497E+00  2.87437873E-01
 -1.43465314E+00  1.00000000E+00  1.44229278E+00 -3.99917568E-01  3.99794531E-01  1.31944997E+00  1.00011299E+00  2.87403288E-01
 -1.38573605E+00  1.00000000E+00  1.40318890E+00 -3.99850151E-01  3.99747034E-01  1.31943978E+00  1.00008412E+00  2.87420091E-01
 -1.33681896E+00  1.00000000E+00  1.36408501E+00 -3.99782735E-01  3.99726214E-01  1.31942959E+00  1.00005526E+00  2.87436894E-01
 -1.28790187E+00  1.00000000E+00  1.32504557E+00 -3.99746717E-01  3.99671584E-01  1.31933832E+00  1.00006470E+00  2.87346258E-01
 -1.23898478E+00  1.00000000E+00  1.28600613E+00 -3.99710702E-01  3.99612932E-01  1.31924706E+00  1.00007414E+00  2.87255628E-01
 -1.19006769E+00  1.00000000E+00  1.24700873E+00 -3.99665490E-01  3.99565145E-01  1.31914396E+00  1.00008605E+00  2.87152115E-01
 -1.14115060E+00  1.00000000E+00  1.20801132E+00 -3.99620281E-01  3.99523344E-01  1.31904086E+00  1.00009796E+00  2.87048609E-01
 -1.09223351E+00  1.00000000E+00  1.16911913E+00 -3.99580995E-01  3.99463050E-01  1.31893107E+00  1.00011361E+00  2.86935713E-01
 -1.04331642E+00  1.00000000E+00  1.13022694E+00 -3.99541711E-01  3.99396538E-01  1.31882129E+00  1.00012926E+00  2.86822825E-01
 -9.94399333E-01  1.00000000E+00  1.09144586E+00 -3.99473688E-01  3.99363987E-01  1.31883886E+00  1.00008925E+00  2.86874645E-01
 -9.45482243E-01  1.00000000E+00  1.05266478E+00 -3.99405666E-01  3.99344667E-01  1.31885643E+00  1.00004925E+00  2.86926465E-01
 -8.96565154E-01  1.00000000E+00  1.01409823E+00 -3.99471522E-01  3.99385692E-01  1.31888763E+00  1.00007651E+00  2.86930002E-01
 -8.47648064E-01  1.00000000E+00  9.75531681E-01 -3.99537379E-01  3.99448950E-01  1.31891882E+00  1.00010378E+00  2.86933540E-01
 -7.99501858E-01  1.00000000E+00  9.37910155E-01 -3.99703040E-01  3.99567276E-01  1.31919497E+00  1.00011918E+00  2.87168212E-01
 -7.51355652E-01  1.00000000E+00  9.00288629E-01 -3.99868730E-01  3.99793555E-01  1.31947119E+00  1.00013461E+00  2.87402925E-01
 -7.08111109E-01  1.00000000E+00  8.66867036E-01 -4.00237495E-01  4.00074641E-01  1.32013747E+00  1.00010398E+00  2.88030138E-01
 -6.64866566E-01  1.00000000E+00  8.33445443E-01 -4.00606405E-01  4.00563202E-01  1.32080412E+00  1.00007346E+00  2.88657591E-01
 -6.26599939E-01  1.00000000E+00  8.04260679E-01 -4.01333805E-01  4.01197345E-01  1.32188173E+00  1.00012492E+00  2.89581134E-01
 -5.88333313E-01  1.00000000E+00  7.75075914E-01 -4.02061698E-01  4.01933458E-01  1.32296044E+00  1.00017678E+00  2.90505293E-01
 -5.54471587E-01  1.00000000E+00  7.49782186E-01 -4.03073211E-01  4.02993957E-01  1.32482053E+00  1.00001846E+00  2.92321868E-01
 -5.20609860E-01  1.00000000E+00  7.24488459E-01 -4.04085781E-01  4.04154232E-01  1.32668354E+00  9.99861017E-01  2.94140269E-01
 -4.90645977E-01  1.00000000E+00  7.02556575E-01 -4.05692205E-01  4.05497518E-01  1.32903086E+00  1.00006341E+00  2.96070702E-01
 -4.60682095E-01  1.00000000E+00  6.80624691E-01 -4.07301089E-01  4.07028632E-01  1.33138334E+00  1.00026771E+00  2.98004066E-01
 -4.34167380E-01  1.00000000E+00  6.61888492E-01 -4.09178955E-01  4.09071783E-01  1.33480996E+00  9.99995287E-01  3.01333207E-01
 -4.07652666E-01  1.00000000E+00  6.43152293E-01 -4.11060427E-01  4.11272881E-01  1.33824645E+00  9.99725887E-01  3.04668503E-01
 -3.84190072E-01  1.00000000E+00  6.27026468E-01 -4.13680054E-01  4.13598809E-01  1.34232620E+00  9.99927670E-01  3.08158675E-01
 -3.60727478E-01  1.00000000E+00  6.10900643E-01 -4.16306383E-01  4.16159260E-01  1.34642085E+00  1.00013454E+00  3.11657682E-01
 -3.39965684E-01  1.00000000E+00  5.97310594E-01 -4.19306236E-01  4.19304075E-01  1.35169340E+00  9.99938717E-01  3.16579212E-01
 -3.19203889E-01  1.00000000E+00  5.83720544E-01 -4.22315212E-01  4.22616275E-01  1.35698932E+00  9.99750062E-01  3.21515333E-01
 -3.00831998E-01  1.00000000E+00  5.72445978E-01 -4.26300118E-01  4.26245662E-01  1.36348842E+00  9.99960758E-01  3.27174898E-01
 -2.82460107E-01  1.00000000E+00  5.61171413E-01 -4.30300829E-01  4.30121747E-01  1.37002391E+00  1.00018317E+00  3.32856664E-01
 -2.66203017E-01  1.00000000E+00  5.51654814E-01 -4.34589516E-01  4.34637672E-01  1.37790390E+00  9.99852274E-01  3.40246464E-01
 -2.49945927E-01  1.00000000E+00  5.42138216E-01 -4.38897351E-01  4.39356597E-01  1.38583423E+00  9.99535913E-01  3.47668481E-01
 -2.35560203E-01  1.00000000E+00  5.34898811E-01 -4.44254228E-01  4.44316527E-01  1.39504947E+00  9.99765307E-01  3.55755746E-01
 -2.21174479E-01  1.00000000E+00  5.27659406E-01 -4.49640534E-01  4.49616073E-01  1.40433446E+00  1.00001549E+00  3.63887073E-01
 -2.08421419E-01  1.00000000E+00  5.21509322E-01 -4.55832162E-01  4.55605010E-01  1.41549563E+00  1.00001774E+00  3.73930103E-01
 -1.95668358E-01  1.00000000E+00  5.15359237E-01 -4.62063569E-01  4.61871402E-01  1.42675577E+00  1.00004810E+00  3.84036899E-01
 -1.83439085E-01  1.00000000E+00  5.11052168E-01 -4.69125421E-01  4.69348133E-01  1.44078377E+00  9.99505064E-01  3.97150834E-01
 -1.71209813E-01  1.00000000E+00  5.06745098E-01 -4.76241813E-01  4.77245057E-01  1.45496038E+00  9.98999923E-01  4.10364407E-01
 -1.58980541E-01  1.00000000E+00  5.02675485E-01 -4.86551164E-01  4.86780814E-01  1.47374254E+00  9.99700233E-01  4.26638075E-01
 -1.46751268E-01  1.00000000E+00  4.98605872E-01 -4.96972347E-01  4.96566133E-01  1.49279328E+00  1.00047298E+00  4.43088270E-01
 -1.34521996E-01  1.00000000E+00  5.00296673E-01 -5.09568319E-01  5.09849020E-01  1.52070080E+00  9.99174015E-01  4.69374107E-01
 -1.22292724E-01  1.00000000E+00  5.01987473E-01 -5.22350074E-01  5.24247523E-01  1.54915265E+00  9.97992478E-01  4.96044156E-01
 -1.10063451E-01  1.00000000E+00  4.93502874E-01 -5.43776488E-01  5.43297825E-01  1.58872110E+00  1.00079191E+00  5.29136273E-01
 -9.78341789E-02  1.00000000E+00  4.85018276E-01 -5.65678385E-01  5.61270632E-01  1.62940015E+00  1.00387930E+00  5.62968764E-01
 -8.56049065E-02  1.00000000E+00  5.20359759E-01 -5.86317349E-01  5.89916952E-01  1.70013012E+00  9.94433939E-01  6.35126565E-01
 -7.33756342E-02  1.00000000E+00  5.55701242E-01 -6.07646984E-01  6.22286299E-01  1.77390970E+00  9.85417889E-01  7.09642629E-01
 -6.11463618E-02  1.00000000E+00  4.79198777E-01 -6.53426860E-01  6.50871926E-01  1.81917510E+00  1.01082678E+00  7.27513484E-01
 -4.89170895E-02  1.00000000E+00  4.02696313E-01 -7.00754233E-01  6.59045086E-01  1.86653178E+00  1.03767424E+00  7.45971788E-01
 -3.66878171E-02  1.00000000E+00  9.21412958E-01 -8.55593945E-01  7.27696053E-01  2.20266473E+00  1.06561949E+00  1.02334072E+00
 -2.44585447E-02  1.00000000E+00  1.44012960E+00 -1.03496556E+00  8.63285274E-01  2.60121131E+00  1.10545473E+00  1.34618092E+00
 -1.22292724E-02  1.00000000E+00  5.78849005E-01 -3.28319556E-01  1.66377236E+00  3.78382235E+00  6.15876246E-01  2.85115149E+00
  0.00000000E+00  1.00000000E+00 -2.82431595E-01  6.78582916E-01  3.03841437E+00  6.49982537E+00  4.92041090E-01  5.40700585E+00
