# curve 5 (die wall), step =      200, time =   1.60000000E+02
# N1 = tau_xx - tau_yy = G ( c_xx - c_yy ),  G =  1.0556E-01  (polymer part only)
#              x               y        pressure            c_xy        gammadot            c_xx            c_yy              N1
 -3.00000000E+00  1.00000000E+00  3.35858804E+00 -3.60208852E+00  4.00350516E-01  2.69872057E+01  9.99181776E-01  2.74318030E+00
 -2.95108291E+00  1.00000000E+00  3.32307422E+00 -3.60783976E+00  4.02589709E-01  2.71057326E+01  9.97839291E-01  2.75583318E+00
 -2.90216582E+00  1.00000000E+00  3.28756040E+00 -3.61360073E+00  4.03621978E-01  2.72247974E+01  9.96498146E-01  2.76854270E+00
 -2.85324873E+00  1.00000000E+00  3.24956489E+00 -3.62068038E+00  4.03290316E-01  2.72207046E+01  9.99068756E-01  2.76783934E+00
 -2.80433164E+00  1.00000000E+00  3.21156938E+00 -3.62776420E+00  4.02618797E-01  2.72166245E+01  1.00164503E+00  2.76713672E+00
 -2.75541455E+00  1.00000000E+00  3.17195570E+00 -3.61701362E+00  4.02843781E-01  2.72123699E+01  9.99016992E-01  2.76696503E+00
 -2.70649746E+00  1.00000000E+00  3.13234202E+00 -3.60626744E+00  4.02986959E-01  2.72081396E+01  9.96396916E-01  2.76679506E+00
 -2.65758037E+00  1.00000000E+00  3.09400104E+00 -3.61913938E+00  4.02777357E-01  2.72034403E+01  9.99919424E-01  2.76592720E+00
 -2.60866328E+00  1.00000000E+00  3.05566007E+00 -3.63201381E+00  4.02300665E-01  2.71987821E+01  1.00345449E+00  2.76506235E+00
 -2.55974619E+00  1.00000000E+00  3.01684483E+00 -3.62931888E+00  4.01621635E-01  2.71997140E+01  1.00282489E+00  2.76522719E+00
 -2.51082911E+00  1.00000000E+00  2.97802958E+00 -3.62662379E+00  4.01622453E-01  2.72006478E+01  1.00219578E+00  2.76539216E+00
 -2.46191202E+00  1.00000000E+00  2.93756384E+00 -3.62427415E+00  4.01304737E-01  2.71760810E+01  1.00207433E+00  2.76281182E+00
 -2.41299493E+00  1.00000000E+00  2.89709809E+00 -3.62192622E+00  4.00849556E-01  2.71515365E+01  1.00195300E+00  2.76023382E+00
 -2.36407784E+00  1.00000000E+00  2.85838096E+00 -3.61699821E+00  4.00218465E-01  2.71237021E+01  1.00128606E+00  2.75736614E+00
 -2.31516075E+00  1.00000000E+00  2.81966383E+00 -3.61207576E+00  3.99983451E-01  2.70958967E+01  1.00062023E+00  2.75450141E+00
 -2.26624366E+00  1.00000000E+00  2.77940519E+00 -3.60943261E+00  4.00017049E-01  2.70884383E+01  1.00005617E+00  2.75377366E+00
 -2.21732657E+00  1.00000000E+00  2.73914655E+00 -3.60679051E+00  4.00123112E-01  2.70809825E+01  9.99492529E-01  2.75304616E+00
 -2.16840948E+00  1.00000000E+00  2.69907684E+00 -3.61306156E+00  4.00054300E-01  2.70568966E+01  1.00151352E+00  2.75029043E+00
 -2.11949239E+00  1.00000000E+00  2.65900712E+00 -3.61932458E+00  3.99634751E-01  2.70328515E+01  1.00353792E+00  2.74753866E+00
 -2.07057530E+00  1.00000000E+00  2.62125853E+00 -3.61531031E+00  3.98867601E-01  2.70171349E+01  1.00309379E+00  2.74592656E+00
 -2.02165821E+00  1.00000000E+00  2.58350994E+00 -3.61129846E+00  3.98335656E-01  2.70014284E+01  1.00265060E+00  2.74431543E+00
 -1.97274112E+00  1.00000000E+00  2.54068649E+00 -3.60509394E+00  3.97899609E-01  2.69223636E+01  1.00248918E+00  2.73598674E+00
 -1.92382403E+00  1.00000000E+00  2.49786304E+00 -3.59890115E+00  3.97238254E-01  2.68435333E+01  1.00232808E+00  2.72768278E+00
 -1.87490694E+00  1.00000000E+00  2.46027295E+00 -3.60037831E+00  3.95711065E-01  2.67332391E+01  1.00499192E+00  2.71575942E+00
 -1.82598985E+00  1.00000000E+00  2.42268285E+00 -3.60182440E+00  3.94232213E-01  2.66234503E+01  1.00765718E+00  2.70388928E+00
 -1.77707276E+00  1.00000000E+00  2.38265600E+00 -3.59725547E+00  3.92685913E-01  2.65348953E+01  1.00854118E+00  2.69444849E+00
 -1.72815567E+00  1.00000000E+00  2.34262914E+00 -3.59269254E+00  3.91393816E-01  2.64466442E+01  1.00942566E+00  2.68503974E+00
 -1.67923858E+00  1.00000000E+00  2.30509388E+00 -3.57520156E+00  3.88993515E-01  2.62863121E+01  1.00784227E+00  2.66828292E+00
 -1.63032150E+00  1.00000000E+00  2.26755862E+00 -3.55780220E+00  3.87496850E-01  2.61269536E+01  1.00626726E+00  2.65162800E+00
 -1.58140441E+00  1.00000000E+00  2.22695158E+00 -3.53325132E+00  3.86605060E-01  2.59397542E+01  1.00359938E+00  2.63214967E+00
 -1.53248732E+00  1.00000000E+00  2.18634453E+00 -3.50887061E+00  3.85582903E-01  2.57538957E+01  1.00095364E+00  2.61281055E+00
 -1.48357023E+00  1.00000000E+00  2.14111619E+00 -3.48077795E+00  3.84319347E-01  2.55331099E+01  9.96713860E-01  2.58995292E+00
 -1.43465314E+00  1.00000000E+00  2.09588786E+00 -3.45291381E+00  3.84303294E-01  2.53142166E+01  9.92502429E-01  2.56729205E+00
 -1.38573605E+00  1.00000000E+00  2.06021490E+00 -3.45045147E+00  3.82360473E-01  2.50166643E+01  9.98027325E-01  2.53530057E+00
 -1.33681896E+00  1.00000000E+00  2.02454194E+00 -3.44783843E+00  3.79768600E-01  2.47229029E+01  1.00354994E+00  2.50370948E+00
 -1.28790187E+00  1.00000000E+00  1.98520548E+00 -3.43364081E+00  3.76938942E-01  2.44295220E+01  1.00577473E+00  2.47250666E+00
 -1.23898478E+00  1.00000000E+00  1.94586902E+00 -3.41946961E+00  3.73803733E-01  2.41397593E+01  1.00799169E+00  2.44168658E+00
 -1.19006769E+00  1.00000000E+00  1.91312863E+00 -3.37286844E+00  3.69589973E-01  2.38125610E+01  1.00255678E+00  2.40772267E+00
 -1.14115060E+00  1.00000000E+00  1.88038823E+00 -3.32689076E+00  3.66154788E-01  2.34897987E+01  9.97212251E-01  2.37421745E+00
 -1.09223351E+00  1.00000000E+00  1.83202979E+00 -3.29042668E+00  3.64700733E-01  2.31119077E+01  9.94239570E-01  2.33464275E+00
 -1.04331642E+00  1.00000000E+00  1.78367135E+00 -3.25439961E+00  3.63379533E-01  2.27401416E+01  9.91291586E-01  2.29571194E+00
 -9.94399333E-01  1.00000000E+00  1.75389533E+00 -3.26687378E+00  3.59718612E-01  2.23353976E+01  1.00351102E+00  2.25169913E+00
 -9.45482243E-01  1.00000000E+00  1.72411931E+00 -3.27864624E+00  3.55090490E-01  2.19389748E+01  1.01576812E+00  2.20856070E+00
 -8.96565154E-01  1.00000000E+00  1.68886558E+00 -3.22961313E+00  3.49266674E-01  2.15262201E+01  1.01209529E+00  2.16537984E+00
 -8.47648064E-01  1.00000000E+00  1.65361184E+00 -3.18138211E+00  3.44476314E-01  2.11212439E+01  1.00850861E+00  2.12301094E+00
 -7.99501858E-01  1.00000000E+00  1.62315531E+00 -3.14908702E+00  3.39605581E-01  2.06362137E+01  1.01037835E+00  2.07161596E+00
 -7.51355652E-01  1.00000000E+00  1.59269878E+00 -3.11710438E+00  3.35294277E-01  2.01626580E+01  1.01223080E+00  2.02143398E+00
 -7.08111109E-01  1.00000000E+00  1.56128090E+00 -3.05656835E+00  3.32705794E-01  1.96527708E+01  1.00530168E+00  1.96834396E+00
 -6.64866566E-01  1.00000000E+00  1.52986302E+00 -2.99730327E+00  3.30405440E-01  1.91558218E+01  9.98488483E-01  1.91660740E+00
 -6.26599939E-01  1.00000000E+00  1.50297961E+00 -2.96740053E+00  3.29018933E-01  1.88054857E+01  9.97741505E-01  1.87970633E+00
 -5.88333313E-01  1.00000000E+00  1.47609620E+00 -2.93782248E+00  3.26468827E-01  1.84616822E+01  9.96997342E-01  1.84349452E+00
 -5.54471587E-01  1.00000000E+00  1.45673364E+00 -2.92305603E+00  3.24191480E-01  1.81818405E+01  9.99707202E-01  1.81366963E+00
 -5.20609860E-01  1.00000000E+00  1.43737108E+00 -2.90832022E+00  3.21382118E-01  1.79064444E+01  1.00240433E+00  1.78431534E+00
 -4.90645977E-01  1.00000000E+00  1.42162863E+00 -2.90316980E+00  3.17493889E-01  1.75857507E+01  1.00973230E+00  1.74969083E+00
 -4.60682095E-01  1.00000000E+00  1.40588618E+00 -2.89779408E+00  3.13324340E-01  1.72713483E+01  1.01705081E+00  1.71573140E+00
 -4.34167380E-01  1.00000000E+00  1.39307409E+00 -2.86896261E+00  3.09140565E-01  1.69375419E+01  1.01863437E+00  1.68032913E+00
 -4.07652666E-01  1.00000000E+00  1.38026200E+00 -2.84048072E+00  3.03575317E-01  1.66103378E+01  1.02023647E+00  1.64562181E+00
 -3.84190072E-01  1.00000000E+00  1.35892445E+00 -2.74705775E+00  2.94546223E-01  1.59095904E+01  1.01109959E+00  1.57261847E+00
 -3.60727478E-01  1.00000000E+00  1.33758690E+00 -2.65700430E+00  2.88533323E-01  1.52384803E+01  1.00233933E+00  1.50270377E+00
 -3.39965684E-01  1.00000000E+00  1.32301069E+00 -2.63047447E+00  2.81773086E-01  1.45282528E+01  1.01862540E+00  1.42601623E+00
 -3.19203889E-01  1.00000000E+00  1.30843449E+00 -2.60366211E+00  2.71283359E-01  1.38535896E+01  1.03490615E+00  1.35308325E+00
 -3.00831998E-01  1.00000000E+00  1.30022386E+00 -2.49738732E+00  2.52117619E-01  1.25644022E+01  1.05038575E+00  1.21536841E+00
 -2.82460107E-01  1.00000000E+00  1.29201324E+00 -2.39652436E+00  2.34512237E-01  1.13996858E+01  1.06612760E+00  1.09076447E+00
 -2.66203017E-01  1.00000000E+00  1.28193966E+00 -2.24687356E+00  2.14306261E-01  1.00611921E+01  1.07644008E+00  9.48390487E-01
 -2.49945927E-01  1.00000000E+00  1.27186609E+00 -2.10937877E+00  1.91154524E-01  8.88399389E+00  1.08786012E+00  8.22925231E-01
 -2.35560203E-01  1.00000000E+00  1.24869667E+00 -1.68321104E+00  1.64078787E-01  6.56344887E+00  1.04001962E+00  5.83028644E-01
 -2.21174479E-01  1.00000000E+00  1.22552726E+00 -1.35234313E+00  1.40217550E-01  4.85064646E+00  1.00729050E+00  4.05687573E-01
 -2.08421419E-01  1.00000000E+00  1.27183527E+00 -1.08430967E+00  1.07666060E-01  3.01672269E+00  1.12127588E+00  2.00074941E-01
 -1.95668358E-01  1.00000000E+00  1.31814328E+00 -9.00043105E-01  7.01818656E-02  1.89241081E+00  1.26986820E+00  6.57128309E-02
 -1.83439085E-01  1.00000000E+00  1.50863871E+00 -1.52639367E-01  1.70613912E-02  8.66563479E-01  1.24462932E+00 -3.99069501E-02
 -1.71209813E-01  1.00000000E+00  1.69913414E+00  3.29481853E-01  6.50529592E-02  5.10262975E-01  1.58266177E+00 -1.13197651E-01
 -1.58980541E-01  1.00000000E+00  1.92770120E+00  8.83676301E-01  1.09659666E-01  1.31425390E+00  1.46329345E+00 -1.57319522E-02
 -1.46751268E-01  1.00000000E+00  2.15626827E+00  1.98708662E+00  1.55930654E-01  3.35353161E+00  1.73401177E+00  1.70949317E-01
 -1.34521996E-01  1.00000000E+00  2.33657810E+00  1.81857162E+00  1.62577763E-01  3.83460936E+00  1.39507971E+00  2.57505907E-01
 -1.22292724E-01  1.00000000E+00  2.51688793E+00  1.66567096E+00  1.48061305E-01  4.49696533E+00  1.11391553E+00  3.57099701E-01
 -1.10063451E-01  1.00000000E+00  2.69317244E+00  1.73122501E+00  1.28489923E-01  4.61911235E+00  1.19770176E+00  3.61148895E-01
 -9.78341789E-02  1.00000000E+00  2.86945695E+00  1.79970138E+00  1.30354457E-01  4.74452923E+00  1.28882816E+00  3.64768447E-01
 -8.56049065E-02  1.00000000E+00  3.07533112E+00  2.24782090E+00  1.53846082E-01  4.71581967E+00  1.61904064E+00  3.26882231E-01
 -7.33756342E-02  1.00000000E+00  3.28120529E+00  2.73032735E+00  1.89753167E-01  4.81564439E+00  2.02953167E+00  2.94089675E-01
 -6.11463618E-02  1.00000000E+00  3.29060002E+00  8.96792864E-01  2.55738946E-01  2.97720524E+00  9.17007041E-01  2.17465365E-01
 -4.89170895E-02  1.00000000E+00  3.29999475E+00 -2.02028216E-01  2.58703534E-01  2.45004188E+00  6.69517605E-01  1.87944229E-01
 -3.66878171E-02  1.00000000E+00  4.31121841E+00  1.89156419E+00  3.45605086E-01  6.35267055E+00  1.06606717E+00  5.58030356E-01
 -2.44585447E-02  1.00000000E+00  5.32244206E+00  9.53898505E+00  9.30794944E-01  2.16617890E+01  4.49508395E+00  1.81204109E+00
 -1.22292724E-02  1.00000000E+00  2.87098248E+00  4.91081625E+00  2.12200310E-01  3.31399241E+00  1.08679414E+01 -7.97361286E-01
  0.00000000E+00  1.00000000E+00  4.19522902E-01  7.48010091E+00  4.40659860E-01  6.60602883E-01  1.18302206E+02 -1.24177248E+01
