# curve 5 (die wall), step =      700, time =   5.60000000E+02
# N1 = tau_xx - tau_yy = G ( c_xx - c_yy ),  G =  1.0000E-01  (polymer part only)
#              x               y        pressure            c_xy        gammadot            c_xx            c_yy              N1
 -3.00000000E+00  1.00000000E+00  2.59800453E+00 -4.00092300E-01  3.99991762E-01  1.31980740E+00  1.00008267E+00  3.19724733E-02
 -2.95108291E+00  1.00000000E+00  2.55887160E+00 -4.00105384E-01  3.99995859E-01  1.31980853E+00  1.00008748E+00  3.19721048E-02
 -2.90216582E+00  1.00000000E+00  2.51973866E+00 -4.00118468E-01  3.99999841E-01  1.31980966E+00  1.00009230E+00  3.19717362E-02
 -2.85324873E+00  1.00000000E+00  2.48060462E+00 -4.00124618E-01  3.99999808E-01  1.31976431E+00  1.00010501E+00  3.19659301E-02
 -2.80433164E+00  1.00000000E+00  2.44147058E+00 -4.00130767E-01  3.99997182E-01  1.31971896E+00  1.00011772E+00  3.19601242E-02
 -2.75541455E+00  1.00000000E+00  2.40233493E+00 -4.00098628E-01  3.99999434E-01  1.31980596E+00  1.00008462E+00  3.19721347E-02
 -2.70649746E+00  1.00000000E+00  2.36319927E+00 -4.00066488E-01  3.99999606E-01  1.31989298E+00  1.00005152E+00  3.19841458E-02
 -2.65758037E+00  1.00000000E+00  2.32406693E+00 -4.00078193E-01  3.99999156E-01  1.31986214E+00  1.00006377E+00  3.19798367E-02
 -2.60866328E+00  1.00000000E+00  2.28493458E+00 -4.00089899E-01  3.99999898E-01  1.31983131E+00  1.00007603E+00  3.19755276E-02
 -2.55974619E+00  1.00000000E+00  2.24579999E+00 -4.00073734E-01  3.99998792E-01  1.31987851E+00  1.00005847E+00  3.19820041E-02
 -2.51082911E+00  1.00000000E+00  2.20666540E+00 -4.00057569E-01  4.00001650E-01  1.31992572E+00  1.00004091E+00  3.19884809E-02
 -2.46191202E+00  1.00000000E+00  2.16753194E+00 -4.00069169E-01  3.99999549E-01  1.31987634E+00  1.00005650E+00  3.19819848E-02
 -2.41299493E+00  1.00000000E+00  2.12839848E+00 -4.00080768E-01  3.99996689E-01  1.31982697E+00  1.00007208E+00  3.19754890E-02
 -2.36407784E+00  1.00000000E+00  2.08926393E+00 -4.00059143E-01  3.99997531E-01  1.31988352E+00  1.00005050E+00  3.19833017E-02
 -2.31516075E+00  1.00000000E+00  2.05012939E+00 -4.00037518E-01  3.99998869E-01  1.31994007E+00  1.00002892E+00  3.19911148E-02
 -2.26624366E+00  1.00000000E+00  2.01099582E+00 -4.00068789E-01  3.99997360E-01  1.31988061E+00  1.00005579E+00  3.19824821E-02
 -2.21732657E+00  1.00000000E+00  1.97186224E+00 -4.00100059E-01  3.99997230E-01  1.31982117E+00  1.00008267E+00  3.19738497E-02
 -2.16840948E+00  1.00000000E+00  1.93273045E+00 -4.00101093E-01  3.99994706E-01  1.31979675E+00  1.00008853E+00  3.19708222E-02
 -2.11949239E+00  1.00000000E+00  1.89359865E+00 -4.00102127E-01  3.99989946E-01  1.31977234E+00  1.00009439E+00  3.19677946E-02
 -2.07057530E+00  1.00000000E+00  1.85446337E+00 -4.00111004E-01  3.99989533E-01  1.31977486E+00  1.00009887E+00  3.19675992E-02
 -2.02165821E+00  1.00000000E+00  1.81532808E+00 -4.00119882E-01  3.99989958E-01  1.31977739E+00  1.00010335E+00  3.19674037E-02
 -1.97274112E+00  1.00000000E+00  1.77619805E+00 -4.00121380E-01  3.99984334E-01  1.31972693E+00  1.00011462E+00  3.19612317E-02
 -1.92382403E+00  1.00000000E+00  1.73706802E+00 -4.00122878E-01  3.99976684E-01  1.31967648E+00  1.00012588E+00  3.19550600E-02
 -1.87490694E+00  1.00000000E+00  1.69793628E+00 -4.00081470E-01  3.99972137E-01  1.31975021E+00  1.00009247E+00  3.19657744E-02
 -1.82598985E+00  1.00000000E+00  1.65880455E+00 -4.00040060E-01  3.99966675E-01  1.31982395E+00  1.00005906E+00  3.19764893E-02
 -1.77707276E+00  1.00000000E+00  1.61967939E+00 -4.00065481E-01  3.99960544E-01  1.31975453E+00  1.00008663E+00  3.19667901E-02
 -1.72815567E+00  1.00000000E+00  1.58055424E+00 -4.00090901E-01  3.99953201E-01  1.31968511E+00  1.00011420E+00  3.19570913E-02
 -1.67923858E+00  1.00000000E+00  1.54142764E+00 -4.00060823E-01  3.99939279E-01  1.31970373E+00  1.00009738E+00  3.19606356E-02
 -1.63032150E+00  1.00000000E+00  1.50230103E+00 -4.00030745E-01  3.99929297E-01  1.31972236E+00  1.00008056E+00  3.19641800E-02
 -1.58140441E+00  1.00000000E+00  1.46319255E+00 -4.00025460E-01  3.99913279E-01  1.31966741E+00  1.00009228E+00  3.19575132E-02
 -1.53248732E+00  1.00000000E+00  1.42408406E+00 -4.00020175E-01  3.99897938E-01  1.31961246E+00  1.00010399E+00  3.19508467E-02
 -1.48357023E+00  1.00000000E+00  1.38498191E+00 -3.99997721E-01  3.99879528E-01  1.31958393E+00  1.00010319E+00  3.19480738E-02
 -1.43465314E+00  1.00000000E+00  1.34587975E+00 -3.99975268E-01  3.99855965E-01  1.31955539E+00  1.00010238E+00  3.19453010E-02
 -1.38573605E+00  1.00000000E+00  1.30679776E+00 -3.99926537E-01  3.99829794E-01  1.31956548E+00  1.00008101E+00  3.19484465E-02
 -1.33681896E+00  1.00000000E+00  1.26771577E+00 -3.99877806E-01  3.99808958E-01  1.31957556E+00  1.00005964E+00  3.19515920E-02
 -1.28790187E+00  1.00000000E+00  1.22866923E+00 -3.99861207E-01  3.99782741E-01  1.31952029E+00  1.00006532E+00  3.19454970E-02
 -1.23898478E+00  1.00000000E+00  1.18962268E+00 -3.99844608E-01  3.99755182E-01  1.31946503E+00  1.00007101E+00  3.19394022E-02
 -1.19006769E+00  1.00000000E+00  1.15062538E+00 -3.99832256E-01  3.99731426E-01  1.31940994E+00  1.00008669E+00  3.19323251E-02
 -1.14115060E+00  1.00000000E+00  1.11162808E+00 -3.99819904E-01  3.99707159E-01  1.31935486E+00  1.00010238E+00  3.19252481E-02
 -1.09223351E+00  1.00000000E+00  1.07271281E+00 -3.99821468E-01  3.99702603E-01  1.31932670E+00  1.00010537E+00  3.19221323E-02
 -1.04331642E+00  1.00000000E+00  1.03379754E+00 -3.99823032E-01  3.99699349E-01  1.31929853E+00  1.00010837E+00  3.19190165E-02
 -9.94399333E-01  1.00000000E+00  9.94977708E-01 -3.99821291E-01  3.99722825E-01  1.31940695E+00  1.00007907E+00  3.19327873E-02
 -9.45482243E-01  1.00000000E+00  9.56157879E-01 -3.99819549E-01  3.99760555E-01  1.31951537E+00  1.00004978E+00  3.19465590E-02
 -8.96565154E-01  1.00000000E+00  9.17514070E-01 -3.99965809E-01  3.99874830E-01  1.31967941E+00  1.00007420E+00  3.19605212E-02
 -8.47648064E-01  1.00000000E+00  8.78870260E-01 -4.00112084E-01  4.00017018E-01  1.31984348E+00  1.00009863E+00  3.19744848E-02
 -7.99501858E-01  1.00000000E+00  8.41085813E-01 -4.00385295E-01  4.00258389E-01  1.32028991E+00  1.00011648E+00  3.20173430E-02
 -7.51355652E-01  1.00000000E+00  8.03301366E-01 -4.00658585E-01  4.00575538E-01  1.32073651E+00  1.00013438E+00  3.20602132E-02
 -7.08111109E-01  1.00000000E+00  7.69622619E-01 -4.01149413E-01  4.01001101E-01  1.32160970E+00  1.00009686E+00  3.21512838E-02
 -6.64866566E-01  1.00000000E+00  7.35943873E-01 -4.01640492E-01  4.01607814E-01  1.32248354E+00  1.00005954E+00  3.22424000E-02
 -6.26599939E-01  1.00000000E+00  7.06445655E-01 -4.02529970E-01  4.02397202E-01  1.32378311E+00  1.00013752E+00  3.23645588E-02
 -5.88333313E-01  1.00000000E+00  6.76947438E-01 -4.03420183E-01  4.03288729E-01  1.32508427E+00  1.00021610E+00  3.24868170E-02
 -5.54471587E-01  1.00000000E+00  6.51214973E-01 -4.04542681E-01  4.04460671E-01  1.32720250E+00  1.00001395E+00  3.27188553E-02
 -5.20609860E-01  1.00000000E+00  6.25482507E-01 -4.05666503E-01  4.05767664E-01  1.32932447E+00  9.99812906E-01  3.29511564E-02
 -4.90645977E-01  1.00000000E+00  6.02915331E-01 -4.07499692E-01  4.07334972E-01  1.33196831E+00  1.00006576E+00  3.31902542E-02
 -4.60682095E-01  1.00000000E+00  5.80348155E-01 -4.09336060E-01  4.09056235E-01  1.33461873E+00  1.00032110E+00  3.34297636E-02
 -4.34167380E-01  1.00000000E+00  5.60950106E-01 -4.11350803E-01  4.11226395E-01  1.33835045E+00  1.00001204E+00  3.38338412E-02
 -4.07652666E-01  1.00000000E+00  5.41552058E-01 -4.13369742E-01  4.13591136E-01  1.34209376E+00  9.99706466E-01  3.42387292E-02
 -3.84190072E-01  1.00000000E+00  5.24483002E-01 -4.16195109E-01  4.16135528E-01  1.34652264E+00  9.99917122E-01  3.46605517E-02
 -3.60727478E-01  1.00000000E+00  5.07413946E-01 -4.19028289E-01  4.18918654E-01  1.35096897E+00  1.00013369E+00  3.50835283E-02
 -3.39965684E-01  1.00000000E+00  4.92791367E-01 -4.22272084E-01  4.22264222E-01  1.35666968E+00  9.99949585E-01  3.56720097E-02
 -3.19203889E-01  1.00000000E+00  4.78168789E-01 -4.25526559E-01  4.25799185E-01  1.36239762E+00  9.99773791E-01  3.62623833E-02
 -3.00831998E-01  1.00000000E+00  4.65591079E-01 -4.29783005E-01  4.29715469E-01  1.36939523E+00  9.99992783E-01  3.69402451E-02
 -2.82460107E-01  1.00000000E+00  4.53013368E-01 -4.34057545E-01  4.33916835E-01  1.37643468E+00  1.00022510E+00  3.76209579E-02
 -2.66203017E-01  1.00000000E+00  4.42294052E-01 -4.38603198E-01  4.38607600E-01  1.38485041E+00  9.99888647E-01  3.84961763E-02
 -2.49945927E-01  1.00000000E+00  4.31574735E-01 -4.43170488E-01  4.43571986E-01  1.39332310E+00  9.99568413E-01  3.93754683E-02
 -2.35560203E-01  1.00000000E+00  4.22421557E-01 -4.48831314E-01  4.48886001E-01  1.40323818E+00  9.99761921E-01  4.03476255E-02
 -2.21174479E-01  1.00000000E+00  4.13268379E-01 -4.54525298E-01  4.54588792E-01  1.41323292E+00  9.99978610E-01  4.13254311E-02
 -2.08421419E-01  1.00000000E+00  4.05592666E-01 -4.61138657E-01  4.60873513E-01  1.42516076E+00  1.00005374E+00  4.25107021E-02
 -1.95668358E-01  1.00000000E+00  3.97916954E-01 -4.67797410E-01  4.67543082E-01  1.43720083E+00  1.00016055E+00  4.37040279E-02
 -1.83439085E-01  1.00000000E+00  3.91331722E-01 -4.75132738E-01  4.75279099E-01  1.45194719E+00  9.99611132E-01  4.52336060E-02
 -1.71209813E-01  1.00000000E+00  3.84746490E-01 -4.82527348E-01  4.83426325E-01  1.46685589E+00  9.99102245E-01  4.67753645E-02
 -1.58980541E-01  1.00000000E+00  3.78556521E-01 -4.93333689E-01  4.93445853E-01  1.48710353E+00  9.99702567E-01  4.87400960E-02
 -1.46751268E-01  1.00000000E+00  3.72366551E-01 -5.04264770E-01  5.04068035E-01  1.50765739E+00  1.00038212E+00  5.07275266E-02
 -1.34521996E-01  1.00000000E+00  3.67776884E-01 -5.17425890E-01  5.17858936E-01  1.53684839E+00  9.99171657E-01  5.37676729E-02
 -1.22292724E-01  1.00000000E+00  3.63187216E-01 -5.30788982E-01  5.32322140E-01  1.56662863E+00  9.98087186E-01  5.68541449E-02
 -1.10063451E-01  1.00000000E+00  3.58194687E-01 -5.53102006E-01  5.52834561E-01  1.60799450E+00  1.00149140E+00  6.06503102E-02
 -9.78341789E-02  1.00000000E+00  3.53202158E-01 -5.75933230E-01  5.73450715E-01  1.65055789E+00  1.00520153E+00  6.45356363E-02
 -8.56049065E-02  1.00000000E+00  3.63868621E-01 -6.00113855E-01  6.02712371E-01  1.73580467E+00  9.93430547E-01  7.42374119E-02
 -7.33756342E-02  1.00000000E+00  3.74535085E-01 -6.25258369E-01  6.38450891E-01  1.82542206E+00  9.82268504E-01  8.43153560E-02
 -6.11463618E-02  1.00000000E+00  3.18985973E-01 -6.76690584E-01  7.01667607E-01  1.92473332E+00  9.95074668E-01  9.29658652E-02
 -4.89170895E-02  1.00000000E+00  2.63436860E-01 -7.30738890E-01  7.44375914E-01  2.02990564E+00  1.00927611E+00  1.02062952E-01
 -3.66878171E-02  1.00000000E+00  5.82201639E-01 -9.78087134E-01  8.39778506E-01  2.56018896E+00  1.07157940E+00  1.48860956E-01
 -2.44585447E-02  1.00000000E+00  9.00966417E-01 -1.28513340E+00  1.04770525E+00  3.23490717E+00  1.16208881E+00  2.07281836E-01
 -1.22292724E-02  1.00000000E+00 -3.37126954E-01 -3.48789099E-01  1.71113136E+00  4.30102619E+00  6.00678240E-01  3.70034795E-01
  0.00000000E+00  1.00000000E+00 -1.57522033E+00  8.96212733E-01  3.06748558E+00  7.01043006E+00  5.24760511E-01  6.48566955E-01
