# curve 5 (die wall), step =      647, time =   1.29400000E+02
# N1 = tau_xx - tau_yy = G ( c_xx - c_yy ),  G =  6.0000E-01  (polymer part only)
#              x               y        pressure            c_xy        gammadot            c_xx            c_yy              N1
 -1.00000000E+01  1.00000000E+00  7.81473617E+00 -3.59871679E-01  4.09361158E-01  1.25880207E+00  1.00005149E+00  1.55250347E-01
 -9.95040609E+00  1.00000000E+00  7.77709235E+00 -3.59824803E-01  4.09398902E-01  1.25882582E+00  1.00002738E+00  1.55279068E-01
 -9.90081218E+00  1.00000000E+00  7.73944853E+00 -3.59777926E-01  4.09429135E-01  1.25884958E+00  1.00000326E+00  1.55307791E-01
 -9.85121827E+00  1.00000000E+00  7.70180775E+00 -3.59803425E-01  4.09432112E-01  1.25883413E+00  1.00002142E+00  1.55287631E-01
 -9.80162437E+00  1.00000000E+00  7.66416697E+00 -3.59828925E-01  4.09416009E-01  1.25881869E+00  1.00003957E+00  1.55267472E-01
 -9.75203046E+00  1.00000000E+00  7.62650692E+00 -3.59856069E-01  4.09389370E-01  1.25880883E+00  1.00005066E+00  1.55254905E-01
 -9.70243655E+00  1.00000000E+00  7.58884687E+00 -3.59883214E-01  4.09381153E-01  1.25879898E+00  1.00006175E+00  1.55242337E-01
 -9.65284264E+00  1.00000000E+00  7.55119371E+00 -3.59877719E-01  4.09385719E-01  1.25879882E+00  1.00006203E+00  1.55242076E-01
 -9.60324873E+00  1.00000000E+00  7.51354056E+00 -3.59872223E-01  4.09371122E-01  1.25879867E+00  1.00006231E+00  1.55241815E-01
 -9.55365482E+00  1.00000000E+00  7.47588559E+00 -3.59887288E-01  4.09370183E-01  1.25878930E+00  1.00007031E+00  1.55231394E-01
 -9.50406091E+00  1.00000000E+00  7.43823061E+00 -3.59902354E-01  4.09351243E-01  1.25877994E+00  1.00007832E+00  1.55220974E-01
 -9.45446701E+00  1.00000000E+00  7.40056591E+00 -3.59852617E-01  4.09353000E-01  1.25878201E+00  1.00005851E+00  1.55234102E-01
 -9.40487310E+00  1.00000000E+00  7.36290120E+00 -3.59802881E-01  4.09363296E-01  1.25878408E+00  1.00003870E+00  1.55247230E-01
 -9.35527919E+00  1.00000000E+00  7.32525906E+00 -3.59899739E-01  4.09347797E-01  1.25877016E+00  1.00007989E+00  1.55214163E-01
 -9.30568528E+00  1.00000000E+00  7.28761692E+00 -3.59996596E-01  4.09310064E-01  1.25875625E+00  1.00012108E+00  1.55181097E-01
 -9.25609137E+00  1.00000000E+00  7.24993936E+00 -3.59916953E-01  4.09347748E-01  1.25878506E+00  1.00007852E+00  1.55223926E-01
 -9.20649746E+00  1.00000000E+00  7.21226179E+00 -3.59837309E-01  4.09374489E-01  1.25881388E+00  1.00003596E+00  1.55266756E-01
 -9.15690355E+00  1.00000000E+00  7.17461496E+00 -3.59872914E-01  4.09363305E-01  1.25880051E+00  1.00005434E+00  1.55247700E-01
 -9.10730965E+00  1.00000000E+00  7.13696812E+00 -3.59908518E-01  4.09363117E-01  1.25878713E+00  1.00007272E+00  1.55228645E-01
 -9.05771574E+00  1.00000000E+00  7.09932023E+00 -3.59890363E-01  4.09377929E-01  1.25879438E+00  1.00006574E+00  1.55237180E-01
 -9.00812183E+00  1.00000000E+00  7.06167234E+00 -3.59872207E-01  4.09374719E-01  1.25880162E+00  1.00005876E+00  1.55245716E-01
 -8.95852792E+00  1.00000000E+00  7.02400727E+00 -3.59899993E-01  4.09354582E-01  1.25879267E+00  1.00006938E+00  1.55233971E-01
 -8.90893401E+00  1.00000000E+00  6.98634220E+00 -3.59927779E-01  4.09352505E-01  1.25878371E+00  1.00008000E+00  1.55222227E-01
 -8.85934010E+00  1.00000000E+00  6.94868813E+00 -3.59884035E-01  4.09380130E-01  1.25879585E+00  1.00006229E+00  1.55240134E-01
 -8.80974619E+00  1.00000000E+00  6.91103406E+00 -3.59840290E-01  4.09383017E-01  1.25880798E+00  1.00004458E+00  1.55258041E-01
 -8.76015229E+00  1.00000000E+00  6.87336922E+00 -3.59875524E-01  4.09361763E-01  1.25880536E+00  1.00005307E+00  1.55251373E-01
 -8.71055838E+00  1.00000000E+00  6.83570438E+00 -3.59910757E-01  4.09364813E-01  1.25880274E+00  1.00006157E+00  1.55244704E-01
 -8.66096447E+00  1.00000000E+00  6.79804928E+00 -3.59858748E-01  4.09395459E-01  1.25881720E+00  1.00004153E+00  1.55265401E-01
 -8.61137056E+00  1.00000000E+00  6.76039419E+00 -3.59806737E-01  4.09409800E-01  1.25883165E+00  1.00002149E+00  1.55286099E-01
 -8.56177665E+00  1.00000000E+00  6.72275817E+00 -3.59837330E-01  4.09400408E-01  1.25881983E+00  1.00004023E+00  1.55267760E-01
 -8.51218274E+00  1.00000000E+00  6.68512216E+00 -3.59867922E-01  4.09392075E-01  1.25880801E+00  1.00005897E+00  1.55249423E-01
 -8.46258884E+00  1.00000000E+00  6.64745291E+00 -3.59905328E-01  4.09374979E-01  1.25879230E+00  1.00007407E+00  1.55230940E-01
 -8.41299493E+00  1.00000000E+00  6.60978367E+00 -3.59942735E-01  4.09333369E-01  1.25877659E+00  1.00008916E+00  1.55212459E-01
 -8.36340102E+00  1.00000000E+00  6.57210391E+00 -3.59855914E-01  4.09374767E-01  1.25880242E+00  1.00004688E+00  1.55253323E-01
 -8.31380711E+00  1.00000000E+00  6.53442416E+00 -3.59769094E-01  4.09400584E-01  1.25882826E+00  1.00000461E+00  1.55294188E-01
 -8.26421320E+00  1.00000000E+00  6.49681489E+00 -3.59825601E-01  4.09392783E-01  1.25881235E+00  1.00003634E+00  1.55265608E-01
 -8.21461929E+00  1.00000000E+00  6.45920561E+00 -3.59882107E-01  4.09381438E-01  1.25879645E+00  1.00006807E+00  1.55237029E-01
 -8.16502538E+00  1.00000000E+00  6.42152748E+00 -3.59915116E-01  4.09370007E-01  1.25878501E+00  1.00008057E+00  1.55222661E-01
 -8.11543148E+00  1.00000000E+00  6.38384935E+00 -3.59948124E-01  4.09333525E-01  1.25877356E+00  1.00009307E+00  1.55208293E-01
 -8.06583757E+00  1.00000000E+00  6.34617370E+00 -3.59871258E-01  4.09375536E-01  1.25880362E+00  1.00005293E+00  1.55250416E-01
 -8.01624366E+00  1.00000000E+00  6.30849805E+00 -3.59794391E-01  4.09404584E-01  1.25883369E+00  1.00001278E+00  1.55292541E-01
 -7.96664975E+00  1.00000000E+00  6.27087268E+00 -3.59829804E-01  4.09399551E-01  1.25882396E+00  1.00003259E+00  1.55274826E-01
 -7.91705584E+00  1.00000000E+00  6.23324731E+00 -3.59865217E-01  4.09394267E-01  1.25881424E+00  1.00005239E+00  1.55257111E-01
 -7.86746193E+00  1.00000000E+00  6.19558260E+00 -3.59894079E-01  4.09382399E-01  1.25879989E+00  1.00006682E+00  1.55239839E-01
 -7.81786802E+00  1.00000000E+00  6.15791790E+00 -3.59922942E-01  4.09357980E-01  1.25878554E+00  1.00008126E+00  1.55222566E-01
 -7.76827412E+00  1.00000000E+00  6.12023601E+00 -3.59855442E-01  4.09382089E-01  1.25880443E+00  1.00004885E+00  1.55253347E-01
 -7.71868021E+00  1.00000000E+00  6.08255413E+00 -3.59787942E-01  4.09398447E-01  1.25882334E+00  1.00001646E+00  1.55284129E-01
 -7.66908630E+00  1.00000000E+00  6.04494171E+00 -3.59832328E-01  4.09390092E-01  1.25880848E+00  1.00004171E+00  1.55260060E-01
 -7.61949239E+00  1.00000000E+00  6.00732929E+00 -3.59876715E-01  4.09378772E-01  1.25879362E+00  1.00006697E+00  1.55235991E-01
 -7.56989848E+00  1.00000000E+00  5.96965474E+00 -3.59913383E-01  4.09367804E-01  1.25878389E+00  1.00008026E+00  1.55222180E-01
 -7.52030457E+00  1.00000000E+00  5.93198018E+00 -3.59950052E-01  4.09332622E-01  1.25877416E+00  1.00009354E+00  1.55208370E-01
 -7.47071066E+00  1.00000000E+00  5.89430645E+00 -3.59875012E-01  4.09373961E-01  1.25880098E+00  1.00005629E+00  1.55246816E-01
 -7.42111676E+00  1.00000000E+00  5.85663271E+00 -3.59799971E-01  4.09401942E-01  1.25882781E+00  1.00001904E+00  1.55285263E-01
 -7.37152285E+00  1.00000000E+00  5.81900656E+00 -3.59837332E-01  4.09391684E-01  1.25881110E+00  1.00004275E+00  1.55261005E-01
 -7.32192894E+00  1.00000000E+00  5.78138042E+00 -3.59874693E-01  4.09382779E-01  1.25879438E+00  1.00006647E+00  1.55236747E-01
 -7.27233503E+00  1.00000000E+00  5.74371235E+00 -3.59913687E-01  4.09366665E-01  1.25878538E+00  1.00007818E+00  1.55224316E-01
 -7.22274112E+00  1.00000000E+00  5.70604429E+00 -3.59952680E-01  4.09330975E-01  1.25877638E+00  1.00008990E+00  1.55211885E-01
 -7.17314721E+00  1.00000000E+00  5.66835995E+00 -3.59860289E-01  4.09376125E-01  1.25880298E+00  1.00004739E+00  1.55253350E-01
 -7.12355330E+00  1.00000000E+00  5.63067560E+00 -3.59767898E-01  4.09400875E-01  1.25882958E+00  1.00000489E+00  1.55294816E-01
 -7.07395940E+00  1.00000000E+00  5.59306699E+00 -3.59825345E-01  4.09391101E-01  1.25881144E+00  1.00003676E+00  1.55264808E-01
 -7.02436549E+00  1.00000000E+00  5.55545838E+00 -3.59882791E-01  4.09378618E-01  1.25879330E+00  1.00006863E+00  1.55234801E-01
 -6.97477158E+00  1.00000000E+00  5.51778036E+00 -3.59914931E-01  4.09368199E-01  1.25878353E+00  1.00008064E+00  1.55221734E-01
 -6.92517767E+00  1.00000000E+00  5.48010234E+00 -3.59947071E-01  4.09332022E-01  1.25877377E+00  1.00009265E+00  1.55208668E-01
 -6.87558376E+00  1.00000000E+00  5.44243022E+00 -3.59870306E-01  4.09373243E-01  1.25880299E+00  1.00005284E+00  1.55250095E-01
 -6.82598985E+00  1.00000000E+00  5.40475810E+00 -3.59793541E-01  4.09402943E-01  1.25883223E+00  1.00001303E+00  1.55291523E-01
 -6.77639594E+00  1.00000000E+00  5.36713196E+00 -3.59831092E-01  4.09397232E-01  1.25882073E+00  1.00003535E+00  1.55271227E-01
 -6.72680204E+00  1.00000000E+00  5.32950582E+00 -3.59868642E-01  4.09392356E-01  1.25880924E+00  1.00005768E+00  1.55250932E-01
 -6.67720813E+00  1.00000000E+00  5.29183530E+00 -3.59905618E-01  4.09375930E-01  1.25879257E+00  1.00007364E+00  1.55231357E-01
 -6.62761422E+00  1.00000000E+00  5.25416477E+00 -3.59942594E-01  4.09333527E-01  1.25877590E+00  1.00008959E+00  1.55211783E-01
 -6.57802031E+00  1.00000000E+00  5.21648488E+00 -3.59855857E-01  4.09374535E-01  1.25880197E+00  1.00004716E+00  1.55252883E-01
 -6.52842640E+00  1.00000000E+00  5.17880499E+00 -3.59769119E-01  4.09400303E-01  1.25882804E+00  1.00000474E+00  1.55293985E-01
 -6.47883249E+00  1.00000000E+00  5.14119564E+00 -3.59825263E-01  4.09392350E-01  1.25881187E+00  1.00003638E+00  1.55265291E-01
 -6.42923858E+00  1.00000000E+00  5.10358630E+00 -3.59881408E-01  4.09380729E-01  1.25879569E+00  1.00006803E+00  1.55236597E-01
 -6.37964468E+00  1.00000000E+00  5.06590950E+00 -3.59915442E-01  4.09369016E-01  1.25878373E+00  1.00008137E+00  1.55221419E-01
 -6.33005077E+00  1.00000000E+00  5.02823269E+00 -3.59949475E-01  4.09332456E-01  1.25877178E+00  1.00009471E+00  1.55206241E-01
 -6.28045686E+00  1.00000000E+00  4.99055599E+00 -3.59871581E-01  4.09375284E-01  1.25880298E+00  1.00005338E+00  1.55249757E-01
 -6.23086295E+00  1.00000000E+00  4.95287929E+00 -3.59793686E-01  4.09404784E-01  1.25883419E+00  1.00001206E+00  1.55293274E-01
 -6.18126904E+00  1.00000000E+00  4.91525309E+00 -3.59830250E-01  4.09399999E-01  1.25882490E+00  1.00003229E+00  1.55275570E-01
 -6.13167513E+00  1.00000000E+00  4.87762690E+00 -3.59866813E-01  4.09394881E-01  1.25881562E+00  1.00005251E+00  1.55257866E-01
 -6.08208123E+00  1.00000000E+00  4.83996248E+00 -3.59895661E-01  4.09382925E-01  1.25880051E+00  1.00006727E+00  1.55239948E-01
 -6.03248732E+00  1.00000000E+00  4.80229807E+00 -3.59924508E-01  4.09358815E-01  1.25878541E+00  1.00008203E+00  1.55222031E-01
 -5.98289341E+00  1.00000000E+00  4.76461719E+00 -3.59857657E-01  4.09381199E-01  1.25880301E+00  1.00005049E+00  1.55251509E-01
 -5.93329950E+00  1.00000000E+00  4.72693630E+00 -3.59790805E-01  4.09396543E-01  1.25882060E+00  1.00001896E+00  1.55280989E-01
 -5.88370559E+00  1.00000000E+00  4.68932277E+00 -3.59834440E-01  4.09388085E-01  1.25880619E+00  1.00004331E+00  1.55257728E-01
 -5.83411168E+00  1.00000000E+00  4.65170924E+00 -3.59878074E-01  4.09377028E-01  1.25879178E+00  1.00006767E+00  1.55234468E-01
 -5.78451777E+00  1.00000000E+00  4.61403413E+00 -3.59914062E-01  4.09367570E-01  1.25878414E+00  1.00008032E+00  1.55222295E-01
 -5.73492387E+00  1.00000000E+00  4.57635903E+00 -3.59950050E-01  4.09333868E-01  1.25877651E+00  1.00009297E+00  1.55210121E-01
 -5.68532996E+00  1.00000000E+00  4.53868672E+00 -3.59875139E-01  4.09373516E-01  1.25880180E+00  1.00005616E+00  1.55247382E-01
 -5.63573605E+00  1.00000000E+00  4.50101440E+00 -3.59800227E-01  4.09401015E-01  1.25882710E+00  1.00001936E+00  1.55284643E-01
 -5.58614214E+00  1.00000000E+00  4.46338869E+00 -3.59837265E-01  4.09391661E-01  1.25881120E+00  1.00004256E+00  1.55261187E-01
 -5.53654823E+00  1.00000000E+00  4.42576297E+00 -3.59874303E-01  4.09383635E-01  1.25879531E+00  1.00006576E+00  1.55237731E-01
 -5.48695432E+00  1.00000000E+00  4.38809409E+00 -3.59913849E-01  4.09367583E-01  1.25878502E+00  1.00007862E+00  1.55223840E-01
 -5.43736041E+00  1.00000000E+00  4.35042522E+00 -3.59953393E-01  4.09331001E-01  1.25877472E+00  1.00009147E+00  1.55209949E-01
 -5.38776651E+00  1.00000000E+00  4.31274011E+00 -3.59860366E-01  4.09375032E-01  1.25880134E+00  1.00004837E+00  1.55251779E-01
 -5.33817260E+00  1.00000000E+00  4.27505501E+00 -3.59767337E-01  4.09399704E-01  1.25882796E+00  1.00000528E+00  1.55293610E-01
 -5.28857869E+00  1.00000000E+00  4.23744701E+00 -3.59824871E-01  4.09390017E-01  1.25880997E+00  1.00003706E+00  1.55263750E-01
 -5.23898478E+00  1.00000000E+00  4.19983902E+00 -3.59882404E-01  4.09377852E-01  1.25879199E+00  1.00006884E+00  1.55233891E-01
 -5.18939087E+00  1.00000000E+00  4.16216159E+00 -3.59915272E-01  4.09367931E-01  1.25878336E+00  1.00008085E+00  1.55221506E-01
 -5.13979696E+00  1.00000000E+00  4.12448416E+00 -3.59948141E-01  4.09332671E-01  1.25877472E+00  1.00009286E+00  1.55209120E-01
 -5.09020305E+00  1.00000000E+00  4.08681269E+00 -3.59874091E-01  4.09372544E-01  1.25880054E+00  1.00005621E+00  1.55246604E-01
 -5.04060915E+00  1.00000000E+00  4.04914122E+00 -3.59800042E-01  4.09400378E-01  1.25882637E+00  1.00001956E+00  1.55284088E-01
 -4.99101524E+00  1.00000000E+00  4.01151589E+00 -3.59836996E-01  4.09391172E-01  1.25881079E+00  1.00004253E+00  1.55260957E-01
 -4.94142133E+00  1.00000000E+00  3.97389056E+00 -3.59873950E-01  4.09383331E-01  1.25879521E+00  1.00006550E+00  1.55237826E-01
 -4.89182742E+00  1.00000000E+00  3.93622097E+00 -3.59914405E-01  4.09367786E-01  1.25878496E+00  1.00007907E+00  1.55223537E-01
 -4.84223351E+00  1.00000000E+00  3.89855137E+00 -3.59954861E-01  4.09331449E-01  1.25877471E+00  1.00009263E+00  1.55209249E-01
 -4.79263960E+00  1.00000000E+00  3.86086856E+00 -3.59861222E-01  4.09374135E-01  1.25880110E+00  1.00004918E+00  1.55251154E-01
 -4.74304569E+00  1.00000000E+00  3.82318575E+00 -3.59767583E-01  4.09398972E-01  1.25882751E+00  1.00000574E+00  1.55293060E-01
 -4.69345179E+00  1.00000000E+00  3.78557198E+00 -3.59823722E-01  4.09388623E-01  1.25880731E+00  1.00003751E+00  1.55261879E-01
 -4.64385788E+00  1.00000000E+00  3.74795822E+00 -3.59879862E-01  4.09373324E-01  1.25878711E+00  1.00006928E+00  1.55230698E-01
 -4.59426397E+00  1.00000000E+00  3.71030343E+00 -3.59920825E-01  4.09359589E-01  1.25876927E+00  1.00009253E+00  1.55206046E-01
 -4.54467006E+00  1.00000000E+00  3.67264864E+00 -3.59961789E-01  4.09316571E-01  1.25875144E+00  1.00011578E+00  1.55181393E-01
 -4.49507615E+00  1.00000000E+00  3.63496955E+00 -3.59968327E-01  4.09313861E-01  1.25875230E+00  1.00011306E+00  1.55183549E-01
 -4.44548224E+00  1.00000000E+00  3.59729047E+00 -3.59974865E-01  4.09294660E-01  1.25875317E+00  1.00011033E+00  1.55185705E-01
 -4.39588833E+00  1.00000000E+00  3.55962606E+00 -3.59869417E-01  4.09347797E-01  1.25878967E+00  1.00005792E+00  1.55239051E-01
 -4.34629443E+00  1.00000000E+00  3.52196165E+00 -3.59763968E-01  4.09390528E-01  1.25882618E+00  1.00000551E+00  1.55292400E-01
 -4.29670052E+00  1.00000000E+00  3.48432915E+00 -3.59844017E-01  4.09380228E-01  1.25880258E+00  1.00004429E+00  1.55254972E-01
 -4.24710661E+00  1.00000000E+00  3.44669665E+00 -3.59924066E-01  4.09346888E-01  1.25877898E+00  1.00008307E+00  1.55217545E-01
 -4.19751270E+00  1.00000000E+00  3.40900714E+00 -3.59849894E-01  4.09379978E-01  1.25880599E+00  1.00004335E+00  1.55257583E-01
 -4.14791879E+00  1.00000000E+00  3.37131763E+00 -3.59775722E-01  4.09409177E-01  1.25883301E+00  1.00000364E+00  1.55297621E-01
 -4.09832488E+00  1.00000000E+00  3.33368059E+00 -3.59788304E-01  4.09425225E-01  1.25883359E+00  1.00001226E+00  1.55292795E-01
 -4.04873097E+00  1.00000000E+00  3.29604356E+00 -3.59800886E-01  4.09426944E-01  1.25883417E+00  1.00002089E+00  1.55287969E-01
 -3.99913707E+00  1.00000000E+00  3.25841039E+00 -3.59828999E-01  4.09409356E-01  1.25881303E+00  1.00004430E+00  1.55261243E-01
 -3.94954316E+00  1.00000000E+00  3.22077722E+00 -3.59857112E-01  4.09385628E-01  1.25879190E+00  1.00006771E+00  1.55234517E-01
 -3.89994925E+00  1.00000000E+00  3.18311137E+00 -3.59928437E-01  4.09355563E-01  1.25876891E+00  1.00009500E+00  1.55204347E-01
 -3.85035534E+00  1.00000000E+00  3.14544553E+00 -3.59999761E-01  4.09298856E-01  1.25874593E+00  1.00012230E+00  1.55174179E-01
 -3.80076143E+00  1.00000000E+00  3.10775830E+00 -3.59903899E-01  4.09347650E-01  1.25878393E+00  1.00007321E+00  1.55226427E-01
 -3.75116752E+00  1.00000000E+00  3.07007107E+00 -3.59808036E-01  4.09378402E-01  1.25882194E+00  1.00002414E+00  1.55278678E-01
 -3.70157361E+00  1.00000000E+00  3.03245056E+00 -3.59876129E-01  4.09362694E-01  1.25879823E+00  1.00005894E+00  1.55243572E-01
 -3.65197971E+00  1.00000000E+00  2.99483005E+00 -3.59944223E-01  4.09344883E-01  1.25877452E+00  1.00009374E+00  1.55208468E-01
 -3.60238580E+00  1.00000000E+00  2.95714868E+00 -3.59951038E-01  4.09321967E-01  1.25877053E+00  1.00009364E+00  1.55206132E-01
 -3.55279189E+00  1.00000000E+00  2.91946730E+00 -3.59957854E-01  4.09319637E-01  1.25876653E+00  1.00009354E+00  1.55203796E-01
 -3.50319798E+00  1.00000000E+00  2.88182380E+00 -3.59902924E-01  4.09348982E-01  1.25878992E+00  1.00006942E+00  1.55232300E-01
 -3.45360407E+00  1.00000000E+00  2.84418030E+00 -3.59847994E-01  4.09368347E-01  1.25881331E+00  1.00004531E+00  1.55260804E-01
 -3.40401016E+00  1.00000000E+00  2.80653189E+00 -3.59912279E-01  4.09355130E-01  1.25878754E+00  1.00007660E+00  1.55226567E-01
 -3.35441626E+00  1.00000000E+00  2.76888347E+00 -3.59976564E-01  4.09314156E-01  1.25876178E+00  1.00010790E+00  1.55192330E-01
 -3.30482235E+00  1.00000000E+00  2.73120079E+00 -3.59883601E-01  4.09359235E-01  1.25879299E+00  1.00006131E+00  1.55239006E-01
 -3.25522844E+00  1.00000000E+00  2.69351810E+00 -3.59790638E-01  4.09393615E-01  1.25882421E+00  1.00001473E+00  1.55285684E-01
 -3.20563453E+00  1.00000000E+00  2.65587232E+00 -3.59828836E-01  4.09384464E-01  1.25881824E+00  1.00002910E+00  1.55273482E-01
 -3.15604062E+00  1.00000000E+00  2.61822654E+00 -3.59867033E-01  4.09387664E-01  1.25881227E+00  1.00004347E+00  1.55261280E-01
 -3.10644671E+00  1.00000000E+00  2.58057896E+00 -3.59835652E-01  4.09409422E-01  1.25882111E+00  1.00003465E+00  1.55271870E-01
 -3.05685280E+00  1.00000000E+00  2.54293138E+00 -3.59804271E-01  4.09409913E-01  1.25882994E+00  1.00002584E+00  1.55282460E-01
 -3.00725890E+00  1.00000000E+00  2.50528083E+00 -3.59866894E-01  4.09387707E-01  1.25879746E+00  1.00006221E+00  1.55241148E-01
 -2.95766499E+00  1.00000000E+00  2.46763029E+00 -3.59929517E-01  4.09334475E-01  1.25876498E+00  1.00009858E+00  1.55199837E-01
 -2.90807108E+00  1.00000000E+00  2.42996462E+00 -3.59856065E-01  4.09369351E-01  1.25879196E+00  1.00006059E+00  1.55238819E-01
 -2.85847717E+00  1.00000000E+00  2.39229896E+00 -3.59782612E-01  4.09394673E-01  1.25881895E+00  1.00002261E+00  1.55277801E-01
 -2.80888326E+00  1.00000000E+00  2.35467026E+00 -3.59899263E-01  4.09358089E-01  1.25877664E+00  1.00008192E+00  1.55216829E-01
 -2.75928935E+00  1.00000000E+00  2.31704157E+00 -3.60015913E-01  4.09292603E-01  1.25873435E+00  1.00014125E+00  1.55155860E-01
 -2.70969544E+00  1.00000000E+00  2.27934570E+00 -3.59956323E-01  4.09315023E-01  1.25875915E+00  1.00010198E+00  1.55194304E-01
 -2.66010154E+00  1.00000000E+00  2.24164983E+00 -3.59896733E-01  4.09325249E-01  1.25878396E+00  1.00006272E+00  1.55232748E-01
 -2.61050763E+00  1.00000000E+00  2.20399853E+00 -3.59855097E-01  4.09360652E-01  1.25879594E+00  1.00004664E+00  1.55249578E-01
 -2.56091372E+00  1.00000000E+00  2.16634724E+00 -3.59813460E-01  4.09386563E-01  1.25880792E+00  1.00003057E+00  1.55266409E-01
 -2.51131981E+00  1.00000000E+00  2.12870857E+00 -3.59834055E-01  4.09380870E-01  1.25880203E+00  1.00004158E+00  1.55256271E-01
 -2.46172590E+00  1.00000000E+00  2.09106990E+00 -3.59854649E-01  4.09376444E-01  1.25879614E+00  1.00005258E+00  1.55246134E-01
 -2.41213199E+00  1.00000000E+00  2.05341187E+00 -3.59908623E-01  4.09369143E-01  1.25878137E+00  1.00007819E+00  1.55221910E-01
 -2.36253808E+00  1.00000000E+00  2.01575385E+00 -3.59962597E-01  4.09328745E-01  1.25876661E+00  1.00010380E+00  1.55197686E-01
 -2.31294418E+00  1.00000000E+00  1.97807381E+00 -3.59878821E-01  4.09361779E-01  1.25879541E+00  1.00005849E+00  1.55242152E-01
 -2.26335027E+00  1.00000000E+00  1.94039378E+00 -3.59795045E-01  4.09392706E-01  1.25882423E+00  1.00001319E+00  1.55286619E-01
 -2.21375636E+00  1.00000000E+00  1.90275549E+00 -3.59823489E-01  4.09390762E-01  1.25881584E+00  1.00003075E+00  1.55271058E-01
 -2.16416245E+00  1.00000000E+00  1.86511721E+00 -3.59851933E-01  4.09389933E-01  1.25880746E+00  1.00004830E+00  1.55255498E-01
 -2.11456854E+00  1.00000000E+00  1.82746578E+00 -3.59854703E-01  4.09388317E-01  1.25879717E+00  1.00005287E+00  1.55246579E-01
 -2.06497463E+00  1.00000000E+00  1.78981435E+00 -3.59857474E-01  4.09368913E-01  1.25878688E+00  1.00005745E+00  1.55237660E-01
 -2.01538072E+00  1.00000000E+00  1.75215431E+00 -3.59878446E-01  4.09343317E-01  1.25877964E+00  1.00006572E+00  1.55228350E-01
 -1.96578682E+00  1.00000000E+00  1.71449428E+00 -3.59899417E-01  4.09337540E-01  1.25877239E+00  1.00007399E+00  1.55219041E-01
 -1.91619291E+00  1.00000000E+00  1.67684415E+00 -3.59863279E-01  4.09353188E-01  1.25876764E+00  1.00006377E+00  1.55222323E-01
 -1.86659900E+00  1.00000000E+00  1.63919402E+00 -3.59827141E-01  4.09344220E-01  1.25876290E+00  1.00005356E+00  1.55225604E-01
 -1.81700509E+00  1.00000000E+00  1.60153167E+00 -3.59858860E-01  4.09314192E-01  1.25875149E+00  1.00006435E+00  1.55212278E-01
 -1.76741118E+00  1.00000000E+00  1.56386932E+00 -3.59890579E-01  4.09305643E-01  1.25874008E+00  1.00007515E+00  1.55198953E-01
 -1.71781727E+00  1.00000000E+00  1.52622783E+00 -3.59842419E-01  4.09319191E-01  1.25873879E+00  1.00006009E+00  1.55207224E-01
 -1.66822336E+00  1.00000000E+00  1.48858634E+00 -3.59794259E-01  4.09309922E-01  1.25873751E+00  1.00004502E+00  1.55215496E-01
 -1.61862946E+00  1.00000000E+00  1.45095245E+00 -3.59820989E-01  4.09275144E-01  1.25871201E+00  1.00006269E+00  1.55189589E-01
 -1.56903555E+00  1.00000000E+00  1.41331856E+00 -3.59847720E-01  4.09252828E-01  1.25868650E+00  1.00008036E+00  1.55163683E-01
 -1.51944164E+00  1.00000000E+00  1.37569643E+00 -3.59834946E-01  4.09237779E-01  1.25865232E+00  1.00008783E+00  1.55138696E-01
 -1.46984773E+00  1.00000000E+00  1.33807430E+00 -3.59822172E-01  4.09192889E-01  1.25861814E+00  1.00009529E+00  1.55113710E-01
 -1.42025382E+00  1.00000000E+00  1.30045031E+00 -3.59730751E-01  4.09171409E-01  1.25860262E+00  1.00006245E+00  1.55124098E-01
 -1.37065991E+00  1.00000000E+00  1.26282631E+00 -3.59639332E-01  4.09162995E-01  1.25858710E+00  1.00002962E+00  1.55134487E-01
 -1.32106600E+00  1.00000000E+00  1.22526832E+00 -3.59751721E-01  4.09122095E-01  1.25853607E+00  1.00009059E+00  1.55067292E-01
 -1.27147210E+00  1.00000000E+00  1.18771033E+00 -3.59864109E-01  4.09046188E-01  1.25848506E+00  1.00015156E+00  1.55000099E-01
 -1.22187819E+00  1.00000000E+00  1.15014833E+00 -3.59733204E-01  4.09065743E-01  1.25849929E+00  1.00009206E+00  1.55044337E-01
 -1.17228428E+00  1.00000000E+00  1.11258633E+00 -3.59602300E-01  4.09079106E-01  1.25851353E+00  1.00003257E+00  1.55088577E-01
 -1.12269037E+00  1.00000000E+00  1.07515206E+00 -3.59644369E-01  4.09068241E-01  1.25850165E+00  1.00005287E+00  1.55069267E-01
 -1.07309646E+00  1.00000000E+00  1.03771779E+00 -3.59686439E-01  4.09063476E-01  1.25848977E+00  1.00007317E+00  1.55049958E-01
 -1.02350255E+00  1.00000000E+00  1.00037362E+00 -3.59699258E-01  4.09097514E-01  1.25850469E+00  1.00009161E+00  1.55047849E-01
 -9.73908645E-01  1.00000000E+00  9.63029453E-01 -3.59712077E-01  4.09147218E-01  1.25851961E+00  1.00011005E+00  1.55045739E-01
 -9.24314736E-01  1.00000000E+00  9.25841211E-01 -3.59799042E-01  4.09258347E-01  1.25869115E+00  1.00007242E+00  1.55171240E-01
 -8.74720828E-01  1.00000000E+00  8.88652969E-01 -3.59886014E-01  4.09398554E-01  1.25886272E+00  1.00003480E+00  1.55296752E-01
 -8.25312107E-01  1.00000000E+00  8.51851290E-01 -3.60071032E-01  4.09689180E-01  1.25915900E+00  1.00005094E+00  1.55464837E-01
 -7.75903387E-01  1.00000000E+00  8.15049612E-01 -3.60256087E-01  4.10033549E-01  1.25945537E+00  1.00006711E+00  1.55632956E-01
 -7.30665613E-01  1.00000000E+00  7.81691023E-01 -3.60722093E-01  4.10609639E-01  1.26004978E+00  1.00008802E+00  1.55977056E-01
 -6.85427839E-01  1.00000000E+00  7.48332435E-01 -3.61188276E-01  4.11245222E-01  1.26064457E+00  1.00010910E+00  1.56321284E-01
 -6.45465100E-01  1.00000000E+00  7.19262899E-01 -3.61800596E-01  4.12142446E-01  1.26159418E+00  1.00007323E+00  1.56912575E-01
 -6.05502361E-01  1.00000000E+00  6.90193362E-01 -3.62413271E-01  4.13153798E-01  1.26254466E+00  1.00003766E+00  1.57504198E-01
 -5.70199545E-01  1.00000000E+00  6.64880272E-01 -3.63301757E-01  4.14410314E-01  1.26388189E+00  1.00003879E+00  1.58305860E-01
 -5.34896729E-01  1.00000000E+00  6.39567182E-01 -3.64190995E-01  4.15845214E-01  1.26522086E+00  1.00004055E+00  1.59108186E-01
 -5.03710456E-01  1.00000000E+00  6.17523746E-01 -3.65477583E-01  4.17586879E-01  1.26712512E+00  1.00002058E+00  1.60262723E-01
 -4.72524184E-01  1.00000000E+00  5.95480311E-01 -3.66765694E-01  4.19563260E-01  1.26903295E+00  1.00000197E+00  1.61418588E-01
 -4.44974441E-01  1.00000000E+00  5.76672286E-01 -3.68616960E-01  4.21965903E-01  1.27168469E+00  1.00004695E+00  1.62982643E-01
 -4.17424698E-01  1.00000000E+00  5.57864262E-01 -3.70471342E-01  4.24741207E-01  1.27434346E+00  1.00009468E+00  1.64549267E-01
 -3.93087440E-01  1.00000000E+00  5.41706413E-01 -3.72515036E-01  4.27465721E-01  1.27716683E+00  1.00026671E+00  1.66140072E-01
 -3.68750182E-01  1.00000000E+00  5.25548565E-01 -3.74562533E-01  4.30739181E-01  1.27999831E+00  1.00044200E+00  1.67733788E-01
 -3.47250809E-01  1.00000000E+00  5.11685284E-01 -3.77077606E-01  4.34448302E-01  1.28412426E+00  1.00018251E+00  1.70365046E-01
 -3.25751437E-01  1.00000000E+00  4.97822003E-01 -3.79598772E-01  4.38577763E-01  1.28826584E+00  9.99928431E-01  1.73002446E-01
 -3.06759035E-01  1.00000000E+00  4.86118759E-01 -3.82765179E-01  4.42910326E-01  1.29288419E+00  1.00009107E+00  1.75675875E-01
 -2.87766633E-01  1.00000000E+00  4.74415515E-01 -3.85940920E-01  4.47733948E-01  1.29752325E+00  1.00026152E+00  1.78357040E-01
 -2.70988873E-01  1.00000000E+00  4.64689352E-01 -3.89483146E-01  4.53092910E-01  1.30328272E+00  1.00006107E+00  1.81932991E-01
 -2.54211113E-01  1.00000000E+00  4.54963190E-01 -3.93037527E-01  4.58810136E-01  1.30907231E+00  9.99870881E-01  1.85520857E-01
 -2.39389755E-01  1.00000000E+00  4.47052809E-01 -3.97130447E-01  4.64890624E-01  1.31550222E+00  9.99907438E-01  1.89356871E-01
 -2.24568396E-01  1.00000000E+00  4.39142428E-01 -4.01239519E-01  4.71424705E-01  1.32196994E+00  9.99957083E-01  1.93207716E-01
 -2.11472015E-01  1.00000000E+00  4.32748608E-01 -4.05815534E-01  4.78375675E-01  1.32946873E+00  9.99902144E-01  1.97739954E-01
 -1.98375634E-01  1.00000000E+00  4.26354789E-01 -4.10412215E-01  4.85825381E-01  1.33701731E+00  9.99863578E-01  2.02292238E-01
 -1.85977157E-01  1.00000000E+00  4.21230871E-01 -4.16303427E-01  4.94501432E-01  1.34638013E+00  1.00010759E+00  2.07763524E-01
 -1.73578680E-01  1.00000000E+00  4.16106953E-01 -4.22228484E-01  5.03836520E-01  1.35582075E+00  1.00037778E+00  2.13265780E-01
 -1.61180203E-01  1.00000000E+00  4.11983408E-01 -4.29091217E-01  5.15342496E-01  1.36812813E+00  9.99943444E-01  2.20910810E-01
 -1.48781726E-01  1.00000000E+00  4.07859862E-01 -4.36002551E-01  5.27650819E-01  1.38056085E+00  9.99546264E-01  2.28608749E-01
 -1.36383248E-01  1.00000000E+00  4.06200108E-01 -4.45672211E-01  5.42775145E-01  1.39753844E+00  9.99698853E-01  2.38703754E-01
 -1.23984771E-01  1.00000000E+00  4.04540354E-01 -4.55438790E-01  5.59613465E-01  1.41475174E+00  9.99920306E-01  2.48898860E-01
 -1.11586294E-01  1.00000000E+00  4.01282923E-01 -4.68082946E-01  5.82360945E-01  1.43704404E+00  1.00033405E+00  2.62025992E-01
 -9.91878171E-02  1.00000000E+00  3.98025492E-01 -4.80890678E-01  6.06639885E-01  1.45973146E+00  1.00086237E+00  2.75321456E-01
 -8.67893400E-02  1.00000000E+00  4.19043133E-01 -4.99160971E-01  6.40274224E-01  1.51062990E+00  9.93702105E-01  3.10156680E-01
 -7.43908628E-02  1.00000000E+00  4.40060774E-01 -5.17906678E-01  6.84080367E-01  1.56331664E+00  9.86878287E-01  3.45863014E-01
 -6.19923857E-02  1.00000000E+00  3.98913138E-01 -5.39212547E-01  7.43669631E-01  1.59477777E+00  9.91837245E-01  3.61764316E-01
 -4.95939085E-02  1.00000000E+00  3.57765502E-01 -5.60915499E-01  7.96352695E-01  1.62702269E+00  9.97086162E-01  3.77961916E-01
 -3.71954314E-02  1.00000000E+00  6.66210608E-01 -6.61019012E-01  9.21897001E-01  1.83113625E+00  1.00844838E+00  4.93612722E-01
 -2.47969543E-02  1.00000000E+00  9.74655715E-01 -7.71964113E-01  1.18398374E+00  2.06241133E+00  1.02576552E+00  6.21987487E-01
 -1.23984771E-02  1.00000000E+00  1.43152924E-01 -4.25990681E-01  1.92344065E+00  2.60227111E+00  7.17433392E-01  1.13090263E+00
  0.00000000E+00  1.00000000E+00 -6.88349867E-01 -3.64392807E-02  3.37239377E+00  3.50830824E+00  5.33244624E-01  1.78503817E+00
