# curve 5 (die wall), step =     1000, time =   4.00000000E+02
# N1 = tau_xx - tau_yy = G ( c_xx - c_yy ),  G =  1.0000E-01  (polymer part only)
#              x               y        pressure            c_xy        gammadot            c_xx            c_yy              N1
 -1.00000000E+01  1.00000000E+00  6.63000377E+00 -1.07042815E+00  4.24193140E-01  3.77537666E+00  7.59583320E-01  3.01579334E-01
 -9.95040609E+00  1.00000000E+00  6.59835447E+00 -1.07018437E+00  4.24237486E-01  3.77439908E+00  7.59577013E-01  3.01482207E-01
 -9.90081218E+00  1.00000000E+00  6.56670518E+00 -1.06994065E+00  4.24273144E-01  3.77342175E+00  7.59570724E-01  3.01385103E-01
 -9.85121827E+00  1.00000000E+00  6.53509278E+00 -1.07006464E+00  4.24259955E-01  3.77416947E+00  7.59561986E-01  3.01460748E-01
 -9.80162437E+00  1.00000000E+00  6.50348038E+00 -1.07018864E+00  4.24224515E-01  3.77491733E+00  7.59553250E-01  3.01536408E-01
 -9.75203046E+00  1.00000000E+00  6.47178446E+00 -1.07021014E+00  4.24213197E-01  3.77466473E+00  7.59564057E-01  3.01510067E-01
 -9.70243655E+00  1.00000000E+00  6.44008854E+00 -1.07023164E+00  4.24229828E-01  3.77441215E+00  7.59574865E-01  3.01483729E-01
 -9.65284264E+00  1.00000000E+00  6.40845516E+00 -1.07038498E+00  4.24221003E-01  3.77484063E+00  7.59625129E-01  3.01521550E-01
 -9.60324873E+00  1.00000000E+00  6.37682178E+00 -1.07053833E+00  4.24176895E-01  3.77526915E+00  7.59675400E-01  3.01559375E-01
 -9.55365482E+00  1.00000000E+00  6.34520609E+00 -1.07071591E+00  4.24152473E-01  3.77640570E+00  7.59647371E-01  3.01675833E-01
 -9.50406091E+00  1.00000000E+00  6.31359040E+00 -1.07089352E+00  4.24096466E-01  3.77754259E+00  7.59619351E-01  3.01792324E-01
 -9.45446701E+00  1.00000000E+00  6.28185745E+00 -1.07055758E+00  4.24121085E-01  3.77612974E+00  7.59612028E-01  3.01651771E-01
 -9.40487310E+00  1.00000000E+00  6.25012450E+00 -1.07022175E+00  4.24147313E-01  3.77471741E+00  7.59604739E-01  3.01511267E-01
 -9.35527919E+00  1.00000000E+00  6.21850566E+00 -1.07081135E+00  4.24148305E-01  3.77649457E+00  7.59655203E-01  3.01683937E-01
 -9.30568528E+00  1.00000000E+00  6.18688682E+00 -1.07140121E+00  4.24119149E-01  3.77827259E+00  7.59705786E-01  3.01856680E-01
 -9.25609137E+00  1.00000000E+00  6.15525106E+00 -1.07096405E+00  4.24139367E-01  3.77727816E+00  7.59640515E-01  3.01763765E-01
 -9.20649746E+00  1.00000000E+00  6.12361530E+00 -1.07052700E+00  4.24166728E-01  3.77628402E+00  7.59575311E-01  3.01670871E-01
 -9.15690355E+00  1.00000000E+00  6.09192841E+00 -1.07054467E+00  4.24174923E-01  3.77593475E+00  7.59598283E-01  3.01633647E-01
 -9.10730965E+00  1.00000000E+00  6.06024152E+00 -1.07056233E+00  4.24195145E-01  3.77558552E+00  7.59621255E-01  3.01596427E-01
 -9.05771574E+00  1.00000000E+00  6.02862063E+00 -1.07050509E+00  4.24220690E-01  3.77587356E+00  7.59553772E-01  3.01631979E-01
 -9.00812183E+00  1.00000000E+00  5.99699975E+00 -1.07044785E+00  4.24228960E-01  3.77616163E+00  7.59486294E-01  3.01667534E-01
 -8.95852792E+00  1.00000000E+00  5.96532766E+00 -1.07050086E+00  4.24221589E-01  3.77583503E+00  7.59547116E-01  3.01628792E-01
 -8.90893401E+00  1.00000000E+00  5.93365556E+00 -1.07055387E+00  4.24223473E-01  3.77550848E+00  7.59607942E-01  3.01590054E-01
 -8.85934010E+00  1.00000000E+00  5.90203165E+00 -1.07051545E+00  4.24225750E-01  3.77573467E+00  7.59588109E-01  3.01614656E-01
 -8.80974619E+00  1.00000000E+00  5.87040773E+00 -1.07047701E+00  4.24196197E-01  3.77596089E+00  7.59568278E-01  3.01639261E-01
 -8.76015229E+00  1.00000000E+00  5.83870898E+00 -1.07046337E+00  4.24188439E-01  3.77558424E+00  7.59576997E-01  3.01600725E-01
 -8.71055838E+00  1.00000000E+00  5.80701022E+00 -1.07044972E+00  4.24217932E-01  3.77520764E+00  7.59585716E-01  3.01562193E-01
 -8.66096447E+00  1.00000000E+00  5.77539414E+00 -1.07026794E+00  4.24234297E-01  3.77461596E+00  7.59588244E-01  3.01502771E-01
 -8.61137056E+00  1.00000000E+00  5.74377807E+00 -1.07008618E+00  4.24226980E-01  3.77402437E+00  7.59590786E-01  3.01443358E-01
 -8.56177665E+00  1.00000000E+00  5.71213300E+00 -1.07022833E+00  4.24225900E-01  3.77434248E+00  7.59622407E-01  3.01472007E-01
 -8.51218274E+00  1.00000000E+00  5.68048794E+00 -1.07037048E+00  4.24218852E-01  3.77466062E+00  7.59654035E-01  3.01500658E-01
 -8.46258884E+00  1.00000000E+00  5.64880703E+00 -1.07066941E+00  4.24183517E-01  3.77609733E+00  7.59628565E-01  3.01646876E-01
 -8.41299493E+00  1.00000000E+00  5.61712612E+00 -1.07096844E+00  4.24128950E-01  3.77753458E+00  7.59603128E-01  3.01793145E-01
 -8.36340102E+00  1.00000000E+00  5.58548183E+00 -1.07044269E+00  4.24181162E-01  3.77583855E+00  7.59559897E-01  3.01627865E-01
 -8.31380711E+00  1.00000000E+00  5.55383754E+00 -1.06991716E+00  4.24203048E-01  3.77414328E+00  7.59516757E-01  3.01462652E-01
 -8.26421320E+00  1.00000000E+00  5.52219722E+00 -1.07016251E+00  4.24209719E-01  3.77446876E+00  7.59581775E-01  3.01488699E-01
 -8.21461929E+00  1.00000000E+00  5.49055689E+00 -1.07040788E+00  4.24215410E-01  3.77479429E+00  7.59646814E-01  3.01514748E-01
 -8.16502538E+00  1.00000000E+00  5.45889527E+00 -1.07075145E+00  4.24196742E-01  3.77632049E+00  7.59644609E-01  3.01667588E-01
 -8.11543148E+00  1.00000000E+00  5.42723365E+00 -1.07109515E+00  4.24141977E-01  3.77784729E+00  7.59642439E-01  3.01820485E-01
 -8.06583757E+00  1.00000000E+00  5.39555387E+00 -1.07059475E+00  4.24166157E-01  3.77620246E+00  7.59594410E-01  3.01660805E-01
 -8.01624366E+00  1.00000000E+00  5.36387409E+00 -1.07009456E+00  4.24192701E-01  3.77455835E+00  7.59546460E-01  3.01501189E-01
 -7.96664975E+00  1.00000000E+00  5.33226871E+00 -1.07027119E+00  4.24202449E-01  3.77474979E+00  7.59605412E-01  3.01514437E-01
 -7.91705584E+00  1.00000000E+00  5.30066333E+00 -1.07044783E+00  4.24206647E-01  3.77494125E+00  7.59664376E-01  3.01527688E-01
 -7.86746193E+00  1.00000000E+00  5.26898824E+00 -1.07070621E+00  4.24195217E-01  3.77625965E+00  7.59609009E-01  3.01665064E-01
 -7.81786802E+00  1.00000000E+00  5.23731315E+00 -1.07096467E+00  4.24170283E-01  3.77757851E+00  7.59553676E-01  3.01802484E-01
 -7.76827412E+00  1.00000000E+00  5.20565785E+00 -1.07045042E+00  4.24210237E-01  3.77592464E+00  7.59526029E-01  3.01639861E-01
 -7.71868021E+00  1.00000000E+00  5.17400255E+00 -1.06993637E+00  4.24220106E-01  3.77427150E+00  7.59498475E-01  3.01477302E-01
 -7.66908630E+00  1.00000000E+00  5.14236084E+00 -1.07015833E+00  4.24217624E-01  3.77452690E+00  7.59561134E-01  3.01496577E-01
 -7.61949239E+00  1.00000000E+00  5.11071912E+00 -1.07038030E+00  4.24213920E-01  3.77478234E+00  7.59623812E-01  3.01515853E-01
 -7.56989848E+00  1.00000000E+00  5.07906552E+00 -1.07075796E+00  4.24196276E-01  3.77627651E+00  7.59645951E-01  3.01663056E-01
 -7.52030457E+00  1.00000000E+00  5.04741192E+00 -1.07113576E+00  4.24140890E-01  3.77777126E+00  7.59668132E-01  3.01810313E-01
 -7.47071066E+00  1.00000000E+00  5.01572638E+00 -1.07061539E+00  4.24164974E-01  3.77612210E+00  7.59612340E-01  3.01650976E-01
 -7.42111676E+00  1.00000000E+00  4.98404083E+00 -1.07009523E+00  4.24193366E-01  3.77447367E+00  7.59556634E-01  3.01491704E-01
 -7.37152285E+00  1.00000000E+00  4.95243491E+00 -1.07026956E+00  4.24202582E-01  3.77469114E+00  7.59610978E-01  3.01508016E-01
 -7.32192894E+00  1.00000000E+00  4.92082900E+00 -1.07044390E+00  4.24206907E-01  3.77490864E+00  7.59665334E-01  3.01524331E-01
 -7.27233503E+00  1.00000000E+00  4.88914915E+00 -1.07070343E+00  4.24193980E-01  3.77626636E+00  7.59608635E-01  3.01665773E-01
 -7.22274112E+00  1.00000000E+00  4.85746931E+00 -1.07096304E+00  4.24165099E-01  3.77762457E+00  7.59551970E-01  3.01807260E-01
 -7.17314721E+00  1.00000000E+00  4.82581717E+00 -1.07044205E+00  4.24205961E-01  3.77593972E+00  7.59523135E-01  3.01641658E-01
 -7.12355330E+00  1.00000000E+00  4.79416503E+00 -1.06992127E+00  4.24217201E-01  3.77425562E+00  7.59494396E-01  3.01476123E-01
 -7.07395940E+00  1.00000000E+00  4.76252574E+00 -1.07014651E+00  4.24216818E-01  3.77452718E+00  7.59555838E-01  3.01497134E-01
 -7.02436549E+00  1.00000000E+00  4.73088644E+00 -1.07037178E+00  4.24215684E-01  3.77479877E+00  7.59617299E-01  3.01518147E-01
 -6.97477158E+00  1.00000000E+00  4.69923316E+00 -1.07076422E+00  4.24197181E-01  3.77630628E+00  7.59647647E-01  3.01665863E-01
 -6.92517767E+00  1.00000000E+00  4.66757989E+00 -1.07115680E+00  4.24138027E-01  3.77781439E+00  7.59678038E-01  3.01813635E-01
 -6.87558376E+00  1.00000000E+00  4.63589572E+00 -1.07064689E+00  4.24159829E-01  3.77616160E+00  7.59629227E-01  3.01653237E-01
 -6.82598985E+00  1.00000000E+00  4.60421154E+00 -1.07013719E+00  4.24186594E-01  3.77450954E+00  7.59580498E-01  3.01492904E-01
 -6.77639594E+00  1.00000000E+00  4.57260339E+00 -1.07028726E+00  4.24194871E-01  3.77470860E+00  7.59621883E-01  3.01508671E-01
 -6.72680204E+00  1.00000000E+00  4.54099523E+00 -1.07043734E+00  4.24200793E-01  3.77490768E+00  7.59663275E-01  3.01524440E-01
 -6.67720813E+00  1.00000000E+00  4.50931531E+00 -1.07069417E+00  4.24193472E-01  3.77626534E+00  7.59601977E-01  3.01666336E-01
 -6.62761422E+00  1.00000000E+00  4.47763540E+00 -1.07095108E+00  4.24170730E-01  3.77762349E+00  7.59540714E-01  3.01808278E-01
 -6.57802031E+00  1.00000000E+00  4.44598257E+00 -1.07043833E+00  4.24208575E-01  3.77595178E+00  7.59516807E-01  3.01643497E-01
 -6.52842640E+00  1.00000000E+00  4.41432973E+00 -1.06992578E+00  4.24218601E-01  3.77428081E+00  7.59492992E-01  3.01478781E-01
 -6.47883249E+00  1.00000000E+00  4.38269135E+00 -1.07015042E+00  4.24218066E-01  3.77455257E+00  7.59554042E-01  3.01499852E-01
 -6.42923858E+00  1.00000000E+00  4.35105296E+00 -1.07037508E+00  4.24217248E-01  3.77482437E+00  7.59615110E-01  3.01520926E-01
 -6.37964468E+00  1.00000000E+00  4.31939875E+00 -1.07075366E+00  4.24199957E-01  3.77629141E+00  7.59639518E-01  3.01665189E-01
 -6.33005077E+00  1.00000000E+00  4.28774455E+00 -1.07113237E+00  4.24145331E-01  3.77775902E+00  7.59663968E-01  3.01809506E-01
 -6.28045686E+00  1.00000000E+00  4.25605852E+00 -1.07061093E+00  4.24168159E-01  3.77611379E+00  7.59608198E-01  3.01650560E-01
 -6.23086295E+00  1.00000000E+00  4.22437249E+00 -1.07008970E+00  4.24194971E-01  3.77446929E+00  7.59552514E-01  3.01491678E-01
 -6.18126904E+00  1.00000000E+00  4.19276560E+00 -1.07027125E+00  4.24203267E-01  3.77469140E+00  7.59610711E-01  3.01508068E-01
 -6.13167513E+00  1.00000000E+00  4.16115872E+00 -1.07045280E+00  4.24206562E-01  3.77491353E+00  7.59668920E-01  3.01524461E-01
 -6.08208123E+00  1.00000000E+00  4.12948028E+00 -1.07070472E+00  4.24192797E-01  3.77626310E+00  7.59610410E-01  3.01665269E-01
 -6.03248732E+00  1.00000000E+00  4.09780184E+00 -1.07095671E+00  4.24163463E-01  3.77761315E+00  7.59551933E-01  3.01806122E-01
 -5.98289341E+00  1.00000000E+00  4.06614673E+00 -1.07044797E+00  4.24205670E-01  3.77595163E+00  7.59526042E-01  3.01642559E-01
 -5.93329950E+00  1.00000000E+00  4.03449161E+00 -1.06993943E+00  4.24216959E-01  3.77429085E+00  7.59500242E-01  3.01479061E-01
 -5.88370559E+00  1.00000000E+00  4.00285133E+00 -1.07016775E+00  4.24214889E-01  3.77454684E+00  7.59566507E-01  3.01498033E-01
 -5.83411168E+00  1.00000000E+00  3.97121104E+00 -1.07039608E+00  4.24210735E-01  3.77480286E+00  7.59632791E-01  3.01517007E-01
 -5.78451777E+00  1.00000000E+00  3.93956284E+00 -1.07076702E+00  4.24189916E-01  3.77631008E+00  7.59648815E-01  3.01666126E-01
 -5.73492387E+00  1.00000000E+00  3.90791464E+00 -1.07113810E+00  4.24137097E-01  3.77781789E+00  7.59664880E-01  3.01815301E-01
 -5.68532996E+00  1.00000000E+00  3.87622127E+00 -1.07053660E+00  4.24172113E-01  3.77601162E+00  7.59579972E-01  3.01643164E-01
 -5.63573605E+00  1.00000000E+00  3.84452790E+00 -1.06993536E+00  4.24208921E-01  3.77420622E+00  7.59495175E-01  3.01471105E-01
 -5.58614214E+00  1.00000000E+00  3.81292754E+00 -1.07017562E+00  4.24225697E-01  3.77451200E+00  7.59578468E-01  3.01493353E-01
 -5.53654823E+00  1.00000000E+00  3.78132719E+00 -1.07041590E+00  4.24228087E-01  3.77481783E+00  7.59661782E-01  3.01515605E-01
 -5.48695432E+00  1.00000000E+00  3.74963934E+00 -1.07067783E+00  4.24195679E-01  3.77615467E+00  7.59622706E-01  3.01653197E-01
 -5.43736041E+00  1.00000000E+00  3.71795149E+00 -1.07093983E+00  4.24140003E-01  3.77749199E+00  7.59583659E-01  3.01790833E-01
 -5.38776651E+00  1.00000000E+00  3.68630979E+00 -1.07042409E+00  4.24190693E-01  3.77581518E+00  7.59546261E-01  3.01626892E-01
 -5.33817260E+00  1.00000000E+00  3.65466809E+00 -1.06990855E+00  4.24209963E-01  3.77413913E+00  7.59508953E-01  3.01463017E-01
 -5.28857869E+00  1.00000000E+00  3.62302723E+00 -1.07015399E+00  4.24214695E-01  3.77444937E+00  7.59576943E-01  3.01487242E-01
 -5.23898478E+00  1.00000000E+00  3.59138638E+00 -1.07039945E+00  4.24218113E-01  3.77475966E+00  7.59644955E-01  3.01511470E-01
 -5.18939087E+00  1.00000000E+00  3.55972549E+00 -1.07074087E+00  4.24199301E-01  3.77631338E+00  7.59638179E-01  3.01667520E-01
 -5.13979696E+00  1.00000000E+00  3.52806459E+00 -1.07108241E+00  4.24149829E-01  3.77786774E+00  7.59631438E-01  3.01823630E-01
 -5.09020305E+00  1.00000000E+00  3.49636905E+00 -1.07050177E+00  4.24185671E-01  3.77599161E+00  7.59562297E-01  3.01642931E-01
 -5.04060915E+00  1.00000000E+00  3.46467351E+00 -1.06992139E+00  4.24216954E-01  3.77411643E+00  7.59493259E-01  3.01462317E-01
 -4.99101524E+00  1.00000000E+00  3.43309619E+00 -1.07016838E+00  4.24218797E-01  3.77451037E+00  7.59575807E-01  3.01493456E-01
 -4.94142133E+00  1.00000000E+00  3.40151886E+00 -1.07041541E+00  4.24205285E-01  3.77490438E+00  7.59658376E-01  3.01524600E-01
 -4.89182742E+00  1.00000000E+00  3.36982686E+00 -1.07063172E+00  4.24186478E-01  3.77581390E+00  7.59652339E-01  3.01616156E-01
 -4.84223351E+00  1.00000000E+00  3.33813487E+00 -1.07084808E+00  4.24152914E-01  3.77672364E+00  7.59646318E-01  3.01707732E-01
 -4.79263960E+00  1.00000000E+00  3.30646553E+00 -1.07047104E+00  4.24174382E-01  3.77559882E+00  7.59604850E-01  3.01599397E-01
 -4.74304569E+00  1.00000000E+00  3.27479619E+00 -1.07009410E+00  4.24189281E-01  3.77447435E+00  7.59563428E-01  3.01491092E-01
 -4.69345179E+00  1.00000000E+00  3.24317059E+00 -1.07026142E+00  4.24190508E-01  3.77478722E+00  7.59592998E-01  3.01519422E-01
 -4.64385788E+00  1.00000000E+00  3.21154499E+00 -1.07042875E+00  4.24195891E-01  3.77510012E+00  7.59622579E-01  3.01547754E-01
 -4.59426397E+00  1.00000000E+00  3.17991319E+00 -1.07087321E+00  4.24184030E-01  3.77655805E+00  7.59679524E-01  3.01687853E-01
 -4.54467006E+00  1.00000000E+00  3.14828138E+00 -1.07131784E+00  4.24126919E-01  3.77801655E+00  7.59736528E-01  3.01828002E-01
 -4.49507615E+00  1.00000000E+00  3.11657871E+00 -1.07130363E+00  4.24118531E-01  3.77842651E+00  7.59664948E-01  3.01876157E-01
 -4.44548224E+00  1.00000000E+00  3.08487605E+00 -1.07128942E+00  4.24103537E-01  3.77883653E+00  7.59593373E-01  3.01924316E-01
 -4.39588833E+00  1.00000000E+00  3.05325430E+00 -1.07056389E+00  4.24148095E-01  3.77644217E+00  7.59541665E-01  3.01690051E-01
 -4.34629443E+00  1.00000000E+00  3.02163255E+00 -1.06983876E+00  4.24205954E-01  3.77404935E+00  7.59490130E-01  3.01455922E-01
 -4.29670052E+00  1.00000000E+00  2.98995581E+00 -1.07033309E+00  4.24210773E-01  3.77571446E+00  7.59518094E-01  3.01619636E-01
 -4.24710661E+00  1.00000000E+00  2.95827908E+00 -1.07082762E+00  4.24160967E-01  3.77738031E+00  7.59546140E-01  3.01783417E-01
 -4.19751270E+00  1.00000000E+00  2.92662933E+00 -1.07026732E+00  4.24210232E-01  3.77547367E+00  7.59502888E-01  3.01597078E-01
 -4.14791879E+00  1.00000000E+00  2.89497959E+00 -1.06970727E+00  4.24259103E-01  3.77356800E+00  7.59459737E-01  3.01410826E-01
 -4.09832488E+00  1.00000000E+00  2.86335031E+00 -1.07003934E+00  4.24247353E-01  3.77431957E+00  7.59554721E-01  3.01476485E-01
 -4.04873097E+00  1.00000000E+00  2.83172104E+00 -1.07037148E+00  4.24183662E-01  3.77507130E+00  7.59649741E-01  3.01542156E-01
 -3.99913707E+00  1.00000000E+00  2.80003359E+00 -1.07037295E+00  4.24173864E-01  3.77498185E+00  7.59633151E-01  3.01534870E-01
 -3.94954316E+00  1.00000000E+00  2.76834615E+00 -1.07037441E+00  4.24190284E-01  3.77489240E+00  7.59616562E-01  3.01527584E-01
 -3.89994925E+00  1.00000000E+00  2.73673370E+00 -1.07091159E+00  4.24165237E-01  3.77718847E+00  7.59627313E-01  3.01756115E-01
 -3.85035534E+00  1.00000000E+00  2.70512124E+00 -1.07144906E+00  4.24100648E-01  3.77948592E+00  7.59638148E-01  3.01984777E-01
 -3.80076143E+00  1.00000000E+00  2.67343673E+00 -1.07081638E+00  4.24130426E-01  3.77753835E+00  7.59561563E-01  3.01797678E-01
 -3.75116752E+00  1.00000000E+00  2.64175222E+00 -1.07018400E+00  4.24163628E-01  3.77559179E+00  7.59485103E-01  3.01610669E-01
 -3.70157361E+00  1.00000000E+00  2.61009415E+00 -1.07049654E+00  4.24171340E-01  3.77633835E+00  7.59519233E-01  3.01681912E-01
 -3.65197971E+00  1.00000000E+00  2.57843608E+00 -1.07080914E+00  4.24160409E-01  3.77708508E+00  7.59553400E-01  3.01753168E-01
 -3.60238580E+00  1.00000000E+00  2.54675679E+00 -1.07071343E+00  4.24166768E-01  3.77657703E+00  7.59544822E-01  3.01703221E-01
 -3.55279189E+00  1.00000000E+00  2.51507751E+00 -1.07061772E+00  4.24207092E-01  3.77606905E+00  7.59536246E-01  3.01653281E-01
 -3.50319798E+00  1.00000000E+00  2.48350190E+00 -1.07053030E+00  4.24233918E-01  3.77553400E+00  7.59588935E-01  3.01594507E-01
 -3.45360407E+00  1.00000000E+00  2.45192628E+00 -1.07044289E+00  4.24239161E-01  3.77499903E+00  7.59641634E-01  3.01535739E-01
 -3.40401016E+00  1.00000000E+00  2.42024161E+00 -1.07081849E+00  4.24202836E-01  3.77679649E+00  7.59626079E-01  3.01717041E-01
 -3.35441626E+00  1.00000000E+00  2.38855693E+00 -1.07119424E+00  4.24119413E-01  3.77859480E+00  7.59610567E-01  3.01898423E-01
 -3.30482235E+00  1.00000000E+00  2.35689727E+00 -1.07055690E+00  4.24150887E-01  3.77654552E+00  7.59541720E-01  3.01700380E-01
 -3.25522844E+00  1.00000000E+00  2.32523761E+00 -1.06991989E+00  4.24184869E-01  3.77449735E+00  7.59472998E-01  3.01502436E-01
 -3.20563453E+00  1.00000000E+00  2.29355111E+00 -1.07006327E+00  4.24210171E-01  3.77442997E+00  7.59518332E-01  3.01491164E-01
 -3.15604062E+00  1.00000000E+00  2.26186461E+00 -1.07020664E+00  4.24232994E-01  3.77436262E+00  7.59563674E-01  3.01479894E-01
 -3.10644671E+00  1.00000000E+00  2.23027274E+00 -1.07020715E+00  4.24239299E-01  3.77428129E+00  7.59617458E-01  3.01466383E-01
 -3.05685280E+00  1.00000000E+00  2.19868088E+00 -1.07020767E+00  4.24209585E-01  3.77419997E+00  7.59671248E-01  3.01452872E-01
 -3.00725890E+00  1.00000000E+00  2.16700566E+00 -1.07064013E+00  4.24178450E-01  3.77608738E+00  7.59652533E-01  3.01643485E-01
 -2.95766499E+00  1.00000000E+00  2.13533043E+00 -1.07107278E+00  4.24116425E-01  3.77797573E+00  7.59633884E-01  3.01834185E-01
 -2.90807108E+00  1.00000000E+00  2.10365488E+00 -1.07056658E+00  4.24145742E-01  3.77622193E+00  7.59610181E-01  3.01661175E-01
 -2.85847717E+00  1.00000000E+00  2.07197932E+00 -1.07006058E+00  4.24174210E-01  3.77446895E+00  7.59586565E-01  3.01488238E-01
 -2.80888326E+00  1.00000000E+00  2.04040024E+00 -1.07082996E+00  4.24142996E-01  3.77702219E+00  7.59633432E-01  3.01738875E-01
 -2.75928935E+00  1.00000000E+00  2.00882117E+00 -1.07159981E+00  4.24085487E-01  3.77957717E+00  7.59680499E-01  3.01989667E-01
 -2.70969544E+00  1.00000000E+00  1.97709141E+00 -1.07109447E+00  4.24120648E-01  3.77835171E+00  7.59550764E-01  3.01880095E-01
 -2.66010154E+00  1.00000000E+00  1.94536164E+00 -1.07058931E+00  4.24167823E-01  3.77712669E+00  7.59421106E-01  3.01770558E-01
 -2.61050763E+00  1.00000000E+00  1.91371501E+00 -1.07039565E+00  4.24209627E-01  3.77598659E+00  7.59477608E-01  3.01650899E-01
 -2.56091372E+00  1.00000000E+00  1.88206839E+00 -1.07020203E+00  4.24239037E-01  3.77484685E+00  7.59534131E-01  3.01531272E-01
 -2.51131981E+00  1.00000000E+00  1.85044521E+00 -1.07025682E+00  4.24246643E-01  3.77481475E+00  7.59569064E-01  3.01524568E-01
 -2.46172590E+00  1.00000000E+00  1.81882204E+00 -1.07031160E+00  4.24241086E-01  3.77478265E+00  7.59603999E-01  3.01517865E-01
 -2.41213199E+00  1.00000000E+00  1.78715714E+00 -1.07067840E+00  4.24214972E-01  3.77624122E+00  7.59613656E-01  3.01662757E-01
 -2.36253808E+00  1.00000000E+00  1.75549223E+00 -1.07104532E+00  4.24148544E-01  3.77770036E+00  7.59623355E-01  3.01807701E-01
 -2.31294418E+00  1.00000000E+00  1.72383518E+00 -1.07050355E+00  4.24186504E-01  3.77597339E+00  7.59567402E-01  3.01640599E-01
 -2.26335027E+00  1.00000000E+00  1.69217813E+00 -1.06996200E+00  4.24224057E-01  3.77424722E+00  7.59511542E-01  3.01473567E-01
 -2.21375636E+00  1.00000000E+00  1.66051420E+00 -1.07011937E+00  4.24225207E-01  3.77420876E+00  7.59583896E-01  3.01462486E-01
 -2.16416245E+00  1.00000000E+00  1.62885028E+00 -1.07027674E+00  4.24215890E-01  3.77417032E+00  7.59656261E-01  3.01451406E-01
 -2.11456854E+00  1.00000000E+00  1.59722967E+00 -1.07038503E+00  4.24202499E-01  3.77508896E+00  7.59615791E-01  3.01547317E-01
 -2.06497463E+00  1.00000000E+00  1.56560907E+00 -1.07049334E+00  4.24170765E-01  3.77600783E+00  7.59575326E-01  3.01643251E-01
 -2.01538072E+00  1.00000000E+00  1.53391383E+00 -1.07050719E+00  4.24152594E-01  3.77566772E+00  7.59605555E-01  3.01606216E-01
 -1.96578682E+00  1.00000000E+00  1.50221859E+00 -1.07052104E+00  4.24163738E-01  3.77532764E+00  7.59635784E-01  3.01569186E-01
 -1.91619291E+00  1.00000000E+00  1.47060255E+00 -1.07052005E+00  4.24174121E-01  3.77574080E+00  7.59608967E-01  3.01613183E-01
 -1.86659900E+00  1.00000000E+00  1.43898651E+00 -1.07051904E+00  4.24148220E-01  3.77615401E+00  7.59582149E-01  3.01657187E-01
 -1.81700509E+00  1.00000000E+00  1.40726795E+00 -1.07049521E+00  4.24129983E-01  3.77558782E+00  7.59608957E-01  3.01597886E-01
 -1.76741118E+00  1.00000000E+00  1.37554940E+00 -1.07047138E+00  4.24140035E-01  3.77502172E+00  7.59635765E-01  3.01538596E-01
 -1.71781727E+00  1.00000000E+00  1.34395242E+00 -1.07029175E+00  4.24126906E-01  3.77468244E+00  7.59605973E-01  3.01507646E-01
 -1.66822336E+00  1.00000000E+00  1.31235545E+00 -1.07011213E+00  4.24083650E-01  3.77434319E+00  7.59576192E-01  3.01476700E-01
 -1.61862946E+00  1.00000000E+00  1.28069923E+00 -1.07013300E+00  4.24056177E-01  3.77390004E+00  7.59621579E-01  3.01427846E-01
 -1.56903555E+00  1.00000000E+00  1.24904301E+00 -1.07015386E+00  4.24045430E-01  3.77345695E+00  7.59666968E-01  3.01378998E-01
 -1.51944164E+00  1.00000000E+00  1.21744850E+00 -1.07049161E+00  4.23961806E-01  3.77456486E+00  7.59766397E-01  3.01479846E-01
 -1.46984773E+00  1.00000000E+00  1.18585399E+00 -1.07082946E+00  4.23799885E-01  3.77567309E+00  7.59865856E-01  3.01580723E-01
 -1.42025382E+00  1.00000000E+00  1.15420772E+00 -1.07018555E+00  4.23762405E-01  3.77335608E+00  7.59818689E-01  3.01353739E-01
 -1.37065991E+00  1.00000000E+00  1.12256144E+00 -1.06954199E+00  4.23729506E-01  3.77104049E+00  7.59771648E-01  3.01126884E-01
 -1.32106600E+00  1.00000000E+00  1.09099632E+00 -1.06992896E+00  4.23657065E-01  3.77174265E+00  7.59871787E-01  3.01187086E-01
 -1.27147210E+00  1.00000000E+00  1.05943121E+00 -1.07031600E+00  4.23533170E-01  3.77244497E+00  7.59971976E-01  3.01247300E-01
 -1.22187819E+00  1.00000000E+00  1.02791154E+00 -1.07010657E+00  4.23434675E-01  3.77135695E+00  7.60019001E-01  3.01133795E-01
 -1.17228428E+00  1.00000000E+00  9.96391860E-01 -1.06989719E+00  4.23318019E-01  3.77026924E+00  7.60066049E-01  3.01020319E-01
 -1.12269037E+00  1.00000000E+00  9.64967650E-01 -1.06973392E+00  4.23196753E-01  3.76913620E+00  7.60120545E-01  3.00901566E-01
 -1.07309646E+00  1.00000000E+00  9.33543440E-01 -1.06957069E+00  4.23079064E-01  3.76800351E+00  7.60175055E-01  3.00782846E-01
 -1.02350255E+00  1.00000000E+00  9.02269629E-01 -1.06937353E+00  4.22925835E-01  3.76660661E+00  7.60298506E-01  3.00630811E-01
 -9.73908645E-01  1.00000000E+00  8.70995818E-01 -1.06917644E+00  4.22764332E-01  3.76521024E+00  7.60422005E-01  3.00478824E-01
 -9.24314736E-01  1.00000000E+00  8.39887877E-01 -1.06892082E+00  4.22653360E-01  3.76458660E+00  7.60349422E-01  3.00423718E-01
 -8.74720828E-01  1.00000000E+00  8.08779936E-01 -1.06866524E+00  4.22553189E-01  3.76396307E+00  7.60276858E-01  3.00368621E-01
 -8.25312107E-01  1.00000000E+00  7.78166896E-01 -1.06871110E+00  4.22468466E-01  3.76304764E+00  7.60469740E-01  3.00257790E-01
 -7.75903387E-01  1.00000000E+00  7.47553856E-01 -1.06875697E+00  4.22416802E-01  3.76213248E+00  7.60662668E-01  3.00146981E-01
 -7.30665613E-01  1.00000000E+00  7.19909628E-01 -1.06902157E+00  4.22627923E-01  3.76345310E+00  7.60592668E-01  3.00286044E-01
 -6.85427839E-01  1.00000000E+00  6.92265400E-01 -1.06928625E+00  4.22833343E-01  3.76477419E+00  7.60522712E-01  3.00425148E-01
 -6.45465100E-01  1.00000000E+00  6.68353120E-01 -1.06928976E+00  4.23273524E-01  3.76745168E+00  7.60106478E-01  3.00734520E-01
 -6.05502361E-01  1.00000000E+00  6.44440840E-01 -1.06929333E+00  4.23813969E-01  3.77013138E+00  7.59690462E-01  3.01044092E-01
 -5.70199545E-01  1.00000000E+00  6.23839889E-01 -1.06970201E+00  4.24542089E-01  3.77456197E+00  7.59280393E-01  3.01528157E-01
 -5.34896729E-01  1.00000000E+00  6.03238937E-01 -1.07011113E+00  4.25443103E-01  3.77899807E+00  7.58870648E-01  3.02012742E-01
 -5.03710456E-01  1.00000000E+00  5.85444557E-01 -1.07175369E+00  4.26582244E-01  3.78800677E+00  7.58481542E-01  3.02952523E-01
 -4.72524184E-01  1.00000000E+00  5.67650177E-01 -1.07339961E+00  4.27890133E-01  3.79703705E+00  7.58093816E-01  3.03894323E-01
 -4.44974441E-01  1.00000000E+00  5.52832774E-01 -1.07574109E+00  4.29716722E-01  3.81095364E+00  7.57392752E-01  3.05356089E-01
 -4.17424698E-01  1.00000000E+00  5.38015371E-01 -1.07808992E+00  4.31737451E-01  3.82492174E+00  7.56694841E-01  3.06822690E-01
 -3.93087440E-01  1.00000000E+00  5.25404409E-01 -1.08015984E+00  4.33692203E-01  3.83880174E+00  7.55890945E-01  3.08291079E-01
 -3.68750182E-01  1.00000000E+00  5.12793448E-01 -1.08223617E+00  4.36239745E-01  3.85273306E+00  7.55089909E-01  3.09764315E-01
 -3.47250809E-01  1.00000000E+00  5.02258477E-01 -1.08377760E+00  4.39255817E-01  3.87364559E+00  7.52851549E-01  3.12079405E-01
 -3.25751437E-01  1.00000000E+00  4.91723506E-01 -1.08532749E+00  4.42697690E-01  3.89468003E+00  7.50621777E-01  3.14405825E-01
 -3.06759035E-01  1.00000000E+00  4.83203886E-01 -1.09026131E+00  4.46231643E-01  3.92069604E+00  7.49746194E-01  3.17094984E-01
 -2.87766633E-01  1.00000000E+00  4.74684267E-01 -1.09522347E+00  4.50165274E-01  3.94688613E+00  7.48881357E-01  3.19800477E-01
 -2.70988873E-01  1.00000000E+00  4.67870734E-01 -1.09817141E+00  4.54710393E-01  3.97728766E+00  7.46185643E-01  3.23110202E-01
 -2.54211113E-01  1.00000000E+00  4.61057200E-01 -1.10114015E+00  4.59560255E-01  4.00793561E+00  7.43505302E-01  3.26443031E-01
 -2.39389755E-01  1.00000000E+00  4.55871963E-01 -1.10562786E+00  4.64739059E-01  4.04244980E+00  7.41266596E-01  3.30118320E-01
 -2.24568396E-01  1.00000000E+00  4.50686726E-01 -1.11014891E+00  4.70287462E-01  4.07726946E+00  7.39044695E-01  3.33822477E-01
 -2.11472015E-01  1.00000000E+00  4.46915322E-01 -1.11568243E+00  4.76236516E-01  4.11821075E+00  7.36587376E-01  3.38162337E-01
 -1.98375634E-01  1.00000000E+00  4.43143918E-01 -1.12126375E+00  4.82551479E-01  4.15957298E+00  7.34152884E-01  3.42542010E-01
 -1.85977157E-01  1.00000000E+00  4.40746622E-01 -1.12917486E+00  4.90037835E-01  4.21142595E+00  7.31695314E-01  3.47973063E-01
 -1.73578680E-01  1.00000000E+00  4.38349326E-01 -1.13717042E+00  4.98015459E-01  4.26393437E+00  7.29272649E-01  3.53466172E-01
 -1.61180203E-01  1.00000000E+00  4.36853636E-01 -1.14280608E+00  5.08085914E-01  4.32702295E+00  7.24191264E-01  3.60283168E-01
 -1.48781726E-01  1.00000000E+00  4.35357946E-01 -1.14851664E+00  5.18766908E-01  4.39109733E+00  7.19163748E-01  3.67193358E-01
 -1.36383248E-01  1.00000000E+00  4.37635570E-01 -1.15925681E+00  5.32040607E-01  4.48275249E+00  7.13732980E-01  3.76901951E-01
 -1.23984771E-01  1.00000000E+00  4.39913195E-01 -1.17018832E+00  5.46861551E-01  4.57638338E+00  7.08395684E-01  3.86798769E-01
 -1.11586294E-01  1.00000000E+00  4.38271635E-01 -1.18580544E+00  5.66976010E-01  4.68742460E+00  7.03515676E-01  3.98390893E-01
 -9.91878171E-02  1.00000000E+00  4.36630075E-01 -1.20174741E+00  5.87461632E-01  4.80120421E+00  6.98767244E-01  4.10243697E-01
 -8.67893400E-02  1.00000000E+00  4.67467920E-01 -1.18717341E+00  6.18241886E-01  5.03020458E+00  6.67117042E-01  4.36308753E-01
 -7.43908628E-02  1.00000000E+00  4.98305764E-01 -1.17229293E+00  6.60014337E-01  5.27304751E+00  6.36617930E-01  4.63642958E-01
 -6.19923857E-02  1.00000000E+00  4.42006580E-01 -1.12953017E+00  7.08971472E-01  5.29790134E+00  6.16229468E-01  4.68167187E-01
 -4.95939085E-02  1.00000000E+00  3.85707396E-01 -1.08687491E+00  7.39577642E-01  5.32450411E+00  5.96570081E-01  4.72793403E-01
 -3.71954314E-02  1.00000000E+00  7.75271015E-01 -1.61870091E+00  8.25652939E-01  6.72817594E+00  7.10921528E-01  6.01725441E-01
 -2.47969543E-02  1.00000000E+00  1.16483463E+00 -2.30473663E+00  1.01386912E+00  8.55858732E+00  8.94635675E-01  7.66395165E-01
 -1.23984771E-02  1.00000000E+00  3.22574295E-01  5.21862965E-01  1.79018060E+00  7.77866646E+00  3.44619151E-01  7.43404731E-01
  0.00000000E+00  1.00000000E+00 -5.19686044E-01  4.27538846E+00  3.83704749E+00  1.20845612E+01  1.71725913E+00  1.03673021E+00
