   1.13510132E+00   1.13510133E+00   1.13510135E+00   1.13510139E+00   1.13510144E+00   1.13510152E+00   1.13510162E+00   1.13510174E+00   1.13510189E+00   1.13510208E+00   1.13510230E+00   1.13510256E+00   1.13510287E+00   1.13510324E+00   1.13510367E+00   1.13510418E+00   1.13510477E+00   1.13510545E+00   1.13510625E+00   1.13510716E+00   1.13510821E+00   1.13510942E+00   1.13511080E+00   1.13511237E+00   1.13511415E+00   1.13511617E+00   1.13511844E+00   1.13512101E+00   1.13512387E+00   1.13512707E+00   1.13513062E+00   1.13513457E+00   1.13513893E+00   1.13514372E+00   1.13514896E+00   1.13515469E+00   1.13516091E+00   1.13516762E+00   1.13517481E+00   1.13518250E+00   1.13519063E+00   1.13519915E+00   1.13520802E+00   1.13521716E+00   1.13522645E+00   1.13523569E+00   1.13524474E+00   1.13525332E+00   1.13526117E+00   1.13526782E+00   1.13527292E+00   1.13527582E+00   1.13527601E+00   1.13527252E+00   1.13526469E+00   1.13525121E+00   1.13523104E+00   1.13520242E+00   1.13516402E+00   1.13511345E+00   1.13504906E+00   1.13496775E+00   1.13486721E+00   1.13474293E+00   1.13459216E+00   1.13441032E+00   1.13419346E+00   1.13393447E+00   1.13362931E+00   1.13326957E+00   1.13284944E+00   1.13235884E+00   1.13179107E+00   1.13113313E+00   1.13037705E+00   1.12950822E+00   1.12851728E+00   1.12738573E+00   1.12610206E+00   1.12464684E+00   1.12300924E+00   1.12116411E+00   1.11909493E+00   1.11677769E+00   1.11419825E+00   1.11134956E+00   1.10819336E+00   1.10495327E+00   1.10140868E+00   1.09784168E+00   1.09397665E+00   1.09014060E+00   1.08602965E+00   1.08198201E+00   1.07768209E+00   1.07347317E+00   1.06903222E+00   1.06474245E+00   1.06024210E+00   1.05588897E+00   1.05136451E+00   1.04708533E+00   1.04264650E+00   1.03816928E+00   1.03355743E+00   1.02882502E+00   1.02397915E+00   1.01935820E+00   1.01488901E+00   1.00872400E+00   1.00000000E+00
   1.12731858E+00   1.12731858E+00   1.12731860E+00   1.12731863E+00   1.12731867E+00   1.12731873E+00   1.12731881E+00   1.12731891E+00   1.12731904E+00   1.12731919E+00   1.12731937E+00   1.12731959E+00   1.12731986E+00   1.12732017E+00   1.12732054E+00   1.12732097E+00   1.12732147E+00   1.12732207E+00   1.12732275E+00   1.12732355E+00   1.12732447E+00   1.12732553E+00   1.12732674E+00   1.12732813E+00   1.12732971E+00   1.12733151E+00   1.12733354E+00   1.12733584E+00   1.12733842E+00   1.12734131E+00   1.12734453E+00   1.12734812E+00   1.12735210E+00   1.12735650E+00   1.12736132E+00   1.12736662E+00   1.12737239E+00   1.12737865E+00   1.12738539E+00   1.12739263E+00   1.12740033E+00   1.12740846E+00   1.12741697E+00   1.12742583E+00   1.12743491E+00   1.12744406E+00   1.12745315E+00   1.12746196E+00   1.12747025E+00   1.12747760E+00   1.12748371E+00   1.12748802E+00   1.12749005E+00   1.12748894E+00   1.12748409E+00   1.12747433E+00   1.12745871E+00   1.12743561E+00   1.12740382E+00   1.12736115E+00   1.12730607E+00   1.12723573E+00   1.12714798E+00   1.12703861E+00   1.12690506E+00   1.12674305E+00   1.12654887E+00   1.12631584E+00   1.12604013E+00   1.12571382E+00   1.12533138E+00   1.12488321E+00   1.12436294E+00   1.12375818E+00   1.12306127E+00   1.12225819E+00   1.12133992E+00   1.12028867E+00   1.11909329E+00   1.11773491E+00   1.11620302E+00   1.11447331E+00   1.11252958E+00   1.11034826E+00   1.10791565E+00   1.10522428E+00   1.10223712E+00   1.09916518E+00   1.09579984E+00   1.09240907E+00   1.08873090E+00   1.08507689E+00   1.08115707E+00   1.07729322E+00   1.07318676E+00   1.06916749E+00   1.06492481E+00   1.06082497E+00   1.05652673E+00   1.05237371E+00   1.04805825E+00   1.04397844E+00   1.03976203E+00   1.03552920E+00   1.03117768E+00   1.02673065E+00   1.02220559E+00   1.01792272E+00   1.01382233E+00   1.00812777E+00   1.00000000E+00
   1.12140090E+00   1.12140090E+00   1.12140091E+00   1.12140094E+00   1.12140097E+00   1.12140103E+00   1.12140109E+00   1.12140118E+00   1.12140129E+00   1.12140142E+00   1.12140157E+00   1.12140177E+00   1.12140199E+00   1.12140227E+00   1.12140259E+00   1.12140297E+00   1.12140342E+00   1.12140394E+00   1.12140456E+00   1.12140527E+00   1.12140610E+00   1.12140705E+00   1.12140815E+00   1.12140941E+00   1.12141084E+00   1.12141248E+00   1.12141434E+00   1.12141645E+00   1.12141882E+00   1.12142148E+00   1.12142446E+00   1.12142779E+00   1.12143149E+00   1.12143559E+00   1.12144010E+00   1.12144507E+00   1.12145051E+00   1.12145641E+00   1.12146280E+00   1.12146969E+00   1.12147705E+00   1.12148486E+00   1.12149308E+00   1.12150167E+00   1.12151055E+00   1.12151957E+00   1.12152862E+00   1.12153751E+00   1.12154603E+00   1.12155379E+00   1.12156053E+00   1.12156574E+00   1.12156899E+00   1.12156947E+00   1.12156664E+00   1.12155942E+00   1.12154694E+00   1.12152768E+00   1.12150052E+00   1.12146342E+00   1.12141494E+00   1.12135240E+00   1.12127378E+00   1.12117512E+00   1.12105398E+00   1.12090631E+00   1.12072858E+00   1.12051444E+00   1.12026024E+00   1.11995841E+00   1.11960365E+00   1.11918674E+00   1.11870155E+00   1.11813616E+00   1.11748319E+00   1.11672904E+00   1.11586500E+00   1.11487382E+00   1.11374462E+00   1.11245901E+00   1.11100673E+00   1.10936412E+00   1.10751527E+00   1.10543697E+00   1.10311586E+00   1.10054419E+00   1.09768588E+00   1.09474237E+00   1.09151415E+00   1.08825838E+00   1.08472356E+00   1.08120932E+00   1.07743649E+00   1.07371435E+00   1.06975715E+00   1.06588416E+00   1.06179469E+00   1.05784184E+00   1.05369979E+00   1.04970132E+00   1.04554751E+00   1.04162186E+00   1.03757607E+00   1.03352978E+00   1.02937747E+00   1.02514792E+00   1.02086468E+00   1.01683576E+00   1.01301143E+00   1.00767126E+00   1.00000000E+00
   1.13436255E+00   1.13436256E+00   1.13436258E+00   1.13436262E+00   1.13436269E+00   1.13436277E+00   1.13436288E+00   1.13436301E+00   1.13436317E+00   1.13436337E+00   1.13436360E+00   1.13436388E+00   1.13436421E+00   1.13436460E+00   1.13436506E+00   1.13436559E+00   1.13436621E+00   1.13436693E+00   1.13436775E+00   1.13436871E+00   1.13436980E+00   1.13437104E+00   1.13437246E+00   1.13437408E+00   1.13437590E+00   1.13437796E+00   1.13438027E+00   1.13438287E+00   1.13438576E+00   1.13438899E+00   1.13439256E+00   1.13439650E+00   1.13440085E+00   1.13440560E+00   1.13441079E+00   1.13441642E+00   1.13442250E+00   1.13442902E+00   1.13443598E+00   1.13444336E+00   1.13445110E+00   1.13445915E+00   1.13446744E+00   1.13447586E+00   1.13448428E+00   1.13449248E+00   1.13450029E+00   1.13450739E+00   1.13451350E+00   1.13451811E+00   1.13452084E+00   1.13452097E+00   1.13451796E+00   1.13451079E+00   1.13449871E+00   1.13448033E+00   1.13445460E+00   1.13441965E+00   1.13437409E+00   1.13431547E+00   1.13424196E+00   1.13415030E+00   1.13403818E+00   1.13390122E+00   1.13373652E+00   1.13353902E+00   1.13330476E+00   1.13302682E+00   1.13270086E+00   1.13231838E+00   1.13187362E+00   1.13135651E+00   1.13076023E+00   1.13007216E+00   1.12928426E+00   1.12838205E+00   1.12735605E+00   1.12618862E+00   1.12486872E+00   1.12337724E+00   1.12170230E+00   1.11981972E+00   1.11771450E+00   1.11536364E+00   1.11275249E+00   1.10987694E+00   1.10669853E+00   1.10344154E+00   1.09988561E+00   1.09631931E+00   1.09246349E+00   1.08864208E+00   1.08455094E+00   1.08052835E+00   1.07626007E+00   1.07209403E+00   1.06770205E+00   1.06345467E+00   1.05900475E+00   1.05471796E+00   1.05025705E+00   1.04600758E+00   1.04159893E+00   1.03718553E+00   1.03264112E+00   1.02796016E+00   1.02313462E+00   1.01836806E+00   1.01374289E+00   1.00790750E+00   1.00000000E+00
   1.13129082E+00   1.13129083E+00   1.13129085E+00   1.13129089E+00   1.13129095E+00   1.13129102E+00   1.13129112E+00   1.13129124E+00   1.13129139E+00   1.13129158E+00   1.13129180E+00   1.13129206E+00   1.13129236E+00   1.13129273E+00   1.13129316E+00   1.13129366E+00   1.13129424E+00   1.13129491E+00   1.13129569E+00   1.13129659E+00   1.13129762E+00   1.13129881E+00   1.13130015E+00   1.13130169E+00   1.13130343E+00   1.13130539E+00   1.13130760E+00   1.13131009E+00   1.13131286E+00   1.13131596E+00   1.13131939E+00   1.13132319E+00   1.13132738E+00   1.13133198E+00   1.13133700E+00   1.13134247E+00   1.13134838E+00   1.13135473E+00   1.13136153E+00   1.13136875E+00   1.13137635E+00   1.13138429E+00   1.13139249E+00   1.13140085E+00   1.13140927E+00   1.13141752E+00   1.13142546E+00   1.13143278E+00   1.13143922E+00   1.13144429E+00   1.13144764E+00   1.13144858E+00   1.13144659E+00   1.13144070E+00   1.13143020E+00   1.13141374E+00   1.13139032E+00   1.13135815E+00   1.13131589E+00   1.13126114E+00   1.13119218E+00   1.13110583E+00   1.13099985E+00   1.13087000E+00   1.13071345E+00   1.13052530E+00   1.13030168E+00   1.13003584E+00   1.12972354E+00   1.12935650E+00   1.12892907E+00   1.12843137E+00   1.12785674E+00   1.12719279E+00   1.12643160E+00   1.12555896E+00   1.12456552E+00   1.12343391E+00   1.12215322E+00   1.12070456E+00   1.11907620E+00   1.11724430E+00   1.11519394E+00   1.11290231E+00   1.11035493E+00   1.10754745E+00   1.10444193E+00   1.10125730E+00   1.09777841E+00   1.09428763E+00   1.09051155E+00   1.08676749E+00   1.08275755E+00   1.07881312E+00   1.07462720E+00   1.07054162E+00   1.06623347E+00   1.06206633E+00   1.05770165E+00   1.05349814E+00   1.04912333E+00   1.04495491E+00   1.04063710E+00   1.03632170E+00   1.03187657E+00   1.02729878E+00   1.02258719E+00   1.01793520E+00   1.01342851E+00   1.00773090E+00   1.00000000E+00
   1.12904688E+00   1.12904689E+00   1.12904691E+00   1.12904695E+00   1.12904700E+00   1.12904707E+00   1.12904716E+00   1.12904728E+00   1.12904742E+00   1.12904759E+00   1.12904780E+00   1.12904805E+00   1.12904834E+00   1.12904869E+00   1.12904909E+00   1.12904957E+00   1.12905012E+00   1.12905077E+00   1.12905152E+00   1.12905238E+00   1.12905337E+00   1.12905451E+00   1.12905580E+00   1.12905728E+00   1.12905896E+00   1.12906086E+00   1.12906299E+00   1.12906540E+00   1.12906809E+00   1.12907109E+00   1.12907442E+00   1.12907812E+00   1.12908220E+00   1.12908668E+00   1.12909158E+00   1.12909692E+00   1.12910271E+00   1.12910894E+00   1.12911562E+00   1.12912272E+00   1.12913022E+00   1.12913806E+00   1.12914618E+00   1.12915450E+00   1.12916289E+00   1.12917118E+00   1.12917919E+00   1.12918665E+00   1.12919330E+00   1.12919868E+00   1.12920245E+00   1.12920394E+00   1.12920266E+00   1.12919766E+00   1.12918825E+00   1.12917314E+00   1.12915135E+00   1.12912112E+00   1.12908118E+00   1.12902918E+00   1.12896343E+00   1.12888085E+00   1.12877924E+00   1.12865445E+00   1.12850371E+00   1.12832223E+00   1.12810622E+00   1.12784905E+00   1.12754656E+00   1.12719061E+00   1.12677563E+00   1.12629191E+00   1.12573289E+00   1.12508635E+00   1.12434448E+00   1.12349323E+00   1.12252337E+00   1.12141773E+00   1.12016550E+00   1.11874798E+00   1.11715351E+00   1.11535851E+00   1.11334815E+00   1.11109974E+00   1.10859893E+00   1.10584123E+00   1.10278907E+00   1.09965749E+00   1.09623512E+00   1.09279978E+00   1.08908234E+00   1.08539521E+00   1.08144516E+00   1.07755852E+00   1.07343346E+00   1.06940730E+00   1.06516122E+00   1.06105357E+00   1.05675187E+00   1.05260984E+00   1.04829872E+00   1.04419025E+00   1.03993848E+00   1.03569357E+00   1.03132040E+00   1.02681726E+00   1.02218691E+00   1.01761655E+00   1.01319385E+00   1.00759706E+00   1.00000000E+00
   1.13320831E+00   1.13320832E+00   1.13320835E+00   1.13320839E+00   1.13320846E+00   1.13320854E+00   1.13320865E+00   1.13320879E+00   1.13320895E+00   1.13320916E+00   1.13320940E+00   1.13320968E+00   1.13321002E+00   1.13321042E+00   1.13321088E+00   1.13321143E+00   1.13321205E+00   1.13321278E+00   1.13321362E+00   1.13321458E+00   1.13321568E+00   1.13321693E+00   1.13321836E+00   1.13321997E+00   1.13322180E+00   1.13322386E+00   1.13322616E+00   1.13322874E+00   1.13323162E+00   1.13323481E+00   1.13323834E+00   1.13324224E+00   1.13324652E+00   1.13325119E+00   1.13325627E+00   1.13326177E+00   1.13326769E+00   1.13327402E+00   1.13328074E+00   1.13328783E+00   1.13329524E+00   1.13330289E+00   1.13331072E+00   1.13331858E+00   1.13332636E+00   1.13333381E+00   1.13334075E+00   1.13334684E+00   1.13335178E+00   1.13335506E+00   1.13335627E+00   1.13335466E+00   1.13334968E+00   1.13334027E+00   1.13332566E+00   1.13330441E+00   1.13327547E+00   1.13323693E+00   1.13318737E+00   1.13312429E+00   1.13304583E+00   1.13294871E+00   1.13283056E+00   1.13268706E+00   1.13251525E+00   1.13230994E+00   1.13206720E+00   1.13178019E+00   1.13144446E+00   1.13105161E+00   1.13059590E+00   1.13006737E+00   1.12945916E+00   1.12875892E+00   1.12795866E+00   1.12704414E+00   1.12600586E+00   1.12482673E+00   1.12349591E+00   1.12199456E+00   1.12031048E+00   1.11842056E+00   1.11631056E+00   1.11395785E+00   1.11134732E+00   1.10847669E+00   1.10530812E+00   1.10206497E+00   1.09852715E+00   1.09498354E+00   1.09115614E+00   1.08736543E+00   1.08330938E+00   1.07932465E+00   1.07509735E+00   1.07097506E+00   1.06663036E+00   1.06242712E+00   1.05802471E+00   1.05378639E+00   1.04937272E+00   1.04515895E+00   1.04079029E+00   1.03642426E+00   1.03192064E+00   1.02728310E+00   1.02250499E+00   1.01770855E+00   1.01311223E+00   1.00754758E+00   1.00000000E+00
   1.13201780E+00   1.13201781E+00   1.13201783E+00   1.13201788E+00   1.13201794E+00   1.13201802E+00   1.13201813E+00   1.13201826E+00   1.13201842E+00   1.13201862E+00   1.13201885E+00   1.13201913E+00   1.13201946E+00   1.13201985E+00   1.13202030E+00   1.13202083E+00   1.13202144E+00   1.13202215E+00   1.13202297E+00   1.13202391E+00   1.13202498E+00   1.13202621E+00   1.13202761E+00   1.13202919E+00   1.13203098E+00   1.13203300E+00   1.13203527E+00   1.13203780E+00   1.13204063E+00   1.13204377E+00   1.13204725E+00   1.13205109E+00   1.13205531E+00   1.13205992E+00   1.13206494E+00   1.13207037E+00   1.13207623E+00   1.13208250E+00   1.13208917E+00   1.13209620E+00   1.13210357E+00   1.13211119E+00   1.13211899E+00   1.13212685E+00   1.13213464E+00   1.13214214E+00   1.13214916E+00   1.13215537E+00   1.13216049E+00   1.13216399E+00   1.13216550E+00   1.13216427E+00   1.13215977E+00   1.13215094E+00   1.13213704E+00   1.13211666E+00   1.13208875E+00   1.13205144E+00   1.13200334E+00   1.13194195E+00   1.13186548E+00   1.13177067E+00   1.13165518E+00   1.13151475E+00   1.13134644E+00   1.13114514E+00   1.13090696E+00   1.13062510E+00   1.13029520E+00   1.12990889E+00   1.12946053E+00   1.12894019E+00   1.12834110E+00   1.12765101E+00   1.12686196E+00   1.12595981E+00   1.12493513E+00   1.12377093E+00   1.12245641E+00   1.12097283E+00   1.11930805E+00   1.11743907E+00   1.11535170E+00   1.11302336E+00   1.11043904E+00   1.10759632E+00   1.10445756E+00   1.10124395E+00   1.09773753E+00   1.09422464E+00   1.09042954E+00   1.08667008E+00   1.08264677E+00   1.07869343E+00   1.07449911E+00   1.07040888E+00   1.06609738E+00   1.06192568E+00   1.05755659E+00   1.05335049E+00   1.04896986E+00   1.04478668E+00   1.04045234E+00   1.03612299E+00   1.03165552E+00   1.02705483E+00   1.02231787E+00   1.01756189E+00   1.01300736E+00   1.00748907E+00   1.00000000E+00
   1.13115434E+00   1.13115435E+00   1.13115437E+00   1.13115442E+00   1.13115448E+00   1.13115456E+00   1.13115466E+00   1.13115479E+00   1.13115495E+00   1.13115514E+00   1.13115537E+00   1.13115564E+00   1.13115596E+00   1.13115634E+00   1.13115679E+00   1.13115730E+00   1.13115791E+00   1.13115860E+00   1.13115941E+00   1.13116033E+00   1.13116139E+00   1.13116260E+00   1.13116397E+00   1.13116554E+00   1.13116730E+00   1.13116929E+00   1.13117153E+00   1.13117404E+00   1.13117683E+00   1.13117994E+00   1.13118338E+00   1.13118718E+00   1.13119135E+00   1.13119592E+00   1.13120089E+00   1.13120628E+00   1.13121209E+00   1.13121831E+00   1.13122494E+00   1.13123193E+00   1.13123926E+00   1.13124685E+00   1.13125464E+00   1.13126250E+00   1.13127030E+00   1.13127783E+00   1.13128490E+00   1.13129119E+00   1.13129642E+00   1.13130008E+00   1.13130180E+00   1.13130084E+00   1.13129666E+00   1.13128825E+00   1.13127485E+00   1.13125508E+00   1.13122790E+00   1.13119146E+00   1.13114438E+00   1.13108421E+00   1.13100914E+00   1.13091596E+00   1.13080237E+00   1.13066412E+00   1.13049832E+00   1.13029987E+00   1.13006493E+00   1.12978677E+00   1.12946102E+00   1.12907940E+00   1.12863628E+00   1.12812182E+00   1.12752927E+00   1.12684644E+00   1.12606544E+00   1.12517217E+00   1.12415726E+00   1.12300378E+00   1.12170099E+00   1.12023019E+00   1.11857931E+00   1.11672542E+00   1.11465437E+00   1.11234361E+00   1.10977820E+00   1.10695564E+00   1.10383845E+00   1.10064623E+00   1.09716256E+00   1.09367191E+00   1.08990027E+00   1.08616352E+00   1.08216404E+00   1.07823361E+00   1.07406334E+00   1.06999647E+00   1.06570921E+00   1.06156059E+00   1.05721579E+00   1.05303315E+00   1.04867663E+00   1.04451584E+00   1.04020605E+00   1.03590268E+00   1.03146118E+00   1.02688701E+00   1.02217919E+00   1.01745209E+00   1.01292726E+00   1.00744347E+00   1.00000000E+00
   1.20486764E+00   1.20486766E+00   1.20486772E+00   1.20486780E+00   1.20486789E+00   1.20486800E+00   1.20486812E+00   1.20486827E+00   1.20486844E+00   1.20486864E+00   1.20486890E+00   1.20486921E+00   1.20486960E+00   1.20487009E+00   1.20487068E+00   1.20487141E+00   1.20487230E+00   1.20487338E+00   1.20487468E+00   1.20487624E+00   1.20487808E+00   1.20488027E+00   1.20488284E+00   1.20488587E+00   1.20488939E+00   1.20489346E+00   1.20489816E+00   1.20490359E+00   1.20490981E+00   1.20491690E+00   1.20492496E+00   1.20493417E+00   1.20494460E+00   1.20495636E+00   1.20496957E+00   1.20498443E+00   1.20500106E+00   1.20501956E+00   1.20504008E+00   1.20506290E+00   1.20508810E+00   1.20511581E+00   1.20514618E+00   1.20517945E+00   1.20521571E+00   1.20525505E+00   1.20529745E+00   1.20534303E+00   1.20539176E+00   1.20544343E+00   1.20549797E+00   1.20555525E+00   1.20561508E+00   1.20567673E+00   1.20573954E+00   1.20580226E+00   1.20586436E+00   1.20592433E+00   1.20598051E+00   1.20603066E+00   1.20607344E+00   1.20610531E+00   1.20612250E+00   1.20611891E+00   1.20609335E+00   1.20604238E+00   1.20595844E+00   1.20582993E+00   1.20565187E+00   1.20541206E+00   1.20510410E+00   1.20471403E+00   1.20422811E+00   1.20362549E+00   1.20289881E+00   1.20202741E+00   1.20099051E+00   1.19975714E+00   1.19831918E+00   1.19665142E+00   1.19471834E+00   1.19246900E+00   1.18990127E+00   1.18698386E+00   1.18365297E+00   1.17987480E+00   1.17564268E+00   1.17126286E+00   1.16637243E+00   1.16134357E+00   1.15584133E+00   1.15034391E+00   1.14438883E+00   1.13846167E+00   1.13207501E+00   1.12571901E+00   1.11895791E+00   1.11237802E+00   1.10537990E+00   1.09850534E+00   1.09127079E+00   1.08432694E+00   1.07699648E+00   1.06945390E+00   1.06153856E+00   1.05328527E+00   1.04465234E+00   1.03575171E+00   1.02644303E+00   1.01482892E+00   1.00000000E+00
   1.16386753E+00   1.16386754E+00   1.16386756E+00   1.16386757E+00   1.16386759E+00   1.16386759E+00   1.16386759E+00   1.16386759E+00   1.16386758E+00   1.16386758E+00   1.16386760E+00   1.16386763E+00   1.16386769E+00   1.16386779E+00   1.16386793E+00   1.16386814E+00   1.16386842E+00   1.16386881E+00   1.16386931E+00   1.16386995E+00   1.16387075E+00   1.16387174E+00   1.16387297E+00   1.16387447E+00   1.16387627E+00   1.16387842E+00   1.16388096E+00   1.16388400E+00   1.16388755E+00   1.16389170E+00   1.16389652E+00   1.16390214E+00   1.16390863E+00   1.16391612E+00   1.16392467E+00   1.16393448E+00   1.16394565E+00   1.16395830E+00   1.16397259E+00   1.16398876E+00   1.16400693E+00   1.16402728E+00   1.16404995E+00   1.16407524E+00   1.16410332E+00   1.16413438E+00   1.16416851E+00   1.16420597E+00   1.16424687E+00   1.16429127E+00   1.16433928E+00   1.16439107E+00   1.16444671E+00   1.16450593E+00   1.16456846E+00   1.16463376E+00   1.16470172E+00   1.16477163E+00   1.16484250E+00   1.16491314E+00   1.16498283E+00   1.16504934E+00   1.16511017E+00   1.16516117E+00   1.16520167E+00   1.16522945E+00   1.16523889E+00   1.16522153E+00   1.16517383E+00   1.16508641E+00   1.16495400E+00   1.16476561E+00   1.16451060E+00   1.16417210E+00   1.16374329E+00   1.16320672E+00   1.16254568E+00   1.16173410E+00   1.16076296E+00   1.15960839E+00   1.15824317E+00   1.15662618E+00   1.15474901E+00   1.15258058E+00   1.15007458E+00   1.14719946E+00   1.14393543E+00   1.14051617E+00   1.13667419E+00   1.13270009E+00   1.12831708E+00   1.12390570E+00   1.11909889E+00   1.11428694E+00   1.10909257E+00   1.10391575E+00   1.09838331E+00   1.09297895E+00   1.08722899E+00   1.08157184E+00   1.07559914E+00   1.06985965E+00   1.06381480E+00   1.05760366E+00   1.05107562E+00   1.04426475E+00   1.03713234E+00   1.02976502E+00   1.02209957E+00   1.01247554E+00   1.00000000E+00
   1.14101746E+00   1.14101746E+00   1.14101746E+00   1.14101746E+00   1.14101746E+00   1.14101743E+00   1.14101740E+00   1.14101736E+00   1.14101731E+00   1.14101725E+00   1.14101720E+00   1.14101715E+00   1.14101711E+00   1.14101709E+00   1.14101709E+00   1.14101713E+00   1.14101721E+00   1.14101736E+00   1.14101757E+00   1.14101788E+00   1.14101830E+00   1.14101885E+00   1.14101956E+00   1.14102046E+00   1.14102158E+00   1.14102295E+00   1.14102461E+00   1.14102664E+00   1.14102907E+00   1.14103195E+00   1.14103534E+00   1.14103936E+00   1.14104408E+00   1.14104960E+00   1.14105597E+00   1.14106338E+00   1.14107190E+00   1.14108168E+00   1.14109283E+00   1.14110560E+00   1.14112009E+00   1.14113650E+00   1.14115496E+00   1.14117577E+00   1.14119911E+00   1.14122521E+00   1.14125419E+00   1.14128635E+00   1.14132185E+00   1.14136084E+00   1.14140351E+00   1.14145013E+00   1.14150086E+00   1.14155562E+00   1.14161434E+00   1.14167679E+00   1.14174302E+00   1.14181265E+00   1.14188504E+00   1.14195951E+00   1.14203559E+00   1.14211168E+00   1.14218597E+00   1.14225531E+00   1.14231919E+00   1.14237602E+00   1.14242131E+00   1.14244830E+00   1.14245421E+00   1.14243127E+00   1.14237479E+00   1.14227553E+00   1.14212473E+00   1.14190780E+00   1.14161833E+00   1.14124094E+00   1.14076140E+00   1.14015663E+00   1.13941733E+00   1.13852107E+00   1.13744555E+00   1.13615511E+00   1.13463819E+00   1.13286479E+00   1.13079862E+00   1.12840980E+00   1.12567253E+00   1.12278159E+00   1.11952061E+00   1.11613459E+00   1.11238029E+00   1.10858380E+00   1.10443214E+00   1.10026075E+00   1.09575231E+00   1.09125500E+00   1.08643471E+00   1.08171426E+00   1.07669039E+00   1.07174340E+00   1.06651039E+00   1.06147751E+00   1.05618457E+00   1.05074952E+00   1.04502869E+00   1.03905306E+00   1.03278651E+00   1.02630760E+00   1.01959241E+00   1.01111075E+00   1.00000000E+00
   1.18181260E+00   1.18181263E+00   1.18181271E+00   1.18181281E+00   1.18181294E+00   1.18181310E+00   1.18181330E+00   1.18181353E+00   1.18181382E+00   1.18181416E+00   1.18181458E+00   1.18181508E+00   1.18181569E+00   1.18181641E+00   1.18181727E+00   1.18181830E+00   1.18181951E+00   1.18182093E+00   1.18182260E+00   1.18182455E+00   1.18182681E+00   1.18182944E+00   1.18183246E+00   1.18183595E+00   1.18183993E+00   1.18184448E+00   1.18184965E+00   1.18185553E+00   1.18186217E+00   1.18186965E+00   1.18187805E+00   1.18188748E+00   1.18189800E+00   1.18190972E+00   1.18192271E+00   1.18193709E+00   1.18195292E+00   1.18197031E+00   1.18198932E+00   1.18201006E+00   1.18203256E+00   1.18205686E+00   1.18208298E+00   1.18211091E+00   1.18214061E+00   1.18217197E+00   1.18220483E+00   1.18223896E+00   1.18227410E+00   1.18230979E+00   1.18234563E+00   1.18238085E+00   1.18241490E+00   1.18244651E+00   1.18247477E+00   1.18249782E+00   1.18251450E+00   1.18252245E+00   1.18251965E+00   1.18250292E+00   1.18246985E+00   1.18241597E+00   1.18233787E+00   1.18222936E+00   1.18208681E+00   1.18190362E+00   1.18167339E+00   1.18138584E+00   1.18103520E+00   1.18060903E+00   1.18009960E+00   1.17949293E+00   1.17877818E+00   1.17793738E+00   1.17696037E+00   1.17582730E+00   1.17452313E+00   1.17302315E+00   1.17131398E+00   1.16937011E+00   1.16717081E+00   1.16468151E+00   1.16188765E+00   1.15875902E+00   1.15526556E+00   1.15140092E+00   1.14712607E+00   1.14274448E+00   1.13794294E+00   1.13311136E+00   1.12788626E+00   1.12271019E+00   1.11715976E+00   1.11169660E+00   1.10588753E+00   1.10020135E+00   1.09420257E+00   1.08839677E+00   1.08229482E+00   1.07639668E+00   1.07024433E+00   1.06436504E+00   1.05823767E+00   1.05207203E+00   1.04569135E+00   1.03909119E+00   1.03225063E+00   1.02532149E+00   1.01841955E+00   1.01026979E+00   1.00000000E+00
   1.16220404E+00   1.16220406E+00   1.16220411E+00   1.16220418E+00   1.16220426E+00   1.16220435E+00   1.16220447E+00   1.16220461E+00   1.16220478E+00   1.16220499E+00   1.16220525E+00   1.16220557E+00   1.16220597E+00   1.16220645E+00   1.16220704E+00   1.16220775E+00   1.16220861E+00   1.16220963E+00   1.16221084E+00   1.16221228E+00   1.16221396E+00   1.16221594E+00   1.16221825E+00   1.16222093E+00   1.16222403E+00   1.16222760E+00   1.16223170E+00   1.16223639E+00   1.16224174E+00   1.16224783E+00   1.16225472E+00   1.16226251E+00   1.16227128E+00   1.16228112E+00   1.16229212E+00   1.16230440E+00   1.16231803E+00   1.16233313E+00   1.16234978E+00   1.16236811E+00   1.16238817E+00   1.16241006E+00   1.16243383E+00   1.16245952E+00   1.16248716E+00   1.16251673E+00   1.16254816E+00   1.16258132E+00   1.16261608E+00   1.16265215E+00   1.16268927E+00   1.16272689E+00   1.16276463E+00   1.16280155E+00   1.16283698E+00   1.16286949E+00   1.16289814E+00   1.16292107E+00   1.16293667E+00   1.16294234E+00   1.16293608E+00   1.16291414E+00   1.16287373E+00   1.16280959E+00   1.16271852E+00   1.16259484E+00   1.16243308E+00   1.16222431E+00   1.16196348E+00   1.16163957E+00   1.16124542E+00   1.16076853E+00   1.16019951E+00   1.15952196E+00   1.15872626E+00   1.15779416E+00   1.15671239E+00   1.15545804E+00   1.15401812E+00   1.15236849E+00   1.15049121E+00   1.14835454E+00   1.14594244E+00   1.14322594E+00   1.14018075E+00   1.13679836E+00   1.13303760E+00   1.12916539E+00   1.12491266E+00   1.12062262E+00   1.11596656E+00   1.11133881E+00   1.10636531E+00   1.10145782E+00   1.09623371E+00   1.09111465E+00   1.08570136E+00   1.08045085E+00   1.07493104E+00   1.06959141E+00   1.06401081E+00   1.05866859E+00   1.05310749E+00   1.04751640E+00   1.04171789E+00   1.03570786E+00   1.02948086E+00   1.02318230E+00   1.01692872E+00   1.00948458E+00   1.00000000E+00
   1.15144678E+00   1.15144679E+00   1.15144683E+00   1.15144688E+00   1.15144694E+00   1.15144701E+00   1.15144709E+00   1.15144719E+00   1.15144731E+00   1.15144747E+00   1.15144766E+00   1.15144791E+00   1.15144821E+00   1.15144859E+00   1.15144906E+00   1.15144963E+00   1.15145032E+00   1.15145116E+00   1.15145216E+00   1.15145336E+00   1.15145477E+00   1.15145644E+00   1.15145840E+00   1.15146070E+00   1.15146336E+00   1.15146645E+00   1.15147001E+00   1.15147411E+00   1.15147881E+00   1.15148417E+00   1.15149027E+00   1.15149720E+00   1.15150503E+00   1.15151386E+00   1.15152377E+00   1.15153488E+00   1.15154726E+00   1.15156104E+00   1.15157630E+00   1.15159317E+00   1.15161173E+00   1.15163207E+00   1.15165426E+00   1.15167839E+00   1.15170448E+00   1.15173256E+00   1.15176259E+00   1.15179452E+00   1.15182823E+00   1.15186354E+00   1.15190023E+00   1.15193788E+00   1.15197618E+00   1.15201434E+00   1.15205182E+00   1.15208738E+00   1.15212021E+00   1.15214869E+00   1.15217141E+00   1.15218610E+00   1.15219093E+00   1.15218256E+00   1.15215852E+00   1.15211403E+00   1.15204613E+00   1.15194965E+00   1.15181963E+00   1.15164785E+00   1.15142968E+00   1.15115490E+00   1.15081671E+00   1.15040345E+00   1.14990652E+00   1.14931046E+00   1.14860601E+00   1.14777591E+00   1.14680783E+00   1.14568000E+00   1.14437976E+00   1.14288386E+00   1.14117582E+00   1.13922552E+00   1.13701648E+00   1.13452059E+00   1.13171629E+00   1.12859421E+00   1.12511308E+00   1.12151964E+00   1.11756757E+00   1.11357485E+00   1.10923309E+00   1.10490985E+00   1.10025787E+00   1.09566122E+00   1.09076394E+00   1.08596186E+00   1.08087763E+00   1.07594030E+00   1.07074787E+00   1.06572260E+00   1.06046563E+00   1.05542812E+00   1.05018602E+00   1.04491760E+00   1.03944851E+00   1.03377409E+00   1.02789536E+00   1.02195567E+00   1.01607140E+00   1.00902981E+00   1.00000000E+00
   1.15663417E+00   1.15663419E+00   1.15663425E+00   1.15663434E+00   1.15663447E+00   1.15663463E+00   1.15663482E+00   1.15663507E+00   1.15663536E+00   1.15663572E+00   1.15663614E+00   1.15663665E+00   1.15663724E+00   1.15663794E+00   1.15663875E+00   1.15663970E+00   1.15664081E+00   1.15664208E+00   1.15664355E+00   1.15664525E+00   1.15664718E+00   1.15664940E+00   1.15665192E+00   1.15665478E+00   1.15665801E+00   1.15666166E+00   1.15666577E+00   1.15667037E+00   1.15667551E+00   1.15668124E+00   1.15668760E+00   1.15669465E+00   1.15670242E+00   1.15671097E+00   1.15672032E+00   1.15673053E+00   1.15674161E+00   1.15675359E+00   1.15676648E+00   1.15678028E+00   1.15679496E+00   1.15681048E+00   1.15682676E+00   1.15684367E+00   1.15686110E+00   1.15687881E+00   1.15689658E+00   1.15691402E+00   1.15693081E+00   1.15694636E+00   1.15696018E+00   1.15697137E+00   1.15697930E+00   1.15698265E+00   1.15698048E+00   1.15697098E+00   1.15695291E+00   1.15692395E+00   1.15688224E+00   1.15682474E+00   1.15674915E+00   1.15665139E+00   1.15652846E+00   1.15637495E+00   1.15618734E+00   1.15595940E+00   1.15568598E+00   1.15535848E+00   1.15497166E+00   1.15451505E+00   1.15398184E+00   1.15336008E+00   1.15264106E+00   1.15180992E+00   1.15085747E+00   1.14976697E+00   1.14852653E+00   1.14711600E+00   1.14552325E+00   1.14372663E+00   1.14171058E+00   1.13944799E+00   1.13692450E+00   1.13411463E+00   1.13099773E+00   1.12757277E+00   1.12379987E+00   1.11994645E+00   1.11574529E+00   1.11154055E+00   1.10700719E+00   1.10252646E+00   1.09773644E+00   1.09303658E+00   1.08805409E+00   1.08319701E+00   1.07808357E+00   1.07314202E+00   1.06796582E+00   1.06298205E+00   1.05779379E+00   1.05284129E+00   1.04770190E+00   1.04256069E+00   1.03725479E+00   1.03178875E+00   1.02615354E+00   1.02045619E+00   1.01493605E+00   1.00846082E+00   1.00000000E+00
   1.14786005E+00   1.14786007E+00   1.14786012E+00   1.14786020E+00   1.14786030E+00   1.14786043E+00   1.14786060E+00   1.14786080E+00   1.14786105E+00   1.14786135E+00   1.14786171E+00   1.14786213E+00   1.14786264E+00   1.14786324E+00   1.14786394E+00   1.14786477E+00   1.14786573E+00   1.14786684E+00   1.14786814E+00   1.14786963E+00   1.14787135E+00   1.14787332E+00   1.14787557E+00   1.14787813E+00   1.14788105E+00   1.14788435E+00   1.14788807E+00   1.14789227E+00   1.14789697E+00   1.14790224E+00   1.14790811E+00   1.14791464E+00   1.14792187E+00   1.14792986E+00   1.14793864E+00   1.14794827E+00   1.14795878E+00   1.14797021E+00   1.14798257E+00   1.14799590E+00   1.14801017E+00   1.14802536E+00   1.14804145E+00   1.14805832E+00   1.14807591E+00   1.14809402E+00   1.14811248E+00   1.14813099E+00   1.14814925E+00   1.14816680E+00   1.14818321E+00   1.14819771E+00   1.14820976E+00   1.14821819E+00   1.14822221E+00   1.14822019E+00   1.14821103E+00   1.14819264E+00   1.14816338E+00   1.14812047E+00   1.14806181E+00   1.14798368E+00   1.14788336E+00   1.14775588E+00   1.14759790E+00   1.14740367E+00   1.14716845E+00   1.14688423E+00   1.14654609E+00   1.14614420E+00   1.14567202E+00   1.14511824E+00   1.14447479E+00   1.14372747E+00   1.14286735E+00   1.14187838E+00   1.14074943E+00   1.13946103E+00   1.13800132E+00   1.13634918E+00   1.13449017E+00   1.13239816E+00   1.13005822E+00   1.12744535E+00   1.12454114E+00   1.12134308E+00   1.11781081E+00   1.11419461E+00   1.11024702E+00   1.10629016E+00   1.10201575E+00   1.09778327E+00   1.09325313E+00   1.08880180E+00   1.08407893E+00   1.07947132E+00   1.07461398E+00   1.06991385E+00   1.06498886E+00   1.06024403E+00   1.05529890E+00   1.05057295E+00   1.04567098E+00   1.04076829E+00   1.03570136E+00   1.03047569E+00   1.02508961E+00   1.01964542E+00   1.01438111E+00   1.00817299E+00   1.00000000E+00
   1.14303016E+00   1.14303018E+00   1.14303022E+00   1.14303029E+00   1.14303038E+00   1.14303050E+00   1.14303065E+00   1.14303083E+00   1.14303106E+00   1.14303133E+00   1.14303165E+00   1.14303204E+00   1.14303250E+00   1.14303305E+00   1.14303369E+00   1.14303445E+00   1.14303534E+00   1.14303637E+00   1.14303757E+00   1.14303895E+00   1.14304055E+00   1.14304239E+00   1.14304449E+00   1.14304689E+00   1.14304962E+00   1.14305273E+00   1.14305623E+00   1.14306019E+00   1.14306464E+00   1.14306963E+00   1.14307520E+00   1.14308141E+00   1.14308830E+00   1.14309594E+00   1.14310434E+00   1.14311359E+00   1.14312370E+00   1.14313473E+00   1.14314669E+00   1.14315961E+00   1.14317350E+00   1.14318833E+00   1.14320410E+00   1.14322071E+00   1.14323810E+00   1.14325611E+00   1.14327460E+00   1.14329328E+00   1.14331191E+00   1.14333003E+00   1.14334729E+00   1.14336297E+00   1.14337656E+00   1.14338699E+00   1.14339353E+00   1.14339466E+00   1.14338932E+00   1.14337557E+00   1.14335186E+00   1.14331558E+00   1.14326472E+00   1.14319574E+00   1.14310610E+00   1.14299101E+00   1.14284731E+00   1.14266947E+00   1.14245297E+00   1.14219012E+00   1.14187621E+00   1.14150173E+00   1.14106034E+00   1.14054108E+00   1.13993624E+00   1.13923198E+00   1.13841959E+00   1.13748339E+00   1.13641266E+00   1.13518838E+00   1.13379885E+00   1.13222333E+00   1.13044790E+00   1.12844703E+00   1.12620564E+00   1.12369907E+00   1.12090986E+00   1.11783486E+00   1.11443396E+00   1.11094792E+00   1.10713941E+00   1.10331876E+00   1.09918746E+00   1.09509281E+00   1.09070731E+00   1.08639482E+00   1.08181680E+00   1.07734846E+00   1.07263491E+00   1.06807086E+00   1.06328706E+00   1.05867667E+00   1.05386920E+00   1.04927201E+00   1.04450391E+00   1.03973540E+00   1.03480439E+00   1.02971632E+00   1.02447246E+00   1.01917337E+00   1.01405600E+00   1.00800257E+00   1.00000000E+00
   1.24331105E+00   1.24331105E+00   1.24331117E+00   1.24331156E+00   1.24331207E+00   1.24331258E+00   1.24331309E+00   1.24331358E+00   1.24331407E+00   1.24331457E+00   1.24331508E+00   1.24331561E+00   1.24331623E+00   1.24331700E+00   1.24331788E+00   1.24331894E+00   1.24332027E+00   1.24332196E+00   1.24332405E+00   1.24332670E+00   1.24332993E+00   1.24333384E+00   1.24333849E+00   1.24334406E+00   1.24335066E+00   1.24335844E+00   1.24336754E+00   1.24337829E+00   1.24339080E+00   1.24340522E+00   1.24342165E+00   1.24344054E+00   1.24346233E+00   1.24348732E+00   1.24351551E+00   1.24354743E+00   1.24358348E+00   1.24362410E+00   1.24366963E+00   1.24372092E+00   1.24377834E+00   1.24384217E+00   1.24391258E+00   1.24399042E+00   1.24407672E+00   1.24417207E+00   1.24427608E+00   1.24438944E+00   1.24451285E+00   1.24464674E+00   1.24479126E+00   1.24494721E+00   1.24511489E+00   1.24529326E+00   1.24548108E+00   1.24567758E+00   1.24588383E+00   1.24609831E+00   1.24631795E+00   1.24654076E+00   1.24676615E+00   1.24698961E+00   1.24720472E+00   1.24740354E+00   1.24758653E+00   1.24774962E+00   1.24788035E+00   1.24796160E+00   1.24798645E+00   1.24793821E+00   1.24781078E+00   1.24758601E+00   1.24724115E+00   1.24674817E+00   1.24610059E+00   1.24527180E+00   1.24423031E+00   1.24293463E+00   1.24137856E+00   1.23953197E+00   1.23733940E+00   1.23473097E+00   1.23171786E+00   1.22826680E+00   1.22428258E+00   1.21972040E+00   1.21458902E+00   1.20926558E+00   1.20329911E+00   1.19714642E+00   1.19040656E+00   1.18366888E+00   1.17636256E+00   1.16908280E+00   1.16123738E+00   1.15343217E+00   1.14511848E+00   1.13701850E+00   1.12841217E+00   1.11996803E+00   1.11107224E+00   1.10251354E+00   1.09349991E+00   1.08425923E+00   1.07454802E+00   1.06441900E+00   1.05383883E+00   1.04282000E+00   1.03121092E+00   1.01723166E+00   1.00000000E+00
   1.18670227E+00   1.18670205E+00   1.18670172E+00   1.18670178E+00   1.18670202E+00   1.18670232E+00   1.18670266E+00   1.18670300E+00   1.18670334E+00   1.18670368E+00   1.18670398E+00   1.18670424E+00   1.18670450E+00   1.18670479E+00   1.18670507E+00   1.18670536E+00   1.18670573E+00   1.18670626E+00   1.18670695E+00   1.18670790E+00   1.18670913E+00   1.18671066E+00   1.18671257E+00   1.18671496E+00   1.18671793E+00   1.18672155E+00   1.18672595E+00   1.18673135E+00   1.18673786E+00   1.18674554E+00   1.18675448E+00   1.18676504E+00   1.18677756E+00   1.18679233E+00   1.18680931E+00   1.18682894E+00   1.18685159E+00   1.18687765E+00   1.18690742E+00   1.18694164E+00   1.18698067E+00   1.18702486E+00   1.18707443E+00   1.18713024E+00   1.18719327E+00   1.18726424E+00   1.18734304E+00   1.18743053E+00   1.18752753E+00   1.18763486E+00   1.18775290E+00   1.18788280E+00   1.18802522E+00   1.18818006E+00   1.18834698E+00   1.18852636E+00   1.18871946E+00   1.18892610E+00   1.18914471E+00   1.18937494E+00   1.18961677E+00   1.18986788E+00   1.19012459E+00   1.19038234E+00   1.19064150E+00   1.19089959E+00   1.19114833E+00   1.19137653E+00   1.19157948E+00   1.19174455E+00   1.19186622E+00   1.19193095E+00   1.19192247E+00   1.19181836E+00   1.19161100E+00   1.19127825E+00   1.19079640E+00   1.19013079E+00   1.18927155E+00   1.18818903E+00   1.18684355E+00   1.18518123E+00   1.18319776E+00   1.18085681E+00   1.17809342E+00   1.17486437E+00   1.17115322E+00   1.16722902E+00   1.16278228E+00   1.15815024E+00   1.15301367E+00   1.14781985E+00   1.14213780E+00   1.13643054E+00   1.13025325E+00   1.12408489E+00   1.11747291E+00   1.11099535E+00   1.10409785E+00   1.09731033E+00   1.09012919E+00   1.08320344E+00   1.07591330E+00   1.06844169E+00   1.06057670E+00   1.05235917E+00   1.04374740E+00   1.03475896E+00   1.02535916E+00   1.01406222E+00   1.00000000E+00
   1.15730303E+00   1.15730273E+00   1.15730223E+00   1.15730216E+00   1.15730231E+00   1.15730255E+00   1.15730287E+00   1.15730321E+00   1.15730357E+00   1.15730393E+00   1.15730425E+00   1.15730452E+00   1.15730477E+00   1.15730501E+00   1.15730521E+00   1.15730538E+00   1.15730557E+00   1.15730583E+00   1.15730618E+00   1.15730668E+00   1.15730733E+00   1.15730816E+00   1.15730922E+00   1.15731059E+00   1.15731236E+00   1.15731458E+00   1.15731733E+00   1.15732081E+00   1.15732509E+00   1.15733024E+00   1.15733633E+00   1.15734363E+00   1.15735245E+00   1.15736303E+00   1.15737535E+00   1.15738978E+00   1.15740662E+00   1.15742626E+00   1.15744894E+00   1.15747529E+00   1.15750566E+00   1.15754040E+00   1.15757976E+00   1.15762452E+00   1.15767554E+00   1.15773354E+00   1.15779857E+00   1.15787147E+00   1.15795302E+00   1.15804414E+00   1.15814529E+00   1.15825763E+00   1.15838189E+00   1.15851839E+00   1.15866719E+00   1.15882899E+00   1.15900500E+00   1.15919559E+00   1.15939990E+00   1.15961817E+00   1.15985061E+00   1.16009583E+00   1.16035153E+00   1.16061466E+00   1.16088547E+00   1.16116236E+00   1.16143917E+00   1.16170766E+00   1.16196430E+00   1.16219873E+00   1.16240586E+00   1.16257480E+00   1.16269281E+00   1.16274075E+00   1.16271093E+00   1.16258421E+00   1.16234118E+00   1.16195141E+00   1.16140388E+00   1.16067068E+00   1.15972044E+00   1.15850750E+00   1.15702072E+00   1.15522397E+00   1.15306787E+00   1.15051091E+00   1.14752630E+00   1.14432843E+00   1.14067750E+00   1.13684704E+00   1.13256355E+00   1.12819960E+00   1.12339838E+00   1.11854965E+00   1.11328459E+00   1.10801253E+00   1.10233764E+00   1.09675678E+00   1.09080318E+00   1.08493223E+00   1.07870370E+00   1.07268558E+00   1.06634960E+00   1.05985225E+00   1.05300025E+00   1.04582643E+00   1.03828939E+00   1.03041728E+00   1.02222501E+00   1.01236531E+00   1.00000000E+00
   1.21274685E+00   1.21274682E+00   1.21274688E+00   1.21274727E+00   1.21274790E+00   1.21274875E+00   1.21274983E+00   1.21275115E+00   1.21275271E+00   1.21275455E+00   1.21275666E+00   1.21275909E+00   1.21276186E+00   1.21276504E+00   1.21276863E+00   1.21277271E+00   1.21277733E+00   1.21278257E+00   1.21278848E+00   1.21279517E+00   1.21280270E+00   1.21281116E+00   1.21282062E+00   1.21283123E+00   1.21284307E+00   1.21285630E+00   1.21287100E+00   1.21288736E+00   1.21290550E+00   1.21292556E+00   1.21294763E+00   1.21297192E+00   1.21299863E+00   1.21302794E+00   1.21305988E+00   1.21309466E+00   1.21313242E+00   1.21317335E+00   1.21321749E+00   1.21326500E+00   1.21331596E+00   1.21337031E+00   1.21342795E+00   1.21348879E+00   1.21355290E+00   1.21362003E+00   1.21368959E+00   1.21376111E+00   1.21383418E+00   1.21390801E+00   1.21398175E+00   1.21405404E+00   1.21412402E+00   1.21418935E+00   1.21424832E+00   1.21429797E+00   1.21433685E+00   1.21436121E+00   1.21436756E+00   1.21435125E+00   1.21430895E+00   1.21423420E+00   1.21412172E+00   1.21396282E+00   1.21375281E+00   1.21348275E+00   1.21314393E+00   1.21272261E+00   1.21221149E+00   1.21159472E+00   1.21086331E+00   1.21000058E+00   1.20899232E+00   1.20781721E+00   1.20646437E+00   1.20491114E+00   1.20313951E+00   1.20112173E+00   1.19884407E+00   1.19627937E+00   1.19340356E+00   1.19017899E+00   1.18659367E+00   1.18261799E+00   1.17821754E+00   1.17339287E+00   1.16810155E+00   1.16272463E+00   1.15687886E+00   1.15104117E+00   1.14477041E+00   1.13859861E+00   1.13202079E+00   1.12558385E+00   1.11877787E+00   1.11215362E+00   1.10519579E+00   1.09849107E+00   1.09148017E+00   1.08473501E+00   1.07772375E+00   1.07104421E+00   1.06411912E+00   1.05718884E+00   1.05003528E+00   1.04266056E+00   1.03505873E+00   1.02736596E+00   1.01970988E+00   1.01087911E+00   1.00000000E+00
   1.18211304E+00   1.18211295E+00   1.18211288E+00   1.18211312E+00   1.18211357E+00   1.18211421E+00   1.18211507E+00   1.18211613E+00   1.18211742E+00   1.18211893E+00   1.18212067E+00   1.18212268E+00   1.18212497E+00   1.18212758E+00   1.18213053E+00   1.18213388E+00   1.18213767E+00   1.18214196E+00   1.18214680E+00   1.18215228E+00   1.18215844E+00   1.18216538E+00   1.18217316E+00   1.18218190E+00   1.18219168E+00   1.18220265E+00   1.18221489E+00   1.18222856E+00   1.18224377E+00   1.18226068E+00   1.18227938E+00   1.18230009E+00   1.18232297E+00   1.18234823E+00   1.18237594E+00   1.18240633E+00   1.18243956E+00   1.18247586E+00   1.18251532E+00   1.18255816E+00   1.18260453E+00   1.18265450E+00   1.18270810E+00   1.18276540E+00   1.18282651E+00   1.18289142E+00   1.18295984E+00   1.18303156E+00   1.18310636E+00   1.18318385E+00   1.18326350E+00   1.18334441E+00   1.18342608E+00   1.18350690E+00   1.18358577E+00   1.18366049E+00   1.18372992E+00   1.18379134E+00   1.18384218E+00   1.18387883E+00   1.18389859E+00   1.18389632E+00   1.18386805E+00   1.18380674E+00   1.18370824E+00   1.18356514E+00   1.18337036E+00   1.18311250E+00   1.18278536E+00   1.18237520E+00   1.18187357E+00   1.18126598E+00   1.18054079E+00   1.17967873E+00   1.17866916E+00   1.17749163E+00   1.17613090E+00   1.17456129E+00   1.17276908E+00   1.17072854E+00   1.16841977E+00   1.16580861E+00   1.16287961E+00   1.15960394E+00   1.15595541E+00   1.15192970E+00   1.14748187E+00   1.14293191E+00   1.13796497E+00   1.13298409E+00   1.12760663E+00   1.12228883E+00   1.11660144E+00   1.11101621E+00   1.10509621E+00   1.09932152E+00   1.09323746E+00   1.08735742E+00   1.08120019E+00   1.07526690E+00   1.06908497E+00   1.06318261E+00   1.05706210E+00   1.05093571E+00   1.04459914E+00   1.03805215E+00   1.03129965E+00   1.02447941E+00   1.01771770E+00   1.00984006E+00   1.00000000E+00
   1.16631456E+00   1.16631446E+00   1.16631436E+00   1.16631454E+00   1.16631491E+00   1.16631548E+00   1.16631624E+00   1.16631721E+00   1.16631837E+00   1.16631975E+00   1.16632134E+00   1.16632317E+00   1.16632525E+00   1.16632763E+00   1.16633030E+00   1.16633333E+00   1.16633676E+00   1.16634063E+00   1.16634499E+00   1.16634991E+00   1.16635546E+00   1.16636169E+00   1.16636869E+00   1.16637655E+00   1.16638535E+00   1.16639523E+00   1.16640626E+00   1.16641860E+00   1.16643235E+00   1.16644766E+00   1.16646463E+00   1.16648346E+00   1.16650431E+00   1.16652738E+00   1.16655276E+00   1.16658068E+00   1.16661130E+00   1.16664485E+00   1.16668146E+00   1.16672134E+00   1.16676467E+00   1.16681158E+00   1.16686216E+00   1.16691650E+00   1.16697475E+00   1.16703699E+00   1.16710305E+00   1.16717284E+00   1.16724621E+00   1.16732295E+00   1.16740266E+00   1.16748467E+00   1.16756863E+00   1.16765327E+00   1.16773775E+00   1.16782026E+00   1.16789981E+00   1.16797416E+00   1.16804120E+00   1.16809784E+00   1.16814169E+00   1.16816831E+00   1.16817437E+00   1.16815365E+00   1.16810237E+00   1.16801392E+00   1.16788208E+00   1.16769664E+00   1.16745202E+00   1.16713568E+00   1.16673964E+00   1.16625055E+00   1.16565808E+00   1.16494424E+00   1.16409875E+00   1.16310243E+00   1.16194139E+00   1.16059134E+00   1.15903882E+00   1.15725907E+00   1.15523408E+00   1.15293163E+00   1.15033527E+00   1.14741674E+00   1.14415321E+00   1.14053831E+00   1.13652746E+00   1.13240854E+00   1.12790014E+00   1.12336715E+00   1.11845910E+00   1.11359223E+00   1.10837633E+00   1.10324321E+00   1.09779330E+00   1.09246949E+00   1.08685088E+00   1.08141119E+00   1.07570896E+00   1.07020852E+00   1.06447024E+00   1.05898410E+00   1.05329270E+00   1.04759411E+00   1.04169395E+00   1.03559027E+00   1.02929208E+00   1.02293847E+00   1.01665396E+00   1.00928311E+00   1.00000000E+00
   1.17253562E+00   1.17253540E+00   1.17253500E+00   1.17253484E+00   1.17253481E+00   1.17253494E+00   1.17253526E+00   1.17253576E+00   1.17253643E+00   1.17253727E+00   1.17253829E+00   1.17253949E+00   1.17254087E+00   1.17254245E+00   1.17254423E+00   1.17254622E+00   1.17254845E+00   1.17255093E+00   1.17255369E+00   1.17255676E+00   1.17256015E+00   1.17256389E+00   1.17256801E+00   1.17257255E+00   1.17257753E+00   1.17258300E+00   1.17258898E+00   1.17259552E+00   1.17260264E+00   1.17261037E+00   1.17261872E+00   1.17262772E+00   1.17263742E+00   1.17264782E+00   1.17265889E+00   1.17267062E+00   1.17268299E+00   1.17269598E+00   1.17270949E+00   1.17272343E+00   1.17273772E+00   1.17275211E+00   1.17276643E+00   1.17278032E+00   1.17279363E+00   1.17280589E+00   1.17281659E+00   1.17282508E+00   1.17283082E+00   1.17283293E+00   1.17283059E+00   1.17282245E+00   1.17280765E+00   1.17278421E+00   1.17275080E+00   1.17270492E+00   1.17264512E+00   1.17256832E+00   1.17247199E+00   1.17235235E+00   1.17220662E+00   1.17202984E+00   1.17181827E+00   1.17156542E+00   1.17126727E+00   1.17091667E+00   1.17050771E+00   1.17003049E+00   1.16947934E+00   1.16884257E+00   1.16811296E+00   1.16727780E+00   1.16632741E+00   1.16524600E+00   1.16402428E+00   1.16264492E+00   1.16109543E+00   1.15935510E+00   1.15741196E+00   1.15524446E+00   1.15283657E+00   1.15016106E+00   1.14720467E+00   1.14394310E+00   1.14035528E+00   1.13644507E+00   1.13217001E+00   1.12783543E+00   1.12314081E+00   1.11847127E+00   1.11346423E+00   1.10854083E+00   1.10330258E+00   1.09818584E+00   1.09278414E+00   1.08753983E+00   1.08203721E+00   1.07673673E+00   1.07120366E+00   1.06589288E+00   1.06037827E+00   1.05512630E+00   1.04969348E+00   1.04427610E+00   1.03869518E+00   1.03295819E+00   1.02706294E+00   1.02110983E+00   1.01534399E+00   1.00865323E+00   1.00000000E+00
   1.15787913E+00   1.15787897E+00   1.15787868E+00   1.15787862E+00   1.15787871E+00   1.15787898E+00   1.15787943E+00   1.15788007E+00   1.15788090E+00   1.15788191E+00   1.15788311E+00   1.15788449E+00   1.15788607E+00   1.15788786E+00   1.15788987E+00   1.15789211E+00   1.15789461E+00   1.15789738E+00   1.15790045E+00   1.15790385E+00   1.15790761E+00   1.15791175E+00   1.15791631E+00   1.15792133E+00   1.15792685E+00   1.15793293E+00   1.15793959E+00   1.15794688E+00   1.15795485E+00   1.15796355E+00   1.15797301E+00   1.15798328E+00   1.15799441E+00   1.15800645E+00   1.15801940E+00   1.15803331E+00   1.15804817E+00   1.15806402E+00   1.15808082E+00   1.15809853E+00   1.15811714E+00   1.15813651E+00   1.15815654E+00   1.15817701E+00   1.15819781E+00   1.15821863E+00   1.15823913E+00   1.15825884E+00   1.15827733E+00   1.15829395E+00   1.15830807E+00   1.15831861E+00   1.15832489E+00   1.15832534E+00   1.15831889E+00   1.15830345E+00   1.15827772E+00   1.15823915E+00   1.15818563E+00   1.15811388E+00   1.15802142E+00   1.15790390E+00   1.15775816E+00   1.15757841E+00   1.15736094E+00   1.15709928E+00   1.15678818E+00   1.15641870E+00   1.15598560E+00   1.15547813E+00   1.15488928E+00   1.15420722E+00   1.15342328E+00   1.15252245E+00   1.15149559E+00   1.15032619E+00   1.14900276E+00   1.14750530E+00   1.14582191E+00   1.14393147E+00   1.14181935E+00   1.13945927E+00   1.13683677E+00   1.13392763E+00   1.13071351E+00   1.12719509E+00   1.12333002E+00   1.11939394E+00   1.11511762E+00   1.11085065E+00   1.10625967E+00   1.10173086E+00   1.09690052E+00   1.09217006E+00   1.08716605E+00   1.08229880E+00   1.07718081E+00   1.07224043E+00   1.06707648E+00   1.06211305E+00   1.05695040E+00   1.05202522E+00   1.04692780E+00   1.04184170E+00   1.03659366E+00   1.03119080E+00   1.02563593E+00   1.02002771E+00   1.01460811E+00   1.00827350E+00   1.00000000E+00
   1.15033871E+00   1.15033857E+00   1.15033836E+00   1.15033837E+00   1.15033853E+00   1.15033887E+00   1.15033940E+00   1.15034012E+00   1.15034103E+00   1.15034212E+00   1.15034340E+00   1.15034487E+00   1.15034655E+00   1.15034844E+00   1.15035054E+00   1.15035289E+00   1.15035550E+00   1.15035839E+00   1.15036159E+00   1.15036512E+00   1.15036902E+00   1.15037332E+00   1.15037805E+00   1.15038325E+00   1.15038897E+00   1.15039527E+00   1.15040217E+00   1.15040973E+00   1.15041801E+00   1.15042706E+00   1.15043691E+00   1.15044763E+00   1.15045927E+00   1.15047190E+00   1.15048554E+00   1.15050024E+00   1.15051601E+00   1.15053292E+00   1.15055095E+00   1.15057009E+00   1.15059035E+00   1.15061163E+00   1.15063390E+00   1.15065696E+00   1.15068073E+00   1.15070499E+00   1.15072947E+00   1.15075377E+00   1.15077753E+00   1.15080019E+00   1.15082124E+00   1.15083971E+00   1.15085502E+00   1.15086577E+00   1.15087104E+00   1.15086894E+00   1.15085826E+00   1.15083670E+00   1.15080237E+00   1.15075222E+00   1.15068396E+00   1.15059356E+00   1.15047811E+00   1.15033221E+00   1.15015233E+00   1.14993237E+00   1.14966742E+00   1.14934903E+00   1.14897219E+00   1.14852667E+00   1.14800567E+00   1.14739781E+00   1.14669488E+00   1.14588237E+00   1.14495132E+00   1.14388566E+00   1.14267437E+00   1.14129794E+00   1.13974458E+00   1.13799347E+00   1.13603055E+00   1.13383013E+00   1.13137743E+00   1.12864832E+00   1.12562543E+00   1.12230802E+00   1.11865448E+00   1.11492489E+00   1.11086538E+00   1.10680739E+00   1.10243337E+00   1.09811108E+00   1.09349464E+00   1.08896726E+00   1.08417233E+00   1.07950347E+00   1.07458861E+00   1.06983891E+00   1.06487022E+00   1.06009071E+00   1.05511513E+00   1.05036405E+00   1.04544465E+00   1.04053423E+00   1.03546380E+00   1.03023988E+00   1.02486707E+00   1.01944367E+00   1.01420962E+00   1.00806649E+00   1.00000000E+00
