# curve 5 (die wall), step =      700, time =   5.60000000E+02
# N1 = tau_xx - tau_yy = G ( c_xx - c_yy ),  G =  9.5000E-01  (polymer part only)
#              x               y        pressure            c_xy        gammadot            c_xx            c_yy              N1
 -3.00000000E+00  1.00000000E+00  2.70049087E+00 -4.00087246E-01  4.00009819E-01  1.31980741E+00  1.00007753E+00  3.03743378E-01
 -2.95108291E+00  1.00000000E+00  2.66125990E+00 -4.00109671E-01  4.00012087E-01  1.31981294E+00  1.00008849E+00  3.03738231E-01
 -2.90216582E+00  1.00000000E+00  2.62202893E+00 -4.00132096E-01  4.00018925E-01  1.31981848E+00  1.00009944E+00  3.03733083E-01
 -2.85324873E+00  1.00000000E+00  2.58291514E+00 -4.00128056E-01  4.00001515E-01  1.31975260E+00  1.00011630E+00  3.03654482E-01
 -2.80433164E+00  1.00000000E+00  2.54380135E+00 -4.00124016E-01  3.99973305E-01  1.31968673E+00  1.00013317E+00  3.03575884E-01
 -2.75541455E+00  1.00000000E+00  2.50464627E+00 -4.00089905E-01  3.99990414E-01  1.31978521E+00  1.00008979E+00  3.03710654E-01
 -2.70649746E+00  1.00000000E+00  2.46549119E+00 -4.00055793E-01  3.99994103E-01  1.31988371E+00  1.00004641E+00  3.03845431E-01
 -2.65758037E+00  1.00000000E+00  2.42637418E+00 -4.00070639E-01  3.99992666E-01  1.31984980E+00  1.00006379E+00  3.03796710E-01
 -2.60866328E+00  1.00000000E+00  2.38725717E+00 -4.00085485E-01  4.00000572E-01  1.31981590E+00  1.00008118E+00  3.03747989E-01
 -2.55974619E+00  1.00000000E+00  2.34811244E+00 -4.00069137E-01  3.99992528E-01  1.31987188E+00  1.00005777E+00  3.03823398E-01
 -2.51082911E+00  1.00000000E+00  2.30896771E+00 -4.00052789E-01  4.00018223E-01  1.31992786E+00  1.00003437E+00  3.03898810E-01
 -2.46191202E+00  1.00000000E+00  2.26983973E+00 -4.00064733E-01  4.00001082E-01  1.31986958E+00  1.00005672E+00  3.03822213E-01
 -2.41299493E+00  1.00000000E+00  2.23071175E+00 -4.00076676E-01  3.99982419E-01  1.31981130E+00  1.00007907E+00  3.03745619E-01
 -2.36407784E+00  1.00000000E+00  2.19157101E+00 -4.00055299E-01  3.99997001E-01  1.31988013E+00  1.00004887E+00  3.03839701E-01
 -2.31516075E+00  1.00000000E+00  2.15243026E+00 -4.00033920E-01  4.00012762E-01  1.31994896E+00  1.00001866E+00  3.03933787E-01
 -2.26624366E+00  1.00000000E+00  2.11329280E+00 -4.00069504E-01  4.00007003E-01  1.31988246E+00  1.00005430E+00  3.03836748E-01
 -2.21732657E+00  1.00000000E+00  2.07415534E+00 -4.00105086E-01  4.00011026E-01  1.31981596E+00  1.00008995E+00  3.03739713E-01
 -2.16840948E+00  1.00000000E+00  2.03504257E+00 -4.00101288E-01  4.00000247E-01  1.31978615E+00  1.00009533E+00  3.03706271E-01
 -2.11949239E+00  1.00000000E+00  1.99592981E+00 -4.00097490E-01  3.99976790E-01  1.31975633E+00  1.00010072E+00  3.03672828E-01
 -2.07057530E+00  1.00000000E+00  1.95676529E+00 -4.00105722E-01  3.99988398E-01  1.31976004E+00  1.00010319E+00  3.03674012E-01
 -2.02165821E+00  1.00000000E+00  1.91760077E+00 -4.00113954E-01  4.00005121E-01  1.31976376E+00  1.00010566E+00  3.03675195E-01
 -1.97274112E+00  1.00000000E+00  1.87849638E+00 -4.00110281E-01  3.99978773E-01  1.31969879E+00  1.00012182E+00  3.03598129E-01
 -1.92382403E+00  1.00000000E+00  1.83939198E+00 -4.00106608E-01  3.99947577E-01  1.31963384E+00  1.00013798E+00  3.03521067E-01
 -1.87490694E+00  1.00000000E+00  1.80023981E+00 -4.00063334E-01  3.99950810E-01  1.31971273E+00  1.00009832E+00  3.03633683E-01
 -1.82598985E+00  1.00000000E+00  1.76108763E+00 -4.00020058E-01  3.99947446E-01  1.31979162E+00  1.00005867E+00  3.03746306E-01
 -1.77707276E+00  1.00000000E+00  1.72197459E+00 -4.00047167E-01  3.99948012E-01  1.31972296E+00  1.00008781E+00  3.03653387E-01
 -1.72815567E+00  1.00000000E+00  1.68286154E+00 -4.00074276E-01  3.99953676E-01  1.31965430E+00  1.00011696E+00  3.03560473E-01
 -1.67923858E+00  1.00000000E+00  1.64369821E+00 -4.00039964E-01  3.99917137E-01  1.31967338E+00  1.00009500E+00  3.03599459E-01
 -1.63032150E+00  1.00000000E+00  1.60453489E+00 -4.00005653E-01  3.99918239E-01  1.31969247E+00  1.00007305E+00  3.03638446E-01
 -1.58140441E+00  1.00000000E+00  1.56547454E+00 -3.99991987E-01  3.99881535E-01  1.31960812E+00  1.00009534E+00  3.03537140E-01
 -1.53248732E+00  1.00000000E+00  1.52641419E+00 -3.99978322E-01  3.99854423E-01  1.31952377E+00  1.00011763E+00  3.03435838E-01
 -1.48357023E+00  1.00000000E+00  1.48728301E+00 -3.99945451E-01  3.99825039E-01  1.31948228E+00  1.00011577E+00  3.03398189E-01
 -1.43465314E+00  1.00000000E+00  1.44815183E+00 -3.99912580E-01  3.99789053E-01  1.31944079E+00  1.00011390E+00  3.03360541E-01
 -1.38573605E+00  1.00000000E+00  1.40904660E+00 -3.99843201E-01  3.99739347E-01  1.31942834E+00  1.00008440E+00  3.03376746E-01
 -1.33681896E+00  1.00000000E+00  1.36994137E+00 -3.99773824E-01  3.99718009E-01  1.31941590E+00  1.00005490E+00  3.03392950E-01
 -1.28790187E+00  1.00000000E+00  1.33090251E+00 -3.99736246E-01  3.99661293E-01  1.31932177E+00  1.00006458E+00  3.03294331E-01
 -1.23898478E+00  1.00000000E+00  1.29186365E+00 -3.99698671E-01  3.99600389E-01  1.31922766E+00  1.00007427E+00  3.03195716E-01
 -1.19006769E+00  1.00000000E+00  1.25286603E+00 -3.99650601E-01  3.99550369E-01  1.31912005E+00  1.00008611E+00  3.03082245E-01
 -1.14115060E+00  1.00000000E+00  1.21386841E+00 -3.99602534E-01  3.99506403E-01  1.31901245E+00  1.00009795E+00  3.02968780E-01
 -1.09223351E+00  1.00000000E+00  1.17497801E+00 -3.99559731E-01  3.99441593E-01  1.31889610E+00  1.00011436E+00  3.02842654E-01
 -1.04331642E+00  1.00000000E+00  1.13608760E+00 -3.99516930E-01  3.99370131E-01  1.31877975E+00  1.00013077E+00  3.02716537E-01
 -9.94399333E-01  1.00000000E+00  1.09730913E+00 -3.99443594E-01  3.99333029E-01  1.31878987E+00  1.00009002E+00  3.02764858E-01
 -9.45482243E-01  1.00000000E+00  1.05853066E+00 -3.99370260E-01  3.99309142E-01  1.31879999E+00  1.00004928E+00  3.02813180E-01
 -8.96565154E-01  1.00000000E+00  1.01996954E+00 -3.99429756E-01  3.99344225E-01  1.31882086E+00  1.00007665E+00  3.02807001E-01
 -8.47648064E-01  1.00000000E+00  9.81408416E-01 -3.99489254E-01  3.99401263E-01  1.31884174E+00  1.00010403E+00  3.02800821E-01
 -7.99501858E-01  1.00000000E+00  9.43797646E-01 -3.99647038E-01  3.99510788E-01  1.31910499E+00  1.00011954E+00  3.03036179E-01
 -7.51355652E-01  1.00000000E+00  9.06186877E-01 -3.99804849E-01  3.99729873E-01  1.31936830E+00  1.00013506E+00  3.03271578E-01
 -7.08111109E-01  1.00000000E+00  8.72782169E-01 -4.00164124E-01  4.00000064E-01  1.32001928E+00  1.00010450E+00  3.03919035E-01
 -6.64866566E-01  1.00000000E+00  8.39377462E-01 -4.00523537E-01  4.00479877E-01  1.32067062E+00  1.00007405E+00  3.04566734E-01
 -6.26599939E-01  1.00000000E+00  8.10213006E-01 -4.01240146E-01  4.01103689E-01  1.32173290E+00  1.00012405E+00  3.05528411E-01
 -5.88333313E-01  1.00000000E+00  7.81048550E-01 -4.01957234E-01  4.01829449E-01  1.32279624E+00  1.00017443E+00  3.06490721E-01
 -5.54471587E-01  1.00000000E+00  7.55783237E-01 -4.02960659E-01  4.02881514E-01  1.32463839E+00  1.00001894E+00  3.08388477E-01
 -5.20609860E-01  1.00000000E+00  7.30517923E-01 -4.03965124E-01  4.04031022E-01  1.32648340E+00  9.99864319E-01  3.10288125E-01
 -4.90645977E-01  1.00000000E+00  7.08625192E-01 -4.05556448E-01  4.05359798E-01  1.32881071E+00  1.00006336E+00  3.12309983E-01
 -4.60682095E-01  1.00000000E+00  6.86732461E-01 -4.07150186E-01  4.06878838E-01  1.33114311E+00  1.00026428E+00  3.14334884E-01
 -4.34167380E-01  1.00000000E+00  6.68037266E-01 -4.09018663E-01  4.08912823E-01  1.33454904E+00  9.99994392E-01  3.17826918E-01
 -4.07652666E-01  1.00000000E+00  6.49342071E-01 -4.10890706E-01  4.11101663E-01  1.33796472E+00  9.99727491E-01  3.21325372E-01
 -3.84190072E-01  1.00000000E+00  6.33274563E-01 -4.13495878E-01  4.13413029E-01  1.34202048E+00  9.99928206E-01  3.24987659E-01
 -3.60727478E-01  1.00000000E+00  6.17207055E-01 -4.16107677E-01  4.15959501E-01  1.34609097E+00  1.00013395E+00  3.28659164E-01
 -3.39965684E-01  1.00000000E+00  6.03679234E-01 -4.19093179E-01  4.19092641E-01  1.35133769E+00  9.99937610E-01  3.33830080E-01
 -3.19203889E-01  1.00000000E+00  5.90151413E-01 -4.22087714E-01  4.22390654E-01  1.35660758E+00  9.99748371E-01  3.39016247E-01
 -3.00831998E-01  1.00000000E+00  5.78955041E-01 -4.26054599E-01  4.26000051E-01  1.36307262E+00  9.99959193E-01  3.44957755E-01
 -2.82460107E-01  1.00000000E+00  5.67758668E-01 -4.30037141E-01  4.29855117E-01  1.36957369E+00  1.00018163E+00  3.50922456E-01
 -2.66203017E-01  1.00000000E+00  5.58316990E-01 -4.34308553E-01  4.34359099E-01  1.37741889E+00  9.99850345E-01  3.58690120E-01
 -2.49945927E-01  1.00000000E+00  5.48875311E-01 -4.38598953E-01  4.39062479E-01  1.38531401E+00  9.99533490E-01  3.66491497E-01
 -2.35560203E-01  1.00000000E+00  5.41749250E-01 -4.43935460E-01  4.43998774E-01  1.39448388E+00  9.99764814E-01  3.74983112E-01
 -2.21174479E-01  1.00000000E+00  5.34623188E-01 -4.49301159E-01  4.49272173E-01  1.40372287E+00  1.00001678E+00  3.83520793E-01
 -2.08421419E-01  1.00000000E+00  5.28557438E-01 -4.55466070E-01  4.55241501E-01  1.41483448E+00  1.00001446E+00  3.94079016E-01
 -1.95668358E-01  1.00000000E+00  5.22491688E-01 -4.61670414E-01  4.61483793E-01  1.42604423E+00  1.00004005E+00  4.04703971E-01
 -1.83439085E-01  1.00000000E+00  5.18328527E-01 -4.68714322E-01  4.68942174E-01  1.44002280E+00  9.99499107E-01  4.18497507E-01
 -1.71209813E-01  1.00000000E+00  5.14165367E-01 -4.75812462E-01  4.76820153E-01  1.45414905E+00  9.98995886E-01  4.32395509E-01
 -1.58980541E-01  1.00000000E+00  5.10204329E-01 -4.86090682E-01  4.86326600E-01  1.47284909E+00  9.99696307E-01  4.49495142E-01
 -1.46751268E-01  1.00000000E+00  5.06243291E-01 -4.96479974E-01  4.96069717E-01  1.49181565E+00  1.00046877E+00  4.66779540E-01
 -1.34521996E-01  1.00000000E+00  5.08297998E-01 -5.09052564E-01  5.09331955E-01  1.51965785E+00  9.99167928E-01  4.94465430E-01
 -1.22292724E-01  1.00000000E+00  5.10352705E-01 -5.21810242E-01  5.23723691E-01  1.54804227E+00  9.97984175E-01  5.22555190E-01
 -1.10063451E-01  1.00000000E+00  5.01573552E-01 -5.43148263E-01  5.42684935E-01  1.58738532E+00  1.00076661E+00  5.57287774E-01
 -9.78341789E-02  1.00000000E+00  4.92794398E-01 -5.64957348E-01  5.60461054E-01  1.62782784E+00  1.00383495E+00  5.92793245E-01
 -8.56049065E-02  1.00000000E+00  5.29268014E-01 -5.85164532E-01  5.88670565E-01  1.69655583E+00  9.94803989E-01  6.66664246E-01
 -7.33756342E-02  1.00000000E+00  5.65741629E-01 -6.06029688E-01  6.20005620E-01  1.76816647E+00  9.86178891E-01  7.42888196E-01
 -6.11463618E-02  1.00000000E+00  4.90241516E-01 -6.50016606E-01  6.45517980E-01  1.80867522E+00  1.01167031E+00  7.57154669E-01
 -4.89170895E-02  1.00000000E+00  4.14741403E-01 -6.95403355E-01  6.51762642E-01  1.85102199E+00  1.03852987E+00  7.71867516E-01
 -3.66878171E-02  1.00000000E+00  9.42565195E-01 -8.47233584E-01  7.20229473E-01  2.18296465E+00  1.06406452E+00  1.06295512E+00
 -2.44585447E-02  1.00000000E+00  1.47038899E+00 -1.02287630E+00  8.55726737E-01  2.57617866E+00  1.10114745E+00  1.40127965E+00
 -1.22292724E-02  1.00000000E+00  6.26975026E-01 -3.24404280E-01  1.66517157E+00  3.75631022E+00  6.16158176E-01  2.98314444E+00
  0.00000000E+00  1.00000000E+00 -2.16438935E-01  6.72879573E-01  3.04416114E+00  6.45824352E+00  4.92195731E-01  5.66774540E+00
