# curve 5 (die wall), step =      800, time =   6.40000000E+02
# N1 = tau_xx - tau_yy = G ( c_xx - c_yy ),  G =  6.0000E-01  (polymer part only)
#              x               y        pressure            c_xy        gammadot            c_xx            c_yy              N1
 -3.00000000E+00  1.00000000E+00  2.65886431E+00 -4.00089146E-01  4.00002742E-01  1.31980689E+00  1.00007979E+00  1.91836259E-01
 -2.95108291E+00  1.00000000E+00  2.61967381E+00 -4.00107190E-01  4.00005387E-01  1.31981036E+00  1.00008780E+00  1.91833532E-01
 -2.90216582E+00  1.00000000E+00  2.58048332E+00 -4.00125235E-01  4.00010256E-01  1.31981382E+00  1.00009581E+00  1.91830806E-01
 -2.85324873E+00  1.00000000E+00  2.54136037E+00 -4.00125785E-01  4.00000525E-01  1.31975700E+00  1.00011101E+00  1.91787589E-01
 -2.80433164E+00  1.00000000E+00  2.50223742E+00 -4.00126334E-01  3.99983056E-01  1.31970017E+00  1.00012622E+00  1.91744374E-01
 -2.75541455E+00  1.00000000E+00  2.46309017E+00 -4.00093768E-01  3.99995078E-01  1.31979422E+00  1.00008757E+00  1.91823992E-01
 -2.70649746E+00  1.00000000E+00  2.42394292E+00 -4.00061200E-01  3.99996887E-01  1.31988827E+00  1.00004892E+00  1.91903614E-01
 -2.65758037E+00  1.00000000E+00  2.38481939E+00 -4.00074270E-01  3.99995167E-01  1.31985502E+00  1.00006420E+00  1.91874493E-01
 -2.60866328E+00  1.00000000E+00  2.34569587E+00 -4.00087341E-01  4.00000031E-01  1.31982177E+00  1.00007949E+00  1.91845372E-01
 -2.55974619E+00  1.00000000E+00  2.30655632E+00 -4.00070874E-01  3.99994952E-01  1.31987442E+00  1.00005801E+00  1.91889848E-01
 -2.51082911E+00  1.00000000E+00  2.26741677E+00 -4.00054407E-01  4.00012183E-01  1.31992708E+00  1.00003653E+00  1.91934326E-01
 -2.46191202E+00  1.00000000E+00  2.22828565E+00 -4.00066553E-01  4.00001422E-01  1.31987240E+00  1.00005656E+00  1.91889499E-01
 -2.41299493E+00  1.00000000E+00  2.18915453E+00 -4.00078699E-01  3.99988411E-01  1.31981772E+00  1.00007660E+00  1.91844673E-01
 -2.36407784E+00  1.00000000E+00  2.15001637E+00 -4.00056930E-01  3.99996855E-01  1.31988122E+00  1.00004984E+00  1.91898828E-01
 -2.31516075E+00  1.00000000E+00  2.11087820E+00 -4.00035161E-01  4.00007070E-01  1.31994472E+00  1.00002308E+00  1.91952985E-01
 -2.26624366E+00  1.00000000E+00  2.07174334E+00 -4.00069231E-01  4.00003065E-01  1.31988154E+00  1.00005506E+00  1.91895891E-01
 -2.21732657E+00  1.00000000E+00  2.03260848E+00 -4.00103300E-01  4.00006352E-01  1.31981836E+00  1.00008703E+00  1.91838799E-01
 -2.16840948E+00  1.00000000E+00  1.99348678E+00 -4.00100984E-01  3.99998463E-01  1.31978992E+00  1.00009278E+00  1.91818285E-01
 -2.11949239E+00  1.00000000E+00  1.95436507E+00 -4.00098669E-01  3.99981491E-01  1.31976148E+00  1.00009852E+00  1.91797772E-01
 -2.07057530E+00  1.00000000E+00  1.91521414E+00 -4.00108196E-01  3.99989686E-01  1.31976668E+00  1.00010129E+00  1.91799235E-01
 -2.02165821E+00  1.00000000E+00  1.87606321E+00 -4.00117724E-01  4.00001990E-01  1.31977188E+00  1.00010405E+00  1.91800698E-01
 -1.97274112E+00  1.00000000E+00  1.83694617E+00 -4.00116206E-01  3.99983782E-01  1.31971208E+00  1.00011899E+00  1.91755854E-01
 -1.92382403E+00  1.00000000E+00  1.79782913E+00 -4.00114689E-01  3.99960790E-01  1.31965229E+00  1.00013393E+00  1.91711013E-01
 -1.87490694E+00  1.00000000E+00  1.75868749E+00 -4.00071752E-01  3.99960215E-01  1.31972879E+00  1.00009656E+00  1.91779337E-01
 -1.82598985E+00  1.00000000E+00  1.71954585E+00 -4.00028813E-01  3.99955697E-01  1.31980529E+00  1.00005918E+00  1.91847665E-01
 -1.77707276E+00  1.00000000E+00  1.68042787E+00 -4.00055753E-01  3.99954112E-01  1.31973741E+00  1.00008746E+00  1.91789973E-01
 -1.72815567E+00  1.00000000E+00  1.64130989E+00 -4.00082692E-01  3.99955334E-01  1.31966954E+00  1.00011573E+00  1.91732284E-01
 -1.67923858E+00  1.00000000E+00  1.60216124E+00 -4.00050637E-01  3.99928858E-01  1.31968975E+00  1.00009558E+00  1.91756507E-01
 -1.63032150E+00  1.00000000E+00  1.56301259E+00 -4.00018582E-01  3.99926256E-01  1.31970997E+00  1.00007542E+00  1.91780730E-01
 -1.58140441E+00  1.00000000E+00  1.52393289E+00 -4.00009445E-01  3.99898996E-01  1.31963855E+00  1.00009397E+00  1.91726748E-01
 -1.53248732E+00  1.00000000E+00  1.48485319E+00 -4.00000308E-01  3.99877103E-01  1.31956713E+00  1.00011252E+00  1.91672768E-01
 -1.48357023E+00  1.00000000E+00  1.44573536E+00 -3.99971690E-01  3.99852405E-01  1.31953190E+00  1.00011044E+00  1.91652876E-01
 -1.43465314E+00  1.00000000E+00  1.40661753E+00 -3.99943073E-01  3.99822233E-01  1.31949668E+00  1.00010837E+00  1.91632985E-01
 -1.38573605E+00  1.00000000E+00  1.36752223E+00 -3.99885118E-01  3.99785420E-01  1.31949738E+00  1.00008269E+00  1.91648815E-01
 -1.33681896E+00  1.00000000E+00  1.32842694E+00 -3.99827163E-01  3.99766372E-01  1.31949808E+00  1.00005701E+00  1.91664645E-01
 -1.28790187E+00  1.00000000E+00  1.28938417E+00 -3.99799655E-01  3.99723552E-01  1.31942223E+00  1.00006513E+00  1.91614259E-01
 -1.23898478E+00  1.00000000E+00  1.25034140E+00 -3.99772148E-01  3.99677401E-01  1.31934639E+00  1.00007326E+00  1.91563876E-01
 -1.19006769E+00  1.00000000E+00  1.21134488E+00 -3.99741628E-01  3.99640689E-01  1.31926582E+00  1.00008604E+00  1.91507870E-01
 -1.14115060E+00  1.00000000E+00  1.17234836E+00 -3.99711109E-01  3.99608843E-01  1.31918525E+00  1.00009881E+00  1.91451867E-01
 -1.09223351E+00  1.00000000E+00  1.13344678E+00 -3.99690191E-01  3.99572716E-01  1.31911081E+00  1.00010973E+00  1.91400651E-01
 -1.04331642E+00  1.00000000E+00  1.09454519E+00 -3.99669273E-01  3.99533203E-01  1.31903638E+00  1.00012065E+00  1.91349437E-01
 -9.94399333E-01  1.00000000E+00  1.05574915E+00 -3.99629965E-01  3.99525095E-01  1.31909384E+00  1.00008492E+00  1.91405355E-01
 -9.45482243E-01  1.00000000E+00  1.01695310E+00 -3.99590656E-01  3.99530447E-01  1.31915131E+00  1.00004918E+00  1.91461276E-01
 -8.96565154E-01  1.00000000E+00  9.78356041E-01 -3.99691251E-01  3.99603620E-01  1.31923927E+00  1.00007558E+00  1.91498214E-01
 -8.47648064E-01  1.00000000E+00  9.39758982E-01 -3.99791853E-01  3.99700945E-01  1.31932724E+00  1.00010198E+00  1.91535154E-01
 -7.99501858E-01  1.00000000E+00  9.02074605E-01 -4.00001912E-01  3.99869154E-01  1.31967485E+00  1.00011767E+00  1.91734306E-01
 -7.51355652E-01  1.00000000E+00  8.64390229E-01 -4.00212017E-01  4.00134715E-01  1.32002257E+00  1.00013339E+00  1.91933503E-01
 -7.08111109E-01  1.00000000E+00  8.30870689E-01 -4.00632822E-01  4.00476160E-01  1.32077490E+00  1.00010103E+00  1.92404325E-01
 -6.64866566E-01  1.00000000E+00  7.97351150E-01 -4.01053814E-01  4.01014239E-01  1.32152773E+00  1.00006881E+00  1.92875351E-01
 -6.26599939E-01  1.00000000E+00  7.68045975E-01 -4.01845066E-01  4.01709652E-01  1.32269452E+00  1.00012979E+00  1.93538835E-01
 -5.88333313E-01  1.00000000E+00  7.38740801E-01 -4.02636902E-01  4.02506532E-01  1.32386259E+00  1.00019125E+00  1.94202800E-01
 -5.54471587E-01  1.00000000E+00  7.13279632E-01 -4.03693801E-01  4.03613606E-01  1.32582538E+00  1.00001627E+00  1.95485467E-01
 -5.20609860E-01  1.00000000E+00  6.87818463E-01 -4.04751860E-01  4.04834521E-01  1.32779140E+00  9.99842257E-01  1.96769488E-01
 -4.90645977E-01  1.00000000E+00  6.65650181E-01 -4.06446971E-01  4.06263943E-01  1.33025567E+00  1.00006418E+00  1.98114898E-01
 -4.60682095E-01  1.00000000E+00  6.43481899E-01 -4.08144812E-01  4.07867095E-01  1.33272564E+00  1.00028821E+00  1.99462458E-01
 -4.34167380E-01  1.00000000E+00  6.24499358E-01 -4.10076863E-01  4.09961980E-01  1.33627193E+00  1.00000147E+00  2.01762278E-01
 -4.07652666E-01  1.00000000E+00  6.05516817E-01 -4.12012747E-01  4.12231487E-01  1.33982874E+00  9.99717926E-01  2.04066490E-01
 -3.84190072E-01  1.00000000E+00  5.89039751E-01 -4.14715706E-01  4.14643137E-01  1.34404956E+00  9.99923774E-01  2.06475472E-01
 -3.60727478E-01  1.00000000E+00  5.72562685E-01 -4.17425808E-01  4.17289011E-01  1.34828629E+00  1.00013504E+00  2.08890753E-01
 -3.39965684E-01  1.00000000E+00  5.58591019E-01 -4.20514560E-01  4.20506801E-01  1.35371496E+00  9.99944254E-01  2.12262427E-01
 -3.19203889E-01  1.00000000E+00  5.44619353E-01 -4.23612989E-01  4.23901851E-01  1.35916839E+00  9.99761044E-01  2.15644405E-01
 -3.00831998E-01  1.00000000E+00  5.32869140E-01 -4.27700829E-01  4.27642690E-01  1.36586169E+00  9.99971794E-01  2.19533935E-01
 -2.82460107E-01  1.00000000E+00  5.21118927E-01 -4.31805329E-01  4.31641750E-01  1.37259344E+00  1.00019486E+00  2.23439144E-01
 -2.66203017E-01  1.00000000E+00  5.11150312E-01 -4.36194301E-01  4.36227976E-01  1.38067920E+00  9.99863661E-01  2.28489323E-01
 -2.49945927E-01  1.00000000E+00  5.01181697E-01 -4.40603372E-01  4.41039786E-01  1.38881780E+00  9.99547638E-01  2.33562096E-01
 -2.35560203E-01  1.00000000E+00  4.93244955E-01 -4.46077054E-01  4.46133974E-01  1.39829441E+00  9.99766838E-01  2.39116544E-01
 -2.21174479E-01  1.00000000E+00  4.85308212E-01 -4.51581557E-01  4.51583790E-01  1.40784441E+00  1.00000773E+00  2.44702012E-01
 -2.08421419E-01  1.00000000E+00  4.78626150E-01 -4.57926990E-01  4.57684504E-01  1.41929187E+00  1.00003521E+00  2.51553996E-01
 -1.95668358E-01  1.00000000E+00  4.71944089E-01 -4.64314227E-01  4.64095560E-01  1.43084313E+00  1.00009209E+00  2.58450623E-01
 -1.83439085E-01  1.00000000E+00  4.66770667E-01 -4.71478938E-01  4.71672125E-01  1.44514682E+00  9.99543078E-01  2.67362246E-01
 -1.71209813E-01  1.00000000E+00  4.61597246E-01 -4.78699959E-01  4.79667700E-01  1.45960431E+00  9.99032958E-01  2.76342808E-01
 -1.58980541E-01  1.00000000E+00  4.56824354E-01 -4.89196834E-01  4.89381661E-01  1.47890517E+00  9.99715355E-01  2.87513889E-01
 -1.46751268E-01  1.00000000E+00  4.52051461E-01 -4.99810231E-01  4.99449421E-01  1.49848770E+00  1.00047265E+00  2.98809030E-01
 -1.34521996E-01  1.00000000E+00  4.51432639E-01 -5.12558690E-01  5.12880952E-01  1.52681168E+00  9.99181040E-01  3.16578384E-01
 -1.22292724E-01  1.00000000E+00  4.50813816E-01 -5.25497463E-01  5.27296030E-01  1.55569377E+00  9.98009157E-01  3.34610769E-01
 -1.10063451E-01  1.00000000E+00  4.43784571E-01 -5.47282000E-01  5.46740077E-01  1.59579772E+00  1.00112431E+00  3.56804041E-01
 -9.78341789E-02  1.00000000E+00  4.36755325E-01 -5.69557768E-01  5.65522310E-01  1.63703870E+00  1.00453459E+00  3.79502468E-01
 -8.56049065E-02  1.00000000E+00  4.64971189E-01 -5.91924082E-01  5.95465013E-01  1.71692257E+00  9.93007749E-01  4.34348890E-01
 -7.33756342E-02  1.00000000E+00  4.93187052E-01 -6.15130908E-01  6.32107785E-01  1.80067602E+00  9.82024049E-01  4.91191183E-01
 -6.11463618E-02  1.00000000E+00  4.14682604E-01 -6.68823656E-01  6.77691984E-01  1.87324943E+00  1.00497512E+00  5.20964589E-01
 -4.89170895E-02  1.00000000E+00  3.36178156E-01 -7.24891076E-01  6.98696109E-01  1.94969973E+00  1.02965179E+00  5.52028760E-01
 -3.66878171E-02  1.00000000E+00  7.95662786E-01 -9.03899091E-01  7.72148683E-01  2.32325458E+00  1.07305069E+00  7.50122336E-01
 -2.44585447E-02  1.00000000E+00  1.25514742E+00 -1.11413835E+00  9.14841007E-01  2.77147400E+00  1.13170771E+00  9.83859775E-01
 -1.22292724E-02  1.00000000E+00  2.71884714E-01 -3.45516300E-01  1.66306685E+00  3.96187272E+00  6.12423080E-01  2.00966979E+00
  0.00000000E+00  1.00000000E+00 -7.11377988E-01  7.35522544E-01  3.03327263E+00  6.76584117E+00  4.95013803E-01  3.76249642E+00
