# curve 5 (die wall), step =      400, time =   1.60000000E+02
# N1 = tau_xx - tau_yy = G ( c_xx - c_yy ),  G =  2.0000E-01  (polymer part only)
#              x               y        pressure            c_xy        gammadot            c_xx            c_yy              N1
 -1.00000000E+01  1.00000000E+00  7.39387070E+00 -7.46077825E-01  4.16193802E-01  2.11265529E+00  1.00008807E+00  2.22513443E-01
 -9.95040609E+00  1.00000000E+00  7.35845118E+00 -7.45895149E-01  4.16238959E-01  2.11237388E+00  1.00004793E+00  2.22465189E-01
 -9.90081218E+00  1.00000000E+00  7.32303166E+00 -7.45712494E-01  4.16275041E-01  2.11209251E+00  1.00000781E+00  2.22416940E-01
 -9.85121827E+00  1.00000000E+00  7.28762057E+00 -7.45800914E-01  4.16268826E-01  2.11224746E+00  1.00003892E+00  2.22441707E-01
 -9.80162437E+00  1.00000000E+00  7.25220948E+00 -7.45889341E-01  4.16238506E-01  2.11240242E+00  1.00007004E+00  2.22466475E-01
 -9.75203046E+00  1.00000000E+00  7.21674889E+00 -7.45965027E-01  4.16221771E-01  2.11244366E+00  1.00007104E+00  2.22474524E-01
 -9.70243655E+00  1.00000000E+00  7.18128829E+00 -7.46040713E-01  4.16225887E-01  2.11248491E+00  1.00007204E+00  2.22482574E-01
 -9.65284264E+00  1.00000000E+00  7.14586315E+00 -7.46055312E-01  4.16221573E-01  2.11252397E+00  1.00010015E+00  2.22484765E-01
 -9.60324873E+00  1.00000000E+00  7.11043801E+00 -7.46069912E-01  4.16194570E-01  2.11256303E+00  1.00012825E+00  2.22486956E-01
 -9.55365482E+00  1.00000000E+00  7.07500978E+00 -7.46164033E-01  4.16184516E-01  2.11280276E+00  1.00014437E+00  2.22531677E-01
 -9.50406091E+00  1.00000000E+00  7.03958154E+00 -7.46258164E-01  4.16146366E-01  2.11304251E+00  1.00016050E+00  2.22576403E-01
 -9.45446701E+00  1.00000000E+00  7.00411710E+00 -7.46070599E-01  4.16166646E-01  2.11268153E+00  1.00012084E+00  2.22512137E-01
 -9.40487310E+00  1.00000000E+00  6.96865265E+00 -7.45883063E-01  4.16184440E-01  2.11232061E+00  1.00008120E+00  2.22447881E-01
 -9.35527919E+00  1.00000000E+00  6.93323307E+00 -7.46245916E-01  4.16171494E-01  2.11288698E+00  1.00015351E+00  2.22546695E-01
 -9.30568528E+00  1.00000000E+00  6.89781350E+00 -7.46608854E-01  4.16130625E-01  2.11345354E+00  1.00022588E+00  2.22645533E-01
 -9.25609137E+00  1.00000000E+00  6.86236836E+00 -7.46306758E-01  4.16162455E-01  2.11306943E+00  1.00015427E+00  2.22583031E-01
 -9.20649746E+00  1.00000000E+00  6.82692322E+00 -7.46004710E-01  4.16191028E-01  2.11268541E+00  1.00008271E+00  2.22520540E-01
 -9.15690355E+00  1.00000000E+00  6.79148113E+00 -7.46096139E-01  4.16192432E-01  2.11270159E+00  1.00010151E+00  2.22520017E-01
 -9.10730965E+00  1.00000000E+00  6.75603904E+00 -7.46187566E-01  4.16200535E-01  2.11271778E+00  1.00012031E+00  2.22519494E-01
 -9.05771574E+00  1.00000000E+00  6.72061822E+00 -7.46131608E-01  4.16213274E-01  2.11275022E+00  1.00010132E+00  2.22529779E-01
 -9.00812183E+00  1.00000000E+00  6.68519740E+00 -7.46075650E-01  4.16209015E-01  2.11278266E+00  1.00008234E+00  2.22540064E-01
 -8.95852792E+00  1.00000000E+00  6.64974123E+00 -7.46143933E-01  4.16199257E-01  2.11277039E+00  1.00009601E+00  2.22534877E-01
 -8.90893401E+00  1.00000000E+00  6.61428506E+00 -7.46212214E-01  4.16203789E-01  2.11275813E+00  1.00010968E+00  2.22529690E-01
 -8.85934010E+00  1.00000000E+00  6.57885937E+00 -7.46112595E-01  4.16216724E-01  2.11271430E+00  1.00009831E+00  2.22523198E-01
 -8.80974619E+00  1.00000000E+00  6.54343368E+00 -7.46012975E-01  4.16204417E-01  2.11267047E+00  1.00008694E+00  2.22516706E-01
 -8.76015229E+00  1.00000000E+00  6.50797579E+00 -7.46084680E-01  4.16195052E-01  2.11269321E+00  1.00008241E+00  2.22522161E-01
 -8.71055838E+00  1.00000000E+00  6.47251791E+00 -7.46156384E-01  4.16214611E-01  2.11271596E+00  1.00007788E+00  2.22527616E-01
 -8.66096447E+00  1.00000000E+00  6.43709438E+00 -7.45984387E-01  4.16237604E-01  2.11247754E+00  1.00006042E+00  2.22483424E-01
 -8.61137056E+00  1.00000000E+00  6.40167085E+00 -7.45812405E-01  4.16242791E-01  2.11223917E+00  1.00004299E+00  2.22439236E-01
 -8.56177665E+00  1.00000000E+00  6.36625235E+00 -7.45914545E-01  4.16238602E-01  2.11234143E+00  1.00007564E+00  2.22453157E-01
 -8.51218274E+00  1.00000000E+00  6.33083384E+00 -7.46016690E-01  4.16229676E-01  2.11244369E+00  1.00010830E+00  2.22467078E-01
 -8.46258884E+00  1.00000000E+00  6.29537214E+00 -7.46195825E-01  4.16199358E-01  2.11281743E+00  1.00013180E+00  2.22537126E-01
 -8.41299493E+00  1.00000000E+00  6.25991044E+00 -7.46374987E-01  4.16145743E-01  2.11319124E+00  1.00015532E+00  2.22607185E-01
 -8.36340102E+00  1.00000000E+00  6.22446460E+00 -7.46041731E-01  4.16200354E-01  2.11267737E+00  1.00008280E+00  2.22518915E-01
 -8.31380711E+00  1.00000000E+00  6.18901876E+00 -7.45708547E-01  4.16224784E-01  2.11216365E+00  1.00001034E+00  2.22430664E-01
 -8.26421320E+00  1.00000000E+00  6.15361699E+00 -7.45887973E-01  4.16224699E-01  2.11233029E+00  1.00006304E+00  2.22453450E-01
 -8.21461929E+00  1.00000000E+00  6.11821523E+00 -7.46067412E-01  4.16219210E-01  2.11249695E+00  1.00011575E+00  2.22476239E-01
 -8.16502538E+00  1.00000000E+00  6.08275750E+00 -7.46239571E-01  4.16201198E-01  2.11286366E+00  1.00014668E+00  2.22543396E-01
 -8.11543148E+00  1.00000000E+00  6.04729977E+00 -7.46411756E-01  4.16155327E-01  2.11323044E+00  1.00017762E+00  2.22610563E-01
 -8.06583757E+00  1.00000000E+00  6.01184076E+00 -7.46116404E-01  4.16194360E-01  2.11277050E+00  1.00010896E+00  2.22532308E-01
 -8.01624366E+00  1.00000000E+00  5.97638174E+00 -7.45821110E-01  4.16221813E-01  2.11231068E+00  1.00004034E+00  2.22454069E-01
 -7.96664975E+00  1.00000000E+00  5.94098774E+00 -7.45937989E-01  4.16220732E-01  2.11239564E+00  1.00008289E+00  2.22462551E-01
 -7.91705584E+00  1.00000000E+00  5.90559374E+00 -7.46054872E-01  4.16214700E-01  2.11248062E+00  1.00012544E+00  2.22471035E-01
 -7.86746193E+00  1.00000000E+00  5.87013295E+00 -7.46233272E-01  4.16195309E-01  2.11287239E+00  1.00013303E+00  2.22547872E-01
 -7.81786802E+00  1.00000000E+00  5.83467216E+00 -7.46411699E-01  4.16157752E-01  2.11326424E+00  1.00014063E+00  2.22624722E-01
 -7.76827412E+00  1.00000000E+00  5.79921777E+00 -7.46067998E-01  4.16207570E-01  2.11273364E+00  1.00007737E+00  2.22531254E-01
 -7.71868021E+00  1.00000000E+00  5.76376338E+00 -7.45724372E-01  4.16226154E-01  2.11220320E+00  1.00001417E+00  2.22437807E-01
 -7.66908630E+00  1.00000000E+00  5.72836150E+00 -7.45897148E-01  4.16222408E-01  2.11235681E+00  1.00006055E+00  2.22459254E-01
 -7.61949239E+00  1.00000000E+00  5.69295962E+00 -7.46069935E-01  4.16214608E-01  2.11251045E+00  1.00010694E+00  2.22480702E-01
 -7.56989848E+00  1.00000000E+00  5.65750591E+00 -7.46242671E-01  4.16198968E-01  2.11287111E+00  1.00014285E+00  2.22545652E-01
 -7.52030457E+00  1.00000000E+00  5.62205221E+00 -7.46415433E-01  4.16155824E-01  2.11323184E+00  1.00017878E+00  2.22610613E-01
 -7.47071066E+00  1.00000000E+00  5.58659111E+00 -7.46117311E-01  4.16194827E-01  2.11276622E+00  1.00010967E+00  2.22531311E-01
 -7.42111676E+00  1.00000000E+00  5.55113001E+00 -7.45819249E-01  4.16223206E-01  2.11230073E+00  1.00004060E+00  2.22452025E-01
 -7.37152285E+00  1.00000000E+00  5.51573673E+00 -7.45935669E-01  4.16222463E-01  2.11239102E+00  1.00008207E+00  2.22461790E-01
 -7.32192894E+00  1.00000000E+00  5.48034344E+00 -7.46052095E-01  4.16216938E-01  2.11248133E+00  1.00012355E+00  2.22471555E-01
 -7.27233503E+00  1.00000000E+00  5.44488011E+00 -7.46232652E-01  4.16196850E-01  2.11287471E+00  1.00013364E+00  2.22548215E-01
 -7.22274112E+00  1.00000000E+00  5.40941677E+00 -7.46413237E-01  4.16156758E-01  2.11326817E+00  1.00014374E+00  2.22624886E-01
 -7.17314721E+00  1.00000000E+00  5.37396329E+00 -7.46067086E-01  4.16206050E-01  2.11273295E+00  1.00007857E+00  2.22530878E-01
 -7.12355330E+00  1.00000000E+00  5.33850982E+00 -7.45721011E-01  4.16224973E-01  2.11219790E+00  1.00001345E+00  2.22436890E-01
 -7.07395940E+00  1.00000000E+00  5.30310945E+00 -7.45895082E-01  4.16221932E-01  2.11235504E+00  1.00005987E+00  2.22459033E-01
 -7.02436549E+00  1.00000000E+00  5.26770907E+00 -7.46069165E-01  4.16215200E-01  2.11251219E+00  1.00010631E+00  2.22481177E-01
 -6.97477158E+00  1.00000000E+00  5.23225491E+00 -7.46243576E-01  4.16199541E-01  2.11287380E+00  1.00014360E+00  2.22546039E-01
 -6.92517767E+00  1.00000000E+00  5.19680075E+00 -7.46418015E-01  4.16155565E-01  2.11323546E+00  1.00018090E+00  2.22610912E-01
 -6.87558376E+00  1.00000000E+00  5.16133952E+00 -7.46121544E-01  4.16193959E-01  2.11276710E+00  1.00011423E+00  2.22530574E-01
 -6.82598985E+00  1.00000000E+00  5.12587829E+00 -7.45825132E-01  4.16221703E-01  2.11229886E+00  1.00004759E+00  2.22450253E-01
 -6.77639594E+00  1.00000000E+00  5.09048587E+00 -7.45939030E-01  4.16220009E-01  2.11238856E+00  1.00008630E+00  2.22460454E-01
 -6.72680204E+00  1.00000000E+00  5.05509346E+00 -7.46052933E-01  4.16214467E-01  2.11247828E+00  1.00012501E+00  2.22470655E-01
 -6.67720813E+00  1.00000000E+00  5.01962961E+00 -7.46234027E-01  4.16195832E-01  2.11287644E+00  1.00013346E+00  2.22548596E-01
 -6.62761422E+00  1.00000000E+00  4.98416576E+00 -7.46415149E-01  4.16157527E-01  2.11327469E+00  1.00014194E+00  2.22626550E-01
 -6.57802031E+00  1.00000000E+00  4.94871113E+00 -7.46068843E-01  4.16205786E-01  2.11273684E+00  1.00007834E+00  2.22531699E-01
 -6.52842640E+00  1.00000000E+00  4.91325650E+00 -7.45722614E-01  4.16224135E-01  2.11219916E+00  1.00001481E+00  2.22436869E-01
 -6.47883249E+00  1.00000000E+00  4.87785664E+00 -7.45896445E-01  4.16220980E-01  2.11235646E+00  1.00006060E+00  2.22459171E-01
 -6.42923858E+00  1.00000000E+00  4.84245678E+00 -7.46070286E-01  4.16214466E-01  2.11251379E+00  1.00010642E+00  2.22481475E-01
 -6.37964468E+00  1.00000000E+00  4.80700261E+00 -7.46242724E-01  4.16199052E-01  2.11287348E+00  1.00014194E+00  2.22546307E-01
 -6.33005077E+00  1.00000000E+00  4.77154844E+00 -7.46415188E-01  4.16156386E-01  2.11323323E+00  1.00017748E+00  2.22611150E-01
 -6.28045686E+00  1.00000000E+00  4.73608722E+00 -7.46116866E-01  4.16195440E-01  2.11276779E+00  1.00010843E+00  2.22531872E-01
 -6.23086295E+00  1.00000000E+00  4.70062600E+00 -7.45818604E-01  4.16223600E-01  2.11230247E+00  1.00003942E+00  2.22452611E-01
 -6.18126904E+00  1.00000000E+00  4.66523215E+00 -7.45936305E-01  4.16222848E-01  2.11239285E+00  1.00008194E+00  2.22462182E-01
 -6.13167513E+00  1.00000000E+00  4.62983830E+00 -7.46054011E-01  4.16217182E-01  2.11248324E+00  1.00012447E+00  2.22471753E-01
 -6.08208123E+00  1.00000000E+00  4.59437579E+00 -7.46231453E-01  4.16196685E-01  2.11287317E+00  1.00013305E+00  2.22548025E-01
 -6.03248732E+00  1.00000000E+00  4.55891327E+00 -7.46408923E-01  4.16156408E-01  2.11326318E+00  1.00014164E+00  2.22624309E-01
 -5.98289341E+00  1.00000000E+00  4.52345884E+00 -7.46067168E-01  4.16207098E-01  2.11273528E+00  1.00007811E+00  2.22531434E-01
 -5.93329950E+00  1.00000000E+00  4.48800441E+00 -7.45725487E-01  4.16226328E-01  2.11220754E+00  1.00001464E+00  2.22438579E-01
 -5.88370559E+00  1.00000000E+00  4.45260230E+00 -7.45899250E-01  4.16222594E-01  2.11235948E+00  1.00006291E+00  2.22459315E-01
 -5.83411168E+00  1.00000000E+00  4.41720018E+00 -7.46073025E-01  4.16214156E-01  2.11251146E+00  1.00011119E+00  2.22480054E-01
 -5.78451777E+00  1.00000000E+00  4.38174833E+00 -7.46242994E-01  4.16196337E-01  2.11287115E+00  1.00014430E+00  2.22545370E-01
 -5.73492387E+00  1.00000000E+00  4.34629649E+00 -7.46412990E-01  4.16153141E-01  2.11323091E+00  1.00017742E+00  2.22610697E-01
 -5.68532996E+00  1.00000000E+00  4.31083348E+00 -7.46093886E-01  4.16197236E-01  2.11274648E+00  1.00009559E+00  2.22530178E-01
 -5.63573605E+00  1.00000000E+00  4.27537048E+00 -7.45774851E-01  4.16229746E-01  2.11226219E+00  1.00001381E+00  2.22449676E-01
 -5.58614214E+00  1.00000000E+00  4.23997682E+00 -7.45897802E-01  4.16235328E-01  2.11236158E+00  1.00006158E+00  2.22459999E-01
 -5.53654823E+00  1.00000000E+00  4.20458316E+00 -7.46020759E-01  4.16232651E-01  2.11246098E+00  1.00010936E+00  2.22470323E-01
 -5.48695432E+00  1.00000000E+00  4.16911639E+00 -7.46195039E-01  4.16204204E-01  2.11282397E+00  1.00012975E+00  2.22538845E-01
 -5.43736041E+00  1.00000000E+00  4.13364962E+00 -7.46369344E-01  4.16148858E-01  2.11318704E+00  1.00015015E+00  2.22607378E-01
 -5.38776651E+00  1.00000000E+00  4.09820390E+00 -7.46039656E-01  4.16202692E-01  2.11267656E+00  1.00007964E+00  2.22519385E-01
 -5.33817260E+00  1.00000000E+00  4.06275819E+00 -7.45710041E-01  4.16226222E-01  2.11216624E+00  1.00000919E+00  2.22431411E-01
 -5.28857869E+00  1.00000000E+00  4.02735642E+00 -7.45887694E-01  4.16225534E-01  2.11232940E+00  1.00006178E+00  2.22453524E-01
 -5.23898478E+00  1.00000000E+00  3.99195465E+00 -7.46065360E-01  4.16219417E-01  2.11249259E+00  1.00011439E+00  2.22475639E-01
 -5.18939087E+00  1.00000000E+00  3.95649748E+00 -7.46236766E-01  4.16201652E-01  2.11286316E+00  1.00014375E+00  2.22543881E-01
 -5.13979696E+00  1.00000000E+00  3.92104031E+00 -7.46408199E-01  4.16158434E-01  2.11323380E+00  1.00017313E+00  2.22612134E-01
 -5.09020305E+00  1.00000000E+00  3.88557418E+00 -7.46090956E-01  4.16203141E-01  2.11274433E+00  1.00009142E+00  2.22530581E-01
 -5.04060915E+00  1.00000000E+00  3.85010805E+00 -7.45773782E-01  4.16233526E-01  2.11225499E+00  1.00000976E+00  2.22449046E-01
 -4.99101524E+00  1.00000000E+00  3.81472175E+00 -7.45894635E-01  4.16233823E-01  2.11236801E+00  1.00005732E+00  2.22462139E-01
 -4.94142133E+00  1.00000000E+00  3.77933546E+00 -7.46015496E-01  4.16224244E-01  2.11248104E+00  1.00010488E+00  2.22475232E-01
 -4.89182742E+00  1.00000000E+00  3.74387166E+00 -7.46151298E-01  4.16207521E-01  2.11272635E+00  1.00012769E+00  2.22519731E-01
 -4.84223351E+00  1.00000000E+00  3.70840786E+00 -7.46287113E-01  4.16176656E-01  2.11297168E+00  1.00015051E+00  2.22564235E-01
 -4.79263960E+00  1.00000000E+00  3.67295264E+00 -7.46041916E-01  4.16202607E-01  2.11261716E+00  1.00009849E+00  2.22503735E-01
 -4.74304569E+00  1.00000000E+00  3.63749743E+00 -7.45796755E-01  4.16216783E-01  2.11226271E+00  1.00004649E+00  2.22443244E-01
 -4.69345179E+00  1.00000000E+00  3.60209618E+00 -7.45932199E-01  4.16211522E-01  2.11239269E+00  1.00008189E+00  2.22462161E-01
 -4.64385788E+00  1.00000000E+00  3.56669493E+00 -7.46067650E-01  4.16202802E-01  2.11252269E+00  1.00011730E+00  2.22481078E-01
 -4.59426397E+00  1.00000000E+00  3.53126669E+00 -7.46275920E-01  4.16185672E-01  2.11288353E+00  1.00017506E+00  2.22541696E-01
 -4.54467006E+00  1.00000000E+00  3.49583845E+00 -7.46484224E-01  4.16133773E-01  2.11324445E+00  1.00023283E+00  2.22602323E-01
 -4.49507615E+00  1.00000000E+00  3.46035814E+00 -7.46523736E-01  4.16130678E-01  2.11338186E+00  1.00021457E+00  2.22633459E-01
 -4.44548224E+00  1.00000000E+00  3.42487783E+00 -7.46563249E-01  4.16108905E-01  2.11351928E+00  1.00019630E+00  2.22664597E-01
 -4.39588833E+00  1.00000000E+00  3.38945654E+00 -7.46120472E-01  4.16166451E-01  2.11282430E+00  1.00009843E+00  2.22545175E-01
 -4.34629443E+00  1.00000000E+00  3.35403526E+00 -7.45677827E-01  4.16220729E-01  2.11212960E+00  1.00000065E+00  2.22425790E-01
 -4.29670052E+00  1.00000000E+00  3.31859617E+00 -7.45989868E-01  4.16215950E-01  2.11262862E+00  1.00006895E+00  2.22511933E-01
 -4.24710661E+00  1.00000000E+00  3.28315707E+00 -7.46301975E-01  4.16164707E-01  2.11312778E+00  1.00013731E+00  2.22598094E-01
 -4.19751270E+00  1.00000000E+00  3.24770524E+00 -7.45972678E-01  4.16217460E-01  2.11260179E+00  1.00005416E+00  2.22509526E-01
 -4.14791879E+00  1.00000000E+00  3.21225342E+00 -7.45643458E-01  4.16262806E-01  2.11207595E+00  9.99971062E-01  2.22420978E-01
 -4.09832488E+00  1.00000000E+00  3.17683728E+00 -7.45800875E-01  4.16261922E-01  2.11224703E+00  1.00004103E+00  2.22441200E-01
 -4.04873097E+00  1.00000000E+00  3.14142114E+00 -7.45958307E-01  4.16220400E-01  2.11241813E+00  1.00011101E+00  2.22461424E-01
 -3.99913707E+00  1.00000000E+00  3.10598077E+00 -7.46015360E-01  4.16200741E-01  2.11246469E+00  1.00011541E+00  2.22469857E-01
 -3.94954316E+00  1.00000000E+00  3.07054039E+00 -7.46072412E-01  4.16197833E-01  2.11251126E+00  1.00011982E+00  2.22478289E-01
 -3.89994925E+00  1.00000000E+00  3.03510893E+00 -7.46306755E-01  4.16169874E-01  2.11303008E+00  1.00016732E+00  2.22572552E-01
 -3.85035534E+00  1.00000000E+00  2.99967747E+00 -7.46541150E-01  4.16112585E-01  2.11354904E+00  1.00021485E+00  2.22666836E-01
 -3.80076143E+00  1.00000000E+00  2.96421890E+00 -7.46228621E-01  4.16158730E-01  2.11304349E+00  1.00013714E+00  2.22581271E-01
 -3.75116752E+00  1.00000000E+00  2.92876033E+00 -7.45916161E-01  4.16189591E-01  2.11253809E+00  1.00005947E+00  2.22495724E-01
 -3.70157361E+00  1.00000000E+00  2.89333518E+00 -7.46137717E-01  4.16183083E-01  2.11283106E+00  1.00010233E+00  2.22545746E-01
 -3.65197971E+00  1.00000000E+00  2.85791003E+00 -7.46359299E-01  4.16159263E-01  2.11312408E+00  1.00014521E+00  2.22595774E-01
 -3.60238580E+00  1.00000000E+00  2.82244746E+00 -7.46327698E-01  4.16149591E-01  2.11304426E+00  1.00012095E+00  2.22584663E-01
 -3.55279189E+00  1.00000000E+00  2.78698489E+00 -7.46296099E-01  4.16171497E-01  2.11296445E+00  1.00009669E+00  2.22573552E-01
 -3.50319798E+00  1.00000000E+00  2.75159055E+00 -7.46149012E-01  4.16199123E-01  2.11273029E+00  1.00009568E+00  2.22526921E-01
 -3.45360407E+00  1.00000000E+00  2.71619621E+00 -7.46001937E-01  4.16215714E-01  2.11249616E+00  1.00009470E+00  2.22480293E-01
 -3.40401016E+00  1.00000000E+00  2.68074262E+00 -7.46257832E-01  4.16193632E-01  2.11295702E+00  1.00014501E+00  2.22562403E-01
 -3.35441626E+00  1.00000000E+00  2.64528902E+00 -7.46513776E-01  4.16130664E-01  2.11341800E+00  1.00019535E+00  2.22644530E-01
 -3.30482235E+00  1.00000000E+00  2.60983384E+00 -7.46143419E-01  4.16178116E-01  2.11286871E+00  1.00010191E+00  2.22553359E-01
 -3.25522844E+00  1.00000000E+00  2.57437865E+00 -7.45773151E-01  4.16215027E-01  2.11231959E+00  1.00000854E+00  2.22462210E-01
 -3.20563453E+00  1.00000000E+00  2.53893425E+00 -7.45889356E-01  4.16224456E-01  2.11240103E+00  1.00002936E+00  2.22474335E-01
 -3.15604062E+00  1.00000000E+00  2.50348986E+00 -7.46005563E-01  4.16234294E-01  2.11248248E+00  1.00005019E+00  2.22486460E-01
 -3.10644671E+00  1.00000000E+00  2.46808776E+00 -7.45911082E-01  4.16245383E-01  2.11233177E+00  1.00006820E+00  2.22452714E-01
 -3.05685280E+00  1.00000000E+00  2.43268566E+00 -7.45816604E-01  4.16233834E-01  2.11218108E+00  1.00008623E+00  2.22418969E-01
 -3.00725890E+00  1.00000000E+00  2.39723660E+00 -7.46104402E-01  4.16204138E-01  2.11268444E+00  1.00013950E+00  2.22508988E-01
 -2.95766499E+00  1.00000000E+00  2.36178754E+00 -7.46392261E-01  4.16143292E-01  2.11318794E+00  1.00019281E+00  2.22599026E-01
 -2.90807108E+00  1.00000000E+00  2.32634052E+00 -7.46080705E-01  4.16178546E-01  2.11268293E+00  1.00013304E+00  2.22509979E-01
 -2.85847717E+00  1.00000000E+00  2.29089350E+00 -7.45769214E-01  4.16204674E-01  2.11217807E+00  1.00007332E+00  2.22420951E-01
 -2.80888326E+00  1.00000000E+00  2.25550020E+00 -7.46239856E-01  4.16167165E-01  2.11293389E+00  1.00016910E+00  2.22552958E-01
 -2.75928935E+00  1.00000000E+00  2.22010690E+00 -7.46710647E-01  4.16096225E-01  2.11369004E+00  1.00026500E+00  2.22685008E-01
 -2.70969544E+00  1.00000000E+00  2.18460881E+00 -7.46475165E-01  4.16128020E-01  2.11340130E+00  1.00016891E+00  2.22646479E-01
 -2.66010154E+00  1.00000000E+00  2.14911073E+00 -7.46239718E-01  4.16152375E-01  2.11311263E+00  1.00007286E+00  2.22607955E-01
 -2.61050763E+00  1.00000000E+00  2.11367957E+00 -7.46062779E-01  4.16198693E-01  2.11276556E+00  1.00005706E+00  2.22541698E-01
 -2.56091372E+00  1.00000000E+00  2.07824842E+00 -7.45885865E-01  4.16226990E-01  2.11241854E+00  1.00004129E+00  2.22475450E-01
 -2.51131981E+00  1.00000000E+00  2.04283592E+00 -7.45932018E-01  4.16232155E-01  2.11242091E+00  1.00006368E+00  2.22471446E-01
 -2.46172590E+00  1.00000000E+00  2.00742342E+00 -7.45978171E-01  4.16230262E-01  2.11242328E+00  1.00008607E+00  2.22467442E-01
 -2.41213199E+00  1.00000000E+00  1.97197476E+00 -7.46187004E-01  4.16210685E-01  2.11281648E+00  1.00012765E+00  2.22537768E-01
 -2.36253808E+00  1.00000000E+00  1.93652610E+00 -7.46395873E-01  4.16152242E-01  2.11320977E+00  1.00016924E+00  2.22608105E-01
 -2.31294418E+00  1.00000000E+00  1.90107475E+00 -7.46081171E-01  4.16197875E-01  2.11273477E+00  1.00008525E+00  2.22529903E-01
 -2.26335027E+00  1.00000000E+00  1.86562340E+00 -7.45766536E-01  4.16238694E-01  2.11225990E+00  1.00000131E+00  2.22451717E-01
 -2.21375636E+00  1.00000000E+00  1.83019472E+00 -7.45868029E-01  4.16238795E-01  2.11230622E+00  1.00004786E+00  2.22451673E-01
 -2.16416245E+00  1.00000000E+00  1.79476604E+00 -7.45969526E-01  4.16228996E-01  2.11235255E+00  1.00009441E+00  2.22451629E-01
 -2.11456854E+00  1.00000000E+00  1.75934403E+00 -7.46010867E-01  4.16214836E-01  2.11250659E+00  1.00009898E+00  2.22481523E-01
 -2.06497463E+00  1.00000000E+00  1.72392201E+00 -7.46052210E-01  4.16185066E-01  2.11266064E+00  1.00010355E+00  2.22511418E-01
 -2.01538072E+00  1.00000000E+00  1.68846358E+00 -7.46109003E-01  4.16164714E-01  2.11265248E+00  1.00011298E+00  2.22507900E-01
 -1.96578682E+00  1.00000000E+00  1.65300515E+00 -7.46165794E-01  4.16167836E-01  2.11264434E+00  1.00012242E+00  2.22504382E-01
 -1.91619291E+00  1.00000000E+00  1.61758596E+00 -7.46083859E-01  4.16177197E-01  2.11262423E+00  1.00011069E+00  2.22502707E-01
 -1.86659900E+00  1.00000000E+00  1.58216678E+00 -7.46001923E-01  4.16159723E-01  2.11260413E+00  1.00009896E+00  2.22501033E-01
 -1.81700509E+00  1.00000000E+00  1.54669960E+00 -7.46074747E-01  4.16140496E-01  2.11258659E+00  1.00010158E+00  2.22497000E-01
 -1.76741118E+00  1.00000000E+00  1.51123241E+00 -7.46147567E-01  4.16143925E-01  2.11256905E+00  1.00010421E+00  2.22492968E-01
 -1.71781727E+00  1.00000000E+00  1.47582380E+00 -7.45989091E-01  4.16141893E-01  2.11239157E+00  1.00008131E+00  2.22462051E-01
 -1.66822336E+00  1.00000000E+00  1.44041519E+00 -7.45830624E-01  4.16114180E-01  2.11221411E+00  1.00005843E+00  2.22431135E-01
 -1.61862946E+00  1.00000000E+00  1.40499353E+00 -7.45897904E-01  4.16085619E-01  2.11218185E+00  1.00007163E+00  2.22422044E-01
 -1.56903555E+00  1.00000000E+00  1.36957186E+00 -7.45965181E-01  4.16073369E-01  2.11214961E+00  1.00008484E+00  2.22412953E-01
 -1.51944164E+00  1.00000000E+00  1.33416725E+00 -7.46036961E-01  4.16029100E-01  2.11227837E+00  1.00014551E+00  2.22426573E-01
 -1.46984773E+00  1.00000000E+00  1.29876263E+00 -7.46108746E-01  4.15931885E-01  2.11240715E+00  1.00020618E+00  2.22440194E-01
 -1.42025382E+00  1.00000000E+00  1.26334838E+00 -7.45766681E-01  4.15926084E-01  2.11180662E+00  1.00012024E+00  2.22337275E-01
 -1.37065991E+00  1.00000000E+00  1.22793412E+00 -7.45424707E-01  4.15917581E-01  2.11120627E+00  1.00003436E+00  2.22234383E-01
 -1.32106600E+00  1.00000000E+00  1.19260154E+00 -7.45674589E-01  4.15870085E-01  2.11146070E+00  1.00011441E+00  2.22269258E-01
 -1.27147210E+00  1.00000000E+00  1.15726896E+00 -7.45924501E-01  4.15776293E-01  2.11171518E+00  1.00019449E+00  2.22304138E-01
 -1.22187819E+00  1.00000000E+00  1.12195144E+00 -7.45777697E-01  4.15725851E-01  2.11141182E+00  1.00017872E+00  2.22246620E-01
 -1.17228428E+00  1.00000000E+00  1.08663393E+00 -7.45630911E-01  4.15667924E-01  2.11110850E+00  1.00016295E+00  2.22189110E-01
 -1.12269037E+00  1.00000000E+00  1.05141619E+00 -7.45586045E-01  4.15612500E-01  2.11092462E+00  1.00015269E+00  2.22154386E-01
 -1.07309646E+00  1.00000000E+00  1.01619846E+00 -7.45541181E-01  4.15566936E-01  2.11074076E+00  1.00014243E+00  2.22119665E-01
 -1.02350255E+00  1.00000000E+00  9.81104226E-01 -7.45425572E-01  4.15531078E-01  2.11044215E+00  1.00017728E+00  2.22052975E-01
 -9.73908645E-01  1.00000000E+00  9.46009991E-01 -7.45309975E-01  4.15500428E-01  2.11014359E+00  1.00021214E+00  2.21986291E-01
 -9.24314736E-01  1.00000000E+00  9.11086240E-01 -7.45316636E-01  4.15528293E-01  2.11037980E+00  1.00012376E+00  2.22051208E-01
 -8.74720828E-01  1.00000000E+00  8.76162489E-01 -7.45323300E-01  4.15576082E-01  2.11061603E+00  1.00003538E+00  2.22116130E-01
 -8.25312107E-01  1.00000000E+00  8.41676231E-01 -7.45444895E-01  4.15715739E-01  2.11088327E+00  1.00012588E+00  2.22151478E-01
 -7.75903387E-01  1.00000000E+00  8.07189973E-01 -7.45566507E-01  4.15897429E-01  2.11115054E+00  1.00021638E+00  2.22186832E-01
 -7.30665613E-01  1.00000000E+00  7.75990095E-01 -7.46134585E-01  4.16324952E-01  2.11260731E+00  1.00023152E+00  2.22475158E-01
 -6.85427839E-01  1.00000000E+00  7.44790217E-01 -7.46702993E-01  4.16780053E-01  2.11406510E+00  1.00024683E+00  2.22763655E-01
 -6.45465100E-01  1.00000000E+00  7.17679525E-01 -7.47312834E-01  4.17485263E-01  2.11632875E+00  1.00011868E+00  2.23242016E-01
 -6.05502361E-01  1.00000000E+00  6.90568833E-01 -7.47923204E-01  4.18296538E-01  2.11859482E+00  9.99990739E-01  2.23720816E-01
 -5.70199545E-01  1.00000000E+00  6.67075516E-01 -7.48952056E-01  4.19321359E-01  2.12184394E+00  9.99985574E-01  2.24371672E-01
 -5.34896729E-01  1.00000000E+00  6.43582198E-01 -7.49982230E-01  4.20518160E-01  2.12509802E+00  9.99980891E-01  2.25023425E-01
 -5.03710456E-01  1.00000000E+00  6.23203013E-01 -7.51772990E-01  4.21992225E-01  2.13028073E+00  1.00003602E+00  2.26048942E-01
 -4.72524184E-01  1.00000000E+00  6.02823829E-01 -7.53567449E-01  4.23661409E-01  2.13547607E+00  1.00009262E+00  2.27076691E-01
 -4.44974441E-01  1.00000000E+00  5.85633620E-01 -7.56167753E-01  4.25803681E-01  2.14293597E+00  1.00021348E+00  2.28544497E-01
 -4.17424698E-01  1.00000000E+00  5.68443411E-01 -7.58775784E-01  4.28205190E-01  2.15042193E+00  1.00033740E+00  2.30016907E-01
 -3.93087440E-01  1.00000000E+00  5.53736565E-01 -7.61528244E-01  4.30546055E-01  2.15811068E+00  1.00060087E+00  2.31501961E-01
 -3.68750182E-01  1.00000000E+00  5.39029720E-01 -7.64289200E-01  4.33446809E-01  2.16582697E+00  1.00086760E+00  2.32991874E-01
 -3.47250809E-01  1.00000000E+00  5.26562156E-01 -7.67389007E-01  4.36789722E-01  2.17710778E+00  1.00026170E+00  2.35369217E-01
 -3.25751437E-01  1.00000000E+00  5.14094592E-01 -7.70501949E-01  4.40544346E-01  2.18844699E+00  9.99661268E-01  2.37757144E-01
 -3.06759035E-01  1.00000000E+00  5.03795904E-01 -7.75186359E-01  4.44433518E-01  2.20137699E+00  1.00015993E+00  2.40243412E-01
 -2.87766633E-01  1.00000000E+00  4.93497216E-01 -7.79894784E-01  4.48763239E-01  2.21438365E+00  1.00066789E+00  2.42743153E-01
 -2.70988873E-01  1.00000000E+00  4.85070480E-01 -7.84426383E-01  4.53652081E-01  2.23001645E+00  1.00016544E+00  2.45970202E-01
 -2.54211113E-01  1.00000000E+00  4.76643744E-01 -7.88984311E-01  4.58851500E-01  2.24575892E+00  9.99673258E-01  2.49217133E-01
 -2.39389755E-01  1.00000000E+00  4.70002630E-01 -7.94548445E-01  4.64380493E-01  2.26321294E+00  9.99741535E-01  2.52694281E-01
 -2.24568396E-01  1.00000000E+00  4.63361516E-01 -8.00149051E-01  4.70299757E-01  2.28080203E+00  9.99823181E-01  2.56195770E-01
 -2.11472015E-01  1.00000000E+00  4.58225370E-01 -8.06411893E-01  4.76619038E-01  2.30094699E+00  9.99821172E-01  2.60225164E-01
 -1.98375634E-01  1.00000000E+00  4.53089225E-01 -8.12721256E-01  4.83350126E-01  2.32126901E+00  9.99835973E-01  2.64286606E-01
 -1.85977157E-01  1.00000000E+00  4.49295363E-01 -8.21062840E-01  4.91266607E-01  2.34628093E+00  1.00045275E+00  2.69165635E-01
 -1.73578680E-01  1.00000000E+00  4.45501501E-01 -8.29481618E-01  4.99688529E-01  2.37156178E+00  1.00109746E+00  2.74092865E-01
 -1.61180203E-01  1.00000000E+00  4.42796107E-01 -8.38016675E-01  5.10193869E-01  2.40309240E+00  1.00016246E+00  2.80585986E-01
 -1.48781726E-01  1.00000000E+00  4.40090714E-01 -8.46645232E-01  5.21367411E-01  2.43503998E+00  9.99260856E-01  2.87155825E-01
 -1.36383248E-01  1.00000000E+00  4.40323501E-01 -8.59697002E-01  5.35140306E-01  2.47846353E+00  9.99661683E-01  2.95760369E-01
 -1.23984771E-01  1.00000000E+00  4.40556288E-01 -8.72945847E-01  5.50353709E-01  2.52265739E+00  1.00012771E+00  3.04505936E-01
 -1.11586294E-01  1.00000000E+00  4.38559607E-01 -8.89783945E-01  5.71062558E-01  2.57689161E+00  1.00113355E+00  3.15151612E-01
 -9.91878171E-02  1.00000000E+00  4.36562927E-01 -9.06931918E-01  5.92469257E-01  2.63228656E+00  1.00224401E+00  3.26008510E-01
 -8.67893400E-02  1.00000000E+00  4.63359033E-01 -9.23599556E-01  6.23311073E-01  2.74964778E+00  9.89877254E-01  3.51954106E-01
 -7.43908628E-02  1.00000000E+00  4.90155138E-01 -9.40860921E-01  6.64766599E-01  2.87243242E+00  9.77798515E-01  3.78926781E-01
 -6.19923857E-02  1.00000000E+00  4.41676954E-01 -9.54525968E-01  7.18088608E-01  2.93283642E+00  9.75473212E-01  3.91472641E-01
 -4.95939085E-02  1.00000000E+00  3.93198769E-01 -9.68427956E-01  7.56965584E-01  2.99450996E+00  9.73227577E-01  4.04256477E-01
 -3.71954314E-02  1.00000000E+00  7.31364553E-01 -1.17360251E+00  8.64764316E-01  3.45204590E+00  1.03699910E+00  4.83009360E-01
 -2.47969543E-02  1.00000000E+00  1.06953034E+00 -1.41032673E+00  1.08632927E+00  3.98388177E+00  1.11529757E+00  5.73716841E-01
 -1.23984771E-02  1.00000000E+00  2.33323034E-01 -3.62498694E-01  1.83568036E+00  4.61843882E+00  6.26499058E-01  7.98387952E-01
  0.00000000E+00  1.00000000E+00 -6.02884268E-01  8.85450150E-01  3.52494799E+00  6.46561581E+00  6.02035554E-01  1.17271605E+00
