# curve 5 (die wall), step =      700, time =   1.40000000E+02
# N1 = tau_xx - tau_yy = G ( c_xx - c_yy ),  G =  2.0000E-02  (polymer part only)
#              x               y        pressure            c_xy        gammadot            c_xx            c_yy              N1
 -1.00000000E+01  1.00000000E+00  7.34258930E+00 -1.55224082E+00  4.06492972E-01  5.81864200E+00  1.00000083E+00  9.63728235E-02
 -9.95040609E+00  1.00000000E+00  7.30726660E+00 -1.55205966E+00  4.06501906E-01  5.81754298E+00  1.00000457E+00  9.63507682E-02
 -9.90081218E+00  1.00000000E+00  7.27194390E+00 -1.55187852E+00  4.06509207E-01  5.81644417E+00  1.00000831E+00  9.63287171E-02
 -9.85121827E+00  1.00000000E+00  7.23661278E+00 -1.55194582E+00  4.06506873E-01  5.81721426E+00  1.00001054E+00  9.63440743E-02
 -9.80162437E+00  1.00000000E+00  7.20128167E+00 -1.55201312E+00  4.06500277E-01  5.81798446E+00  1.00001277E+00  9.63594338E-02
 -9.75203046E+00  1.00000000E+00  7.16593870E+00 -1.55211793E+00  4.06501250E-01  5.81792783E+00  1.00000829E+00  9.63583908E-02
 -9.70243655E+00  1.00000000E+00  7.13059573E+00 -1.55222273E+00  4.06505244E-01  5.81787120E+00  1.00000381E+00  9.63573479E-02
 -9.65284264E+00  1.00000000E+00  7.09526316E+00 -1.55223356E+00  4.06501799E-01  5.81822882E+00  1.00001798E+00  9.63642168E-02
 -9.60324873E+00  1.00000000E+00  7.05993059E+00 -1.55224439E+00  4.06498076E-01  5.81858646E+00  1.00003215E+00  9.63710861E-02
 -9.55365482E+00  1.00000000E+00  7.02459929E+00 -1.55236707E+00  4.06493688E-01  5.81989110E+00  1.00005000E+00  9.63968221E-02
 -9.50406091E+00  1.00000000E+00  6.98926798E+00 -1.55248975E+00  4.06482525E-01  5.82119606E+00  1.00006784E+00  9.64225644E-02
 -9.45446701E+00  1.00000000E+00  6.95392513E+00 -1.55228495E+00  4.06491484E-01  5.81972178E+00  1.00004954E+00  9.63934447E-02
 -9.40487310E+00  1.00000000E+00  6.91858228E+00 -1.55208018E+00  4.06496358E-01  5.81824788E+00  1.00003125E+00  9.63643327E-02
 -9.35527919E+00  1.00000000E+00  6.88325269E+00 -1.55251376E+00  4.06495932E-01  5.82037717E+00  1.00004455E+00  9.64066525E-02
 -9.30568528E+00  1.00000000E+00  6.84792310E+00 -1.55294747E+00  4.06493458E-01  5.82250723E+00  1.00005787E+00  9.64489872E-02
 -9.25609137E+00  1.00000000E+00  6.81259079E+00 -1.55257813E+00  4.06495880E-01  5.82099894E+00  1.00005743E+00  9.64188303E-02
 -9.20649746E+00  1.00000000E+00  6.77725847E+00 -1.55220887E+00  4.06496896E-01  5.81949104E+00  1.00005702E+00  9.63886805E-02
 -9.15690355E+00  1.00000000E+00  6.74191942E+00 -1.55231119E+00  4.06499915E-01  5.81941889E+00  1.00004331E+00  9.63875115E-02
 -9.10730965E+00  1.00000000E+00  6.70658037E+00 -1.55241350E+00  4.06503348E-01  5.81934675E+00  1.00002962E+00  9.63863426E-02
 -9.05771574E+00  1.00000000E+00  6.67125252E+00 -1.55236656E+00  4.06503854E-01  5.81941041E+00  1.00002668E+00  9.63876746E-02
 -9.00812183E+00  1.00000000E+00  6.63592467E+00 -1.55231962E+00  4.06502900E-01  5.81947408E+00  1.00002374E+00  9.63890066E-02
 -8.95852792E+00  1.00000000E+00  6.60058217E+00 -1.55237442E+00  4.06503035E-01  5.81925935E+00  1.00002528E+00  9.63846815E-02
 -8.90893401E+00  1.00000000E+00  6.56523967E+00 -1.55242921E+00  4.06505023E-01  5.81904464E+00  1.00002681E+00  9.63803566E-02
 -8.85934010E+00  1.00000000E+00  6.52990791E+00 -1.55232034E+00  4.06502717E-01  5.81909453E+00  1.00002722E+00  9.63813462E-02
 -8.80974619E+00  1.00000000E+00  6.49457616E+00 -1.55221146E+00  4.06496564E-01  5.81914443E+00  1.00002764E+00  9.63823359E-02
 -8.76015229E+00  1.00000000E+00  6.45923475E+00 -1.55229065E+00  4.06498594E-01  5.81890333E+00  1.00002334E+00  9.63775998E-02
 -8.71055838E+00  1.00000000E+00  6.42389335E+00 -1.55236983E+00  4.06504283E-01  5.81866225E+00  1.00001904E+00  9.63728642E-02
 -8.66096447E+00  1.00000000E+00  6.38856617E+00 -1.55215223E+00  4.06503418E-01  5.81786432E+00  1.00001341E+00  9.63570182E-02
 -8.61137056E+00  1.00000000E+00  6.35323899E+00 -1.55193466E+00  4.06500326E-01  5.81706650E+00  1.00000779E+00  9.63411742E-02
 -8.56177665E+00  1.00000000E+00  6.31790470E+00 -1.55206123E+00  4.06502708E-01  5.81753416E+00  1.00002292E+00  9.63502246E-02
 -8.51218274E+00  1.00000000E+00  6.28257042E+00 -1.55218780E+00  4.06503272E-01  5.81800185E+00  1.00003806E+00  9.63592757E-02
 -8.46258884E+00  1.00000000E+00  6.24723053E+00 -1.55240735E+00  4.06496645E-01  5.81959951E+00  1.00003417E+00  9.63913068E-02
 -8.41299493E+00  1.00000000E+00  6.21189065E+00 -1.55262693E+00  4.06492242E-01  5.82119763E+00  1.00003029E+00  9.64233468E-02
 -8.36340102E+00  1.00000000E+00  6.17656146E+00 -1.55223149E+00  4.06502317E-01  5.81912962E+00  1.00002062E+00  9.63821799E-02
 -8.31380711E+00  1.00000000E+00  6.14123228E+00 -1.55183616E+00  4.06502055E-01  5.81706234E+00  1.00001098E+00  9.63410272E-02
 -8.26421320E+00  1.00000000E+00  6.10589391E+00 -1.55203327E+00  4.06503612E-01  5.81760784E+00  1.00001978E+00  9.63517613E-02
 -8.21461929E+00  1.00000000E+00  6.07055554E+00 -1.55223039E+00  4.06504786E-01  5.81815340E+00  1.00002859E+00  9.63624963E-02
 -8.16502538E+00  1.00000000E+00  6.03521731E+00 -1.55245429E+00  4.06500118E-01  5.81984203E+00  1.00004288E+00  9.63959829E-02
 -8.11543148E+00  1.00000000E+00  5.99987907E+00 -1.55267822E+00  4.06494011E-01  5.82153116E+00  1.00005717E+00  9.64294798E-02
 -8.06583757E+00  1.00000000E+00  5.96454385E+00 -1.55229235E+00  4.06497700E-01  5.81935967E+00  1.00003116E+00  9.63865702E-02
 -8.01624366E+00  1.00000000E+00  5.92920862E+00 -1.55190660E+00  4.06499496E-01  5.81718900E+00  1.00000517E+00  9.63436766E-02
 -7.96664975E+00  1.00000000E+00  5.89388526E+00 -1.55202831E+00  4.06501805E-01  5.81767637E+00  1.00001705E+00  9.63531862E-02
 -7.91705584E+00  1.00000000E+00  5.85856190E+00 -1.55215004E+00  4.06501402E-01  5.81816378E+00  1.00002894E+00  9.63626967E-02
 -7.86746193E+00  1.00000000E+00  5.82321414E+00 -1.55235161E+00  4.06499234E-01  5.81932349E+00  1.00004105E+00  9.63856487E-02
 -7.81786802E+00  1.00000000E+00  5.78786639E+00 -1.55255320E+00  4.06494529E-01  5.82048343E+00  1.00005316E+00  9.64086053E-02
 -7.76827412E+00  1.00000000E+00  5.75253354E+00 -1.55224270E+00  4.06497785E-01  5.81904983E+00  1.00003593E+00  9.63802780E-02
 -7.71868021E+00  1.00000000E+00  5.71720069E+00 -1.55193226E+00  4.06498333E-01  5.81761658E+00  1.00001871E+00  9.63519574E-02
 -7.66908630E+00  1.00000000E+00  5.68187135E+00 -1.55208675E+00  4.06500342E-01  5.81807863E+00  1.00002336E+00  9.63611053E-02
 -7.61949239E+00  1.00000000E+00  5.64654200E+00 -1.55224124E+00  4.06503605E-01  5.81854071E+00  1.00002802E+00  9.63702539E-02
 -7.56989848E+00  1.00000000E+00  5.61120295E+00 -1.55247188E+00  4.06500874E-01  5.81998563E+00  1.00003912E+00  9.63989302E-02
 -7.52030457E+00  1.00000000E+00  5.57586390E+00 -1.55270255E+00  4.06496235E-01  5.82143091E+00  1.00005023E+00  9.64276138E-02
 -7.47071066E+00  1.00000000E+00  5.54052701E+00 -1.55234427E+00  4.06498206E-01  5.81956702E+00  1.00003828E+00  9.63905747E-02
 -7.42111676E+00  1.00000000E+00  5.50519012E+00 -1.55198608E+00  4.06497975E-01  5.81770372E+00  1.00002636E+00  9.63535472E-02
 -7.37152285E+00  1.00000000E+00  5.46986417E+00 -1.55211376E+00  4.06500251E-01  5.81809150E+00  1.00003183E+00  9.63611934E-02
 -7.32192894E+00  1.00000000E+00  5.43453821E+00 -1.55224144E+00  4.06501490E-01  5.81847930E+00  1.00003730E+00  9.63688400E-02
 -7.27233503E+00  1.00000000E+00  5.39919833E+00 -1.55246690E+00  4.06498956E-01  5.81977156E+00  1.00002447E+00  9.63949417E-02
 -7.22274112E+00  1.00000000E+00  5.36385845E+00 -1.55269240E+00  4.06498811E-01  5.82106411E+00  1.00001166E+00  9.64210490E-02
 -7.17314721E+00  1.00000000E+00  5.32852344E+00 -1.55227705E+00  4.06505623E-01  5.81911229E+00  1.00000692E+00  9.63821074E-02
 -7.12355330E+00  1.00000000E+00  5.29318843E+00 -1.55186182E+00  4.06502966E-01  5.81716113E+00  1.00000222E+00  9.63431782E-02
 -7.07395940E+00  1.00000000E+00  5.25785221E+00 -1.55205100E+00  4.06502428E-01  5.81765183E+00  1.00001133E+00  9.63528099E-02
 -7.02436549E+00  1.00000000E+00  5.22251600E+00 -1.55224019E+00  4.06501671E-01  5.81814258E+00  1.00002046E+00  9.63624424E-02
 -6.97477158E+00  1.00000000E+00  5.18717912E+00 -1.55246526E+00  4.06497594E-01  5.81983850E+00  1.00004171E+00  9.63959359E-02
 -6.92517767E+00  1.00000000E+00  5.15184225E+00 -1.55269037E+00  4.06492272E-01  5.82153494E+00  1.00006296E+00  9.64294396E-02
 -6.87558376E+00  1.00000000E+00  5.11650683E+00 -1.55229031E+00  4.06497313E-01  5.81940221E+00  1.00002986E+00  9.63874470E-02
 -6.82598985E+00  1.00000000E+00  5.08117142E+00 -1.55189037E+00  4.06500472E-01  5.81727026E+00  9.99996772E-01  9.63454697E-02
 -6.77639594E+00  1.00000000E+00  5.04584326E+00 -1.55203654E+00  4.06504536E-01  5.81766541E+00  1.00002100E+00  9.63528881E-02
 -6.72680204E+00  1.00000000E+00  5.01051510E+00 -1.55218272E+00  4.06505072E-01  5.81806058E+00  1.00004523E+00  9.63603070E-02
 -6.67720813E+00  1.00000000E+00  4.97517391E+00 -1.55241043E+00  4.06497985E-01  5.81963613E+00  1.00003912E+00  9.63919402E-02
 -6.62761422E+00  1.00000000E+00  4.93983272E+00 -1.55263818E+00  4.06492062E-01  5.82121212E+00  1.00003301E+00  9.64235821E-02
 -6.57802031E+00  1.00000000E+00  4.90450334E+00 -1.55223591E+00  4.06501578E-01  5.81913881E+00  1.00002197E+00  9.63823368E-02
 -6.52842640E+00  1.00000000E+00  4.86917396E+00 -1.55183376E+00  4.06501453E-01  5.81706625E+00  1.00001096E+00  9.63411058E-02
 -6.47883249E+00  1.00000000E+00  4.83383578E+00 -1.55203107E+00  4.06503283E-01  5.81761275E+00  1.00001963E+00  9.63518624E-02
 -6.42923858E+00  1.00000000E+00  4.79849760E+00 -1.55222840E+00  4.06504757E-01  5.81815930E+00  1.00002831E+00  9.63626199E-02
 -6.37964468E+00  1.00000000E+00  4.76315941E+00 -1.55246764E+00  4.06500088E-01  5.81992193E+00  1.00004825E+00  9.63974736E-02
 -6.33005077E+00  1.00000000E+00  4.72782123E+00 -1.55270693E+00  4.06493880E-01  5.82168511E+00  1.00006819E+00  9.64323384E-02
 -6.28045686E+00  1.00000000E+00  4.69248587E+00 -1.55230421E+00  4.06497993E-01  5.81944089E+00  1.00003188E+00  9.63881802E-02
 -6.23086295E+00  1.00000000E+00  4.65715051E+00 -1.55190162E+00  4.06500911E-01  5.81719755E+00  9.99995594E-01  9.63440391E-02
 -6.18126904E+00  1.00000000E+00  4.62182646E+00 -1.55203701E+00  4.06503506E-01  5.81767678E+00  1.00002030E+00  9.63531296E-02
 -6.13167513E+00  1.00000000E+00  4.58650240E+00 -1.55217241E+00  4.06502316E-01  5.81815604E+00  1.00004500E+00  9.63622209E-02
 -6.08208123E+00  1.00000000E+00  4.55115608E+00 -1.55236739E+00  4.06498265E-01  5.81935442E+00  1.00004957E+00  9.63860970E-02
 -6.03248732E+00  1.00000000E+00  4.51580976E+00 -1.55256240E+00  4.06492408E-01  5.82055304E+00  1.00005414E+00  9.64099780E-02
 -5.98289341E+00  1.00000000E+00  4.48047662E+00 -1.55225943E+00  4.06496318E-01  5.81914370E+00  1.00003897E+00  9.63820948E-02
 -5.93329950E+00  1.00000000E+00  4.44514348E+00 -1.55195652E+00  4.06497166E-01  5.81773471E+00  1.00002381E+00  9.63542180E-02
 -5.88370559E+00  1.00000000E+00  4.40981494E+00 -1.55210653E+00  4.06499082E-01  5.81820781E+00  1.00002423E+00  9.63636715E-02
 -5.83411168E+00  1.00000000E+00  4.37448641E+00 -1.55225654E+00  4.06502741E-01  5.81868095E+00  1.00002467E+00  9.63731256E-02
 -5.78451777E+00  1.00000000E+00  4.33914740E+00 -1.55248238E+00  4.06501015E-01  5.82002151E+00  1.00003999E+00  9.63996304E-02
 -5.73492387E+00  1.00000000E+00  4.30380838E+00 -1.55270827E+00  4.06495914E-01  5.82136238E+00  1.00005532E+00  9.64261413E-02
 -5.68532996E+00  1.00000000E+00  4.26847169E+00 -1.55234666E+00  4.06497793E-01  5.81953473E+00  1.00003924E+00  9.63899096E-02
 -5.63573605E+00  1.00000000E+00  4.23313500E+00 -1.55198514E+00  4.06498650E-01  5.81770764E+00  1.00002319E+00  9.63536891E-02
 -5.58614214E+00  1.00000000E+00  4.19780723E+00 -1.55211526E+00  4.06501427E-01  5.81809826E+00  1.00003119E+00  9.63613414E-02
 -5.53654823E+00  1.00000000E+00  4.16247945E+00 -1.55224538E+00  4.06502582E-01  5.81848891E+00  1.00003919E+00  9.63689943E-02
 -5.48695432E+00  1.00000000E+00  4.12713910E+00 -1.55248275E+00  4.06499231E-01  5.81985941E+00  1.00003255E+00  9.63965372E-02
 -5.43736041E+00  1.00000000E+00  4.09179875E+00 -1.55272017E+00  4.06496936E-01  5.82123024E+00  1.00002592E+00  9.64240865E-02
 -5.38776651E+00  1.00000000E+00  4.05646333E+00 -1.55229840E+00  4.06502373E-01  5.81926551E+00  1.00001745E+00  9.63849612E-02
 -5.33817260E+00  1.00000000E+00  4.02112790E+00 -1.55187675E+00  4.06500468E-01  5.81730144E+00  1.00000901E+00  9.63458485E-02
 -5.28857869E+00  1.00000000E+00  3.98579342E+00 -1.55206483E+00  4.06500645E-01  5.81780530E+00  1.00001470E+00  9.63558119E-02
 -5.23898478E+00  1.00000000E+00  3.95045893E+00 -1.55225293E+00  4.06500994E-01  5.81830920E+00  1.00002040E+00  9.63657761E-02
 -5.18939087E+00  1.00000000E+00  3.91512268E+00 -1.55248217E+00  4.06497812E-01  5.81984552E+00  1.00003991E+00  9.63961124E-02
 -5.13979696E+00  1.00000000E+00  3.87978642E+00 -1.55271145E+00  4.06492296E-01  5.82138226E+00  1.00005942E+00  9.64264569E-02
 -5.09020305E+00  1.00000000E+00  3.84445106E+00 -1.55234983E+00  4.06495495E-01  5.81953299E+00  1.00004157E+00  9.63898283E-02
 -5.04060915E+00  1.00000000E+00  3.80911570E+00 -1.55198831E+00  4.06497342E-01  5.81768430E+00  1.00002375E+00  9.63532111E-02
 -4.99101524E+00  1.00000000E+00  3.77378839E+00 -1.55211619E+00  4.06501052E-01  5.81807862E+00  1.00003082E+00  9.63609559E-02
 -4.94142133E+00  1.00000000E+00  3.73846108E+00 -1.55224408E+00  4.06502896E-01  5.81847296E+00  1.00003790E+00  9.63687012E-02
 -4.89182742E+00  1.00000000E+00  3.70312060E+00 -1.55248322E+00  4.06499834E-01  5.81984271E+00  1.00003241E+00  9.63962061E-02
 -4.84223351E+00  1.00000000E+00  3.66778011E+00 -1.55272241E+00  4.06497631E-01  5.82121279E+00  1.00002692E+00  9.64237174E-02
 -4.79263960E+00  1.00000000E+00  3.63244583E+00 -1.55229847E+00  4.06502806E-01  5.81922952E+00  1.00001746E+00  9.63842412E-02
 -4.74304569E+00  1.00000000E+00  3.59711156E+00 -1.55187467E+00  4.06501079E-01  5.81724693E+00  1.00000804E+00  9.63447777E-02
 -4.69345179E+00  1.00000000E+00  3.56177561E+00 -1.55206215E+00  4.06501506E-01  5.81776639E+00  1.00001301E+00  9.63550675E-02
 -4.64385788E+00  1.00000000E+00  3.52643966E+00 -1.55224966E+00  4.06501829E-01  5.81828590E+00  1.00001799E+00  9.63653581E-02
 -4.59426397E+00  1.00000000E+00  3.49110666E+00 -1.55251205E+00  4.06497868E-01  5.82002275E+00  1.00004759E+00  9.63995032E-02
 -4.54467006E+00  1.00000000E+00  3.45577366E+00 -1.55277449E+00  4.06490674E-01  5.82176013E+00  1.00007718E+00  9.64336589E-02
 -4.49507615E+00  1.00000000E+00  3.42043104E+00 -1.55282981E+00  4.06490301E-01  5.82234790E+00  1.00006496E+00  9.64456588E-02
 -4.44548224E+00  1.00000000E+00  3.38508841E+00 -1.55288514E+00  4.06487751E-01  5.82293574E+00  1.00005274E+00  9.64576601E-02
 -4.39588833E+00  1.00000000E+00  3.34976100E+00 -1.55234883E+00  4.06495933E-01  5.82002040E+00  1.00003750E+00  9.63996580E-02
 -4.34629443E+00  1.00000000E+00  3.31443358E+00 -1.55181274E+00  4.06503830E-01  5.81710653E+00  1.00002230E+00  9.63416845E-02
 -4.29670052E+00  1.00000000E+00  3.27909973E+00 -1.55221990E+00  4.06500922E-01  5.81939512E+00  1.00003587E+00  9.63871850E-02
 -4.24710661E+00  1.00000000E+00  3.24376588E+00 -1.55262719E+00  4.06491062E-01  5.82168462E+00  1.00004946E+00  9.64327032E-02
 -4.19751270E+00  1.00000000E+00  3.20842049E+00 -1.55224945E+00  4.06500861E-01  5.81943695E+00  1.00002762E+00  9.63881867E-02
 -4.14791879E+00  1.00000000E+00  3.17307510E+00 -1.55187182E+00  4.06507159E-01  5.81719017E+00  1.00000579E+00  9.63436876E-02
 -4.09832488E+00  1.00000000E+00  3.13775000E+00 -1.55187889E+00  4.06507559E-01  5.81704985E+00  1.00000907E+00  9.63408157E-02
 -4.04873097E+00  1.00000000E+00  3.10242491E+00 -1.55188596E+00  4.06505424E-01  5.81690954E+00  1.00001234E+00  9.63379439E-02
 -3.99913707E+00  1.00000000E+00  3.06708960E+00 -1.55201468E+00  4.06506111E-01  5.81749301E+00  1.00003228E+00  9.63492147E-02
 -3.94954316E+00  1.00000000E+00  3.03175428E+00 -1.55214342E+00  4.06503589E-01  5.81807655E+00  1.00005222E+00  9.63604866E-02
 -3.89994925E+00  1.00000000E+00  2.99641814E+00 -1.55257125E+00  4.06495821E-01  5.82078231E+00  1.00005230E+00  9.64146002E-02
 -3.85035534E+00  1.00000000E+00  2.96108201E+00 -1.55299924E+00  4.06489975E-01  5.82348935E+00  1.00005239E+00  9.64687391E-02
 -3.80076143E+00  1.00000000E+00  2.92574378E+00 -1.55248798E+00  4.06494981E-01  5.82074541E+00  1.00002575E+00  9.64143933E-02
 -3.75116752E+00  1.00000000E+00  2.89040556E+00 -1.55197692E+00  4.06497331E-01  5.81800278E+00  9.99999140E-01  9.63600728E-02
 -3.70157361E+00  1.00000000E+00  2.85507656E+00 -1.55228789E+00  4.06497517E-01  5.81958331E+00  1.00002970E+00  9.63910722E-02
 -3.65197971E+00  1.00000000E+00  2.81974756E+00 -1.55259893E+00  4.06491383E-01  5.82116427E+00  1.00006027E+00  9.64220801E-02
 -3.60238580E+00  1.00000000E+00  2.78439734E+00 -1.55259734E+00  4.06492895E-01  5.82058680E+00  1.00003332E+00  9.64110694E-02
 -3.55279189E+00  1.00000000E+00  2.74904713E+00 -1.55259573E+00  4.06500523E-01  5.82000939E+00  1.00000638E+00  9.64000602E-02
 -3.50319798E+00  1.00000000E+00  2.71373100E+00 -1.55238567E+00  4.06501944E-01  5.81907441E+00  1.00002414E+00  9.63810053E-02
 -3.45360407E+00  1.00000000E+00  2.67841486E+00 -1.55217565E+00  4.06503901E-01  5.81813957E+00  1.00004191E+00  9.63619532E-02
 -3.40401016E+00  1.00000000E+00  2.64307017E+00 -1.55246246E+00  4.06499367E-01  5.82021493E+00  1.00004568E+00  9.64033849E-02
 -3.35441626E+00  1.00000000E+00  2.60772548E+00 -1.55274934E+00  4.06490509E-01  5.82229105E+00  1.00004946E+00  9.64448318E-02
 -3.30482235E+00  1.00000000E+00  2.57239228E+00 -1.55232038E+00  4.06495706E-01  5.81992510E+00  1.00002758E+00  9.63979504E-02
 -3.25522844E+00  1.00000000E+00  2.53705909E+00 -1.55189156E+00  4.06497645E-01  5.81756012E+00  1.00000572E+00  9.63510880E-02
 -3.20563453E+00  1.00000000E+00  2.50171978E+00 -1.55203952E+00  4.06504258E-01  5.81768496E+00  1.00000128E+00  9.63536737E-02
 -3.15604062E+00  1.00000000E+00  2.46638047E+00 -1.55218749E+00  4.06509128E-01  5.81780982E+00  9.99996848E-01  9.63562594E-02
 -3.10644671E+00  1.00000000E+00  2.43105434E+00 -1.55204363E+00  4.06507986E-01  5.81742844E+00  1.00001842E+00  9.63482004E-02
 -3.05685280E+00  1.00000000E+00  2.39572821E+00 -1.55189979E+00  4.06504027E-01  5.81704709E+00  1.00004000E+00  9.63401418E-02
 -3.00725890E+00  1.00000000E+00  2.36038627E+00 -1.55222444E+00  4.06498975E-01  5.81921474E+00  1.00003940E+00  9.63835069E-02
 -2.95766499E+00  1.00000000E+00  2.32504432E+00 -1.55254918E+00  4.06492793E-01  5.82138322E+00  1.00003880E+00  9.64268883E-02
 -2.90807108E+00  1.00000000E+00  2.28971175E+00 -1.55218660E+00  4.06498988E-01  5.81935145E+00  1.00003949E+00  9.63862390E-02
 -2.85847717E+00  1.00000000E+00  2.25437917E+00 -1.55182412E+00  4.06501318E-01  5.81732039E+00  1.00004021E+00  9.63456036E-02
 -2.80888326E+00  1.00000000E+00  2.21905241E+00 -1.55249274E+00  4.06493803E-01  5.82084046E+00  1.00008269E+00  9.64151555E-02
 -2.75928935E+00  1.00000000E+00  2.18372564E+00 -1.55316170E+00  4.06481309E-01  5.82436267E+00  1.00012523E+00  9.64847489E-02
 -2.70969544E+00  1.00000000E+00  2.14837952E+00 -1.55283404E+00  4.06486317E-01  5.82258355E+00  1.00006203E+00  9.64504303E-02
 -2.66010154E+00  1.00000000E+00  2.11303341E+00 -1.55250646E+00  4.06494727E-01  5.82080497E+00  9.99998842E-01  9.64161226E-02
 -2.61050763E+00  1.00000000E+00  2.07770037E+00 -1.55230743E+00  4.06502501E-01  5.81943951E+00  1.00001481E+00  9.63884942E-02
 -2.56091372E+00  1.00000000E+00  2.04236734E+00 -1.55210845E+00  4.06504518E-01  5.81807439E+00  1.00003078E+00  9.63608722E-02
 -2.51131981E+00  1.00000000E+00  2.00703691E+00 -1.55214405E+00  4.06506207E-01  5.81812419E+00  1.00003227E+00  9.63618385E-02
 -2.46172590E+00  1.00000000E+00  1.97170648E+00 -1.55217964E+00  4.06506186E-01  5.81817400E+00  1.00003376E+00  9.63628048E-02
 -2.41213199E+00  1.00000000E+00  1.93636710E+00 -1.55245631E+00  4.06501276E-01  5.82001093E+00  1.00003896E+00  9.63994393E-02
 -2.36253808E+00  1.00000000E+00  1.90102773E+00 -1.55273305E+00  4.06493806E-01  5.82184845E+00  1.00004417E+00  9.64360855E-02
 -2.31294418E+00  1.00000000E+00  1.86568801E+00 -1.55234815E+00  4.06497501E-01  5.81976356E+00  1.00003257E+00  9.63946199E-02
 -2.26335027E+00  1.00000000E+00  1.83034829E+00 -1.55196336E+00  4.06498892E-01  5.81767943E+00  1.00002099E+00  9.63531689E-02
 -2.21375636E+00  1.00000000E+00  1.79501752E+00 -1.55206918E+00  4.06497428E-01  5.81782579E+00  1.00002479E+00  9.63560198E-02
 -2.16416245E+00  1.00000000E+00  1.75968675E+00 -1.55217499E+00  4.06495272E-01  5.81797215E+00  1.00002861E+00  9.63588709E-02
 -2.11456854E+00  1.00000000E+00  1.72435472E+00 -1.55220786E+00  4.06492125E-01  5.81849264E+00  1.00001971E+00  9.63694587E-02
 -2.06497463E+00  1.00000000E+00  1.68902270E+00 -1.55224072E+00  4.06487332E-01  5.81901318E+00  1.00001080E+00  9.63800475E-02
 -2.01538072E+00  1.00000000E+00  1.65368276E+00 -1.55229036E+00  4.06485335E-01  5.81879862E+00  1.00001656E+00  9.63756413E-02
 -1.96578682E+00  1.00000000E+00  1.61834281E+00 -1.55233999E+00  4.06486265E-01  5.81858408E+00  1.00002232E+00  9.63712353E-02
 -1.91619291E+00  1.00000000E+00  1.58301140E+00 -1.55227362E+00  4.06477025E-01  5.81897338E+00  1.00003612E+00  9.63787453E-02
 -1.86659900E+00  1.00000000E+00  1.54767999E+00 -1.55220723E+00  4.06461271E-01  5.81936272E+00  1.00004992E+00  9.63862560E-02
 -1.81700509E+00  1.00000000E+00  1.51234036E+00 -1.55228953E+00  4.06455054E-01  5.81903431E+00  1.00003764E+00  9.63799335E-02
 -1.76741118E+00  1.00000000E+00  1.47700074E+00 -1.55237182E+00  4.06450950E-01  5.81870594E+00  1.00002536E+00  9.63736116E-02
 -1.71781727E+00  1.00000000E+00  1.44168573E+00 -1.55222942E+00  4.06435583E-01  5.81840299E+00  1.00003852E+00  9.63672894E-02
 -1.66822336E+00  1.00000000E+00  1.40637071E+00 -1.55208702E+00  4.06415553E-01  5.81810007E+00  1.00005170E+00  9.63609674E-02
 -1.61862946E+00  1.00000000E+00  1.37104671E+00 -1.55215406E+00  4.06399263E-01  5.81781387E+00  1.00004577E+00  9.63553621E-02
 -1.56903555E+00  1.00000000E+00  1.33572271E+00 -1.55222107E+00  4.06382169E-01  5.81752771E+00  1.00003985E+00  9.63497572E-02
 -1.51944164E+00  1.00000000E+00  1.30042063E+00 -1.55230265E+00  4.06350746E-01  5.81863781E+00  1.00006494E+00  9.63714574E-02
 -1.46984773E+00  1.00000000E+00  1.26511856E+00 -1.55238421E+00  4.06306874E-01  5.81974814E+00  1.00009003E+00  9.63931622E-02
 -1.42025382E+00  1.00000000E+00  1.22981002E+00 -1.55206016E+00  4.06277025E-01  5.81788084E+00  1.00006660E+00  9.63562848E-02
 -1.37065991E+00  1.00000000E+00  1.19450147E+00 -1.55173618E+00  4.06250078E-01  5.81601414E+00  1.00004317E+00  9.63194194E-02
 -1.32106600E+00  1.00000000E+00  1.15925543E+00 -1.55229408E+00  4.06211962E-01  5.81839023E+00  1.00009901E+00  9.63658243E-02
 -1.27147210E+00  1.00000000E+00  1.12400939E+00 -1.55285218E+00  4.06152796E-01  5.82076728E+00  1.00015490E+00  9.64122476E-02
 -1.22187819E+00  1.00000000E+00  1.08880201E+00 -1.55221901E+00  4.06097650E-01  5.81771385E+00  1.00013594E+00  9.63515581E-02
 -1.17228428E+00  1.00000000E+00  1.05359464E+00 -1.55158614E+00  4.06043958E-01  5.81466201E+00  1.00011704E+00  9.62908993E-02
 -1.12269037E+00  1.00000000E+00  1.01846295E+00 -1.55165784E+00  4.05998118E-01  5.81423078E+00  1.00012341E+00  9.62821475E-02
 -1.07309646E+00  1.00000000E+00  9.83331258E-01 -1.55172952E+00  4.05938485E-01  5.81379961E+00  1.00012978E+00  9.62733966E-02
 -1.02350255E+00  1.00000000E+00  9.48310918E-01 -1.55169287E+00  4.05884457E-01  5.81328913E+00  1.00020375E+00  9.62617075E-02
 -9.73908645E-01  1.00000000E+00  9.13290579E-01 -1.55165623E+00  4.05846899E-01  5.81277870E+00  1.00027774E+00  9.62500193E-02
 -9.24314736E-01  1.00000000E+00  8.78437381E-01 -1.55140602E+00  4.05861575E-01  5.81309502E+00  1.00007494E+00  9.62604016E-02
 -8.74720828E-01  1.00000000E+00  8.43584182E-01 -1.55115582E+00  4.05885288E-01  5.81341140E+00  9.99872172E-01  9.62707846E-02
 -8.25312107E-01  1.00000000E+00  8.09108599E-01 -1.55155475E+00  4.05980691E-01  5.81379910E+00  1.00011243E+00  9.62737335E-02
 -7.75903387E-01  1.00000000E+00  7.74633016E-01 -1.55195374E+00  4.06116758E-01  5.81418688E+00  1.00035275E+00  9.62766826E-02
 -7.30665613E-01  1.00000000E+00  7.43419228E-01 -1.55248178E+00  4.06472967E-01  5.81712696E+00  1.00034284E+00  9.63356823E-02
 -6.85427839E-01  1.00000000E+00  7.12205440E-01 -1.55301005E+00  4.06836855E-01  5.82006853E+00  1.00033298E+00  9.63947110E-02
 -6.45465100E-01  1.00000000E+00  6.85031140E-01 -1.55311212E+00  4.07424198E-01  5.82439794E+00  9.99985715E-01  9.64882445E-02
 -6.05502361E-01  1.00000000E+00  6.57856841E-01 -1.55321417E+00  4.08108305E-01  5.82873103E+00  9.99638528E-01  9.65818501E-02
 -5.70199545E-01  1.00000000E+00  6.34202248E-01 -1.55395111E+00  4.08995458E-01  5.83506170E+00  9.99502640E-01  9.67111812E-02
 -5.34896729E-01  1.00000000E+00  6.10547654E-01 -1.55468857E+00  4.10049663E-01  5.84139956E+00  9.99366800E-01  9.68406551E-02
 -5.03710456E-01  1.00000000E+00  5.89963920E-01 -1.55713123E+00  4.11366016E-01  5.85360035E+00  9.99616680E-01  9.70796734E-02
 -4.72524184E-01  1.00000000E+00  5.69380186E-01 -1.55957822E+00  4.12869529E-01  5.86582667E+00  9.99867330E-01  9.73191868E-02
 -4.44974441E-01  1.00000000E+00  5.51888295E-01 -1.56268985E+00  4.14772335E-01  5.88274087E+00  1.00011098E+00  9.76525978E-02
 -4.17424698E-01  1.00000000E+00  5.34396404E-01 -1.56580880E+00  4.16897223E-01  5.89970417E+00  1.00035574E+00  9.79869685E-02
 -3.93087440E-01  1.00000000E+00  5.19296675E-01 -1.56918339E+00  4.19045500E-01  5.91676715E+00  1.00078752E+00  9.83195926E-02
 -3.68750182E-01  1.00000000E+00  5.04196946E-01 -1.57256618E+00  4.21698973E-01  5.93387963E+00  1.00122064E+00  9.86531798E-02
 -3.47250809E-01  1.00000000E+00  4.91320406E-01 -1.57407240E+00  4.24703747E-01  5.95854310E+00  9.99774317E-01  9.91753757E-02
 -3.25751437E-01  1.00000000E+00  4.78443865E-01 -1.57558123E+00  4.28139783E-01  5.98331885E+00  9.98329513E-01  9.96997867E-02
 -3.06759035E-01  1.00000000E+00  4.67486923E-01 -1.58260823E+00  4.31753688E-01  6.01369715E+00  9.99589798E-01  1.00282147E-01
 -2.87766633E-01  1.00000000E+00  4.56529981E-01 -1.58966750E+00  4.35767886E-01  6.04422938E+00  1.00085694E+00  1.00867449E-01
 -2.70988873E-01  1.00000000E+00  4.47489813E-01 -1.59333575E+00  4.40267379E-01  6.07911511E+00  9.99765361E-01  1.01586995E-01
 -2.54211113E-01  1.00000000E+00  4.38449645E-01 -1.59701724E+00  4.45084851E-01  6.11421261E+00  9.98675766E-01  1.02310737E-01
 -2.39389755E-01  1.00000000E+00  4.30995056E-01 -1.60288308E+00  4.50250038E-01  6.15311402E+00  9.98575989E-01  1.03090761E-01
 -2.24568396E-01  1.00000000E+00  4.23540466E-01 -1.60877682E+00  4.55834420E-01  6.19226792E+00  9.98479572E-01  1.03875767E-01
 -2.11472015E-01  1.00000000E+00  4.17474424E-01 -1.61603745E+00  4.61812617E-01  6.23860291E+00  9.98493425E-01  1.04802190E-01
 -1.98375634E-01  1.00000000E+00  4.11408381E-01 -1.62333969E+00  4.68231306E-01  6.28529032E+00  9.98512638E-01  1.05735554E-01
 -1.85977157E-01  1.00000000E+00  4.06409379E-01 -1.63466883E+00  4.75773498E-01  6.34213952E+00  9.99917270E-01  1.06844445E-01
 -1.73578680E-01  1.00000000E+00  4.01410377E-01 -1.64608568E+00  4.83824208E-01  6.39950357E+00  1.00133713E+00  1.07963329E-01
 -1.61180203E-01  1.00000000E+00  3.97527306E-01 -1.65220855E+00  4.93758998E-01  6.46915408E+00  9.98819446E-01  1.09406693E-01
 -1.48781726E-01  1.00000000E+00  3.93644235E-01 -1.65836731E+00  5.04477733E-01  6.53961211E+00  9.96307770E-01  1.10866087E-01
 -1.36383248E-01  1.00000000E+00  3.90944449E-01 -1.67634099E+00  5.17946168E-01  6.63652777E+00  9.98101894E-01  1.12768517E-01
 -1.23984771E-01  1.00000000E+00  3.88244664E-01 -1.69453730E+00  5.32687662E-01  6.73488527E+00  9.99931140E-01  1.14699083E-01
 -1.11586294E-01  1.00000000E+00  3.86896431E-01 -1.70726513E+00  5.52649847E-01  6.84828374E+00  9.97893007E-01  1.17007815E-01
 -9.91878171E-02  1.00000000E+00  3.85548199E-01 -1.72012779E+00  5.74136118E-01  6.96367261E+00  9.95866887E-01  1.19356114E-01
 -8.67893400E-02  1.00000000E+00  3.97498887E-01 -1.73187162E+00  6.04389110E-01  7.24437070E+00  9.79746801E-01  1.25292478E-01
 -7.43908628E-02  1.00000000E+00  4.09449575E-01 -1.74368435E+00  6.43900473E-01  7.53761852E+00  9.63789826E-01  1.31476574E-01
 -6.19923857E-02  1.00000000E+00  3.80186692E-01 -1.69370572E+00  7.00042359E-01  7.56869484E+00  9.39024927E-01  1.32593398E-01
 -4.95939085E-02  1.00000000E+00  3.50923809E-01 -1.64381260E+00  7.45624802E-01  7.60146820E+00  9.14958970E-01  1.33730185E-01
 -3.71954314E-02  1.00000000E+00  6.43392490E-01 -2.24891211E+00  8.48359475E-01  8.95619413E+00  1.10668919E+00  1.56990099E-01
 -2.47969543E-02  1.00000000E+00  9.35861170E-01 -2.99133849E+00  1.10171563E+00  1.06093223E+01  1.36563085E+00  1.84873830E-01
 -1.23984771E-02  1.00000000E+00 -6.67860796E-02  3.59554312E-02  1.77228050E+00  9.94831192E+00  5.91669353E-01  1.87132851E-01
  0.00000000E+00  1.00000000E+00 -1.06943333E+00  3.49227728E+00  3.40153615E+00  1.31899928E+01  1.39854115E+00  2.35829033E-01
