0.1 0.05 0.2
0.1 0.05 0.3
0.1 0.05 0.7
0.1 0.05 1
0.1 0.05 1.5
0.1 0.05 2
0.1 0.075 0.2
0.1 0.075 0.3
0.1 0.075 0.7
0.1 0.075 1
0.1 0.075 1.5
0.1 0.075 2
0.1 0.1 0.2
0.1 0.1 0.3
0.1 0.1 0.7
0.1 0.1 1
0.1 0.1 1.5
0.1 0.1 2
0.1 0.2 0.2
0.1 0.2 0.3
0.1 0.2 0.7
0.1 0.2 1
0.1 0.2 1.5
0.1 0.2 2
0.1 0.4 0.2
0.1 0.4 0.3
0.1 0.4 0.7
0.1 0.4 1
0.1 0.4 1.5
0.1 0.4 2
0.1 0.6 0.2
0.1 0.6 0.3
0.1 0.6 0.7
0.1 0.6 1
0.1 0.6 1.5
0.1 0.6 2
0.1 0.8 0.2
0.1 0.8 0.3
0.1 0.8 0.7
0.1 0.8 1
0.1 0.8 1.5
0.1 0.8 2
0.1 0.95 0.2
0.1 0.95 0.3
0.1 0.95 0.7
0.1 0.95 1
0.1 0.95 1.5
0.1 0.95 2
0.2 0.05 0.2
0.2 0.05 0.3
0.2 0.05 0.7
0.2 0.05 1
0.2 0.05 1.5
0.2 0.05 2
0.2 0.075 0.2
0.2 0.075 0.3
0.2 0.075 0.7
0.2 0.075 1
0.2 0.075 1.5
0.2 0.075 2
0.2 0.1 0.2
0.2 0.1 0.3
0.2 0.1 0.7
0.2 0.1 1
0.2 0.1 1.5
0.2 0.1 2
0.2 0.2 0.2
0.2 0.2 0.3
0.2 0.2 0.7
0.2 0.2 1
0.2 0.2 1.5
0.2 0.2 2
0.2 0.4 0.2
0.2 0.4 0.3
0.2 0.4 0.7
0.2 0.4 1
0.2 0.4 1.5
0.2 0.4 2
0.2 0.6 0.2
0.2 0.6 0.3
0.2 0.6 0.7
0.2 0.6 1
0.2 0.6 1.5
0.2 0.6 2
0.2 0.8 0.2
0.2 0.8 0.3
0.2 0.8 0.7
0.2 0.8 1
0.2 0.8 1.5
0.2 0.8 2
0.2 0.95 0.2
0.2 0.95 0.3
0.2 0.95 0.7
0.2 0.95 1
0.2 0.95 1.5
0.2 0.95 2
0.4 0.05 0.2
0.4 0.05 0.3
0.4 0.05 0.7
0.4 0.05 1
0.4 0.05 1.5
0.4 0.05 2
0.4 0.075 0.2
0.4 0.075 0.3
0.4 0.075 0.7
0.4 0.075 1
0.4 0.075 1.5
0.4 0.075 2
0.4 0.1 0.2
0.4 0.1 0.3
0.4 0.1 0.7
0.4 0.1 1
0.4 0.1 1.5
0.4 0.1 2
0.4 0.2 0.2
0.4 0.2 0.3
0.4 0.2 0.7
0.4 0.2 1
0.4 0.2 1.5
0.4 0.2 2
0.4 0.4 0.2
0.4 0.4 0.3
0.4 0.4 0.7
0.4 0.4 1
0.4 0.4 1.5
0.4 0.4 2
0.4 0.6 0.2
0.4 0.6 0.3
0.4 0.6 0.7
0.4 0.6 1
0.4 0.6 1.5
0.4 0.6 2
0.4 0.8 0.2
0.4 0.8 0.3
0.4 0.8 0.7
0.4 0.8 1
0.4 0.8 1.5
0.4 0.8 2
0.4 0.95 0.2
0.4 0.95 0.3
0.4 0.95 0.7
0.4 0.95 1
0.4 0.95 1.5
0.4 0.95 2
0.6 0.05 0.2
0.6 0.05 0.3
0.6 0.05 0.7
0.6 0.05 1
0.6 0.05 1.5
0.6 0.05 2
0.6 0.075 0.2
0.6 0.075 0.3
0.6 0.075 0.7
0.6 0.075 1
0.6 0.075 1.5
0.6 0.075 2
0.6 0.1 0.2
0.6 0.1 0.3
0.6 0.1 0.7
0.6 0.1 1
0.6 0.1 1.5
0.6 0.1 2
0.6 0.2 0.2
0.6 0.2 0.3
0.6 0.2 0.7
0.6 0.2 1
0.6 0.2 1.5
0.6 0.2 2
0.6 0.4 0.2
0.6 0.4 0.3
0.6 0.4 0.7
0.6 0.4 1
0.6 0.4 1.5
0.6 0.4 2
0.6 0.6 0.2
0.6 0.6 0.3
0.6 0.6 0.7
0.6 0.6 1
0.6 0.6 1.5
0.6 0.6 2
0.6 0.8 0.2
0.6 0.8 0.3
0.6 0.8 0.7
0.6 0.8 1
0.6 0.8 1.5
0.6 0.8 2
0.6 0.95 0.2
0.6 0.95 0.3
0.6 0.95 0.7
0.6 0.95 1
0.6 0.95 1.5
0.6 0.95 2
0.8 0.05 0.2
0.8 0.05 0.3
0.8 0.05 0.7
0.8 0.05 1
0.8 0.05 1.5
0.8 0.05 2
0.8 0.075 0.2
0.8 0.075 0.3
0.8 0.075 0.7
0.8 0.075 1
0.8 0.075 1.5
0.8 0.075 2
0.8 0.1 0.2
0.8 0.1 0.3
0.8 0.1 0.7
0.8 0.1 1
0.8 0.1 1.5
0.8 0.1 2
0.8 0.2 0.2
0.8 0.2 0.3
0.8 0.2 0.7
0.8 0.2 1
0.8 0.2 1.5
0.8 0.2 2
0.8 0.4 0.2
0.8 0.4 0.3
0.8 0.4 0.7
0.8 0.4 1
0.8 0.4 1.5
0.8 0.4 2
0.8 0.6 0.2
0.8 0.6 0.3
0.8 0.6 0.7
0.8 0.6 1
0.8 0.6 1.5
0.8 0.6 2
0.8 0.8 0.2
0.8 0.8 0.3
0.8 0.8 0.7
0.8 0.8 1
0.8 0.8 1.5
0.8 0.8 2
0.8 0.95 0.2
0.8 0.95 0.3
0.8 0.95 0.7
0.8 0.95 1
0.8 0.95 1.5
0.8 0.95 2
1 0.05 0.2
1 0.05 0.3
1 0.05 0.7
1 0.05 1
1 0.05 1.5
1 0.05 2
1 0.075 0.2
1 0.075 0.3
1 0.075 0.7
1 0.075 1
1 0.075 1.5
1 0.075 2
1 0.1 0.2
1 0.1 0.3
1 0.1 0.7
1 0.1 1
1 0.1 1.5
1 0.1 2
1 0.2 0.2
1 0.2 0.3
1 0.2 0.7
1 0.2 1
1 0.2 1.5
1 0.2 2
1 0.4 0.2
1 0.4 0.3
1 0.4 0.7
1 0.4 1
1 0.4 1.5
1 0.4 2
1 0.6 0.2
1 0.6 0.3
1 0.6 0.7
1 0.6 1
1 0.6 1.5
1 0.6 2
1 0.8 0.2
1 0.8 0.3
1 0.8 0.7
1 0.8 1
1 0.8 1.5
1 0.8 2
1 0.95 0.2
1 0.95 0.3
1 0.95 0.7
1 0.95 1
1 0.95 1.5
1 0.95 2
3 0.05 0.2
3 0.05 0.3
3 0.05 0.7
3 0.05 1
3 0.05 1.5
3 0.05 2
3 0.075 0.2
3 0.075 0.3
3 0.075 0.7
3 0.075 1
3 0.075 1.5
3 0.075 2
3 0.1 0.2
3 0.1 0.3
3 0.1 0.7
3 0.1 1
3 0.1 1.5
3 0.1 2
3 0.2 0.2
3 0.2 0.3
3 0.2 0.7
3 0.2 1
3 0.2 1.5
3 0.2 2
3 0.4 0.2
3 0.4 0.3
3 0.4 0.7
3 0.4 1
3 0.4 1.5
3 0.4 2
3 0.6 0.2
3 0.6 0.3
3 0.6 0.7
3 0.6 1
3 0.6 1.5
3 0.6 2
3 0.8 0.2
3 0.8 0.3
3 0.8 0.7
3 0.8 1
3 0.8 1.5
3 0.8 2
3 0.95 0.2
3 0.95 0.3
3 0.95 0.7
3 0.95 1
3 0.95 1.5
3 0.95 2
5 0.05 0.2
5 0.05 0.3
5 0.05 0.7
5 0.05 1
5 0.05 1.5
5 0.05 2
5 0.075 0.2
5 0.075 0.3
5 0.075 0.7
5 0.075 1
5 0.075 1.5
5 0.075 2
5 0.1 0.2
5 0.1 0.3
5 0.1 0.7
5 0.1 1
5 0.1 1.5
5 0.1 2
5 0.2 0.2
5 0.2 0.3
5 0.2 0.7
5 0.2 1
5 0.2 1.5
5 0.2 2
5 0.4 0.2
5 0.4 0.3
5 0.4 0.7
5 0.4 1
5 0.4 1.5
5 0.4 2
5 0.6 0.2
5 0.6 0.3
5 0.6 0.7
5 0.6 1
5 0.6 1.5
5 0.6 2
5 0.8 0.2
5 0.8 0.3
5 0.8 0.7
5 0.8 1
5 0.8 1.5
5 0.8 2
5 0.95 0.2
5 0.95 0.3
5 0.95 0.7
5 0.95 1
5 0.95 1.5
5 0.95 2
7 0.05 0.2
7 0.05 0.3
7 0.05 0.7
7 0.05 1
7 0.05 1.5
7 0.05 2
7 0.075 0.2
7 0.075 0.3
7 0.075 0.7
7 0.075 1
7 0.075 1.5
7 0.075 2
7 0.1 0.2
7 0.1 0.3
7 0.1 0.7
7 0.1 1
7 0.1 1.5
7 0.1 2
7 0.2 0.2
7 0.2 0.3
7 0.2 0.7
7 0.2 1
7 0.2 1.5
7 0.2 2
7 0.4 0.2
7 0.4 0.3
7 0.4 0.7
7 0.4 1
7 0.4 1.5
7 0.4 2
7 0.6 0.2
7 0.6 0.3
7 0.6 0.7
7 0.6 1
7 0.6 1.5
7 0.6 2
7 0.8 0.2
7 0.8 0.3
7 0.8 0.7
7 0.8 1
7 0.8 1.5
7 0.8 2
7 0.95 0.2
7 0.95 0.3
7 0.95 0.7
7 0.95 1
7 0.95 1.5
7 0.95 2
9 0.05 0.2
9 0.05 0.3
9 0.05 0.7
9 0.05 1
9 0.05 1.5
9 0.05 2
9 0.075 0.2
9 0.075 0.3
9 0.075 0.7
9 0.075 1
9 0.075 1.5
9 0.075 2
9 0.1 0.2
9 0.1 0.3
9 0.1 0.7
9 0.1 1
9 0.1 1.5
9 0.1 2
9 0.2 0.2
9 0.2 0.3
9 0.2 0.7
9 0.2 1
9 0.2 1.5
9 0.2 2
9 0.4 0.2
9 0.4 0.3
9 0.4 0.7
9 0.4 1
9 0.4 1.5
9 0.4 2
9 0.6 0.2
9 0.6 0.3
9 0.6 0.7
9 0.6 1
9 0.6 1.5
9 0.6 2
9 0.8 0.2
9 0.8 0.3
9 0.8 0.7
9 0.8 1
9 0.8 1.5
9 0.8 2
9 0.95 0.2
9 0.95 0.3
9 0.95 0.7
9 0.95 1
9 0.95 1.5
9 0.95 2
