-0.1441018874
-0.2161528306
-0.5043566038
-0.7205094356
-1.080764156
-1.441018874
-0.1445493958
-0.2168240934
-0.5059228852
-0.7227469764
-1.084120468
-1.445493958
-0.1449969038
-0.217495356
-0.5074891636
-0.7249845204
-1.087476778
-1.449969038
-0.1467869356
-0.220180403
-0.5137542734
-0.7339346788
-1.100902016
-1.467869356
-0.150366991
-0.2255504866
-0.5262844682
-0.751834956
-1.127752432
-1.50366991
-0.1539470346
-0.2309205516
-0.5388146224
-0.769735172
-1.15460276
-1.539470346
-0.1575270634
-0.2362905956
-0.5513447208
-0.7876353184
-1.181452976
-1.575270634
-0.1602120734
-0.2403181092
-0.560742258
-0.8010603632
-1.201590546
-1.602120734
-0.130497278
-0.1957459168
-0.4567404726
-0.6524863896
-0.978729582
-1.30497278
-0.131302803
-0.196954204
-0.4595598098
-0.656514012
-0.98477102
-1.31302803
-0.1321083276
-0.1981624914
-0.4623791474
-0.6605416356
-0.990812452
-1.321083276
-0.1353304246
-0.2029956374
-0.4736564884
-0.6766521244
-1.014978182
-1.353304246
-0.1417746098
-0.2126619148
-0.4962111354
-0.70887305
-1.063309574
-1.417746098
-0.1482187818
-0.2223281728
-0.5187657348
-0.7410939068
-1.111640862
-1.482187818
-0.1546629372
-0.2319944066
-0.5413202822
-0.7733146884
-1.159972032
-1.546629372
-0.1594960414
-0.2392440626
-0.5582361456
-0.797480208
-1.19622031
-1.594960414
-0.11009036
-0.1651355398
-0.3853162618
-0.5504518
-0.8256777008
-1.1009036
-0.1114329102
-0.167149365
-0.390015186
-0.5571645496
-0.8357468244
-1.114329102
-0.1127754598
-0.1691631898
-0.3947141106
-0.5638772982
-0.845815948
-1.127754598
-0.1181456568
-0.1772184848
-0.4135097962
-0.5907282818
-0.886092422
-1.181456568
-0.128886038
-0.1933290564
-0.451101132
-0.6444301872
-0.966645282
-1.28886038
-0.1396264026
-0.2094396038
-0.4886924104
-0.6981320136
-1.047198018
-1.396264026
-0.1503667488
-0.225550123
-0.5262836194
-0.7518337424
-1.127750614
-1.503667488
-0.1584219942
-0.2376329916
-0.5544769776
-0.7921099724
-1.188164954
-1.584219942
-0.0955139872
-0.1432709808
-0.3342989542
-0.4775699368
-0.716354902
-0.955139872
-0.097240127
-0.1458601902
-0.3403404428
-0.4862006324
-0.72930095
-0.97240127
-0.0989662662
-0.1484493992
-0.3463819322
-0.4948313304
-0.7422469972
-0.989662662
-0.1058708206
-0.1588062308
-0.3705478714
-0.5293541008
-0.7940311496
-1.058708206
-0.1196799146
-0.1795198716
-0.4188797004
-0.5983995696
-0.897599354
-1.196799146
-0.1334889888
-0.2002334828
-0.4672114622
-0.6674449412
-1.001167414
-1.334889888
-0.1472980424
-0.2209470632
-0.5155431506
-0.7364902108
-1.104735318
-1.472980424
-0.1576548182
-0.2364822264
-0.5517918602
-0.7882740912
-1.182411136
-1.576548182
-0.0845817052
-0.1268725578
-0.296035967
-0.4229085248
-0.6343627852
-0.845817052
-0.0865955372
-0.1298933058
-0.3030843798
-0.4329776846
-0.6494665272
-0.865955372
-0.0886093684
-0.1329140534
-0.3101327906
-0.4430468452
-0.6645702652
-0.886093684
-0.0966646922
-0.1449970382
-0.3383264206
-0.48332346
-0.7249851892
-0.966646922
-0.1127753214
-0.1691629822
-0.394713625
-0.5638766064
-0.845814912
-1.127753214
-0.128885928
-0.1933288924
-0.4511007488
-0.6444296408
-0.966644456
-1.28885928
-0.1449965122
-0.217494769
-0.5074877946
-0.7249825624
-1.08747384
-1.449965122
-0.1570794354
-0.235619153
-0.549778023
-0.785397176
-1.178095768
-1.570794354
-0.07607881676
-0.1141182254
-0.2662758588
-0.3803940832
-0.5705911258
-0.7607881676
-0.07831640988
-0.117474615
-0.2741074352
-0.3915820514
-0.5873730772
-0.7831640988
-0.08055400264
-0.1208310042
-0.2819390102
-0.402770013
-0.6041550204
-0.8055400264
-0.089504369
-0.1342565536
-0.3132652926
-0.4475218452
-0.671282768
-0.89504369
-0.107405082
-0.161107623
-0.3759177874
-0.5370254074
-0.8055381136
-1.07405082
-0.1253057702
-0.1879586546
-0.4385701936
-0.6265288492
-0.939793274
-1.253057702
-0.143206434
-0.2148096504
-0.501222519
-0.7160321672
-1.074048254
-1.43206434
-0.156631916
-0.2349478736
-0.5482117038
-0.7831595776
-1.17473937
-1.56631916
-0.04027715178
-0.06041572792
-0.1409700318
-0.2013857596
-0.3020786396
-0.4027715178
-0.04345690188
-0.06518535292
-0.152099156
-0.2172845088
-0.325926762
-0.4345690188
-0.04663665006
-0.06995497508
-0.1632282752
-0.23318325
-0.3497748734
-0.4663665006
-0.05935562964
-0.0890334448
-0.2077447044
-0.2967781492
-0.4451672248
-0.5935562964
-0.084793545
-0.1271903176
-0.296777408
-0.4239677244
-0.6359515872
-0.84793545
-0.1102314186
-0.1653471282
-0.3858099646
-0.5511570932
-0.82673564
-1.102314186
-0.1356692602
-0.2035038904
-0.4748424104
-0.6783463016
-1.01751945
-1.356692602
-0.1547476226
-0.232121434
-0.5416166792
-0.773738112
-1.16060717
-1.547476226
-0.02916626958
-0.04374940432
-0.1020819436
-0.145831348
-0.2187470224
-0.2916626958
-0.03263841722
-0.0489576256
-0.1142344596
-0.163192085
-0.244788128
-0.3263841722
-0.0361105616
-0.05416584264
-0.1263869656
-0.1805528076
-0.2708292118
-0.361105616
-0.04999911854
-0.07499867756
-0.1749969146
-0.2499955922
-0.3749933868
-0.4999911854
-0.07777617008
-0.1166642554
-0.2722165958
-0.3888808524
-0.5833212798
-0.7777617008
-0.1055531714
-0.1583297576
-0.3694361008
-0.5277658606
-0.7916487864
-1.055531714
-0.1333301372
-0.1999952062
-0.4666554822
-0.6666506868
-0.999976028
-1.333301372
-0.1541628418
-0.2312442626
-0.5395699458
-0.7708142068
-1.156221314
-1.541628418
-0.02375326742
-0.03562990126
-0.083136436
-0.118766337
-0.1781495056
-0.2375326742
-0.02736786722
-0.04105180106
-0.095787535
-0.136839336
-0.205259004
-0.2736786722
-0.03098246274
-0.04647369402
-0.1084386192
-0.1549123136
-0.2323684704
-0.3098246274
-0.04544081638
-0.06816122452
-0.1590428572
-0.2272040822
-0.3408061212
-0.4544081638
-0.07435744896
-0.1115361734
-0.2602510714
-0.3717872444
-0.5576808678
-0.7435744896
-0.103274026
-0.1549110388
-0.3614590914
-0.516370127
-0.7745551912
-1.03274026
-0.132190565
-0.198285847
-0.4626669788
-0.6609528232
-0.991429234
-1.32190565
-0.1611241546
-0.241686232
-0.56393454
-0.805620774
-1.208431158
-1.611241546
-0.02054964976
-0.03082447464
-0.07192377424
-0.1027482488
-0.1541223732
-0.2054964976
-0.02424855936
-0.03637283906
-0.084869958
-0.121242797
-0.1818641952
-0.2424855936
-0.0279474634
-0.04192119518
-0.0978161222
-0.1397373168
-0.2096059756
-0.279474634
-0.04274304528
-0.0641145676
-0.1496006578
-0.2137152258
-0.320572838
-0.4274304528
-0.07233412388
-0.1085011858
-0.253169434
-0.3616706192
-0.54250593
-0.7233412388
-0.1019251432
-0.152887715
-0.356738002
-0.5096257156
-0.7644385756
-1.019251432
-0.1315161238
-0.1972741852
-0.4603064306
-0.6575806184
-0.986370928
-1.315161238
-0.1611296722
-0.2416945086
-0.5639538532
-0.805648358
-1.208472542
-1.611296722
