# curve 5 (die wall), step =      100, time =   8.00000000E+01
# N1 = tau_xx - tau_yy = G ( c_xx - c_yy ),  G =  2.8571E-02  (polymer part only)
#              x               y        pressure            c_xy        gammadot            c_xx            c_yy              N1
 -3.00000000E+00  1.00000000E+00  2.78176900E+00 -2.80162972E+00  4.00138803E-01  1.66992397E+01  9.99818899E-01  4.48554880E-01
 -2.95108291E+00  1.00000000E+00  2.74220544E+00 -2.80206623E+00  4.00146245E-01  1.67036388E+01  9.99828590E-01  4.48680292E-01
 -2.90216582E+00  1.00000000E+00  2.70264188E+00 -2.80250282E+00  4.00141931E-01  1.67080391E+01  9.99838285E-01  4.48805737E-01
 -2.85324873E+00  1.00000000E+00  2.66352605E+00 -2.80214515E+00  4.00063796E-01  1.66996054E+01  9.99965007E-01  4.48561153E-01
 -2.80433164E+00  1.00000000E+00  2.62441022E+00 -2.80178744E+00  3.99983048E-01  1.66911762E+01  1.00009171E+00  4.48316700E-01
 -2.75541455E+00  1.00000000E+00  2.58525345E+00 -2.80127541E+00  4.00051614E-01  1.66894392E+01  9.99968524E-01  4.48270590E-01
 -2.70649746E+00  1.00000000E+00  2.54609667E+00 -2.80076343E+00  4.00059535E-01  1.66877023E+01  9.99845355E-01  4.48224484E-01
 -2.65758037E+00  1.00000000E+00  2.50695400E+00 -2.80159136E+00  4.00061256E-01  1.66928722E+01  9.99992571E-01  4.48367989E-01
 -2.60866328E+00  1.00000000E+00  2.46781132E+00 -2.80241953E+00  4.00058037E-01  1.66980436E+01  1.00013982E+00  4.48511538E-01
 -2.55974619E+00  1.00000000E+00  2.42878559E+00 -2.80298735E+00  4.00006246E-01  1.67041838E+01  1.00023355E+00  4.48684294E-01
 -2.51082911E+00  1.00000000E+00  2.38975986E+00 -2.80355527E+00  4.00033244E-01  1.67103264E+01  1.00032727E+00  4.48857117E-01
 -2.46191202E+00  1.00000000E+00  2.35044992E+00 -2.80198299E+00  3.99992660E-01  1.67013491E+01  1.00002884E+00  4.48609149E-01
 -2.41299493E+00  1.00000000E+00  2.31113998E+00 -2.80041158E+00  3.99982572E-01  1.66923766E+01  9.99730562E-01  4.48361315E-01
 -2.36407784E+00  1.00000000E+00  2.27210890E+00 -2.80122999E+00  4.00005003E-01  1.66954593E+01  9.99955764E-01  4.48442959E-01
 -2.31516075E+00  1.00000000E+00  2.23307782E+00 -2.80204860E+00  3.99989569E-01  1.66985426E+01  1.00018103E+00  4.48524617E-01
 -2.26624366E+00  1.00000000E+00  2.19395205E+00 -2.80295408E+00  3.99956161E-01  1.67070030E+01  1.00023236E+00  4.48764875E-01
 -2.21732657E+00  1.00000000E+00  2.15482628E+00 -2.80385989E+00  3.99958441E-01  1.67154677E+01  1.00028372E+00  4.49005256E-01
 -2.16840948E+00  1.00000000E+00  2.11559032E+00 -2.80285097E+00  3.99950908E-01  1.67085622E+01  1.00011447E+00  4.48812792E-01
 -2.11949239E+00  1.00000000E+00  2.07635437E+00 -2.80184242E+00  3.99932297E-01  1.67016596E+01  9.99945280E-01  4.48620408E-01
 -2.07057530E+00  1.00000000E+00  2.03736765E+00 -2.80388353E+00  3.99964028E-01  1.67170867E+01  1.00020528E+00  4.49053754E-01
 -2.02165821E+00  1.00000000E+00  1.99838094E+00 -2.80592623E+00  3.99968680E-01  1.67325281E+01  1.00046544E+00  4.49487503E-01
 -1.97274112E+00  1.00000000E+00  1.95910356E+00 -2.80403556E+00  3.99909532E-01  1.67209620E+01  1.00014392E+00  4.49166232E-01
 -1.92382403E+00  1.00000000E+00  1.91982619E+00 -2.80214615E+00  3.99882025E-01  1.67094040E+01  9.99822595E-01  4.48845184E-01
 -1.87490694E+00  1.00000000E+00  1.88073258E+00 -2.80211169E+00  3.99929980E-01  1.67027734E+01  1.00001167E+00  4.48650336E-01
 -1.82598985E+00  1.00000000E+00  1.84163896E+00 -2.80207708E+00  3.99945015E-01  1.66961458E+01  1.00020074E+00  4.48455573E-01
 -1.77707276E+00  1.00000000E+00  1.80257649E+00 -2.80348106E+00  3.99970452E-01  1.67101427E+01  1.00026625E+00  4.48853612E-01
 -1.72815567E+00  1.00000000E+00  1.76351403E+00 -2.80488583E+00  3.99958083E-01  1.67241515E+01  1.00033180E+00  4.49251991E-01
 -1.67923858E+00  1.00000000E+00  1.72429321E+00 -2.80502276E+00  3.99851395E-01  1.67233063E+01  1.00044570E+00  4.49224588E-01
 -1.63032150E+00  1.00000000E+00  1.68507239E+00 -2.80515970E+00  3.99845071E-01  1.67224611E+01  1.00055961E+00  4.49197186E-01
 -1.58140441E+00  1.00000000E+00  1.64613449E+00 -2.80487488E+00  3.99762117E-01  1.67131365E+01  1.00076853E+00  4.48924801E-01
 -1.53248732E+00  1.00000000E+00  1.60719659E+00 -2.80458999E+00  3.99724002E-01  1.67038176E+01  1.00097744E+00  4.48652575E-01
 -1.48357023E+00  1.00000000E+00  1.56790761E+00 -2.80087294E+00  3.99689782E-01  1.66915736E+01  9.99976153E-01  4.48331355E-01
 -1.43465314E+00  1.00000000E+00  1.52861863E+00 -2.79715952E+00  3.99751090E-01  1.66793395E+01  9.98976126E-01  4.48010382E-01
 -1.38573605E+00  1.00000000E+00  1.48957979E+00 -2.79856321E+00  3.99728363E-01  1.66752343E+01  9.99630133E-01  4.47874404E-01
 -1.33681896E+00  1.00000000E+00  1.45054096E+00 -2.79996666E+00  3.99680780E-01  1.66711313E+01  1.00028449E+00  4.47738480E-01
 -1.28790187E+00  1.00000000E+00  1.41138705E+00 -2.79875743E+00  3.99549122E-01  1.66620959E+01  1.00013277E+00  4.47484660E-01
 -1.23898478E+00  1.00000000E+00  1.37223314E+00 -2.79754876E+00  3.99424722E-01  1.66530654E+01  9.99981121E-01  4.47230979E-01
 -1.19006769E+00  1.00000000E+00  1.33339604E+00 -2.79920359E+00  3.99335563E-01  1.66590042E+01  1.00039965E+00  4.47388703E-01
 -1.14115060E+00  1.00000000E+00  1.29455893E+00 -2.80085917E+00  3.99225046E-01  1.66649454E+01  1.00081841E+00  4.47546485E-01
 -1.09223351E+00  1.00000000E+00  1.25554467E+00 -2.79813238E+00  3.99018645E-01  1.66465738E+01  1.00046888E+00  4.47031568E-01
 -1.04331642E+00  1.00000000E+00  1.21653041E+00 -2.79540836E+00  3.98844644E-01  1.66282224E+01  1.00011973E+00  4.46517219E-01
 -9.94399333E-01  1.00000000E+00  1.17779360E+00 -2.79421679E+00  3.98740927E-01  1.66129008E+01  1.00016660E+00  4.46078120E-01
 -9.45482243E-01  1.00000000E+00  1.13905678E+00 -2.79302576E+00  3.98606714E-01  1.65975938E+01  1.00021346E+00  4.45639438E-01
 -8.96565154E-01  1.00000000E+00  1.10058735E+00 -2.79319846E+00  3.98462214E-01  1.65944641E+01  1.00042651E+00  4.45543931E-01
 -8.47648064E-01  1.00000000E+00  1.06211791E+00 -2.79337112E+00  3.98276116E-01  1.65913351E+01  1.00063959E+00  4.45448443E-01
 -7.99501858E-01  1.00000000E+00  1.02475753E+00 -2.79276034E+00  3.98063108E-01  1.65801693E+01  1.00081906E+00  4.45124294E-01
 -7.51355652E-01  1.00000000E+00  9.87397137E-01 -2.79214966E+00  3.97951829E-01  1.65690115E+01  1.00099854E+00  4.44800370E-01
 -7.08111109E-01  1.00000000E+00  9.54181521E-01 -2.79031566E+00  3.97832661E-01  1.65574613E+01  1.00067373E+00  4.44479645E-01
 -6.64866566E-01  1.00000000E+00  9.20965904E-01 -2.78848288E+00  3.97934332E-01  1.65459192E+01  1.00034911E+00  4.44159145E-01
 -6.26599939E-01  1.00000000E+00  8.92255535E-01 -2.79028108E+00  3.98148706E-01  1.65557113E+01  1.00058638E+00  4.44432141E-01
 -5.88333313E-01  1.00000000E+00  8.63545165E-01 -2.79208035E+00  3.98410929E-01  1.65655093E+01  1.00082387E+00  4.44705298E-01
 -5.54471587E-01  1.00000000E+00  8.38797102E-01 -2.79083011E+00  3.98975097E-01  1.65956861E+01  9.99320789E-01  4.45610437E-01
 -5.20609860E-01  1.00000000E+00  8.14049039E-01 -2.78957503E+00  3.99632393E-01  1.66259285E+01  9.97818813E-01  4.46517421E-01
 -4.90645977E-01  1.00000000E+00  7.92891470E-01 -2.79941299E+00  4.00466792E-01  1.66840362E+01  9.99354761E-01  4.48133756E-01
 -4.60682095E-01  1.00000000E+00  7.71733900E-01 -2.80928487E+00  4.01383804E-01  1.67423470E+01  1.00089640E+00  4.49755732E-01
 -4.34167380E-01  1.00000000E+00  7.53909380E-01 -2.81003387E+00  4.02739426E-01  1.68240805E+01  9.98397876E-01  4.52162361E-01
 -4.07652666E-01  1.00000000E+00  7.36084860E-01 -2.81076741E+00  4.04270871E-01  1.69062559E+01  9.95900836E-01  4.54581572E-01
 -3.84190072E-01  1.00000000E+00  7.21106804E-01 -2.82773376E+00  4.06012545E-01  1.70418880E+01  9.97590258E-01  4.58408506E-01
 -3.60727478E-01  1.00000000E+00  7.06128748E-01 -2.84481305E+00  4.07817548E-01  1.71786124E+01  9.99290677E-01  4.62266334E-01
 -3.39965684E-01  1.00000000E+00  6.93884227E-01 -2.85445349E+00  4.10111119E-01  1.73366938E+01  9.97646008E-01  4.66829938E-01
 -3.19203889E-01  1.00000000E+00  6.81639706E-01 -2.86412254E+00  4.12583521E-01  1.74962932E+01  9.95999612E-01  4.71436960E-01
 -3.00831998E-01  1.00000000E+00  6.71788300E-01 -2.88726128E+00  4.15466621E-01  1.77212233E+01  9.97157178E-01  4.77830460E-01
 -2.82460107E-01  1.00000000E+00  6.61936894E-01 -2.91061400E+00  4.18425684E-01  1.79490799E+01  9.98327063E-01  4.84307224E-01
 -2.66203017E-01  1.00000000E+00  6.54212056E-01 -2.92344408E+00  4.21919803E-01  1.81920946E+01  9.95379227E-01  4.91334725E-01
 -2.49945927E-01  1.00000000E+00  6.46487217E-01 -2.93630660E+00  4.25725023E-01  1.84385620E+01  9.92426218E-01  4.98461022E-01
 -2.35560203E-01  1.00000000E+00  6.40941992E-01 -2.97388815E+00  4.29964151E-01  1.88000479E+01  9.94735941E-01  5.08723197E-01
 -2.21174479E-01  1.00000000E+00  6.35396766E-01 -3.01201489E+00  4.34186580E-01  1.91686908E+01  9.97079741E-01  5.19188886E-01
 -2.08421419E-01  1.00000000E+00  6.31713155E-01 -3.04914596E+00  4.38868802E-01  1.95529732E+01  9.98413398E-01  5.30130280E-01
 -1.95668358E-01  1.00000000E+00  6.28029544E-01 -3.08680295E+00  4.43682650E-01  1.99450569E+01  9.99775049E-01  5.41293767E-01
 -1.83439085E-01  1.00000000E+00  6.26598412E-01 -3.10935314E+00  4.49571446E-01  2.03901171E+01  9.95101255E-01  5.54143309E-01
 -1.71209813E-01  1.00000000E+00  6.25167280E-01 -3.13198157E+00  4.55979447E-01  2.08455750E+01  9.90408368E-01  5.67290477E-01
 -1.58980541E-01  1.00000000E+00  6.22992509E-01 -3.19566276E+00  4.63899404E-01  2.15294808E+01  9.93822909E-01  5.86733083E-01
 -1.46751268E-01  1.00000000E+00  6.20817739E-01 -3.26078949E+00  4.71433960E-01  2.22360950E+01  9.97299936E-01  6.06822717E-01
 -1.34521996E-01  1.00000000E+00  6.30224058E-01 -3.36728049E+00  4.81655768E-01  2.32330383E+01  1.00477986E+00  6.35093098E-01
 -1.22292724E-01  1.00000000E+00  6.39630377E-01 -3.47765129E+00  4.91682326E-01  2.42748827E+01  1.01258079E+00  6.64637197E-01
 -1.10063451E-01  1.00000000E+00  6.35035621E-01 -3.48296067E+00  5.05638919E-01  2.52668138E+01  9.93504066E-01  6.93523136E-01
 -9.78341789E-02  1.00000000E+00  6.30440864E-01 -3.48617057E+00  5.21930587E-01  2.63031967E+01  9.74382399E-01  7.23680409E-01
 -8.56049065E-02  1.00000000E+00  6.63506284E-01 -3.51635894E+00  5.50315267E-01  2.81336891E+01  9.47897171E-01  7.76736913E-01
 -7.33756342E-02  1.00000000E+00  6.96571705E-01 -3.54249278E+00  5.78215280E-01  3.01003348E+01  9.21257460E-01  8.33687923E-01
 -6.11463618E-02  1.00000000E+00  6.33449860E-01 -3.98630850E+00  5.55123255E-01  2.84683501E+01  1.07555641E+00  7.82651248E-01
 -4.89170895E-02  1.00000000E+00  5.70328015E-01 -4.40731601E+00  4.79561917E-01  2.70056917E+01  1.24841557E+00  7.35922176E-01
 -3.66878171E-02  1.00000000E+00  1.51600771E+00 -1.46621942E+01  3.99846110E-01  4.03708663E+01  5.82183075E+00  9.87115302E-01
 -2.44585447E-02  1.00000000E+00  2.46168741E+00 -3.88003557E+01  3.80288689E-01  7.49293231E+01  2.04673718E+01  1.55605575E+00
 -1.22292724E-02  1.00000000E+00  5.38799706E-01  2.11594093E+00  1.13978491E+00  3.17617523E+01  1.03756615E+00  8.77833891E-01
  0.00000000E+00  1.00000000E+00 -1.38408800E+00  6.81971147E+01  3.91779712E+00  1.27029864E+02  3.68391111E+01  2.57687864E+00
