# curve 5 (die wall), step =      800, time =   6.40000000E+02
# N1 = tau_xx - tau_yy = G ( c_xx - c_yy ),  G =  2.8571E-02  (polymer part only)
#              x               y        pressure            c_xy        gammadot            c_xx            c_yy              N1
 -3.00000000E+00  1.00000000E+00  2.78178487E+00 -2.80163223E+00  4.00138980E-01  1.67005389E+01  9.99817448E-01  4.48592042E-01
 -2.95108291E+00  1.00000000E+00  2.74222129E+00 -2.80206944E+00  4.00146431E-01  1.67049404E+01  9.99827304E-01  4.48717516E-01
 -2.90216582E+00  1.00000000E+00  2.70265770E+00 -2.80250673E+00  4.00142117E-01  1.67093430E+01  9.99837165E-01  4.48843024E-01
 -2.85324873E+00  1.00000000E+00  2.66354185E+00 -2.80214929E+00  4.00063981E-01  1.67009099E+01  9.99963910E-01  4.48598456E-01
 -2.80433164E+00  1.00000000E+00  2.62442600E+00 -2.80179182E+00  3.99983232E-01  1.66924813E+01  1.00009064E+00  4.48354018E-01
 -2.75541455E+00  1.00000000E+00  2.58526923E+00 -2.80127982E+00  4.00051790E-01  1.66907444E+01  9.99967478E-01  4.48307912E-01
 -2.70649746E+00  1.00000000E+00  2.54611247E+00 -2.80076790E+00  4.00059701E-01  1.66890077E+01  9.99844337E-01  4.48261810E-01
 -2.65758037E+00  1.00000000E+00  2.50696978E+00 -2.80159491E+00  4.00061396E-01  1.66941746E+01  9.99991390E-01  4.48405235E-01
 -2.60866328E+00  1.00000000E+00  2.46782708E+00 -2.80242217E+00  4.00058164E-01  1.66993431E+01  1.00013848E+00  4.48548704E-01
 -2.55974619E+00  1.00000000E+00  2.42880135E+00 -2.80298990E+00  4.00006386E-01  1.67054828E+01  1.00023222E+00  4.48721446E-01
 -2.51082911E+00  1.00000000E+00  2.38977562E+00 -2.80355773E+00  4.00033379E-01  1.67116248E+01  1.00032597E+00  4.48894254E-01
 -2.46191202E+00  1.00000000E+00  2.35046563E+00 -2.80198598E+00  3.99992803E-01  1.67026509E+01  1.00002761E+00  4.48646381E-01
 -2.41299493E+00  1.00000000E+00  2.31115564E+00 -2.80041508E+00  3.99982720E-01  1.66936818E+01  9.99729402E-01  4.48398641E-01
 -2.36407784E+00  1.00000000E+00  2.27212457E+00 -2.80123411E+00  4.00005155E-01  1.66967715E+01  9.99954685E-01  4.48480479E-01
 -2.31516075E+00  1.00000000E+00  2.23309349E+00 -2.80205334E+00  3.99989707E-01  1.66998617E+01  1.00018003E+00  4.48562332E-01
 -2.26624366E+00  1.00000000E+00  2.19396770E+00 -2.80295847E+00  3.99956276E-01  1.67083220E+01  1.00023130E+00  4.48802592E-01
 -2.21732657E+00  1.00000000E+00  2.15484190E+00 -2.80386394E+00  3.99958546E-01  1.67167867E+01  1.00028259E+00  4.49042975E-01
 -2.16840948E+00  1.00000000E+00  2.11560591E+00 -2.80285476E+00  3.99951010E-01  1.67098795E+01  1.00011330E+00  4.48850462E-01
 -2.11949239E+00  1.00000000E+00  2.07636993E+00 -2.80184597E+00  3.99932400E-01  1.67029750E+01  9.99944053E-01  4.48658028E-01
 -2.07057530E+00  1.00000000E+00  2.03738318E+00 -2.80388684E+00  3.99964137E-01  1.67184014E+01  1.00020400E+00  4.49091353E-01
 -2.02165821E+00  1.00000000E+00  1.99839643E+00 -2.80592931E+00  3.99968801E-01  1.67338419E+01  1.00046411E+00  4.49525081E-01
 -1.97274112E+00  1.00000000E+00  1.95911902E+00 -2.80403869E+00  3.99909667E-01  1.67222752E+01  1.00014259E+00  4.49203788E-01
 -1.92382403E+00  1.00000000E+00  1.91984161E+00 -2.80214934E+00  3.99882175E-01  1.67107164E+01  9.99821267E-01  4.48882718E-01
 -1.87490694E+00  1.00000000E+00  1.88074798E+00 -2.80211533E+00  3.99930144E-01  1.67040862E+01  1.00001043E+00  4.48687880E-01
 -1.82598985E+00  1.00000000E+00  1.84165434E+00 -2.80208118E+00  3.99945185E-01  1.66974590E+01  1.00019959E+00  4.48493127E-01
 -1.77707276E+00  1.00000000E+00  1.80259187E+00 -2.80348522E+00  3.99970622E-01  1.67114579E+01  1.00026513E+00  4.48891222E-01
 -1.72815567E+00  1.00000000E+00  1.76352940E+00 -2.80489005E+00  3.99958250E-01  1.67254687E+01  1.00033070E+00  4.49289657E-01
 -1.67923858E+00  1.00000000E+00  1.72430857E+00 -2.80502633E+00  3.99851550E-01  1.67246212E+01  1.00044445E+00  4.49262194E-01
 -1.63032150E+00  1.00000000E+00  1.68508774E+00 -2.80516261E+00  3.99845226E-01  1.67237738E+01  1.00055822E+00  4.49234731E-01
 -1.58140441E+00  1.00000000E+00  1.64614979E+00 -2.80487793E+00  3.99762284E-01  1.67144482E+01  1.00076716E+00  4.48962315E-01
 -1.53248732E+00  1.00000000E+00  1.60721184E+00 -2.80459316E+00  3.99724180E-01  1.67051281E+01  1.00097610E+00  4.48690058E-01
 -1.48357023E+00  1.00000000E+00  1.56792287E+00 -2.80087722E+00  3.99689975E-01  1.66928897E+01  9.99975083E-01  4.48368989E-01
 -1.43465314E+00  1.00000000E+00  1.52863390E+00 -2.79716491E+00  3.99751260E-01  1.66806612E+01  9.98975321E-01  4.48048167E-01
 -1.38573605E+00  1.00000000E+00  1.48959509E+00 -2.79856844E+00  3.99728489E-01  1.66765558E+01  9.99629297E-01  4.47912186E-01
 -1.33681896E+00  1.00000000E+00  1.45055629E+00 -2.79997173E+00  3.99680874E-01  1.66724527E+01  1.00028362E+00  4.47776260E-01
 -1.28790187E+00  1.00000000E+00  1.41140232E+00 -2.79876100E+00  3.99549181E-01  1.66634080E+01  1.00013164E+00  4.47522182E-01
 -1.23898478E+00  1.00000000E+00  1.37224834E+00 -2.79755084E+00  3.99424774E-01  1.66543682E+01  9.99979720E-01  4.47268242E-01
 -1.19006769E+00  1.00000000E+00  1.33341123E+00 -2.79920581E+00  3.99335614E-01  1.66603027E+01  1.00039830E+00  4.47425841E-01
 -1.14115060E+00  1.00000000E+00  1.29457412E+00 -2.80086154E+00  3.99225090E-01  1.66662395E+01  1.00081712E+00  4.47583497E-01
 -1.09223351E+00  1.00000000E+00  1.25555979E+00 -2.79813449E+00  3.99018707E-01  1.66478648E+01  1.00046750E+00  4.47068495E-01
 -1.04331642E+00  1.00000000E+00  1.21654545E+00 -2.79541021E+00  3.98844733E-01  1.66295104E+01  1.00011825E+00  4.46554061E-01
 -9.94399333E-01  1.00000000E+00  1.17780862E+00 -2.79422019E+00  3.98741049E-01  1.66141932E+01  1.00016539E+00  4.46115080E-01
 -9.45482243E-01  1.00000000E+00  1.13907178E+00 -2.79303070E+00  3.98606848E-01  1.65988906E+01  1.00021251E+00  4.45676516E-01
 -8.96565154E-01  1.00000000E+00  1.10060236E+00 -2.79320560E+00  3.98462349E-01  1.65957726E+01  1.00042598E+00  4.45581332E-01
 -8.47648064E-01  1.00000000E+00  1.06213294E+00 -2.79338047E+00  3.98276201E-01  1.65926553E+01  1.00063948E+00  4.45486167E-01
 -7.99501858E-01  1.00000000E+00  1.02477259E+00 -2.79277187E+00  3.98063142E-01  1.65814982E+01  1.00081940E+00  4.45162253E-01
 -7.51355652E-01  1.00000000E+00  9.87412244E-01 -2.79216338E+00  3.97951791E-01  1.65703490E+01  1.00099934E+00  4.44838563E-01
 -7.08111109E-01  1.00000000E+00  9.54196695E-01 -2.79032901E+00  3.97832457E-01  1.65587829E+01  1.00067463E+00  4.44517380E-01
 -6.64866566E-01  1.00000000E+00  9.20981145E-01 -2.78849586E+00  3.97934026E-01  1.65472249E+01  1.00035011E+00  4.44196422E-01
 -6.26599939E-01  1.00000000E+00  8.92270874E-01 -2.79029305E+00  3.98148281E-01  1.65569891E+01  1.00058747E+00  4.44468617E-01
 -5.88333313E-01  1.00000000E+00  8.63560603E-01 -2.79209131E+00  3.98410406E-01  1.65667590E+01  1.00082504E+00  4.44740971E-01
 -5.54471587E-01  1.00000000E+00  8.38812639E-01 -2.79083999E+00  3.98974505E-01  1.65969089E+01  9.99322131E-01  4.45645335E-01
 -5.20609860E-01  1.00000000E+00  8.14064675E-01 -2.78958384E+00  3.99631688E-01  1.66271243E+01  9.97820326E-01  4.46551541E-01
 -4.90645977E-01  1.00000000E+00  7.92907325E-01 -2.79942001E+00  4.00465808E-01  1.66851637E+01  9.99356475E-01  4.48165921E-01
 -4.60682095E-01  1.00000000E+00  7.71749975E-01 -2.80929007E+00  4.01382673E-01  1.67434058E+01  1.00089832E+00  4.49785928E-01
 -4.34167380E-01  1.00000000E+00  7.53925642E-01 -2.81003722E+00  4.02738301E-01  1.68250877E+01  9.98400099E-01  4.52191075E-01
 -4.07652666E-01  1.00000000E+00  7.36101309E-01 -2.81076893E+00  4.04269575E-01  1.69072109E+01  9.95903370E-01  4.54608787E-01
 -3.84190072E-01  1.00000000E+00  7.21123756E-01 -2.82772003E+00  4.06010690E-01  1.70426477E+01  9.97590726E-01  4.58430199E-01
 -3.60727478E-01  1.00000000E+00  7.06146204E-01 -2.84478385E+00  4.07815638E-01  1.71791736E+01  9.99289079E-01  4.62282414E-01
 -3.39965684E-01  1.00000000E+00  6.93901090E-01 -2.85440746E+00  4.10109456E-01  1.73370642E+01  9.97641874E-01  4.66840637E-01
 -3.19203889E-01  1.00000000E+00  6.81655977E-01 -2.86405959E+00  4.12582263E-01  1.74964690E+01  9.95992964E-01  4.71442172E-01
 -3.00831998E-01  1.00000000E+00  6.71805818E-01 -2.88720721E+00  4.15465596E-01  1.77212968E+01  9.97153701E-01  4.77832659E-01
 -2.82460107E-01  1.00000000E+00  6.61955658E-01 -2.91056900E+00  4.18424484E-01  1.79490483E+01  9.98326820E-01  4.84306327E-01
 -2.66203017E-01  1.00000000E+00  6.54229914E-01 -2.92339458E+00  4.21918890E-01  1.81919874E+01  9.95377215E-01  4.91331719E-01
 -2.49945927E-01  1.00000000E+00  6.46504169E-01 -2.93625261E+00  4.25724497E-01  1.84383770E+01  9.92422467E-01  4.98455845E-01
 -2.35560203E-01  1.00000000E+00  6.40960520E-01 -2.97386302E+00  4.29963744E-01  1.87998706E+01  9.94739083E-01  5.08718045E-01
 -2.21174479E-01  1.00000000E+00  6.35416871E-01 -3.01201945E+00  4.34185678E-01  1.91685214E+01  9.97089930E-01  5.19183757E-01
 -2.08421419E-01  1.00000000E+00  6.31734006E-01 -3.04914751E+00  4.38867438E-01  1.95527669E+01  9.98422351E-01  5.30124130E-01
 -1.95668358E-01  1.00000000E+00  6.28051141E-01 -3.08680143E+00  4.43680879E-01  1.99448122E+01  9.99782774E-01  5.41286554E-01
 -1.83439085E-01  1.00000000E+00  6.26620261E-01 -3.10934025E+00  4.49569277E-01  2.03897179E+01  9.95107506E-01  5.54131726E-01
 -1.71209813E-01  1.00000000E+00  6.25189380E-01 -3.13195722E+00  4.55976976E-01  2.08450145E+01  9.90413185E-01  5.67274322E-01
 -1.58980541E-01  1.00000000E+00  6.23016498E-01 -3.19560871E+00  4.63895831E-01  2.15284790E+01  9.93824283E-01  5.86704422E-01
 -1.46751268E-01  1.00000000E+00  6.20843616E-01 -3.26070457E+00  4.71430230E-01  2.22346232E+01  9.97297912E-01  6.06780722E-01
 -1.34521996E-01  1.00000000E+00  6.30247570E-01 -3.36716805E+00  4.81653004E-01  2.32311076E+01  1.00477397E+00  6.35038103E-01
 -1.22292724E-01  1.00000000E+00  6.39651525E-01 -3.47750946E+00  4.91681072E-01  2.42724544E+01  1.01257109E+00  6.64568096E-01
 -1.10063451E-01  1.00000000E+00  6.35064088E-01 -3.48287779E+00  5.05637663E-01  2.52642683E+01  9.93508031E-01  6.93450292E-01
 -9.78341789E-02  1.00000000E+00  6.30476651E-01 -3.48615033E+00  5.21927279E-01  2.63005244E+01  9.74399844E-01  7.23603558E-01
 -8.56049065E-02  1.00000000E+00  6.63538993E-01 -3.51625153E+00  5.50312405E-01  2.81300157E+01  9.47897860E-01  7.76631938E-01
 -7.33756342E-02  1.00000000E+00  6.96601335E-01 -3.54229676E+00  5.78215726E-01  3.00955330E+01  9.21242356E-01  8.33551161E-01
 -6.11463618E-02  1.00000000E+00  6.33486094E-01 -3.98560966E+00  5.55128750E-01  2.84620259E+01  1.07544671E+00  7.82473690E-01
 -4.89170895E-02  1.00000000E+00  5.70370854E-01 -4.40608803E+00  4.79574444E-01  2.69979534E+01  1.24818131E+00  7.35707774E-01
 -3.66878171E-02  1.00000000E+00  1.51603294E+00 -1.46581110E+01  3.99866873E-01  4.03579774E+01  5.82048949E+00  9.86785369E-01
 -2.44585447E-02  1.00000000E+00  2.46169503E+00 -3.87887833E+01  3.80318785E-01  7.49040573E+01  2.04620703E+01  1.55548534E+00
 -1.22292724E-02  1.00000000E+00  5.38809573E-01  2.11555062E+00  1.13984676E+00  3.17531095E+01  1.03751454E+00  8.77588429E-01
  0.00000000E+00  1.00000000E+00 -1.38407589E+00  6.81945412E+01  3.91796287E+00  1.27018859E+02  3.68395283E+01  2.57655231E+00
