# curve 5 (die wall), step =      400, time =   3.20000000E+02
# N1 = tau_xx - tau_yy = G ( c_xx - c_yy ),  G =  2.6667E-01  (polymer part only)
#              x               y        pressure            c_xy        gammadot            c_xx            c_yy              N1
 -3.00000000E+00  1.00000000E+00  2.60354896E+00 -3.00039302E-01  3.99992359E-01  1.17986061E+00  1.00005164E+00  4.79490568E-02
 -2.95108291E+00  1.00000000E+00  2.56441504E+00 -3.00045621E-01  3.99996437E-01  1.17986304E+00  1.00005274E+00  4.79494139E-02
 -2.90216582E+00  1.00000000E+00  2.52528113E+00 -3.00051939E-01  4.00000389E-01  1.17986548E+00  1.00005383E+00  4.79497711E-02
 -2.85324873E+00  1.00000000E+00  2.48614725E+00 -3.00056599E-01  3.99999746E-01  1.17983176E+00  1.00006489E+00  4.79378335E-02
 -2.80433164E+00  1.00000000E+00  2.44701338E+00 -3.00061259E-01  3.99996203E-01  1.17979805E+00  1.00007594E+00  4.79258963E-02
 -2.75541455E+00  1.00000000E+00  2.40787703E+00 -3.00045236E-01  3.99999190E-01  1.17986027E+00  1.00005332E+00  4.79485182E-02
 -2.70649746E+00  1.00000000E+00  2.36874068E+00 -3.00029213E-01  3.99999554E-01  1.17992249E+00  1.00003071E+00  4.79711411E-02
 -2.65758037E+00  1.00000000E+00  2.32960891E+00 -3.00035062E-01  3.99998962E-01  1.17989987E+00  1.00003917E+00  4.79628537E-02
 -2.60866328E+00  1.00000000E+00  2.29047714E+00 -3.00040911E-01  3.99999974E-01  1.17987726E+00  1.00004763E+00  4.79545663E-02
 -2.55974619E+00  1.00000000E+00  2.25134191E+00 -3.00032536E-01  3.99998794E-01  1.17990988E+00  1.00003561E+00  4.79664727E-02
 -2.51082911E+00  1.00000000E+00  2.21220669E+00 -3.00024161E-01  4.00002485E-01  1.17994251E+00  1.00002359E+00  4.79783793E-02
 -2.46191202E+00  1.00000000E+00  2.17307392E+00 -3.00031062E-01  3.99999681E-01  1.17990897E+00  1.00003520E+00  4.79663388E-02
 -2.41299493E+00  1.00000000E+00  2.13394114E+00 -3.00037962E-01  3.99996161E-01  1.17987543E+00  1.00004681E+00  4.79542985E-02
 -2.36407784E+00  1.00000000E+00  2.09480603E+00 -3.00026729E-01  3.99997489E-01  1.17991425E+00  1.00003211E+00  4.79685696E-02
 -2.31516075E+00  1.00000000E+00  2.05567091E+00 -3.00015496E-01  3.99999327E-01  1.17995307E+00  1.00001742E+00  4.79828410E-02
 -2.26624366E+00  1.00000000E+00  2.01653719E+00 -3.00029746E-01  3.99997770E-01  1.17991113E+00  1.00003414E+00  4.79671964E-02
 -2.21732657E+00  1.00000000E+00  1.97740347E+00 -3.00043996E-01  3.99997989E-01  1.17986918E+00  1.00005086E+00  4.79515521E-02
 -2.16840948E+00  1.00000000E+00  1.93827254E+00 -3.00044632E-01  3.99995120E-01  1.17985295E+00  1.00005554E+00  4.79459760E-02
 -2.11949239E+00  1.00000000E+00  1.89914161E+00 -3.00045268E-01  3.99989672E-01  1.17983671E+00  1.00006021E+00  4.79403999E-02
 -2.07057530E+00  1.00000000E+00  1.86000507E+00 -3.00046295E-01  3.99989899E-01  1.17983789E+00  1.00006051E+00  4.79406339E-02
 -2.02165821E+00  1.00000000E+00  1.82086853E+00 -3.00047323E-01  3.99991078E-01  1.17983906E+00  1.00006080E+00  4.79408678E-02
 -1.97274112E+00  1.00000000E+00  1.78173957E+00 -3.00049450E-01  3.99984648E-01  1.17980525E+00  1.00007081E+00  4.79291844E-02
 -1.92382403E+00  1.00000000E+00  1.74261061E+00 -3.00051577E-01  3.99975933E-01  1.17977144E+00  1.00008081E+00  4.79175013E-02
 -1.87490694E+00  1.00000000E+00  1.70347819E+00 -3.00029733E-01  3.99971597E-01  1.17982485E+00  1.00005870E+00  4.79376422E-02
 -1.82598985E+00  1.00000000E+00  1.66434576E+00 -3.00007888E-01  3.99966197E-01  1.17987827E+00  1.00003658E+00  4.79577838E-02
 -1.77707276E+00  1.00000000E+00  1.62522073E+00 -3.00016687E-01  3.99960348E-01  1.17983078E+00  1.00005301E+00  4.79407383E-02
 -1.72815567E+00  1.00000000E+00  1.58609570E+00 -3.00025487E-01  3.99953628E-01  1.17978328E+00  1.00006943E+00  4.79236933E-02
 -1.67923858E+00  1.00000000E+00  1.54696800E+00 -3.00007819E-01  3.99939054E-01  1.17979929E+00  1.00005858E+00  4.79308552E-02
 -1.63032150E+00  1.00000000E+00  1.50784029E+00 -2.99990151E-01  3.99929454E-01  1.17981530E+00  1.00004773E+00  4.79380171E-02
 -1.58140441E+00  1.00000000E+00  1.46873290E+00 -2.99985118E-01  3.99912692E-01  1.17977910E+00  1.00005695E+00  4.79259064E-02
 -1.53248732E+00  1.00000000E+00  1.42962551E+00 -2.99980085E-01  3.99897015E-01  1.17974291E+00  1.00006617E+00  4.79137959E-02
 -1.48357023E+00  1.00000000E+00  1.39052319E+00 -2.99963049E-01  3.99878255E-01  1.17972763E+00  1.00006565E+00  4.79098610E-02
 -1.43465314E+00  1.00000000E+00  1.35142087E+00 -2.99946013E-01  3.99854338E-01  1.17971234E+00  1.00006512E+00  4.79059261E-02
 -1.38573605E+00  1.00000000E+00  1.31233719E+00 -2.99915526E-01  3.99827597E-01  1.17972511E+00  1.00005113E+00  4.79130599E-02
 -1.33681896E+00  1.00000000E+00  1.27325351E+00 -2.99885039E-01  3.99806841E-01  1.17973787E+00  1.00003715E+00  4.79201937E-02
 -1.28790187E+00  1.00000000E+00  1.23420740E+00 -2.99871222E-01  3.99779752E-01  1.17970335E+00  1.00004140E+00  4.79098549E-02
 -1.23898478E+00  1.00000000E+00  1.19516129E+00 -2.99857404E-01  3.99751504E-01  1.17966883E+00  1.00004565E+00  4.78995162E-02
 -1.19006769E+00  1.00000000E+00  1.15616349E+00 -2.99842230E-01  3.99727273E-01  1.17963429E+00  1.00005485E+00  4.78878482E-02
 -1.14115060E+00  1.00000000E+00  1.11716568E+00 -2.99827057E-01  3.99702885E-01  1.17959974E+00  1.00006406E+00  4.78761804E-02
 -1.09223351E+00  1.00000000E+00  1.07825146E+00 -2.99828860E-01  3.99696810E-01  1.17957942E+00  1.00006829E+00  4.78696354E-02
 -1.04331642E+00  1.00000000E+00  1.03933724E+00 -2.99830662E-01  3.99692022E-01  1.17955910E+00  1.00007251E+00  4.78630905E-02
 -9.94399333E-01  1.00000000E+00  1.00051870E+00 -2.99834873E-01  3.99714038E-01  1.17962890E+00  1.00005223E+00  4.78871127E-02
 -9.45482243E-01  1.00000000E+00  9.61700160E-01 -2.99839084E-01  3.99750636E-01  1.17969870E+00  1.00003194E+00  4.79111360E-02
 -8.96565154E-01  1.00000000E+00  9.23059293E-01 -2.99942068E-01  3.99863065E-01  1.17978353E+00  1.00004860E+00  4.79293141E-02
 -8.47648064E-01  1.00000000E+00  8.84418426E-01 -3.00045059E-01  4.00004013E-01  1.17986837E+00  1.00006527E+00  4.79474935E-02
 -7.99501858E-01  1.00000000E+00  8.46640731E-01 -3.00251400E-01  4.00241817E-01  1.18011602E+00  1.00008093E+00  4.80093557E-02
 -7.51355652E-01  1.00000000E+00  8.08863037E-01 -3.00457778E-01  4.00558467E-01  1.18036373E+00  1.00009663E+00  4.80712287E-02
 -7.08111109E-01  1.00000000E+00  7.75198447E-01 -3.00829965E-01  4.00979899E-01  1.18086091E+00  1.00007087E+00  4.82106775E-02
 -6.64866566E-01  1.00000000E+00  7.41533857E-01 -3.01202271E-01  4.01584805E-01  1.18135838E+00  1.00004524E+00  4.83501687E-02
 -6.26599939E-01  1.00000000E+00  7.12047467E-01 -3.01860126E-01  4.02369112E-01  1.18207570E+00  1.00010154E+00  4.85264437E-02
 -5.88333313E-01  1.00000000E+00  6.82561077E-01 -3.02518315E-01  4.03256775E-01  1.18279372E+00  1.00015819E+00  4.87028061E-02
 -5.54471587E-01  1.00000000E+00  6.56855240E-01 -3.03391220E-01  4.04428284E-01  1.18402191E+00  1.00002286E+00  4.90664129E-02
 -5.20609860E-01  1.00000000E+00  6.31149403E-01 -3.04264764E-01  4.05733232E-01  1.18525176E+00  9.99888238E-01  4.94302716E-02
 -4.90645977E-01  1.00000000E+00  6.08608518E-01 -3.05596512E-01  4.07291870E-01  1.18668541E+00  1.00006126E+00  4.97664393E-02
 -4.60682095E-01  1.00000000E+00  5.86067632E-01 -3.06929671E-01  4.09008959E-01  1.18812185E+00  1.00023577E+00  5.01029562E-02
 -4.34167380E-01  1.00000000E+00  5.66715155E-01 -3.08499238E-01  4.11178528E-01  1.19029064E+00  1.00002953E+00  5.07362958E-02
 -4.07652666E-01  1.00000000E+00  5.47362677E-01 -3.10070851E-01  4.13541555E-01  1.19246463E+00  9.99825563E-01  5.13704183E-02
 -3.84190072E-01  1.00000000E+00  5.30339687E-01 -3.12143670E-01  4.16076795E-01  1.19489918E+00  9.99966378E-01  5.19820813E-02
 -3.60727478E-01  1.00000000E+00  5.13316698E-01 -3.14219998E-01  4.18855377E-01  1.19734111E+00  1.00011079E+00  5.25947529E-02
 -3.39965684E-01  1.00000000E+00  4.98754324E-01 -3.16685041E-01  4.22195392E-01  1.20059666E+00  9.99981887E-01  5.34972721E-02
 -3.19203889E-01  1.00000000E+00  4.84191951E-01 -3.19155147E-01  4.25721867E-01  1.20386420E+00  9.99858306E-01  5.44015708E-02
 -3.00831998E-01  1.00000000E+00  4.71689558E-01 -3.22306527E-01  4.29625941E-01  1.20773628E+00  1.00001379E+00  5.53926633E-02
 -2.82460107E-01  1.00000000E+00  4.59187166E-01 -3.25466183E-01  4.33820467E-01  1.21162614E+00  1.00017756E+00  5.63862888E-02
 -2.66203017E-01  1.00000000E+00  4.48538024E-01 -3.28943702E-01  4.38510416E-01  1.21645365E+00  9.99951499E-01  5.77339079E-02
 -2.49945927E-01  1.00000000E+00  4.37888882E-01 -3.32431658E-01  4.43463888E-01  1.22130628E+00  9.99735989E-01  5.90854114E-02
 -2.35560203E-01  1.00000000E+00  4.28850082E-01 -3.36611054E-01  4.48757730E-01  1.22679098E+00  9.99861009E-01  6.05146581E-02
 -2.21174479E-01  1.00000000E+00  4.19811281E-01 -3.40805596E-01  4.54449045E-01  1.23230902E+00  1.00000048E+00  6.19489457E-02
 -2.08421419E-01  1.00000000E+00  4.12221751E-01 -3.45765271E-01  4.60724352E-01  1.23902701E+00  1.00005664E+00  6.37254304E-02
 -1.95668358E-01  1.00000000E+00  4.04632222E-01 -3.50746458E-01  4.67377370E-01  1.24579341E+00  1.00013316E+00  6.55094015E-02
 -1.83439085E-01  1.00000000E+00  3.98191415E-01 -3.56368628E-01  4.75103226E-01  1.25424514E+00  9.99764095E-01  6.78616120E-02
 -1.71209813E-01  1.00000000E+00  3.91750608E-01 -3.62019848E-01  4.83237786E-01  1.26276776E+00  9.99421946E-01  7.02255503E-02
 -1.58980541E-01  1.00000000E+00  3.85695045E-01 -3.69998293E-01  4.93227546E-01  1.27393081E+00  9.99859730E-01  7.30856217E-02
 -1.46751268E-01  1.00000000E+00  3.79639482E-01 -3.78034870E-01  5.03810438E-01  1.28522094E+00  1.00034800E+00  7.59661172E-02
 -1.34521996E-01  1.00000000E+00  3.75433316E-01 -3.88057056E-01  5.17553546E-01  1.30197851E+00  9.99427514E-01  8.06802653E-02
 -1.22292724E-01  1.00000000E+00  3.71227150E-01 -3.98178725E-01  5.32019495E-01  1.31899040E+00  9.98591525E-01  8.54397006E-02
 -1.10063451E-01  1.00000000E+00  3.65919219E-01 -4.14691284E-01  5.52430641E-01  1.34155500E+00  1.00127867E+00  9.07403564E-02
 -9.78341789E-02  1.00000000E+00  3.60611289E-01 -4.31454551E-01  5.72805569E-01  1.36462143E+00  1.00416811E+00  9.61208873E-02
 -8.56049065E-02  1.00000000E+00  3.73602735E-01 -4.50792801E-01  6.02029215E-01  1.41505482E+00  9.95169510E-01  1.11969416E-01
 -7.33756342E-02  1.00000000E+00  3.86594182E-01 -4.70641905E-01  6.38081495E-01  1.46738747E+00  9.86600434E-01  1.28209877E-01
 -6.11463618E-02  1.00000000E+00  3.26760690E-01 -5.10334752E-01  7.00083598E-01  1.52190577E+00  9.97906837E-01  1.39733048E-01
 -4.89170895E-02  1.00000000E+00  2.66927198E-01 -5.51459031E-01  7.41432333E-01  1.57904926E+00  1.01027947E+00  1.51671946E-01
 -3.66878171E-02  1.00000000E+00  5.99948923E-01 -7.14943699E-01  8.34622598E-01  1.85660747E+00  1.05085251E+00  2.14867988E-01
 -2.44585447E-02  1.00000000E+00  9.32970649E-01 -9.04959786E-01  1.03116161E+00  2.18920814E+00  1.10754944E+00  2.88442322E-01
 -1.22292724E-02  1.00000000E+00 -2.45947521E-01 -3.64969199E-01  1.70631332E+00  3.08837667E+00  6.53968293E-01  6.49175566E-01
  0.00000000E+00  1.00000000E+00 -1.42486569E+00  3.28600141E-01  3.03882975E+00  4.96543850E+00  4.68110323E-01  1.19928751E+00
