# curve 5 (die wall), step =      100, time =   8.00000000E+01
# N1 = tau_xx - tau_yy = G ( c_xx - c_yy ),  G =  2.0000E-02  (polymer part only)
#              x               y        pressure            c_xy        gammadot            c_xx            c_yy              N1
 -3.00000000E+00  1.00000000E+00  2.66113476E+00 -2.00147419E+00  4.00037752E-01  9.00864699E+00  1.00004292E+00  1.60172081E-01
 -2.95108291E+00  1.00000000E+00  2.62184871E+00 -2.00188853E+00  4.00043158E-01  9.01063117E+00  1.00009320E+00  1.60210759E-01
 -2.90216582E+00  1.00000000E+00  2.58256265E+00 -2.00230296E+00  4.00043597E-01  9.01261578E+00  1.00014350E+00  1.60249446E-01
 -2.85324873E+00  1.00000000E+00  2.54344088E+00 -2.00200954E+00  4.00018641E-01  9.00966041E+00  1.00016479E+00  1.60189913E-01
 -2.80433164E+00  1.00000000E+00  2.50431911E+00 -2.00171618E+00  3.99988998E-01  9.00670606E+00  1.00018608E+00  1.60130400E-01
 -2.75541455E+00  1.00000000E+00  2.46517514E+00 -2.00138077E+00  4.00011848E-01  9.00579874E+00  1.00012339E+00  1.60113507E-01
 -2.70649746E+00  1.00000000E+00  2.42603117E+00 -2.00104541E+00  4.00011827E-01  9.00489154E+00  1.00006071E+00  1.60096616E-01
 -2.65758037E+00  1.00000000E+00  2.38689505E+00 -2.00130939E+00  4.00010509E-01  9.00663202E+00  1.00009412E+00  1.60130758E-01
 -2.60866328E+00  1.00000000E+00  2.34775893E+00 -2.00157342E+00  4.00013508E-01  9.00837284E+00  1.00012754E+00  1.60164906E-01
 -2.55974619E+00  1.00000000E+00  2.30865572E+00 -2.00175971E+00  3.99996815E-01  9.01059190E+00  1.00015294E+00  1.60208779E-01
 -2.51082911E+00  1.00000000E+00  2.26955251E+00 -2.00194600E+00  4.00009790E-01  9.01281155E+00  1.00017833E+00  1.60252664E-01
 -2.46191202E+00  1.00000000E+00  2.23036556E+00 -2.00136922E+00  3.99995885E-01  9.00902551E+00  1.00008739E+00  1.60178762E-01
 -2.41299493E+00  1.00000000E+00  2.19117860E+00 -2.00079263E+00  3.99990269E-01  9.00524108E+00  9.99996474E-01  1.60104892E-01
 -2.36407784E+00  1.00000000E+00  2.15207911E+00 -2.00097755E+00  3.99999573E-01  9.00675196E+00  1.00004426E+00  1.60134154E-01
 -2.31516075E+00  1.00000000E+00  2.11297962E+00 -2.00116249E+00  3.99997308E-01  9.00826311E+00  1.00009204E+00  1.60163421E-01
 -2.26624366E+00  1.00000000E+00  2.07384468E+00 -2.00186377E+00  3.99984997E-01  9.01198920E+00  1.00017086E+00  1.60236367E-01
 -2.21732657E+00  1.00000000E+00  2.03470974E+00 -2.00256530E+00  3.99985908E-01  9.01571684E+00  1.00024973E+00  1.60309342E-01
 -2.16840948E+00  1.00000000E+00  1.99554922E+00 -2.00209136E+00  3.99980465E-01  9.01271159E+00  1.00017622E+00  1.60250707E-01
 -2.11949239E+00  1.00000000E+00  1.95638870E+00 -2.00161755E+00  3.99969804E-01  9.00970735E+00  1.00010271E+00  1.60192093E-01
 -2.07057530E+00  1.00000000E+00  1.91729828E+00 -2.00279714E+00  3.99981123E-01  9.01669075E+00  1.00025238E+00  1.60328767E-01
 -2.02165821E+00  1.00000000E+00  1.87820787E+00 -2.00397751E+00  3.99984539E-01  9.02367958E+00  1.00040216E+00  1.60465548E-01
 -1.97274112E+00  1.00000000E+00  1.83902950E+00 -2.00307058E+00  3.99959237E-01  9.01842131E+00  1.00027031E+00  1.60363020E-01
 -1.92382403E+00  1.00000000E+00  1.79985114E+00 -2.00216410E+00  3.99943724E-01  9.01316612E+00  1.00013852E+00  1.60260552E-01
 -1.87490694E+00  1.00000000E+00  1.76073987E+00 -2.00173535E+00  3.99956935E-01  9.01024257E+00  1.00013896E+00  1.60202072E-01
 -1.82598985E+00  1.00000000E+00  1.72162860E+00 -2.00130671E+00  3.99958195E-01  9.00731998E+00  1.00013941E+00  1.60143611E-01
 -1.77707276E+00  1.00000000E+00  1.68252369E+00 -2.00231608E+00  3.99961425E-01  9.01337720E+00  1.00023532E+00  1.60262838E-01
 -1.72815567E+00  1.00000000E+00  1.64341879E+00 -2.00332601E+00  3.99953026E-01  9.01943852E+00  1.00033130E+00  1.60382144E-01
 -1.67923858E+00  1.00000000E+00  1.60425309E+00 -2.00305598E+00  3.99910891E-01  9.01835426E+00  1.00031722E+00  1.60360741E-01
 -1.63032150E+00  1.00000000E+00  1.56508739E+00 -2.00278598E+00  3.99905647E-01  9.01727014E+00  1.00030314E+00  1.60339340E-01
 -1.58140441E+00  1.00000000E+00  1.52604035E+00 -2.00251046E+00  3.99872997E-01  9.01380732E+00  1.00036049E+00  1.60268937E-01
 -1.53248732E+00  1.00000000E+00  1.48699331E+00 -2.00223498E+00  3.99853005E-01  9.01034592E+00  1.00041784E+00  1.60198562E-01
 -1.48357023E+00  1.00000000E+00  1.44783886E+00 -2.00118674E+00  3.99828782E-01  9.00561275E+00  1.00014463E+00  1.60109362E-01
 -1.43465314E+00  1.00000000E+00  1.40868440E+00 -2.00013903E+00  3.99827450E-01  9.00088207E+00  9.99871537E-01  1.60020211E-01
 -1.38573605E+00  1.00000000E+00  1.36962034E+00 -2.00032472E+00  3.99804050E-01  9.00039125E+00  1.00004100E+00  1.60007005E-01
 -1.33681896E+00  1.00000000E+00  1.33055628E+00 -2.00051042E+00  3.99778322E-01  8.99990049E+00  1.00021049E+00  1.59993800E-01
 -1.28790187E+00  1.00000000E+00  1.29148130E+00 -2.00004135E+00  3.99717648E-01  8.99683612E+00  1.00015515E+00  1.59933619E-01
 -1.23898478E+00  1.00000000E+00  1.25240632E+00 -1.99957241E+00  3.99657973E-01  8.99377281E+00  1.00009983E+00  1.59873459E-01
 -1.19006769E+00  1.00000000E+00  1.21345574E+00 -2.00032120E+00  3.99618267E-01  8.99723175E+00  1.00026255E+00  1.59939384E-01
 -1.14115060E+00  1.00000000E+00  1.17450516E+00 -2.00107027E+00  3.99576553E-01  9.00069203E+00  1.00042532E+00  1.60005334E-01
 -1.09223351E+00  1.00000000E+00  1.13556980E+00 -2.00014917E+00  3.99514384E-01  8.99526268E+00  1.00029729E+00  1.59899308E-01
 -1.04331642E+00  1.00000000E+00  1.09663444E+00 -1.99922854E+00  3.99460372E-01  8.98983661E+00  1.00016933E+00  1.59793346E-01
 -9.94399333E-01  1.00000000E+00  1.05785392E+00 -1.99871774E+00  3.99453016E-01  8.98703020E+00  1.00010664E+00  1.59738471E-01
 -9.45482243E-01  1.00000000E+00  1.01907340E+00 -1.99820707E+00  3.99445747E-01  8.98422466E+00  1.00004398E+00  1.59683614E-01
 -8.96565154E-01  1.00000000E+00  9.80494893E-01 -1.99895903E+00  3.99492948E-01  8.98879728E+00  1.00013385E+00  1.59773269E-01
 -8.47648064E-01  1.00000000E+00  9.41916386E-01 -1.99971131E+00  3.99543425E-01  8.99337223E+00  1.00022376E+00  1.59862969E-01
 -7.99501858E-01  1.00000000E+00  9.04278369E-01 -2.00046694E+00  3.99663064E-01  8.99835419E+00  1.00031745E+00  1.59960735E-01
 -7.51355652E-01  1.00000000E+00  8.66640351E-01 -2.00122289E+00  3.99861934E-01  9.00333893E+00  1.00041117E+00  1.60058555E-01
 -7.08111109E-01  1.00000000E+00  8.33118772E-01 -2.00218312E+00  4.00146543E-01  9.01385584E+00  1.00020992E+00  1.60272918E-01
 -6.64866566E-01  1.00000000E+00  7.99597192E-01 -2.00314399E+00  4.00614026E-01  9.02438561E+00  1.00000873E+00  1.60487537E-01
 -6.26599939E-01  1.00000000E+00  7.70370699E-01 -2.00695905E+00  4.01243752E-01  9.04818409E+00  1.00032254E+00  1.60957231E-01
 -5.88333313E-01  1.00000000E+00  7.41144207E-01 -2.01078246E+00  4.01955665E-01  9.07204564E+00  1.00063747E+00  1.61428163E-01
 -5.54471587E-01  1.00000000E+00  7.15724830E-01 -2.01209626E+00  4.02962919E-01  9.10540137E+00  9.99190814E-01  1.62124211E-01
 -5.20609860E-01  1.00000000E+00  6.90305452E-01 -2.01340985E+00  4.04100438E-01  9.13889214E+00  9.97745090E-01  1.62822941E-01
 -4.90645977E-01  1.00000000E+00  6.68219468E-01 -2.02414576E+00  4.05485582E-01  9.19773481E+00  9.99318372E-01  1.63968329E-01
 -4.60682095E-01  1.00000000E+00  6.46133484E-01 -2.03494290E+00  4.06977834E-01  9.25695636E+00  1.00090149E+00  1.65121097E-01
 -4.34167380E-01  1.00000000E+00  6.27239521E-01 -2.03879529E+00  4.08918600E-01  9.32310193E+00  9.98717763E-01  1.66487683E-01
 -4.07652666E-01  1.00000000E+00  6.08345558E-01 -2.04265531E+00  4.11064522E-01  9.38975694E+00  9.96536111E-01  1.67864417E-01
 -3.84190072E-01  1.00000000E+00  5.91968913E-01 -2.05853841E+00  4.13422254E-01  9.49468093E+00  9.98044889E-01  1.69932721E-01
 -3.60727478E-01  1.00000000E+00  5.75592268E-01 -2.07456383E+00  4.15927601E-01  9.60078643E+00  9.99569767E-01  1.72024333E-01
 -3.39965684E-01  1.00000000E+00  5.61751847E-01 -2.08611375E+00  4.18986339E-01  9.71635031E+00  9.98330766E-01  1.74360391E-01
 -3.19203889E-01  1.00000000E+00  5.47911426E-01 -2.09774739E+00  4.22245048E-01  9.83335616E+00  9.97096539E-01  1.76725192E-01
 -3.00831998E-01  1.00000000E+00  5.36191583E-01 -2.11869932E+00  4.25917268E-01  9.99156082E+00  9.98075248E-01  1.79869711E-01
 -2.82460107E-01  1.00000000E+00  5.24471740E-01 -2.13990266E+00  4.29788965E-01  1.01523483E+01  9.99076020E-01  1.83065446E-01
 -2.66203017E-01  1.00000000E+00  5.14759198E-01 -2.15514879E+00  4.34200638E-01  1.03208587E+01  9.96866017E-01  1.86479853E-01
 -2.49945927E-01  1.00000000E+00  5.05046655E-01 -2.17053438E+00  4.38912572E-01  1.04922827E+01  9.94662597E-01  1.89952403E-01
 -2.35560203E-01  1.00000000E+00  4.97050703E-01 -2.20111792E+00  4.44022371E-01  1.07328002E+01  9.96152989E-01  1.94732943E-01
 -2.21174479E-01  1.00000000E+00  4.89054751E-01 -2.23221583E+00  4.49357468E-01  1.09789156E+01  9.97683893E-01  1.99624635E-01
 -2.08421419E-01  1.00000000E+00  4.82712219E-01 -2.26414224E+00  4.55299686E-01  1.12406672E+01  9.98495242E-01  2.04843439E-01
 -1.95668358E-01  1.00000000E+00  4.76369686E-01 -2.29662242E+00  4.61536548E-01  1.15087624E+01  9.99350652E-01  2.10188235E-01
 -1.83439085E-01  1.00000000E+00  4.71426899E-01 -2.31957998E+00  4.68904936E-01  1.18040754E+01  9.95228534E-01  2.16176937E-01
 -1.71209813E-01  1.00000000E+00  4.66484111E-01 -2.34280608E+00  4.76767850E-01  1.21073255E+01  9.91110544E-01  2.22324300E-01
 -1.58980541E-01  1.00000000E+00  4.61598336E-01 -2.40071782E+00  4.86566710E-01  1.25801886E+01  9.94790767E-01  2.31707956E-01
 -1.46751268E-01  1.00000000E+00  4.56712561E-01 -2.46030149E+00  4.96501014E-01  1.30717614E+01  9.98596080E-01  2.41463307E-01
 -1.34521996E-01  1.00000000E+00  4.57107632E-01 -2.51363243E+00  5.09785408E-01  1.37146847E+01  9.93292280E-01  2.54427848E-01
 -1.22292724E-01  1.00000000E+00  4.57502702E-01 -2.56833016E+00  5.23975289E-01  1.43903881E+01  9.88012375E-01  2.68047514E-01
 -1.10063451E-01  1.00000000E+00  4.48624148E-01 -2.68431047E+00  5.43581066E-01  1.52010093E+01  1.00209489E+00  2.83978288E-01
 -9.78341789E-02  1.00000000E+00  4.39745594E-01 -2.80596054E+00  5.62119758E-01  1.60573665E+01  1.01686150E+00  3.00810101E-01
 -8.56049065E-02  1.00000000E+00  4.78962868E-01 -2.82568486E+00  5.93593366E-01  1.79172537E+01  9.63776032E-01  3.39069553E-01
 -7.33756342E-02  1.00000000E+00  5.18180143E-01 -2.83630649E+00  6.35861866E-01  2.00168970E+01  9.11163698E-01  3.82114666E-01
 -6.11463618E-02  1.00000000E+00  3.90114784E-01 -2.91531926E+00  6.93739176E-01  2.09172881E+01  9.18943961E-01  3.99966882E-01
 -4.89170895E-02  1.00000000E+00  2.62049425E-01 -2.99663320E+00  7.21527373E-01  2.18586485E+01  9.26802643E-01  4.18636917E-01
 -3.66878171E-02  1.00000000E+00  8.62864538E-01 -9.04347911E+00  7.92853060E-01  4.12170763E+01  2.43185223E+00  7.75704482E-01
 -2.44585447E-02  1.00000000E+00  1.46367965E+00 -2.24778900E+01  8.81626471E-01  8.09525538E+01  6.61417002E+00  1.48676768E+00
 -1.22292724E-02  1.00000000E+00 -6.24749060E-02  3.48188881E+00  1.50745187E+00  5.07345932E+01  7.61258577E-01  9.99466692E-01
  0.00000000E+00  1.00000000E+00 -1.58862946E+00  3.32141285E+01  3.33176964E+00  8.35256326E+01  1.34862290E+01  1.40078807E+00
