# curve 5 (die wall), step =      900, time =   7.20000000E+02
# N1 = tau_xx - tau_yy = G ( c_xx - c_yy ),  G =  2.0000E-02  (polymer part only)
#              x               y        pressure            c_xy        gammadot            c_xx            c_yy              N1
 -3.00000000E+00  1.00000000E+00  2.66113489E+00 -2.00147411E+00  4.00037753E-01  9.00865214E+00  1.00004291E+00  1.60172185E-01
 -2.95108291E+00  1.00000000E+00  2.62184883E+00 -2.00188846E+00  4.00043159E-01  9.01063633E+00  1.00009319E+00  1.60210863E-01
 -2.90216582E+00  1.00000000E+00  2.58256278E+00 -2.00230288E+00  4.00043598E-01  9.01262096E+00  1.00014348E+00  1.60249550E-01
 -2.85324873E+00  1.00000000E+00  2.54344101E+00 -2.00200947E+00  4.00018643E-01  9.00966560E+00  1.00016477E+00  1.60190017E-01
 -2.80433164E+00  1.00000000E+00  2.50431924E+00 -2.00171610E+00  3.99988999E-01  9.00671125E+00  1.00018607E+00  1.60130504E-01
 -2.75541455E+00  1.00000000E+00  2.46517527E+00 -2.00138070E+00  4.00011850E-01  9.00580394E+00  1.00012337E+00  1.60113611E-01
 -2.70649746E+00  1.00000000E+00  2.42603130E+00 -2.00104533E+00  4.00011829E-01  9.00489674E+00  1.00006070E+00  1.60096721E-01
 -2.65758037E+00  1.00000000E+00  2.38689518E+00 -2.00130932E+00  4.00010511E-01  9.00663722E+00  1.00009411E+00  1.60130862E-01
 -2.60866328E+00  1.00000000E+00  2.34775906E+00 -2.00157335E+00  4.00013510E-01  9.00837804E+00  1.00012753E+00  1.60165010E-01
 -2.55974619E+00  1.00000000E+00  2.30865585E+00 -2.00175963E+00  3.99996816E-01  9.01059708E+00  1.00015292E+00  1.60208883E-01
 -2.51082911E+00  1.00000000E+00  2.26955264E+00 -2.00194592E+00  4.00009791E-01  9.01281670E+00  1.00017832E+00  1.60252768E-01
 -2.46191202E+00  1.00000000E+00  2.23036568E+00 -2.00136914E+00  3.99995886E-01  9.00903064E+00  1.00008738E+00  1.60178865E-01
 -2.41299493E+00  1.00000000E+00  2.19117873E+00 -2.00079254E+00  3.99990270E-01  9.00524618E+00  9.99996461E-01  1.60104994E-01
 -2.36407784E+00  1.00000000E+00  2.15207924E+00 -2.00097746E+00  3.99999574E-01  9.00675707E+00  1.00004424E+00  1.60134257E-01
 -2.31516075E+00  1.00000000E+00  2.11297975E+00 -2.00116240E+00  3.99997309E-01  9.00826822E+00  1.00009203E+00  1.60163524E-01
 -2.26624366E+00  1.00000000E+00  2.07384481E+00 -2.00186368E+00  3.99984998E-01  9.01199431E+00  1.00017085E+00  1.60236469E-01
 -2.21732657E+00  1.00000000E+00  2.03470987E+00 -2.00256521E+00  3.99985909E-01  9.01572194E+00  1.00024972E+00  1.60309444E-01
 -2.16840948E+00  1.00000000E+00  1.99554935E+00 -2.00209127E+00  3.99980466E-01  9.01271668E+00  1.00017620E+00  1.60250809E-01
 -2.11949239E+00  1.00000000E+00  1.95638883E+00 -2.00161745E+00  3.99969805E-01  9.00971242E+00  1.00010270E+00  1.60192194E-01
 -2.07057530E+00  1.00000000E+00  1.91729841E+00 -2.00279705E+00  3.99981124E-01  9.01669582E+00  1.00025237E+00  1.60328869E-01
 -2.02165821E+00  1.00000000E+00  1.87820800E+00 -2.00397742E+00  3.99984540E-01  9.02368465E+00  1.00040215E+00  1.60465650E-01
 -1.97274112E+00  1.00000000E+00  1.83902963E+00 -2.00307049E+00  3.99959238E-01  9.01842639E+00  1.00027030E+00  1.60363122E-01
 -1.92382403E+00  1.00000000E+00  1.79985126E+00 -2.00216401E+00  3.99943725E-01  9.01317119E+00  1.00013851E+00  1.60260654E-01
 -1.87490694E+00  1.00000000E+00  1.76073999E+00 -2.00173526E+00  3.99956936E-01  9.01024765E+00  1.00013894E+00  1.60202174E-01
 -1.82598985E+00  1.00000000E+00  1.72162872E+00 -2.00130663E+00  3.99958197E-01  9.00732506E+00  1.00013940E+00  1.60143713E-01
 -1.77707276E+00  1.00000000E+00  1.68252382E+00 -2.00231599E+00  3.99961426E-01  9.01338231E+00  1.00023530E+00  1.60262940E-01
 -1.72815567E+00  1.00000000E+00  1.64341892E+00 -2.00332593E+00  3.99953027E-01  9.01944365E+00  1.00033129E+00  1.60382247E-01
 -1.67923858E+00  1.00000000E+00  1.60425322E+00 -2.00305590E+00  3.99910892E-01  9.01835940E+00  1.00031721E+00  1.60360844E-01
 -1.63032150E+00  1.00000000E+00  1.56508752E+00 -2.00278589E+00  3.99905648E-01  9.01727528E+00  1.00030313E+00  1.60339443E-01
 -1.58140441E+00  1.00000000E+00  1.52604048E+00 -2.00251037E+00  3.99872999E-01  9.01381246E+00  1.00036048E+00  1.60269040E-01
 -1.53248732E+00  1.00000000E+00  1.48699344E+00 -2.00223489E+00  3.99853006E-01  9.01035104E+00  1.00041782E+00  1.60198664E-01
 -1.48357023E+00  1.00000000E+00  1.44783898E+00 -2.00118665E+00  3.99828783E-01  9.00561786E+00  1.00014461E+00  1.60109465E-01
 -1.43465314E+00  1.00000000E+00  1.40868453E+00 -2.00013894E+00  3.99827451E-01  9.00088717E+00  9.99871524E-01  1.60020313E-01
 -1.38573605E+00  1.00000000E+00  1.36962047E+00 -2.00032464E+00  3.99804051E-01  9.00039638E+00  1.00004099E+00  1.60007108E-01
 -1.33681896E+00  1.00000000E+00  1.33055641E+00 -2.00051034E+00  3.99778324E-01  8.99990564E+00  1.00021048E+00  1.59993903E-01
 -1.28790187E+00  1.00000000E+00  1.29148143E+00 -2.00004127E+00  3.99717649E-01  8.99684127E+00  1.00015514E+00  1.59933723E-01
 -1.23898478E+00  1.00000000E+00  1.25240645E+00 -1.99957233E+00  3.99657974E-01  8.99377795E+00  1.00009982E+00  1.59873563E-01
 -1.19006769E+00  1.00000000E+00  1.21345587E+00 -2.00032112E+00  3.99618268E-01  8.99723692E+00  1.00026253E+00  1.59939488E-01
 -1.14115060E+00  1.00000000E+00  1.17450529E+00 -2.00107019E+00  3.99576554E-01  9.00069721E+00  1.00042531E+00  1.60005438E-01
 -1.09223351E+00  1.00000000E+00  1.13556993E+00 -2.00014909E+00  3.99514385E-01  8.99526788E+00  1.00029728E+00  1.59899412E-01
 -1.04331642E+00  1.00000000E+00  1.09663457E+00 -1.99922847E+00  3.99460373E-01  8.98984183E+00  1.00016932E+00  1.59793450E-01
 -9.94399333E-01  1.00000000E+00  1.05785405E+00 -1.99871767E+00  3.99453017E-01  8.98703541E+00  1.00010663E+00  1.59738576E-01
 -9.45482243E-01  1.00000000E+00  1.01907353E+00 -1.99820700E+00  3.99445748E-01  8.98422988E+00  1.00004397E+00  1.59683718E-01
 -8.96565154E-01  1.00000000E+00  9.80495022E-01 -1.99895896E+00  3.99492948E-01  8.98880248E+00  1.00013384E+00  1.59773373E-01
 -8.47648064E-01  1.00000000E+00  9.41916515E-01 -1.99971124E+00  3.99543425E-01  8.99337743E+00  1.00022375E+00  1.59863074E-01
 -7.99501858E-01  1.00000000E+00  9.04278497E-01 -2.00046687E+00  3.99663064E-01  8.99835940E+00  1.00031744E+00  1.59960839E-01
 -7.51355652E-01  1.00000000E+00  8.66640480E-01 -2.00122283E+00  3.99861934E-01  9.00334416E+00  1.00041116E+00  1.60058660E-01
 -7.08111109E-01  1.00000000E+00  8.33118901E-01 -2.00218307E+00  4.00146543E-01  9.01386103E+00  1.00020992E+00  1.60273022E-01
 -6.64866566E-01  1.00000000E+00  7.99597322E-01 -2.00314394E+00  4.00614026E-01  9.02439076E+00  1.00000873E+00  1.60487641E-01
 -6.26599939E-01  1.00000000E+00  7.70370829E-01 -2.00695899E+00  4.01243750E-01  9.04818912E+00  1.00032253E+00  1.60957332E-01
 -5.88333313E-01  1.00000000E+00  7.41144337E-01 -2.01078240E+00  4.01955663E-01  9.07205056E+00  1.00063747E+00  1.61428262E-01
 -5.54471587E-01  1.00000000E+00  7.15724960E-01 -2.01209620E+00  4.02962917E-01  9.10540616E+00  9.99190813E-01  1.62124307E-01
 -5.20609860E-01  1.00000000E+00  6.90305583E-01 -2.01340977E+00  4.04100435E-01  9.13889680E+00  9.97745091E-01  1.62823034E-01
 -4.90645977E-01  1.00000000E+00  6.68219600E-01 -2.02414568E+00  4.05485577E-01  9.19773918E+00  9.99318374E-01  1.63968416E-01
 -4.60682095E-01  1.00000000E+00  6.46133616E-01 -2.03494280E+00  4.06977829E-01  9.25696042E+00  1.00090149E+00  1.65121179E-01
 -4.34167380E-01  1.00000000E+00  6.27239654E-01 -2.03879519E+00  4.08918594E-01  9.32310580E+00  9.98717768E-01  1.66487761E-01
 -4.07652666E-01  1.00000000E+00  6.08345692E-01 -2.04265521E+00  4.11064515E-01  9.38976061E+00  9.96536120E-01  1.67864490E-01
 -3.84190072E-01  1.00000000E+00  5.91969048E-01 -2.05853827E+00  4.13422245E-01  9.49468382E+00  9.98044895E-01  1.69932778E-01
 -3.60727478E-01  1.00000000E+00  5.75592404E-01 -2.07456364E+00  4.15927591E-01  9.60078852E+00  9.99569769E-01  1.72024375E-01
 -3.39965684E-01  1.00000000E+00  5.61751983E-01 -2.08611350E+00  4.18986328E-01  9.71635158E+00  9.98330764E-01  1.74360416E-01
 -3.19203889E-01  1.00000000E+00  5.47911562E-01 -2.09774709E+00  4.22245037E-01  9.83335658E+00  9.97096533E-01  1.76725201E-01
 -3.00831998E-01  1.00000000E+00  5.36191723E-01 -2.11869900E+00  4.25917255E-01  9.99156043E+00  9.98075248E-01  1.79869704E-01
 -2.82460107E-01  1.00000000E+00  5.24471883E-01 -2.13990232E+00  4.29788950E-01  1.01523471E+01  9.99076028E-01  1.83065421E-01
 -2.66203017E-01  1.00000000E+00  5.14759339E-01 -2.15514840E+00  4.34200622E-01  1.03208566E+01  9.96866018E-01  1.86479811E-01
 -2.49945927E-01  1.00000000E+00  5.05046794E-01 -2.17053394E+00  4.38912555E-01  1.04922797E+01  9.94662591E-01  1.89952343E-01
 -2.35560203E-01  1.00000000E+00  4.97050847E-01 -2.20111750E+00  4.44022353E-01  1.07327963E+01  9.96153000E-01  1.94732866E-01
 -2.21174479E-01  1.00000000E+00  4.89054899E-01 -2.23221543E+00  4.49357447E-01  1.09789109E+01  9.97683922E-01  1.99624539E-01
 -2.08421419E-01  1.00000000E+00  4.82712369E-01 -2.26414183E+00  4.55299663E-01  1.12406618E+01  9.98495270E-01  2.04843331E-01
 -1.95668358E-01  1.00000000E+00  4.76369839E-01 -2.29662199E+00  4.61536523E-01  1.15087563E+01  9.99350680E-01  2.10188113E-01
 -1.83439085E-01  1.00000000E+00  4.71427051E-01 -2.31957951E+00  4.68904908E-01  1.18040683E+01  9.95228564E-01  2.16176796E-01
 -1.71209813E-01  1.00000000E+00  4.66484264E-01 -2.34280559E+00  4.76767819E-01  1.21073175E+01  9.91110577E-01  2.22324138E-01
 -1.58980541E-01  1.00000000E+00  4.61598495E-01 -2.40071727E+00  4.86566672E-01  1.25801782E+01  9.94790811E-01  2.31707747E-01
 -1.46751268E-01  1.00000000E+00  4.56712727E-01 -2.46030087E+00  4.96500969E-01  1.30717485E+01  9.98596138E-01  2.41463047E-01
 -1.34521996E-01  1.00000000E+00  4.57107802E-01 -2.51363162E+00  5.09785359E-01  1.37146691E+01  9.93292296E-01  2.54427537E-01
 -1.22292724E-01  1.00000000E+00  4.57502878E-01 -2.56832917E+00  5.23975241E-01  1.43903697E+01  9.88012351E-01  2.68047146E-01
 -1.10063451E-01  1.00000000E+00  4.48624302E-01 -2.68430999E+00  5.43581014E-01  1.52009901E+01  1.00209504E+00  2.83977901E-01
 -9.78341789E-02  1.00000000E+00  4.39745727E-01 -2.80596061E+00  5.62119683E-01  1.60573466E+01  1.01686185E+00  3.00809694E-01
 -8.56049065E-02  1.00000000E+00  4.78963133E-01 -2.82568436E+00  5.93593288E-01  1.79172346E+01  9.63776059E-01  3.39069171E-01
 -7.33756342E-02  1.00000000E+00  5.18180540E-01 -2.83630530E+00  6.35861837E-01  2.00168795E+01  9.11163419E-01  3.82114321E-01
 -6.11463618E-02  1.00000000E+00  3.90114601E-01 -2.91531967E+00  6.93739175E-01  2.09172876E+01  9.18943824E-01  3.99966875E-01
 -4.89170895E-02  1.00000000E+00  2.62048663E-01 -2.99663531E+00  7.21527318E-01  2.18586666E+01  9.26802650E-01  4.18637278E-01
 -3.66878171E-02  1.00000000E+00  8.62865599E-01 -9.04354582E+00  7.92852944E-01  4.12172896E+01  2.43187123E+00  7.75708367E-01
 -2.44585447E-02  1.00000000E+00  1.46368253E+00 -2.24781757E+01  8.81625482E-01  8.09533637E+01  6.61426619E+00  1.48678195E+00
 -1.22292724E-02  1.00000000E+00 -6.24738766E-02  3.48188763E+00  1.50745015E+00  5.07348695E+01  7.61257822E-01  9.99472233E-01
  0.00000000E+00  1.00000000E+00 -1.58863029E+00  3.32143113E+01  3.33177068E+00  8.35260534E+01  1.34863074E+01  1.40079492E+00
