# curve 5 (die wall), step =      900, time =   7.20000000E+02
# N1 = tau_xx - tau_yy = G ( c_xx - c_yy ),  G =  2.0000E-01  (polymer part only)
#              x               y        pressure            c_xy        gammadot            c_xx            c_yy              N1
 -3.00000000E+00  1.00000000E+00  2.59141538E+00 -2.00010030E-01  3.99990195E-01  1.07992665E+00  1.00002534E+00  1.59802627E-02
 -2.95108291E+00  1.00000000E+00  2.55229125E+00 -2.00012323E-01  3.99994615E-01  1.07993009E+00  1.00002414E+00  1.59811910E-02
 -2.90216582E+00  1.00000000E+00  2.51316713E+00 -2.00014616E-01  3.99998654E-01  1.07993354E+00  1.00002294E+00  1.59821193E-02
 -2.85324873E+00  1.00000000E+00  2.47403163E+00 -2.00017488E-01  3.99999708E-01  1.07991350E+00  1.00003013E+00  1.59766739E-02
 -2.80433164E+00  1.00000000E+00  2.43489612E+00 -2.00020361E-01  3.99999059E-01  1.07989347E+00  1.00003733E+00  1.59712286E-02
 -2.75541455E+00  1.00000000E+00  2.39576189E+00 -2.00014655E-01  3.99999943E-01  1.07992708E+00  1.00002572E+00  1.59802724E-02
 -2.70649746E+00  1.00000000E+00  2.35662766E+00 -2.00008949E-01  4.00000009E-01  1.07996069E+00  1.00001411E+00  1.59893165E-02
 -2.65758037E+00  1.00000000E+00  2.31749427E+00 -2.00010949E-01  3.99999689E-01  1.07994832E+00  1.00001842E+00  1.59859811E-02
 -2.60866328E+00  1.00000000E+00  2.27836089E+00 -2.00012949E-01  3.99999809E-01  1.07993595E+00  1.00002272E+00  1.59826456E-02
 -2.55974619E+00  1.00000000E+00  2.23922665E+00 -2.00009871E-01  3.99999343E-01  1.07995299E+00  1.00001673E+00  1.59872520E-02
 -2.51082911E+00  1.00000000E+00  2.20009241E+00 -2.00006793E-01  4.00000093E-01  1.07997003E+00  1.00001074E+00  1.59918585E-02
 -2.46191202E+00  1.00000000E+00  2.16095894E+00 -2.00009504E-01  3.99999033E-01  1.07995215E+00  1.00001686E+00  1.59870580E-02
 -2.41299493E+00  1.00000000E+00  2.12182547E+00 -2.00012215E-01  3.99997772E-01  1.07993427E+00  1.00002299E+00  1.59822576E-02
 -2.36407784E+00  1.00000000E+00  2.08269136E+00 -2.00008107E-01  3.99997654E-01  1.07995419E+00  1.00001587E+00  1.59876633E-02
 -2.31516075E+00  1.00000000E+00  2.04355724E+00 -2.00003999E-01  3.99997603E-01  1.07997410E+00  1.00000875E+00  1.59930690E-02
 -2.26624366E+00  1.00000000E+00  2.00442355E+00 -2.00008035E-01  3.99996499E-01  1.07995294E+00  1.00001625E+00  1.59873391E-02
 -2.21732657E+00  1.00000000E+00  1.96528985E+00 -2.00012071E-01  3.99995675E-01  1.07993178E+00  1.00002374E+00  1.59816092E-02
 -2.16840948E+00  1.00000000E+00  1.92615709E+00 -2.00012384E-01  3.99993917E-01  1.07992309E+00  1.00002651E+00  1.59793169E-02
 -2.11949239E+00  1.00000000E+00  1.88702434E+00 -2.00012696E-01  3.99991256E-01  1.07991440E+00  1.00002928E+00  1.59770246E-02
 -2.07057530E+00  1.00000000E+00  1.84789062E+00 -2.00011363E-01  3.99989500E-01  1.07991629E+00  1.00002841E+00  1.59775755E-02
 -2.02165821E+00  1.00000000E+00  1.80875691E+00 -2.00010030E-01  3.99987735E-01  1.07991817E+00  1.00002754E+00  1.59781264E-02
 -1.97274112E+00  1.00000000E+00  1.76962567E+00 -2.00010958E-01  3.99983856E-01  1.07989990E+00  1.00003340E+00  1.59732994E-02
 -1.92382403E+00  1.00000000E+00  1.73049443E+00 -2.00011887E-01  3.99978572E-01  1.07988162E+00  1.00003926E+00  1.59684724E-02
 -1.87490694E+00  1.00000000E+00  1.69136368E+00 -2.00003165E-01  3.99973621E-01  1.07991023E+00  1.00002838E+00  1.59763709E-02
 -1.82598985E+00  1.00000000E+00  1.65223292E+00 -1.99994444E-01  3.99968183E-01  1.07993884E+00  1.00001750E+00  1.59842696E-02
 -1.77707276E+00  1.00000000E+00  1.61310656E+00 -1.99994807E-01  3.99961368E-01  1.07991521E+00  1.00002498E+00  1.59780469E-02
 -1.72815567E+00  1.00000000E+00  1.57398019E+00 -1.99995171E-01  3.99952708E-01  1.07989158E+00  1.00003246E+00  1.59718243E-02
 -1.67923858E+00  1.00000000E+00  1.53485668E+00 -1.99986346E-01  3.99940386E-01  1.07990061E+00  1.00002741E+00  1.59746406E-02
 -1.63032150E+00  1.00000000E+00  1.49573318E+00 -1.99977522E-01  3.99929262E-01  1.07990964E+00  1.00002235E+00  1.59774569E-02
 -1.58140441E+00  1.00000000E+00  1.45662038E+00 -1.99973174E-01  3.99914449E-01  1.07989118E+00  1.00002721E+00  1.59727931E-02
 -1.53248732E+00  1.00000000E+00  1.41750757E+00 -1.99968827E-01  3.99899924E-01  1.07987272E+00  1.00003207E+00  1.59681293E-02
 -1.48357023E+00  1.00000000E+00  1.37840780E+00 -1.99958196E-01  3.99882325E-01  1.07986717E+00  1.00003174E+00  1.59670855E-02
 -1.43465314E+00  1.00000000E+00  1.33930803E+00 -1.99947564E-01  3.99859743E-01  1.07986162E+00  1.00003141E+00  1.59660418E-02
 -1.38573605E+00  1.00000000E+00  1.30022689E+00 -1.99931614E-01  3.99834538E-01  1.07987037E+00  1.00002493E+00  1.59690890E-02
 -1.33681896E+00  1.00000000E+00  1.26114575E+00 -1.99915663E-01  3.99813016E-01  1.07987912E+00  1.00001844E+00  1.59721363E-02
 -1.28790187E+00  1.00000000E+00  1.22209901E+00 -1.99906322E-01  3.99788670E-01  1.07986253E+00  1.00002069E+00  1.59683679E-02
 -1.23898478E+00  1.00000000E+00  1.18305227E+00 -1.99896980E-01  3.99763680E-01  1.07984594E+00  1.00002294E+00  1.59645996E-02
 -1.19006769E+00  1.00000000E+00  1.14405424E+00 -1.99886030E-01  3.99741396E-01  1.07983099E+00  1.00002791E+00  1.59606155E-02
 -1.14115060E+00  1.00000000E+00  1.10505621E+00 -1.99875081E-01  3.99717563E-01  1.07981605E+00  1.00003289E+00  1.59566314E-02
 -1.09223351E+00  1.00000000E+00  1.06613928E+00 -1.99877833E-01  3.99716678E-01  1.07980639E+00  1.00003537E+00  1.59542043E-02
 -1.04331642E+00  1.00000000E+00  1.02722235E+00 -1.99880585E-01  3.99717870E-01  1.07979674E+00  1.00003785E+00  1.59517772E-02
 -9.94399333E-01  1.00000000E+00  9.88399357E-01 -1.99890581E-01  3.99744976E-01  1.07983460E+00  1.00002719E+00  1.59614828E-02
 -9.45482243E-01  1.00000000E+00  9.49576359E-01 -1.99900577E-01  3.99786795E-01  1.07987246E+00  1.00001652E+00  1.59711885E-02
 -8.96565154E-01  1.00000000E+00  9.10926626E-01 -1.99969929E-01  3.99905630E-01  1.07991037E+00  1.00002603E+00  1.59768691E-02
 -8.47648064E-01  1.00000000E+00  8.72276894E-01 -2.00039284E-01  4.00053391E-01  1.07994830E+00  1.00003555E+00  1.59825500E-02
 -7.99501858E-01  1.00000000E+00  8.34480518E-01 -2.00183290E-01  4.00303828E-01  1.08005840E+00  1.00004816E+00  1.60020481E-02
 -7.51355652E-01  1.00000000E+00  7.96684142E-01 -2.00327309E-01  4.00628119E-01  1.08016854E+00  1.00006080E+00  1.60215478E-02
 -7.08111109E-01  1.00000000E+00  7.62988294E-01 -2.00584325E-01  4.01063891E-01  1.08040018E+00  1.00004452E+00  1.60711308E-02
 -6.64866566E-01  1.00000000E+00  7.29292446E-01 -2.00841380E-01  4.01679735E-01  1.08063192E+00  1.00002831E+00  1.61207210E-02
 -6.26599939E-01  1.00000000E+00  6.99769265E-01 -2.01284245E-01  4.02480429E-01  1.08094491E+00  1.00006703E+00  1.61755759E-02
 -5.88333313E-01  1.00000000E+00  6.70246084E-01 -2.01727219E-01  4.03384643E-01  1.08125814E+00  1.00010592E+00  1.62304441E-02
 -5.54471587E-01  1.00000000E+00  6.44488463E-01 -2.02333855E-01  4.04566297E-01  1.08183785E+00  1.00002403E+00  1.63627641E-02
 -5.20609860E-01  1.00000000E+00  6.18730841E-01 -2.02940706E-01  4.05885614E-01  1.08241813E+00  9.99942492E-01  1.64951279E-02
 -4.90645977E-01  1.00000000E+00  5.96111053E-01 -2.03815629E-01  4.07469825E-01  1.08302556E+00  1.00005000E+00  1.65951132E-02
 -4.60682095E-01  1.00000000E+00  5.73491264E-01 -2.04690995E-01  4.09208106E-01  1.08363394E+00  1.00015820E+00  1.66951481E-02
 -4.34167380E-01  1.00000000E+00  5.54057837E-01 -2.05782999E-01  4.11389821E-01  1.08465424E+00  1.00003673E+00  1.69235012E-02
 -4.07652666E-01  1.00000000E+00  5.34624410E-01 -2.06875698E-01  4.13768912E-01  1.08567637E+00  9.99916420E-01  1.71519908E-02
 -3.84190072E-01  1.00000000E+00  5.17483458E-01 -2.08239830E-01  4.16328525E-01  1.08673173E+00  9.99998571E-01  1.73466317E-02
 -3.60727478E-01  1.00000000E+00  5.00342505E-01 -2.09605060E-01  4.19130379E-01  1.08778955E+00  1.00008243E+00  1.75414237E-02
 -3.39965684E-01  1.00000000E+00  4.85651799E-01 -2.11288475E-01  4.22493717E-01  1.08928745E+00  1.00000322E+00  1.78568463E-02
 -3.19203889E-01  1.00000000E+00  4.70961093E-01 -2.12973577E-01  4.26047231E-01  1.09078953E+00  9.99926687E-01  1.81725682E-02
 -3.00831998E-01  1.00000000E+00  4.58290338E-01 -2.15066546E-01  4.29985105E-01  1.09248245E+00  1.00002553E+00  1.84913833E-02
 -2.82460107E-01  1.00000000E+00  4.45619584E-01 -2.17162157E-01  4.34218479E-01  1.09418133E+00  1.00012840E+00  1.88105858E-02
 -2.66203017E-01  1.00000000E+00  4.34825190E-01 -2.19541561E-01  4.38925958E-01  1.09640291E+00  9.99997998E-01  1.92809834E-02
 -2.49945927E-01  1.00000000E+00  4.24030797E-01 -2.21924471E-01  4.43908881E-01  1.09863312E+00  9.99872934E-01  1.97520377E-02
 -2.35560203E-01  1.00000000E+00  4.14744518E-01 -2.24692723E-01  4.49246356E-01  1.10105283E+00  9.99934907E-01  2.02235841E-02
 -2.21174479E-01  1.00000000E+00  4.05458238E-01 -2.27465795E-01  4.54986941E-01  1.10348350E+00  1.00000390E+00  2.06959184E-02
 -2.08421419E-01  1.00000000E+00  3.97659970E-01 -2.30804430E-01  4.61297731E-01  1.10649242E+00  1.00005055E+00  2.12883738E-02
 -1.95668358E-01  1.00000000E+00  3.89861701E-01 -2.34150190E-01  4.68003732E-01  1.10951760E+00  1.00010740E+00  2.18820411E-02
 -1.83439085E-01  1.00000000E+00  3.83150461E-01 -2.37997993E-01  4.75760692E-01  1.11339293E+00  9.99896683E-01  2.26992494E-02
 -1.71209813E-01  1.00000000E+00  3.76439221E-01 -2.41855642E-01  4.83926763E-01  1.11729200E+00  9.99699781E-01  2.35184437E-02
 -1.58980541E-01  1.00000000E+00  3.70061747E-01 -2.47131526E-01  4.93979664E-01  1.12217969E+00  9.99963334E-01  2.44432710E-02
 -1.46751268E-01  1.00000000E+00  3.63684272E-01 -2.52426234E-01  5.04677454E-01  1.12710825E+00  1.00025183E+00  2.53712835E-02
 -1.34521996E-01  1.00000000E+00  3.58705082E-01 -2.59283931E-01  5.18502303E-01  1.13485093E+00  9.99669189E-01  2.70363484E-02
 -1.22292724E-01  1.00000000E+00  3.53725892E-01 -2.66175690E-01  5.32956998E-01  1.14267675E+00  9.99130443E-01  2.87092613E-02
 -1.10063451E-01  1.00000000E+00  3.48857458E-01 -2.77061494E-01  5.53601627E-01  1.15218083E+00  1.00097995E+00  3.02401757E-02
 -9.78341789E-02  1.00000000E+00  3.43989024E-01 -2.88030971E-01  5.74515279E-01  1.16184560E+00  1.00293221E+00  3.17826783E-02
 -8.56049065E-02  1.00000000E+00  3.52569756E-01 -3.02086850E-01  6.03597430E-01  1.18649513E+00  9.97058245E-01  3.78873774E-02
 -7.33756342E-02  1.00000000E+00  3.61150488E-01 -3.16331174E-01  6.38647650E-01  1.21175301E+00  9.91418301E-01  4.40669414E-02
 -6.11463618E-02  1.00000000E+00  3.09855602E-01 -3.41561765E-01  7.02547780E-01  1.23389543E+00  9.98689918E-01  4.70411015E-02
 -4.89170895E-02  1.00000000E+00  2.58560715E-01 -3.67269642E-01  7.47549991E-01  1.25685304E+00  1.00649286E+00  5.00720351E-02
 -3.66878171E-02  1.00000000E+00  5.57330931E-01 -4.78152312E-01  8.45147507E-01  1.38763705E+00  1.03268892E+00  7.09896265E-02
 -2.44585447E-02  1.00000000E+00  8.56101148E-01 -5.99930778E-01  1.06481556E+00  1.53816304E+00  1.06841922E+00  9.39487630E-02
 -1.22292724E-02  1.00000000E+00 -3.85226112E-01 -3.21608834E-01  1.72703791E+00  2.16027172E+00  7.21932026E-01  2.87667939E-01
  0.00000000E+00  1.00000000E+00 -1.62655337E+00  5.16918677E-03  3.05825622E+00  3.23427559E+00  5.10791183E-01  5.44696881E-01
