# curve 5 (die wall), step =      200, time =   1.60000000E+02
# N1 = tau_xx - tau_yy = G ( c_xx - c_yy ),  G =  5.7143E-02  (polymer part only)
#              x               y        pressure            c_xy        gammadot            c_xx            c_yy              N1
 -3.00000000E+00  1.00000000E+00  2.91958750E+00 -2.80181331E+00  4.00267731E-01  1.67049842E+01  9.99731775E-01  8.97442997E-01
 -2.95108291E+00  1.00000000E+00  2.87967118E+00 -2.80208805E+00  4.00274671E-01  1.67091273E+01  9.99709677E-01  8.97681006E-01
 -2.90216582E+00  1.00000000E+00  2.83975486E+00 -2.80236281E+00  4.00274321E-01  1.67132714E+01  9.99687575E-01  8.97919076E-01
 -2.85324873E+00  1.00000000E+00  2.80064047E+00 -2.80201335E+00  4.00125009E-01  1.67030469E+01  9.99884523E-01  8.97323565E-01
 -2.80433164E+00  1.00000000E+00  2.76152608E+00 -2.80166381E+00  3.99983722E-01  1.66928291E+01  1.00008146E+00  8.96728439E-01
 -2.75541455E+00  1.00000000E+00  2.72234559E+00 -2.80099718E+00  4.00117505E-01  1.66918372E+01  9.99854817E-01  8.96684709E-01
 -2.70649746E+00  1.00000000E+00  2.68316511E+00 -2.80033064E+00  4.00143326E-01  1.66908454E+01  9.99628229E-01  8.96640983E-01
 -2.65758037E+00  1.00000000E+00  2.64403604E+00 -2.80179998E+00  4.00147891E-01  1.66960571E+01  9.99991987E-01  8.96918005E-01
 -2.60866328E+00  1.00000000E+00  2.60490697E+00 -2.80326990E+00  4.00119453E-01  1.67012705E+01  1.00035593E+00  8.97195116E-01
 -2.55974619E+00  1.00000000E+00  2.56600168E+00 -2.80345152E+00  4.00006688E-01  1.67064741E+01  1.00035469E+00  8.97492540E-01
 -2.51082911E+00  1.00000000E+00  2.52709639E+00 -2.80363306E+00  4.00062564E-01  1.67116796E+01  1.00035344E+00  8.97790065E-01
 -2.46191202E+00  1.00000000E+00  2.48758814E+00 -2.80182072E+00  4.00004239E-01  1.67026277E+01  9.99971785E-01  8.97294626E-01
 -2.41299493E+00  1.00000000E+00  2.44807990E+00 -2.80000944E+00  3.99986299E-01  1.66935808E+01  9.99590356E-01  8.96799456E-01
 -2.36407784E+00  1.00000000E+00  2.40916670E+00 -2.80128616E+00  4.00009117E-01  1.66961276E+01  9.99989835E-01  8.96922158E-01
 -2.31516075E+00  1.00000000E+00  2.37025350E+00 -2.80256320E+00  3.99965910E-01  1.66986750E+01  1.00038949E+00  8.97044885E-01
 -2.26624366E+00  1.00000000E+00  2.33112597E+00 -2.80279078E+00  3.99904164E-01  1.67052645E+01  1.00027709E+00  8.97427851E-01
 -2.21732657E+00  1.00000000E+00  2.29199843E+00 -2.80301832E+00  3.99920898E-01  1.67118568E+01  1.00016469E+00  8.97810977E-01
 -2.16840948E+00  1.00000000E+00  2.25265810E+00 -2.80243014E+00  3.99928497E-01  1.67057281E+01  1.00009805E+00  8.97464575E-01
 -2.11949239E+00  1.00000000E+00  2.21331776E+00 -2.80184209E+00  3.99897619E-01  1.66996017E+01  1.00003141E+00  8.97118304E-01
 -2.07057530E+00  1.00000000E+00  2.17448344E+00 -2.80372278E+00  3.99941161E-01  1.67140808E+01  1.00028764E+00  8.97931039E-01
 -2.02165821E+00  1.00000000E+00  2.13564912E+00 -2.80560482E+00  3.99943584E-01  1.67285725E+01  1.00054402E+00  8.98744485E-01
 -1.97274112E+00  1.00000000E+00  2.09621831E+00 -2.80332759E+00  3.99860357E-01  1.67175858E+01  1.00005451E+00  8.98144647E-01
 -1.92382403E+00  1.00000000E+00  2.05678750E+00 -2.80105201E+00  3.99835235E-01  1.67066065E+01  9.99565367E-01  8.97545206E-01
 -1.87490694E+00  1.00000000E+00  2.01767784E+00 -2.80178996E+00  3.99920760E-01  1.67009514E+01  9.99978189E-01  8.97198468E-01
 -1.82598985E+00  1.00000000E+00  1.97856818E+00 -2.80252753E+00  3.99936599E-01  1.66952990E+01  1.00039112E+00  8.96851878E-01
 -1.77707276E+00  1.00000000E+00  1.93956901E+00 -2.80401655E+00  3.99968609E-01  1.67082610E+01  1.00054190E+00  8.97583949E-01
 -1.72815567E+00  1.00000000E+00  1.90056984E+00 -2.80550644E+00  3.99931750E-01  1.67212332E+01  1.00069274E+00  8.98316597E-01
 -1.67923858E+00  1.00000000E+00  1.86133723E+00 -2.80556484E+00  3.99715809E-01  1.67199203E+01  1.00078844E+00  8.98236105E-01
 -1.63032150E+00  1.00000000E+00  1.82210462E+00 -2.80562323E+00  3.99701148E-01  1.67186075E+01  1.00088416E+00  8.98155620E-01
 -1.58140441E+00  1.00000000E+00  1.78321034E+00 -2.80500576E+00  3.99549784E-01  1.67054888E+01  1.00113790E+00  8.97391478E-01
 -1.53248732E+00  1.00000000E+00  1.74431606E+00 -2.80438837E+00  3.99491070E-01  1.66923809E+01  1.00139166E+00  8.96627958E-01
 -1.48357023E+00  1.00000000E+00  1.70478839E+00 -2.79939906E+00  3.99464952E-01  1.66812655E+01  9.99871847E-01  8.96079639E-01
 -1.43465314E+00  1.00000000E+00  1.66526072E+00 -2.79441511E+00  3.99594553E-01  1.66701607E+01  9.98354649E-01  8.95531772E-01
 -1.38573605E+00  1.00000000E+00  1.62623239E+00 -2.79573633E+00  3.99520094E-01  1.66584156E+01  9.99248673E-01  8.94809541E-01
 -1.33681896E+00  1.00000000E+00  1.58720407E+00 -2.79705635E+00  3.99411970E-01  1.66466819E+01  1.00014321E+00  8.94087924E-01
 -1.28790187E+00  1.00000000E+00  1.54788373E+00 -2.79594638E+00  3.99145743E-01  1.66314574E+01  1.00021438E+00  8.93213886E-01
 -1.23898478E+00  1.00000000E+00  1.50856339E+00 -2.79483685E+00  3.98864564E-01  1.66162473E+01  1.00028553E+00  8.92340673E-01
 -1.19006769E+00  1.00000000E+00  1.46995176E+00 -2.79578661E+00  3.98572426E-01  1.66113329E+01  1.00083719E+00  8.92028328E-01
 -1.14115060E+00  1.00000000E+00  1.43134012E+00 -2.79673613E+00  3.98252897E-01  1.66064209E+01  1.00138908E+00  8.91716103E-01
 -1.09223351E+00  1.00000000E+00  1.39203742E+00 -2.79170443E+00  3.97788627E-01  1.65725564E+01  1.00077131E+00  8.89816292E-01
 -1.04331642E+00  1.00000000E+00  1.35273471E+00 -2.78668217E+00  3.97394966E-01  1.65387610E+01  1.00015484E+00  8.87920351E-01
 -9.94399333E-01  1.00000000E+00  1.31405246E+00 -2.78480081E+00  3.97008836E-01  1.65032927E+01  1.00057688E+00  8.85869475E-01
 -9.45482243E-01  1.00000000E+00  1.27537021E+00 -2.78291991E+00  3.96527828E-01  1.64679046E+01  1.00099869E+00  8.83823193E-01
 -8.96565154E-01  1.00000000E+00  1.23701255E+00 -2.78083031E+00  3.95882255E-01  1.64354373E+01  1.00145746E+00  8.81941706E-01
 -8.47648064E-01  1.00000000E+00  1.19865490E+00 -2.77874255E+00  3.95162102E-01  1.64030367E+01  1.00191638E+00  8.80064019E-01
 -7.99501858E-01  1.00000000E+00  1.16172690E+00 -2.77440984E+00  3.94189955E-01  1.63471261E+01  1.00225365E+00  8.76849852E-01
 -7.51355652E-01  1.00000000E+00  1.12479890E+00 -2.77008477E+00  3.93436000E-01  1.62914119E+01  1.00259098E+00  8.73646912E-01
 -7.08111109E-01  1.00000000E+00  1.09207666E+00 -2.76137767E+00  3.92448898E-01  1.62185456E+01  1.00182759E+00  8.69526745E-01
 -6.64866566E-01  1.00000000E+00  1.05935442E+00 -2.75270127E+00  3.91861075E-01  1.61460075E+01  1.00106675E+00  8.65425183E-01
 -6.26599939E-01  1.00000000E+00  1.03133872E+00 -2.74846772E+00  3.91373745E-01  1.60955885E+01  1.00112490E+00  8.62540780E-01
 -5.88333313E-01  1.00000000E+00  1.00332303E+00 -2.74424126E+00  3.90865499E-01  1.60453314E+01  1.00118299E+00  8.59665625E-01
 -5.54471587E-01  1.00000000E+00  9.79680104E-01 -2.74046431E+00  3.90673025E-01  1.60231627E+01  1.00049399E+00  8.58438210E-01
 -5.20609860E-01  1.00000000E+00  9.56037183E-01 -2.73669251E+00  3.90457341E-01  1.60010245E+01  9.99805858E-01  8.57212495E-01
 -4.90645977E-01  1.00000000E+00  9.36283293E-01 -2.73693512E+00  3.90230950E-01  1.59783214E+01  1.00054423E+00  8.55872982E-01
 -4.60682095E-01  1.00000000E+00  9.16529403E-01 -2.73717527E+00  3.90212818E-01  1.59556552E+01  1.00128265E+00  8.54535574E-01
 -4.34167380E-01  1.00000000E+00  9.00362878E-01 -2.73435780E+00  3.90732387E-01  1.59741816E+01  9.99508280E-01  8.55695618E-01
 -4.07652666E-01  1.00000000E+00  8.84196353E-01 -2.73153694E+00  3.91285735E-01  1.59927397E+01  9.97736115E-01  8.56857346E-01
 -3.84190072E-01  1.00000000E+00  8.71199907E-01 -2.73744723E+00  3.91946889E-01  1.60307531E+01  9.98471358E-01  8.58987531E-01
 -3.60727478E-01  1.00000000E+00  8.58203462E-01 -2.74337067E+00  3.92776053E-01  1.60688569E+01  9.99208558E-01  8.61122763E-01
 -3.39965684E-01  1.00000000E+00  8.48208485E-01 -2.74747007E+00  3.94067295E-01  1.61428679E+01  9.98066225E-01  8.65417241E-01
 -3.19203889E-01  1.00000000E+00  8.38213509E-01 -2.75157440E+00  3.95419724E-01  1.62172374E+01  9.96923902E-01  8.69732202E-01
 -3.00831998E-01  1.00000000E+00  8.31325097E-01 -2.76706714E+00  3.97036922E-01  1.63398452E+01  9.98466731E-01  8.76650196E-01
 -2.82460107E-01  1.00000000E+00  8.24436684E-01 -2.78265642E+00  3.98590647E-01  1.64633838E+01  1.00001894E+00  8.83620850E-01
 -2.66203017E-01  1.00000000E+00  8.19216987E-01 -2.78801666E+00  4.00684702E-01  1.66044043E+01  9.97262342E-01  8.91836683E-01
 -2.49945927E-01  1.00000000E+00  8.13997290E-01 -2.79336665E+00  4.03052014E-01  1.67467177E+01  9.94504689E-01  9.00126455E-01
 -2.35560203E-01  1.00000000E+00  8.11991739E-01 -2.82107999E+00  4.05704902E-01  1.69603994E+01  9.97468281E-01  9.12167491E-01
 -2.21174479E-01  1.00000000E+00  8.09986189E-01 -2.84909354E+00  4.08172837E-01  1.71768149E+01  1.00046348E+00  9.24362937E-01
 -2.08421419E-01  1.00000000E+00  8.09766776E-01 -2.87091204E+00  4.10935031E-01  1.74002454E+01  1.00106744E+00  9.37095885E-01
 -1.95668358E-01  1.00000000E+00  8.09547362E-01 -2.89292376E+00  4.13754485E-01  1.76266281E+01  1.00168042E+00  9.49997011E-01
 -1.83439085E-01  1.00000000E+00  8.11890169E-01 -2.90913118E+00  4.17374688E-01  1.78963915E+01  9.99033415E-01  9.65563321E-01
 -1.71209813E-01  1.00000000E+00  8.14232976E-01 -2.92541330E+00  4.21264514E-01  1.81704639E+01  9.96380006E-01  9.81376223E-01
 -1.58980541E-01  1.00000000E+00  8.17138598E-01 -2.96678011E+00  4.25616692E-01  1.85399851E+01  9.99904761E-01  1.00229031E+00
 -1.46751268E-01  1.00000000E+00  8.20044220E-01 -3.00879985E+00  4.29607125E-01  1.89170751E+01  1.00347839E+00  1.02363410E+00
 -1.34521996E-01  1.00000000E+00  8.35058164E-01 -3.07345814E+00  4.35185977E-01  1.94224126E+01  1.01004558E+00  1.05213526E+00
 -1.22292724E-01  1.00000000E+00  8.50072109E-01 -3.13961984E+00  4.39403619E-01  1.99412702E+01  1.01677750E+00  1.08139958E+00
 -1.10063451E-01  1.00000000E+00  8.46901826E-01 -3.08707135E+00  4.41007456E-01  1.98598937E+01  1.00583888E+00  1.07737456E+00
 -9.78341789E-02  1.00000000E+00  8.43731543E-01 -3.03476185E+00  4.41588601E-01  1.97793296E+01  9.95125544E-01  1.07338309E+00
 -8.56049065E-02  1.00000000E+00  8.81818953E-01 -3.18983287E+00  4.33922418E-01  1.93764750E+01  1.05813914E+00  1.04676205E+00
 -7.33756342E-02  1.00000000E+00  9.19906364E-01 -3.34240181E+00  4.03864711E-01  1.89941178E+01  1.12437289E+00  1.02112828E+00
 -6.11463618E-02  1.00000000E+00  1.05903051E+00 -2.71230735E+00  2.91796905E-01  1.17566365E+01  1.22609362E+00  6.01745309E-01
 -4.89170895E-02  1.00000000E+00  1.19815465E+00 -2.24136075E+00  1.68831238E-01  7.36072702E+00  1.34701508E+00  3.43640682E-01
 -3.66878171E-02  1.00000000E+00  2.17338416E+00 -3.70984315E+00  1.53289572E-01  6.39070731E+00  2.72981462E+00  2.09193868E-01
 -2.44585447E-02  1.00000000E+00  3.14861367E+00 -5.70752465E+00  2.19966188E-01  6.88307378E+00  5.13553695E+00  9.98592476E-02
 -1.22292724E-02  1.00000000E+00  1.17700028E+00  1.24518516E+00  9.33927285E-01  4.94990643E+00  1.74446850E+00  1.83167882E-01
  0.00000000E+00  1.00000000E+00 -7.94613121E-01  3.75044284E+01  4.59301317E+00  5.02124672E+01  2.83731372E+01  1.24796171E+00
