# curve 5 (die wall), step =      800, time =   6.40000000E+02
# N1 = tau_xx - tau_yy = G ( c_xx - c_yy ),  G =  5.7143E-02  (polymer part only)
#              x               y        pressure            c_xy        gammadot            c_xx            c_yy              N1
 -3.00000000E+00  1.00000000E+00  2.91958750E+00 -2.80181332E+00  4.00267731E-01  1.67049843E+01  9.99731775E-01  8.97443000E-01
 -2.95108291E+00  1.00000000E+00  2.87967118E+00 -2.80208805E+00  4.00274671E-01  1.67091273E+01  9.99709676E-01  8.97681007E-01
 -2.90216582E+00  1.00000000E+00  2.83975486E+00 -2.80236280E+00  4.00274321E-01  1.67132714E+01  9.99687573E-01  8.97919075E-01
 -2.85324873E+00  1.00000000E+00  2.80064047E+00 -2.80201335E+00  4.00125009E-01  1.67030469E+01  9.99884520E-01  8.97323563E-01
 -2.80433164E+00  1.00000000E+00  2.76152608E+00 -2.80166379E+00  3.99983723E-01  1.66928291E+01  1.00008145E+00  8.96728436E-01
 -2.75541455E+00  1.00000000E+00  2.72234559E+00 -2.80099718E+00  4.00117506E-01  1.66918372E+01  9.99854815E-01  8.96684706E-01
 -2.70649746E+00  1.00000000E+00  2.68316511E+00 -2.80033064E+00  4.00143326E-01  1.66908454E+01  9.99628229E-01  8.96640980E-01
 -2.65758037E+00  1.00000000E+00  2.64403604E+00 -2.80179998E+00  4.00147892E-01  1.66960570E+01  9.99991987E-01  8.96918002E-01
 -2.60866328E+00  1.00000000E+00  2.60490697E+00 -2.80326990E+00  4.00119453E-01  1.67012704E+01  1.00035593E+00  8.97195113E-01
 -2.55974619E+00  1.00000000E+00  2.56600168E+00 -2.80345152E+00  4.00006688E-01  1.67064741E+01  1.00035469E+00  8.97492538E-01
 -2.51082911E+00  1.00000000E+00  2.52709639E+00 -2.80363305E+00  4.00062564E-01  1.67116796E+01  1.00035344E+00  8.97790063E-01
 -2.46191202E+00  1.00000000E+00  2.48758814E+00 -2.80182072E+00  4.00004238E-01  1.67026277E+01  9.99971786E-01  8.97294626E-01
 -2.41299493E+00  1.00000000E+00  2.44807990E+00 -2.80000944E+00  3.99986298E-01  1.66935809E+01  9.99590357E-01  8.96799458E-01
 -2.36407784E+00  1.00000000E+00  2.40916670E+00 -2.80128615E+00  4.00009116E-01  1.66961276E+01  9.99989834E-01  8.96922160E-01
 -2.31516075E+00  1.00000000E+00  2.37025350E+00 -2.80256320E+00  3.99965910E-01  1.66986750E+01  1.00038949E+00  8.97044888E-01
 -2.26624366E+00  1.00000000E+00  2.33112597E+00 -2.80279078E+00  3.99904164E-01  1.67052645E+01  1.00027709E+00  8.97427854E-01
 -2.21732657E+00  1.00000000E+00  2.29199843E+00 -2.80301832E+00  3.99920898E-01  1.67118568E+01  1.00016469E+00  8.97810980E-01
 -2.16840948E+00  1.00000000E+00  2.25265810E+00 -2.80243015E+00  3.99928497E-01  1.67057282E+01  1.00009805E+00  8.97464580E-01
 -2.11949239E+00  1.00000000E+00  2.21331776E+00 -2.80184211E+00  3.99897619E-01  1.66996018E+01  1.00003141E+00  8.97118310E-01
 -2.07057530E+00  1.00000000E+00  2.17448344E+00 -2.80372279E+00  3.99941161E-01  1.67140809E+01  1.00028764E+00  8.97931045E-01
 -2.02165821E+00  1.00000000E+00  2.13564912E+00 -2.80560483E+00  3.99943584E-01  1.67285726E+01  1.00054402E+00  8.98744491E-01
 -1.97274112E+00  1.00000000E+00  2.09621831E+00 -2.80332760E+00  3.99860358E-01  1.67175859E+01  1.00005451E+00  8.98144653E-01
 -1.92382403E+00  1.00000000E+00  2.05678750E+00 -2.80105202E+00  3.99835235E-01  1.67066066E+01  9.99565369E-01  8.97545211E-01
 -1.87490694E+00  1.00000000E+00  2.01767784E+00 -2.80178997E+00  3.99920760E-01  1.67009514E+01  9.99978190E-01  8.97198470E-01
 -1.82598985E+00  1.00000000E+00  1.97856818E+00 -2.80252753E+00  3.99936599E-01  1.66952990E+01  1.00039112E+00  8.96851879E-01
 -1.77707276E+00  1.00000000E+00  1.93956901E+00 -2.80401655E+00  3.99968609E-01  1.67082610E+01  1.00054190E+00  8.97583948E-01
 -1.72815567E+00  1.00000000E+00  1.90056984E+00 -2.80550644E+00  3.99931750E-01  1.67212331E+01  1.00069274E+00  8.98316594E-01
 -1.67923858E+00  1.00000000E+00  1.86133723E+00 -2.80556483E+00  3.99715809E-01  1.67199202E+01  1.00078844E+00  8.98236100E-01
 -1.63032150E+00  1.00000000E+00  1.82210462E+00 -2.80562321E+00  3.99701148E-01  1.67186074E+01  1.00088415E+00  8.98155613E-01
 -1.58140441E+00  1.00000000E+00  1.78321034E+00 -2.80500574E+00  3.99549785E-01  1.67054887E+01  1.00113790E+00  8.97391472E-01
 -1.53248732E+00  1.00000000E+00  1.74431606E+00 -2.80438835E+00  3.99491071E-01  1.66923808E+01  1.00139166E+00  8.96627952E-01
 -1.48357023E+00  1.00000000E+00  1.70478839E+00 -2.79939905E+00  3.99464953E-01  1.66812654E+01  9.99871846E-01  8.96079634E-01
 -1.43465314E+00  1.00000000E+00  1.66526072E+00 -2.79441510E+00  3.99594553E-01  1.66701606E+01  9.98354650E-01  8.95531768E-01
 -1.38573605E+00  1.00000000E+00  1.62623239E+00 -2.79573632E+00  3.99520094E-01  1.66584156E+01  9.99248672E-01  8.94809538E-01
 -1.33681896E+00  1.00000000E+00  1.58720407E+00 -2.79705634E+00  3.99411970E-01  1.66466818E+01  1.00014321E+00  8.94087922E-01
 -1.28790187E+00  1.00000000E+00  1.54788373E+00 -2.79594638E+00  3.99145743E-01  1.66314574E+01  1.00021438E+00  8.93213887E-01
 -1.23898478E+00  1.00000000E+00  1.50856339E+00 -2.79483686E+00  3.98864564E-01  1.66162474E+01  1.00028553E+00  8.92340677E-01
 -1.19006769E+00  1.00000000E+00  1.46995176E+00 -2.79578662E+00  3.98572426E-01  1.66113330E+01  1.00083720E+00  8.92028333E-01
 -1.14115060E+00  1.00000000E+00  1.43134012E+00 -2.79673615E+00  3.98252896E-01  1.66064210E+01  1.00138909E+00  8.91716110E-01
 -1.09223351E+00  1.00000000E+00  1.39203742E+00 -2.79170445E+00  3.97788626E-01  1.65725566E+01  1.00077132E+00  8.89816299E-01
 -1.04331642E+00  1.00000000E+00  1.35273471E+00 -2.78668219E+00  3.97394965E-01  1.65387611E+01  1.00015485E+00  8.87920359E-01
 -9.94399333E-01  1.00000000E+00  1.31405246E+00 -2.78480082E+00  3.97008835E-01  1.65032928E+01  1.00057688E+00  8.85869479E-01
 -9.45482243E-01  1.00000000E+00  1.27537021E+00 -2.78291989E+00  3.96527827E-01  1.64679046E+01  1.00099869E+00  8.83823194E-01
 -8.96565154E-01  1.00000000E+00  1.23701255E+00 -2.78083029E+00  3.95882254E-01  1.64354373E+01  1.00145746E+00  8.81941705E-01
 -8.47648064E-01  1.00000000E+00  1.19865490E+00 -2.77874253E+00  3.95162102E-01  1.64030366E+01  1.00191638E+00  8.80064015E-01
 -7.99501858E-01  1.00000000E+00  1.16172690E+00 -2.77440982E+00  3.94189956E-01  1.63471260E+01  1.00225365E+00  8.76849849E-01
 -7.51355652E-01  1.00000000E+00  1.12479890E+00 -2.77008476E+00  3.93436001E-01  1.62914119E+01  1.00259098E+00  8.73646909E-01
 -7.08111109E-01  1.00000000E+00  1.09207666E+00 -2.76137768E+00  3.92448900E-01  1.62185457E+01  1.00182758E+00  8.69526747E-01
 -6.64866566E-01  1.00000000E+00  1.05935442E+00 -2.75270129E+00  3.91861077E-01  1.61460076E+01  1.00106675E+00  8.65425190E-01
 -6.26599939E-01  1.00000000E+00  1.03133872E+00 -2.74846774E+00  3.91373746E-01  1.60955887E+01  1.00112491E+00  8.62540790E-01
 -5.88333313E-01  1.00000000E+00  1.00332302E+00 -2.74424128E+00  3.90865500E-01  1.60453317E+01  1.00118300E+00  8.59665638E-01
 -5.54471587E-01  1.00000000E+00  9.79680104E-01 -2.74046434E+00  3.90673025E-01  1.60231629E+01  1.00049400E+00  8.58438225E-01
 -5.20609860E-01  1.00000000E+00  9.56037183E-01 -2.73669253E+00  3.90457341E-01  1.60010248E+01  9.99805862E-01  8.57212513E-01
 -4.90645977E-01  1.00000000E+00  9.36283294E-01 -2.73693516E+00  3.90230950E-01  1.59783218E+01  1.00054424E+00  8.55873002E-01
 -4.60682095E-01  1.00000000E+00  9.16529404E-01 -2.73717532E+00  3.90212817E-01  1.59556556E+01  1.00128266E+00  8.54535597E-01
 -4.34167380E-01  1.00000000E+00  9.00362880E-01 -2.73435785E+00  3.90732385E-01  1.59741820E+01  9.99508293E-01  8.55695641E-01
 -4.07652666E-01  1.00000000E+00  8.84196357E-01 -2.73153700E+00  3.91285731E-01  1.59927401E+01  9.97736129E-01  8.56857369E-01
 -3.84190072E-01  1.00000000E+00  8.71199912E-01 -2.73744723E+00  3.91946883E-01  1.60307533E+01  9.98471360E-01  8.58987537E-01
 -3.60727478E-01  1.00000000E+00  8.58203468E-01 -2.74337061E+00  3.92776047E-01  1.60688567E+01  9.99208549E-01  8.61122752E-01
 -3.39965684E-01  1.00000000E+00  8.48208486E-01 -2.74746996E+00  3.94067292E-01  1.61428674E+01  9.98066205E-01  8.65417212E-01
 -3.19203889E-01  1.00000000E+00  8.38213504E-01 -2.75157424E+00  3.95419723E-01  1.62172365E+01  9.96923871E-01  8.69732153E-01
 -3.00831998E-01  1.00000000E+00  8.31325093E-01 -2.76706701E+00  3.97036924E-01  1.63398442E+01  9.98466709E-01  8.76650141E-01
 -2.82460107E-01  1.00000000E+00  8.24436682E-01 -2.78265633E+00  3.98590649E-01  1.64633827E+01  1.00001892E+00  8.83620790E-01
 -2.66203017E-01  1.00000000E+00  8.19216982E-01 -2.78801656E+00  4.00684706E-01  1.66044033E+01  9.97262326E-01  8.91836625E-01
 -2.49945927E-01  1.00000000E+00  8.13997283E-01 -2.79336656E+00  4.03052020E-01  1.67467167E+01  9.94504670E-01  9.00126400E-01
 -2.35560203E-01  1.00000000E+00  8.11991735E-01 -2.82107995E+00  4.05704911E-01  1.69603987E+01  9.97468271E-01  9.12167455E-01
 -2.21174479E-01  1.00000000E+00  8.09986187E-01 -2.84909356E+00  4.08172846E-01  1.71768146E+01  1.00046348E+00  9.24362920E-01
 -2.08421419E-01  1.00000000E+00  8.09766771E-01 -2.87091209E+00  4.10935040E-01  1.74002454E+01  1.00106744E+00  9.37095885E-01
 -1.95668358E-01  1.00000000E+00  8.09547355E-01 -2.89292383E+00  4.13754493E-01  1.76266284E+01  1.00168043E+00  9.49997028E-01
 -1.83439085E-01  1.00000000E+00  8.11890164E-01 -2.90913133E+00  4.17374694E-01  1.78963922E+01  9.99033440E-01  9.65563359E-01
 -1.71209813E-01  1.00000000E+00  8.14232973E-01 -2.92541352E+00  4.21264517E-01  1.81704650E+01  9.96380048E-01  9.81376281E-01
 -1.58980541E-01  1.00000000E+00  8.17138602E-01 -2.96678034E+00  4.25616690E-01  1.85399864E+01  9.99904807E-01  1.00229038E+00
 -1.46751268E-01  1.00000000E+00  8.20044231E-01 -3.00880009E+00  4.29607118E-01  1.89170766E+01  1.00347844E+00  1.02363418E+00
 -1.34521996E-01  1.00000000E+00  8.35058177E-01 -3.07345823E+00  4.35185964E-01  1.94224135E+01  1.01004560E+00  1.05213531E+00
 -1.22292724E-01  1.00000000E+00  8.50072123E-01 -3.13961977E+00  4.39403605E-01  1.99412703E+01  1.01677749E+00  1.08139959E+00
 -1.10063451E-01  1.00000000E+00  8.46901836E-01 -3.08707114E+00  4.41007442E-01  1.98598929E+01  1.00583885E+00  1.07737452E+00
 -9.78341789E-02  1.00000000E+00  8.43731548E-01 -3.03476150E+00  4.41588592E-01  1.97793278E+01  9.95125485E-01  1.07338299E+00
 -8.56049065E-02  1.00000000E+00  8.81818952E-01 -3.18983251E+00  4.33922418E-01  1.93764731E+01  1.05813907E+00  1.04676194E+00
 -7.33756342E-02  1.00000000E+00  9.19906355E-01 -3.34240144E+00  4.03864719E-01  1.89941158E+01  1.12437281E+00  1.02112817E+00
 -6.11463618E-02  1.00000000E+00  1.05903050E+00 -2.71230718E+00  2.91796922E-01  1.17566359E+01  1.22609356E+00  6.01745277E-01
 -4.89170895E-02  1.00000000E+00  1.19815464E+00 -2.24136071E+00  1.68831254E-01  7.36072701E+00  1.34701504E+00  3.43640684E-01
 -3.66878171E-02  1.00000000E+00  2.17338415E+00 -3.70984317E+00  1.53289574E-01  6.39070741E+00  2.72981459E+00  2.09193875E-01
 -2.44585447E-02  1.00000000E+00  3.14861366E+00 -5.70752478E+00  2.19966187E-01  6.88307402E+00  5.13553701E+00  9.98592576E-02
 -1.22292724E-02  1.00000000E+00  1.17700027E+00  1.24518513E+00  9.33927294E-01  4.94990649E+00  1.74446845E+00  1.83167888E-01
  0.00000000E+00  1.00000000E+00 -7.94613118E-01  3.75044275E+01  4.59301319E+00  5.02124663E+01  2.83731364E+01  1.24796171E+00
