# curve 5 (die wall), step =      100, time =   8.00000000E+01
# N1 = tau_xx - tau_yy = G ( c_xx - c_yy ),  G =  5.7143E-02  (polymer part only)
#              x               y        pressure            c_xy        gammadot            c_xx            c_yy              N1
 -3.00000000E+00  1.00000000E+00  2.91956382E+00 -2.80180507E+00  4.00267385E-01  1.67035646E+01  9.99732466E-01  8.97361835E-01
 -2.95108291E+00  1.00000000E+00  2.87964746E+00 -2.80207902E+00  4.00274374E-01  1.67077033E+01  9.99710117E-01  8.97599609E-01
 -2.90216582E+00  1.00000000E+00  2.83973110E+00 -2.80235298E+00  4.00274110E-01  1.67118430E+01  9.99687764E-01  8.97837443E-01
 -2.85324873E+00  1.00000000E+00  2.80061654E+00 -2.80200361E+00  4.00124891E-01  1.67016202E+01  9.99884644E-01  8.97242030E-01
 -2.80433164E+00  1.00000000E+00  2.76150198E+00 -2.80165414E+00  3.99983717E-01  1.66914041E+01  1.00008151E+00  8.96647002E-01
 -2.75541455E+00  1.00000000E+00  2.72232144E+00 -2.80099150E+00  4.00117606E-01  1.66904252E+01  9.99855741E-01  8.96603971E-01
 -2.70649746E+00  1.00000000E+00  2.68314089E+00 -2.80032894E+00  4.00143430E-01  1.66894465E+01  9.99630021E-01  8.96560944E-01
 -2.65758037E+00  1.00000000E+00  2.64401209E+00 -2.80180066E+00  4.00147946E-01  1.66946666E+01  9.99994411E-01  8.96838411E-01
 -2.60866328E+00  1.00000000E+00  2.60488328E+00 -2.80327296E+00  4.00119417E-01  1.66998884E+01  1.00035899E+00  8.97115969E-01
 -2.55974619E+00  1.00000000E+00  2.56597822E+00 -2.80345013E+00  4.00006379E-01  1.67050747E+01  1.00035681E+00  8.97412453E-01
 -2.51082911E+00  1.00000000E+00  2.52707317E+00 -2.80362721E+00  4.00062219E-01  1.67102628E+01  1.00035462E+00  8.97709038E-01
 -2.46191202E+00  1.00000000E+00  2.48756478E+00 -2.80181093E+00  4.00003951E-01  1.67011898E+01  9.99972184E-01  8.97212437E-01
 -2.41299493E+00  1.00000000E+00  2.44805639E+00 -2.79999573E+00  3.99986132E-01  1.66921218E+01  9.99589977E-01  8.96716107E-01
 -2.36407784E+00  1.00000000E+00  2.40914329E+00 -2.80127361E+00  4.00009074E-01  1.66946624E+01  9.99989893E-01  8.96838432E-01
 -2.31516075E+00  1.00000000E+00  2.37023019E+00 -2.80255182E+00  3.99965868E-01  1.66972037E+01  1.00038999E+00  8.96960782E-01
 -2.26624366E+00  1.00000000E+00  2.33110267E+00 -2.80278138E+00  3.99904177E-01  1.67038020E+01  1.00027797E+00  8.97344231E-01
 -2.21732657E+00  1.00000000E+00  2.29197516E+00 -2.80301089E+00  3.99920866E-01  1.67104032E+01  1.00016595E+00  8.97727842E-01
 -2.16840948E+00  1.00000000E+00  2.25263501E+00 -2.80242440E+00  3.99928419E-01  1.67042853E+01  1.00009962E+00  8.97382036E-01
 -2.11949239E+00  1.00000000E+00  2.21329487E+00 -2.80183803E+00  3.99897495E-01  1.66981696E+01  1.00003330E+00  8.97036360E-01
 -2.07057530E+00  1.00000000E+00  2.17446058E+00 -2.80371790E+00  3.99940961E-01  1.67126492E+01  1.00028934E+00  8.97849136E-01
 -2.02165821E+00  1.00000000E+00  2.13562630E+00 -2.80559913E+00  3.99943342E-01  1.67271414E+01  1.00054551E+00  8.98662623E-01
 -1.97274112E+00  1.00000000E+00  2.09619553E+00 -2.80332130E+00  3.99860082E-01  1.67161547E+01  1.00005582E+00  8.98062790E-01
 -1.92382403E+00  1.00000000E+00  2.05676477E+00 -2.80104512E+00  3.99834952E-01  1.67051752E+01  9.99566507E-01  8.97463354E-01
 -1.87490694E+00  1.00000000E+00  2.01765497E+00 -2.80178309E+00  3.99920511E-01  1.66995216E+01  9.99979290E-01  8.97116705E-01
 -1.82598985E+00  1.00000000E+00  1.97854518E+00 -2.80252068E+00  3.99936382E-01  1.66938708E+01  1.00039218E+00  8.96770205E-01
 -1.77707276E+00  1.00000000E+00  1.93954596E+00 -2.80401182E+00  3.99968425E-01  1.67068348E+01  1.00054350E+00  8.97502360E-01
 -1.72815567E+00  1.00000000E+00  1.90054674E+00 -2.80550384E+00  3.99931547E-01  1.67198090E+01  1.00069487E+00  8.98235092E-01
 -1.67923858E+00  1.00000000E+00  1.86131444E+00 -2.80556201E+00  3.99715475E-01  1.67184923E+01  1.00079063E+00  8.98154381E-01
 -1.63032150E+00  1.00000000E+00  1.82208213E+00 -2.80562017E+00  3.99700748E-01  1.67171757E+01  1.00088639E+00  8.98073676E-01
 -1.58140441E+00  1.00000000E+00  1.78318803E+00 -2.80499700E+00  3.99549356E-01  1.67040378E+01  1.00113883E+00  8.97308511E-01
 -1.53248732E+00  1.00000000E+00  1.74429393E+00 -2.80437391E+00  3.99490720E-01  1.66909107E+01  1.00139128E+00  8.96543970E-01
 -1.48357023E+00  1.00000000E+00  1.70476559E+00 -2.79938002E+00  3.99464788E-01  1.66797763E+01  9.99870047E-01  8.95994641E-01
 -1.43465314E+00  1.00000000E+00  1.66523725E+00 -2.79439150E+00  3.99594719E-01  1.66686523E+01  9.98351440E-01  8.95445765E-01
 -1.38573605E+00  1.00000000E+00  1.62620885E+00 -2.79572420E+00  3.99520760E-01  1.66569417E+01  9.99248241E-01  8.94725340E-01
 -1.33681896E+00  1.00000000E+00  1.58718044E+00 -2.79705571E+00  3.99412645E-01  1.66452423E+01  1.00014556E+00  8.94005526E-01
 -1.28790187E+00  1.00000000E+00  1.54786100E+00 -2.79595423E+00  3.99146211E-01  1.66300663E+01  1.00021855E+00  8.93134160E-01
 -1.23898478E+00  1.00000000E+00  1.50854156E+00 -2.79485318E+00  3.98864639E-01  1.66149047E+01  1.00029152E+00  8.92263613E-01
 -1.19006769E+00  1.00000000E+00  1.46993007E+00 -2.79579454E+00  3.98571955E-01  1.66099723E+01  1.00084151E+00  8.91950330E-01
 -1.14115060E+00  1.00000000E+00  1.43131857E+00 -2.79673567E+00  3.98252313E-01  1.66050421E+01  1.00139171E+00  8.91637167E-01
 -1.09223351E+00  1.00000000E+00  1.39201606E+00 -2.79169703E+00  3.97787961E-01  1.65711495E+01  1.00077262E+00  8.89735820E-01
 -1.04331642E+00  1.00000000E+00  1.35271355E+00 -2.78666785E+00  3.97394290E-01  1.65373259E+01  1.00015483E+00  8.87838349E-01
 -9.94399333E-01  1.00000000E+00  1.31403091E+00 -2.78477856E+00  3.97008244E-01  1.65018168E+01  1.00057535E+00  8.85785226E-01
 -9.45482243E-01  1.00000000E+00  1.27534827E+00 -2.78288974E+00  3.96527514E-01  1.64663880E+01  1.00099564E+00  8.83736708E-01
 -8.96565154E-01  1.00000000E+00  1.23699058E+00 -2.78080148E+00  3.95882270E-01  1.64339232E+01  1.00145458E+00  8.81855350E-01
 -8.47648064E-01  1.00000000E+00  1.19863290E+00 -2.77871505E+00  3.95162307E-01  1.64015250E+01  1.00191367E+00  8.79977791E-01
 -7.99501858E-01  1.00000000E+00  1.16170508E+00 -2.77437906E+00  3.94190549E-01  1.63456340E+01  1.00224963E+00  8.76764820E-01
 -7.51355652E-01  1.00000000E+00  1.12477727E+00 -2.77005074E+00  3.93436765E-01  1.62899393E+01  1.00258564E+00  8.73563067E-01
 -7.08111109E-01  1.00000000E+00  1.09205461E+00 -2.76134202E+00  3.92450500E-01  1.62171359E+01  1.00182050E+00  8.69446595E-01
 -6.64866566E-01  1.00000000E+00  1.05933195E+00 -2.75266400E+00  3.91863350E-01  1.61446601E+01  1.00105793E+00  8.65348697E-01
 -6.26599939E-01  1.00000000E+00  1.03131517E+00 -2.74844317E+00  3.91376767E-01  1.60943611E+01  1.00111781E+00  8.62471045E-01
 -5.88333313E-01  1.00000000E+00  1.00329839E+00 -2.74422939E+00  3.90868946E-01  1.60442231E+01  1.00117761E+00  8.59602599E-01
 -5.54471587E-01  1.00000000E+00  9.79655656E-01 -2.74047158E+00  3.90676589E-01  1.60222104E+01  1.00049146E+00  8.58383938E-01
 -5.20609860E-01  1.00000000E+00  9.56012927E-01 -2.73671884E+00  3.90461025E-01  1.60002279E+01  9.99806155E-01  8.57166955E-01
 -4.90645977E-01  1.00000000E+00  9.36258999E-01 -2.73697434E+00  3.90235410E-01  1.59777646E+01  1.00054594E+00  8.55841065E-01
 -4.60682095E-01  1.00000000E+00  9.16505072E-01 -2.73722743E+00  3.90217235E-01  1.59553375E+01  1.00128579E+00  8.54517239E-01
 -4.34167380E-01  1.00000000E+00  9.00338328E-01 -2.73441398E+00  3.90735684E-01  1.59739998E+01  9.99510821E-01  8.55685086E-01
 -4.07652666E-01  1.00000000E+00  8.84171585E-01 -2.73159710E+00  3.91288888E-01  1.59926943E+01  9.97738053E-01  8.56854640E-01
 -3.84190072E-01  1.00000000E+00  8.71173120E-01 -2.73756296E+00  3.91951103E-01  1.60311120E+01  9.98485722E-01  8.59007218E-01
 -3.60727478E-01  1.00000000E+00  8.58174655E-01 -2.74354222E+00  3.92779089E-01  1.60696220E+01  9.99235377E-01  8.61164952E-01
 -3.39965684E-01  1.00000000E+00  8.48184820E-01 -2.74767491E+00  3.94067692E-01  1.61439378E+01  9.98100639E-01  8.65476408E-01
 -3.19203889E-01  1.00000000E+00  8.38194985E-01 -2.75181262E+00  3.95416917E-01  1.62186148E+01  9.96965886E-01  8.69808512E-01
 -3.00831998E-01  1.00000000E+00  8.31302965E-01 -2.76720281E+00  3.97030975E-01  1.63410263E+01  9.98484162E-01  8.76716691E-01
 -2.82460107E-01  1.00000000E+00  8.24410946E-01 -2.78268837E+00  3.98585696E-01  1.64643658E+01  1.00001159E+00  8.83677381E-01
 -2.66203017E-01  1.00000000E+00  8.19191044E-01 -2.78800617E+00  4.00680616E-01  1.66051728E+01  9.97249456E-01  8.91881336E-01
 -2.49945927E-01  1.00000000E+00  8.13971142E-01 -2.79331338E+00  4.03049351E-01  1.67472692E+01  9.94486270E-01  9.00159025E-01
 -2.35560203E-01  1.00000000E+00  8.11960155E-01 -2.82099835E+00  4.05705736E-01  1.69609102E+01  9.97440792E-01  9.12198255E-01
 -2.21174479E-01  1.00000000E+00  8.09949168E-01 -2.84898301E+00  4.08177055E-01  1.71772840E+01  1.00042681E+00  9.24391840E-01
 -2.08421419E-01  1.00000000E+00  8.09726609E-01 -2.87086422E+00  4.10942242E-01  1.74010146E+01  1.00104480E+00  9.37141131E-01
 -1.95668358E-01  1.00000000E+00  8.09504050E-01 -2.89293974E+00  4.13762555E-01  1.76277049E+01  1.00167193E+00  9.50059027E-01
 -1.83439085E-01  1.00000000E+00  8.11849062E-01 -2.90921974E+00  4.17382885E-01  1.78979961E+01  9.99037910E-01  9.65654751E-01
 -1.71209813E-01  1.00000000E+00  8.14194073E-01 -2.92557543E+00  4.21271876E-01  1.81726121E+01  9.96397453E-01  9.81497982E-01
 -1.58980541E-01  1.00000000E+00  8.17095912E-01 -2.96704527E+00  4.25623162E-01  1.85429632E+01  9.99944795E-01  1.00245819E+00
 -1.46751268E-01  1.00000000E+00  8.19997750E-01 -3.00917108E+00  4.29609101E-01  1.89209160E+01  1.00354123E+00  1.02384999E+00
 -1.34521996E-01  1.00000000E+00  8.35035359E-01 -3.07387544E+00  4.35179159E-01  1.94267415E+01  1.01012261E+00  1.05237822E+00
 -1.22292724E-01  1.00000000E+00  8.50072969E-01 -3.14008514E+00  4.39386483E-01  1.99461105E+01  1.01686877E+00  1.08167096E+00
 -1.10063451E-01  1.00000000E+00  8.46878864E-01 -3.08681057E+00  4.40988218E-01  1.98629815E+01  1.00575525E+00  1.07755579E+00
 -9.78341789E-02  1.00000000E+00  8.43684759E-01 -3.03378518E+00  4.41590362E-01  1.97806900E+01  9.94872998E-01  1.07347526E+00
 -8.56049065E-02  1.00000000E+00  8.81714730E-01 -3.18934961E+00  4.33944917E-01  1.93779544E+01  1.05801704E+00  1.04685357E+00
 -7.33756342E-02  1.00000000E+00  9.19744700E-01 -3.34240929E+00  4.03890792E-01  1.89957628E+01  1.12439811E+00  1.02122084E+00
 -6.11463618E-02  1.00000000E+00  1.05896646E+00 -2.71389404E+00  2.91799844E-01  1.17626245E+01  1.22663658E+00  6.02056451E-01
 -4.89170895E-02  1.00000000E+00  1.19818823E+00 -2.24385209E+00  1.68799135E-01  7.36773067E+00  1.34806584E+00  3.43980848E-01
 -3.66878171E-02  1.00000000E+00  2.17334946E+00 -3.71269213E+00  1.53263630E-01  6.39715171E+00  2.73119004E+00  2.09483524E-01
 -2.44585447E-02  1.00000000E+00  3.14851069E+00 -5.71052710E+00  2.19936825E-01  6.88888352E+00  5.13683479E+00  1.00117070E-01
 -1.22292724E-02  1.00000000E+00  1.17695618E+00  1.24654090E+00  9.33830755E-01  4.95416040E+00  1.74499280E+00  1.83381005E-01
  0.00000000E+00  1.00000000E+00 -7.94598328E-01  3.75151528E+01  4.59248250E+00  5.02279328E+01  2.83805101E+01  1.24842415E+00
