# curve 5 (die wall), step =      200, time =   1.60000000E+02
# N1 = tau_xx - tau_yy = G ( c_xx - c_yy ),  G =  8.0000E-01  (polymer part only)
#              x               y        pressure            c_xy        gammadot            c_xx            c_yy              N1
 -3.00000000E+00  1.00000000E+00  2.68278957E+00 -4.00087972E-01  4.00006767E-01  1.31980704E+00  1.00007851E+00  2.55782821E-01
 -2.95108291E+00  1.00000000E+00  2.64357596E+00 -4.00108441E-01  4.00009155E-01  1.31981166E+00  1.00008812E+00  2.55778831E-01
 -2.90216582E+00  1.00000000E+00  2.60436235E+00 -4.00128910E-01  4.00015060E-01  1.31981629E+00  1.00009774E+00  2.55774840E-01
 -2.85324873E+00  1.00000000E+00  2.56524454E+00 -4.00126931E-01  4.00001051E-01  1.31975444E+00  1.00011390E+00  2.55712434E-01
 -2.80433164E+00  1.00000000E+00  2.52612674E+00 -4.00124953E-01  3.99977552E-01  1.31969260E+00  1.00013006E+00  2.55650031E-01
 -2.75541455E+00  1.00000000E+00  2.48697482E+00 -4.00091667E-01  3.99992687E-01  1.31978922E+00  1.00008883E+00  2.55760309E-01
 -2.70649746E+00  1.00000000E+00  2.44782290E+00 -4.00058380E-01  3.99995436E-01  1.31988585E+00  1.00004761E+00  2.55870594E-01
 -2.65758037E+00  1.00000000E+00  2.40870319E+00 -4.00072272E-01  3.99993614E-01  1.31985201E+00  1.00006406E+00  2.55830358E-01
 -2.60866328E+00  1.00000000E+00  2.36958349E+00 -4.00086163E-01  4.00000143E-01  1.31981817E+00  1.00008052E+00  2.55790124E-01
 -2.55974619E+00  1.00000000E+00  2.33044117E+00 -4.00069781E-01  3.99993503E-01  1.31987287E+00  1.00005783E+00  2.55852032E-01
 -2.51082911E+00  1.00000000E+00  2.29129886E+00 -4.00053399E-01  4.00015779E-01  1.31992758E+00  1.00003515E+00  2.55913942E-01
 -2.46191202E+00  1.00000000E+00  2.25216928E+00 -4.00065542E-01  4.00001416E-01  1.31987082E+00  1.00005666E+00  2.55851329E-01
 -2.41299493E+00  1.00000000E+00  2.21303971E+00 -4.00077685E-01  3.99985019E-01  1.31981406E+00  1.00007816E+00  2.55788718E-01
 -2.36407784E+00  1.00000000E+00  2.17390014E+00 -4.00056019E-01  3.99996818E-01  1.31988051E+00  1.00004937E+00  2.55864914E-01
 -2.31516075E+00  1.00000000E+00  2.13476057E+00 -4.00034353E-01  4.00010239E-01  1.31994697E+00  1.00002058E+00  2.55941112E-01
 -2.26624366E+00  1.00000000E+00  2.09562440E+00 -4.00069325E-01  4.00005255E-01  1.31988194E+00  1.00005465E+00  2.55861828E-01
 -2.21732657E+00  1.00000000E+00  2.05648824E+00 -4.00104295E-01  4.00009082E-01  1.31981691E+00  1.00008873E+00  2.55782547E-01
 -2.16840948E+00  1.00000000E+00  2.01737146E+00 -4.00101034E-01  3.99999392E-01  1.31978754E+00  1.00009428E+00  2.55754607E-01
 -2.11949239E+00  1.00000000E+00  1.97825468E+00 -4.00097772E-01  3.99978559E-01  1.31975817E+00  1.00009984E+00  2.55726667E-01
 -2.07057530E+00  1.00000000E+00  1.93909625E+00 -4.00106797E-01  3.99989098E-01  1.31976296E+00  1.00010232E+00  2.55728509E-01
 -2.02165821E+00  1.00000000E+00  1.89993782E+00 -4.00115822E-01  4.00004363E-01  1.31976775E+00  1.00010481E+00  2.55730350E-01
 -1.97274112E+00  1.00000000E+00  1.86082757E+00 -4.00113137E-01  3.99981459E-01  1.31970489E+00  1.00012063E+00  2.55667407E-01
 -1.92382403E+00  1.00000000E+00  1.82171733E+00 -4.00110453E-01  3.99953486E-01  1.31964204E+00  1.00013646E+00  2.55604466E-01
 -1.87490694E+00  1.00000000E+00  1.78257021E+00 -4.00067168E-01  3.99954906E-01  1.31971979E+00  1.00009770E+00  2.55697669E-01
 -1.82598985E+00  1.00000000E+00  1.74342308E+00 -4.00023881E-01  3.99951050E-01  1.31979754E+00  1.00005895E+00  2.55790877E-01
 -1.77707276E+00  1.00000000E+00  1.70430783E+00 -4.00051072E-01  3.99950890E-01  1.31972953E+00  1.00008765E+00  2.55713500E-01
 -1.72815567E+00  1.00000000E+00  1.66519258E+00 -4.00078261E-01  3.99954817E-01  1.31966152E+00  1.00011636E+00  2.55636127E-01
 -1.67923858E+00  1.00000000E+00  1.62603549E+00 -4.00045042E-01  3.99922746E-01  1.31968131E+00  1.00009516E+00  2.55668923E-01
 -1.63032150E+00  1.00000000E+00  1.58687840E+00 -4.00011822E-01  3.99922446E-01  1.31970111E+00  1.00007396E+00  2.55701719E-01
 -1.58140441E+00  1.00000000E+00  1.54780985E+00 -4.00000314E-01  3.99889971E-01  1.31962250E+00  1.00009475E+00  2.55622201E-01
 -1.53248732E+00  1.00000000E+00  1.50874130E+00 -3.99988807E-01  3.99865182E-01  1.31954389E+00  1.00011554E+00  2.55542686E-01
 -1.48357023E+00  1.00000000E+00  1.46961619E+00 -3.99957813E-01  3.99837882E-01  1.31950544E+00  1.00011341E+00  2.55513623E-01
 -1.43465314E+00  1.00000000E+00  1.43049109E+00 -3.99926820E-01  3.99804656E-01  1.31946698E+00  1.00011128E+00  2.55484560E-01
 -1.38573605E+00  1.00000000E+00  1.39139000E+00 -3.99862982E-01  3.99761189E-01  1.31946091E+00  1.00008360E+00  2.55501852E-01
 -1.33681896E+00  1.00000000E+00  1.35228892E+00 -3.99799145E-01  3.99741213E-01  1.31945485E+00  1.00005592E+00  2.55519143E-01
 -1.28790187E+00  1.00000000E+00  1.31324832E+00 -3.99766122E-01  3.99690654E-01  1.31936902E+00  1.00006490E+00  2.55443302E-01
 -1.23898478E+00  1.00000000E+00  1.27420773E+00 -3.99733100E-01  3.99636340E-01  1.31928321E+00  1.00007388E+00  2.55367464E-01
 -1.19006769E+00  1.00000000E+00  1.23521071E+00 -3.99693216E-01  3.99592646E-01  1.31918841E+00  1.00008599E+00  2.55281938E-01
 -1.14115060E+00  1.00000000E+00  1.19621369E+00 -3.99653333E-01  3.99554714E-01  1.31909362E+00  1.00009810E+00  2.55196416E-01
 -1.09223351E+00  1.00000000E+00  1.15731817E+00 -3.99620669E-01  3.99503011E-01  1.31899636E+00  1.00011220E+00  2.55107327E-01
 -1.04331642E+00  1.00000000E+00  1.11842264E+00 -3.99588006E-01  3.99446000E-01  1.31889910E+00  1.00012630E+00  2.55018243E-01
 -9.94399333E-01  1.00000000E+00  1.07963646E+00 -3.99530148E-01  3.99422131E-01  1.31893087E+00  1.00008775E+00  2.55074494E-01
 -9.45482243E-01  1.00000000E+00  1.04085027E+00 -3.99472289E-01  3.99411542E-01  1.31896264E+00  1.00004921E+00  2.55130747E-01
 -8.96565154E-01  1.00000000E+00  1.00227320E+00 -3.99550370E-01  3.99463946E-01  1.31901373E+00  1.00007622E+00  2.55150008E-01
 -8.47648064E-01  1.00000000E+00  9.63696129E-01 -3.99628454E-01  3.99539171E-01  1.31906482E+00  1.00010323E+00  2.55169271E-01
 -7.99501858E-01  1.00000000E+00  9.26053377E-01 -3.99809453E-01  3.99674664E-01  1.31936590E+00  1.00011857E+00  2.55397861E-01
 -7.51355652E-01  1.00000000E+00  8.88410625E-01 -3.99990487E-01  3.99914769E-01  1.31966706E+00  1.00013394E+00  2.55626495E-01
 -7.08111109E-01  1.00000000E+00  8.54955843E-01 -4.00377537E-01  4.00216936E-01  1.32036317E+00  1.00010295E+00  2.56208176E-01
 -6.64866566E-01  1.00000000E+00  8.21501061E-01 -4.00764746E-01  4.00722620E-01  1.32105968E+00  1.00007207E+00  2.56790090E-01
 -6.26599939E-01  1.00000000E+00  7.92275834E-01 -4.01513657E-01  4.01377379E-01  1.32216759E+00  1.00012661E+00  2.57632780E-01
 -5.88333313E-01  1.00000000E+00  7.63050608E-01 -4.02263090E-01  4.02133997E-01  1.32327664E+00  1.00018158E+00  2.58476050E-01
 -5.54471587E-01  1.00000000E+00  7.37700613E-01 -4.03290272E-01  4.03210732E-01  1.32517187E+00  1.00001761E+00  2.60123410E-01
 -5.20609860E-01  1.00000000E+00  7.12350617E-01 -4.04318546E-01  4.04391981E-01  1.32707012E+00  9.99854553E-01  2.61772456E-01
 -4.90645977E-01  1.00000000E+00  6.90340221E-01 -4.05954962E-01  4.05764206E-01  1.32945707E+00  1.00006358E+00  2.63514790E-01
 -4.60682095E-01  1.00000000E+00  6.68329825E-01 -4.07593929E-01  4.07319425E-01  1.33184936E+00  1.00027458E+00  2.65259817E-01
 -4.34167380E-01  1.00000000E+00  6.49511644E-01 -4.09490280E-01  4.09380446E-01  1.33531675E+00  9.99997229E-01  2.68255616E-01
 -4.07652666E-01  1.00000000E+00  6.30693463E-01 -4.11390314E-01  4.11605346E-01  1.33879422E+00  9.99722954E-01  2.71257015E-01
 -3.84190072E-01  1.00000000E+00  6.14450801E-01 -4.14038411E-01  4.13960217E-01  1.34292170E+00  9.99926487E-01  2.74396168E-01
 -3.60727478E-01  1.00000000E+00  5.98208139E-01 -4.16693360E-01  4.16548946E-01  1.34706441E+00  1.00013522E+00  2.77543358E-01
 -3.39965684E-01  1.00000000E+00  5.84492356E-01 -4.19722326E-01  4.19717559E-01  1.35238867E+00  9.99940789E-01  2.81958303E-01
 -3.19203889E-01  1.00000000E+00  5.70776573E-01 -4.22760594E-01  4.23057685E-01  1.35773675E+00  9.99753662E-01  2.86386470E-01
 -3.00831998E-01  1.00000000E+00  5.59344879E-01 -4.26780625E-01  4.26725608E-01  1.36430236E+00  9.99964145E-01  2.91470571E-01
 -2.82460107E-01  1.00000000E+00  5.47913184E-01 -4.30816750E-01  4.30643225E-01  1.37090506E+00  1.00018655E+00  2.96574803E-01
 -2.66203017E-01  1.00000000E+00  5.38246228E-01 -4.35139525E-01  4.35182947E-01  1.37885421E+00  9.99856047E-01  3.03198527E-01
 -2.49945927E-01  1.00000000E+00  5.28579273E-01 -4.39481767E-01  4.39932882E-01  1.38685453E+00  9.99540296E-01  3.09851385E-01
 -2.35560203E-01  1.00000000E+00  5.21110647E-01 -4.44878346E-01  4.44938631E-01  1.39615833E+00  9.99766147E-01  3.17113748E-01
 -2.21174479E-01  1.00000000E+00  5.13642021E-01 -4.50304822E-01  4.50289142E-01  1.40553311E+00  1.00001309E+00  3.24416014E-01
 -2.08421419E-01  1.00000000E+00  5.07319755E-01 -4.56548503E-01  4.56316169E-01  1.41679121E+00  1.00002402E+00  3.33413750E-01
 -1.95668358E-01  1.00000000E+00  5.00997490E-01 -4.62832643E-01  4.62630549E-01  1.42814989E+00  1.00006349E+00  3.42469122E-01
 -1.83439085E-01  1.00000000E+00  4.96401890E-01 -4.69929436E-01  4.70142049E-01  1.44227303E+00  9.99517335E-01  3.54204558E-01
 -1.71209813E-01  1.00000000E+00  4.91806290E-01 -4.77081371E-01  4.78074192E-01  1.45654656E+00  9.99009422E-01  3.66029710E-01
 -1.58980541E-01  1.00000000E+00  4.87511953E-01 -4.87453154E-01  4.87669148E-01  1.47549696E+00  9.99706794E-01  3.80632135E-01
 -1.46751268E-01  1.00000000E+00  4.83217617E-01 -4.97938309E-01  4.97543259E-01  1.49472015E+00  1.00047740E+00  3.95394199E-01
 -1.34521996E-01  1.00000000E+00  4.84157861E-01 -5.10580374E-01  5.10869330E-01  1.52275466E+00  9.99182835E-01  4.18857462E-01
 -1.22292724E-01  1.00000000E+00  4.85098106E-01 -5.23409584E-01  5.25272459E-01  1.55133761E+00  9.98006352E-01  4.42665006E-01
 -1.10063451E-01  1.00000000E+00  4.77157457E-01 -5.44974311E-01  5.44461613E-01  1.59119912E+00  1.00087595E+00  4.72258537E-01
 -9.78341789E-02  1.00000000E+00  4.69216807E-01 -5.67021123E-01  5.62753700E-01  1.63218564E+00  1.00403648E+00  5.02519327E-01
 -8.56049065E-02  1.00000000E+00  5.02289058E-01 -5.88383361E-01  5.92072162E-01  1.70651024E+00  9.93803526E-01  5.70165368E-01
 -7.33756342E-02  1.00000000E+00  5.35361309E-01 -6.10495068E-01  6.26249839E-01  1.78419563E+00  9.84043399E-01  6.40121785E-01
 -6.11463618E-02  1.00000000E+00  4.57364343E-01 -6.59501334E-01  6.60826196E-01  1.83890404E+00  1.00900793E+00  6.63916891E-01
 -4.89170895E-02  1.00000000E+00  3.79367378E-01 -7.10350143E-01  6.73070155E-01  1.89626010E+00  1.03553630E+00  6.88579038E-01
 -3.66878171E-02  1.00000000E+00  8.79353772E-01 -8.72040408E-01  7.42622548E-01  2.24234649E+00  1.06846664E+00  9.39103881E-01
 -2.44585447E-02  1.00000000E+00  1.37934017E+00 -1.06000343E+00  8.79223834E-01  2.65380397E+00  1.11414173E+00  1.23172980E+00
 -1.22292724E-02  1.00000000E+00  4.80292495E-01 -3.35299800E-01  1.66245351E+00  3.84176946E+00  6.15000238E-01  2.58141538E+00
  0.00000000E+00  1.00000000E+00 -4.18755177E-01  6.93468256E-01  3.03299202E+00  6.58969404E+00  4.92169997E-01  4.87801923E+00
