# curve 5 (die wall), step =      800, time =   6.40000000E+02
# N1 = tau_xx - tau_yy = G ( c_xx - c_yy ),  G =  6.6667E-02  (polymer part only)
#              x               y        pressure            c_xy        gammadot            c_xx            c_yy              N1
 -3.00000000E+00  1.00000000E+00  2.66895696E+00 -1.20094292E+00  4.00028980E-01  3.88203343E+00  1.00017056E+00  1.92124191E-01
 -2.95108291E+00  1.00000000E+00  2.62966205E+00 -1.20113487E+00  4.00031760E-01  3.88239484E+00  1.00021909E+00  1.92145050E-01
 -2.90216582E+00  1.00000000E+00  2.59036714E+00 -1.20132684E+00  4.00034138E-01  3.88275630E+00  1.00026763E+00  1.92165911E-01
 -2.85324873E+00  1.00000000E+00  2.55125447E+00 -1.20122055E+00  4.00011868E-01  3.88207116E+00  1.00027989E+00  1.92119418E-01
 -2.80433164E+00  1.00000000E+00  2.51214180E+00 -1.20111429E+00  3.99982353E-01  3.88138615E+00  1.00029215E+00  1.92072933E-01
 -2.75541455E+00  1.00000000E+00  2.47299374E+00 -1.20088945E+00  4.00004216E-01  3.88132758E+00  1.00021121E+00  1.92074425E-01
 -2.70649746E+00  1.00000000E+00  2.43384568E+00 -1.20066461E+00  4.00003156E-01  3.88126904E+00  1.00013028E+00  1.92075918E-01
 -2.65758037E+00  1.00000000E+00  2.39471592E+00 -1.20078897E+00  4.00000329E-01  3.88153653E+00  1.00016813E+00  1.92091227E-01
 -2.60866328E+00  1.00000000E+00  2.35558617E+00 -1.20091334E+00  4.00004731E-01  3.88180403E+00  1.00020598E+00  1.92106537E-01
 -2.55974619E+00  1.00000000E+00  2.31647253E+00 -1.20086804E+00  3.99988516E-01  3.88214449E+00  1.00017672E+00  1.92131184E-01
 -2.51082911E+00  1.00000000E+00  2.27735888E+00 -1.20082272E+00  4.00009305E-01  3.88248498E+00  1.00014747E+00  1.92155834E-01
 -2.46191202E+00  1.00000000E+00  2.23818543E+00 -1.20069149E+00  3.99998490E-01  3.88166052E+00  1.00013143E+00  1.92101939E-01
 -2.41299493E+00  1.00000000E+00  2.19901198E+00 -1.20056028E+00  3.99988624E-01  3.88083623E+00  1.00011540E+00  1.92048056E-01
 -2.36407784E+00  1.00000000E+00  2.15990399E+00 -1.20054486E+00  3.99999277E-01  3.88123493E+00  1.00010512E+00  1.92075320E-01
 -2.31516075E+00  1.00000000E+00  2.12079600E+00 -1.20052943E+00  4.00003522E-01  3.88163367E+00  1.00009485E+00  1.92102588E-01
 -2.26624366E+00  1.00000000E+00  2.08166021E+00 -1.20085883E+00  3.99991136E-01  3.88222592E+00  1.00017862E+00  1.92136486E-01
 -2.21732657E+00  1.00000000E+00  2.04252442E+00 -1.20118829E+00  3.99994163E-01  3.88281827E+00  1.00026244E+00  1.92170389E-01
 -2.16840948E+00  1.00000000E+00  2.00337743E+00 -1.20105607E+00  3.99988055E-01  3.88220521E+00  1.00023767E+00  1.92131169E-01
 -2.11949239E+00  1.00000000E+00  1.96423044E+00 -1.20092388E+00  3.99970721E-01  3.88159224E+00  1.00021290E+00  1.92091956E-01
 -2.07057530E+00  1.00000000E+00  1.92512031E+00 -1.20137306E+00  3.99981299E-01  3.88302569E+00  1.00031065E+00  1.92181003E-01
 -2.02165821E+00  1.00000000E+00  1.88601017E+00 -1.20182240E+00  3.99990643E-01  3.88445966E+00  1.00040844E+00  1.92270081E-01
 -1.97274112E+00  1.00000000E+00  1.84684860E+00 -1.20149966E+00  3.99965334E-01  3.88323217E+00  1.00034195E+00  1.92192681E-01
 -1.92382403E+00  1.00000000E+00  1.80768703E+00 -1.20117702E+00  3.99945634E-01  3.88200507E+00  1.00027548E+00  1.92115305E-01
 -1.87490694E+00  1.00000000E+00  1.76856776E+00 -1.20091349E+00  3.99955887E-01  3.88154067E+00  1.00022357E+00  1.92087807E-01
 -1.82598985E+00  1.00000000E+00  1.72944849E+00 -1.20064999E+00  3.99953777E-01  3.88107635E+00  1.00017169E+00  1.92060311E-01
 -1.77707276E+00  1.00000000E+00  1.69034397E+00 -1.20109823E+00  3.99954086E-01  3.88215578E+00  1.00027542E+00  1.92125358E-01
 -1.72815567E+00  1.00000000E+00  1.65123944E+00 -1.20154660E+00  3.99949948E-01  3.88323554E+00  1.00037921E+00  1.92190422E-01
 -1.67923858E+00  1.00000000E+00  1.61207013E+00 -1.20133288E+00  3.99909860E-01  3.88283954E+00  1.00032781E+00  1.92167448E-01
 -1.63032150E+00  1.00000000E+00  1.57290082E+00 -1.20111918E+00  3.99910251E-01  3.88244359E+00  1.00027643E+00  1.92144477E-01
 -1.58140441E+00  1.00000000E+00  1.53385313E+00 -1.20101548E+00  3.99880103E-01  3.88152807E+00  1.00031799E+00  1.92080672E-01
 -1.53248732E+00  1.00000000E+00  1.49480545E+00 -1.20091179E+00  3.99860143E-01  3.88061279E+00  1.00035955E+00  1.92016883E-01
 -1.48357023E+00  1.00000000E+00  1.45565429E+00 -1.20062985E+00  3.99837154E-01  3.87987378E+00  1.00024908E+00  1.91974980E-01
 -1.43465314E+00  1.00000000E+00  1.41650314E+00 -1.20034797E+00  3.99822166E-01  3.87913492E+00  1.00013863E+00  1.91933086E-01
 -1.38573605E+00  1.00000000E+00  1.37743109E+00 -1.20019983E+00  3.99789218E-01  3.87871030E+00  1.00015946E+00  1.91903390E-01
 -1.33681896E+00  1.00000000E+00  1.33835905E+00 -1.20005170E+00  3.99767576E-01  3.87828574E+00  1.00018030E+00  1.91873696E-01
 -1.28790187E+00  1.00000000E+00  1.29929408E+00 -1.19987475E+00  3.99707756E-01  3.87733214E+00  1.00017651E+00  1.91810375E-01
 -1.23898478E+00  1.00000000E+00  1.26022911E+00 -1.19969784E+00  3.99643720E-01  3.87637878E+00  1.00017271E+00  1.91747071E-01
 -1.19006769E+00  1.00000000E+00  1.22126335E+00 -1.19988890E+00  3.99598827E-01  3.87665046E+00  1.00026170E+00  1.91759251E-01
 -1.14115060E+00  1.00000000E+00  1.18229759E+00 -1.20007999E+00  3.99558638E-01  3.87692216E+00  1.00035069E+00  1.91771432E-01
 -1.09223351E+00  1.00000000E+00  1.14337325E+00 -1.19973533E+00  3.99498287E-01  3.87549607E+00  1.00030103E+00  1.91679669E-01
 -1.04331642E+00  1.00000000E+00  1.10444892E+00 -1.19939077E+00  3.99440577E-01  3.87407049E+00  1.00025140E+00  1.91587940E-01
 -9.94399333E-01  1.00000000E+00  1.06566940E+00 -1.19910097E+00  3.99424600E-01  3.87346571E+00  1.00017969E+00  1.91552401E-01
 -9.45482243E-01  1.00000000E+00  1.02688989E+00 -1.19881121E+00  3.99409787E-01  3.87286103E+00  1.00010800E+00  1.91516869E-01
 -8.96565154E-01  1.00000000E+00  9.88314397E-01 -1.19919708E+00  3.99451348E-01  3.87398030E+00  1.00019985E+00  1.91585363E-01
 -8.47648064E-01  1.00000000E+00  9.49738905E-01 -1.19958307E+00  3.99498473E-01  3.87509989E+00  1.00029173E+00  1.91653878E-01
 -7.99501858E-01  1.00000000E+00  9.12105895E-01 -1.19995151E+00  3.99610972E-01  3.87698042E+00  1.00031656E+00  1.91777590E-01
 -7.51355652E-01  1.00000000E+00  8.74472885E-01 -1.20032009E+00  3.99812659E-01  3.87886186E+00  1.00034141E+00  1.91901364E-01
 -7.08111109E-01  1.00000000E+00  8.40976524E-01 -1.20113008E+00  4.00093219E-01  3.88353319E+00  1.00022464E+00  1.92220570E-01
 -6.64866566E-01  1.00000000E+00  8.07480163E-01 -1.20194082E+00  4.00560427E-01  3.88821024E+00  1.00010802E+00  1.92540148E-01
 -6.26599939E-01  1.00000000E+00  7.78268413E-01 -1.20416119E+00  4.01185324E-01  3.89739007E+00  1.00029027E+00  1.93139987E-01
 -5.88333313E-01  1.00000000E+00  7.49056664E-01 -1.20638605E+00  4.01895117E-01  3.90659153E+00  1.00047358E+00  1.93741197E-01
 -5.54471587E-01  1.00000000E+00  7.23658242E-01 -1.20826285E+00  4.02908817E-01  3.92029720E+00  9.99718539E-01  1.94705244E-01
 -5.20609860E-01  1.00000000E+00  6.98259820E-01 -1.21014463E+00  4.04043229E-01  3.93405282E+00  9.98964941E-01  1.95672525E-01
 -4.90645977E-01  1.00000000E+00  6.76235259E-01 -1.21589214E+00  4.05406271E-01  3.95609702E+00  9.99858646E-01  1.97082558E-01
 -4.60682095E-01  1.00000000E+00  6.54210698E-01 -1.22166794E+00  4.06888582E-01  3.97826435E+00  1.00075920E+00  1.98500343E-01
 -4.34167380E-01  1.00000000E+00  6.35332190E-01 -1.22542764E+00  4.08842820E-01  4.00418035E+00  9.99543054E-01  2.00309153E-01
 -4.07652666E-01  1.00000000E+00  6.16453683E-01 -1.22920595E+00  4.10994251E-01  4.03027080E+00  9.98331742E-01  2.02129270E-01
 -3.84190072E-01  1.00000000E+00  6.00155990E-01 -1.23805493E+00  4.13337874E-01  4.06844724E+00  9.99207763E-01  2.04615965E-01
 -3.60727478E-01  1.00000000E+00  5.83858298E-01 -1.24697486E+00  4.15838160E-01  4.10698521E+00  1.00009884E+00  2.07125758E-01
 -3.39965684E-01  1.00000000E+00  5.70055588E-01 -1.25477167E+00  4.18906524E-01  4.15042629E+00  9.99372899E-01  2.10070226E-01
 -3.19203889E-01  1.00000000E+00  5.56252878E-01 -1.26263354E+00  4.22173901E-01  4.19433377E+00  9.98660003E-01  2.13044918E-01
 -3.00831998E-01  1.00000000E+00  5.44651256E-01 -1.27510800E+00  4.25826360E-01  4.25320696E+00  9.99328362E-01  2.16925240E-01
 -2.82460107E-01  1.00000000E+00  5.33049634E-01 -1.28772707E+00  4.29666890E-01  4.31290955E+00  1.00002500E+00  2.20858970E-01
 -2.66203017E-01  1.00000000E+00  5.23340600E-01 -1.29847396E+00  4.34094711E-01  4.37690353E+00  9.98715040E-01  2.25212566E-01
 -2.49945927E-01  1.00000000E+00  5.13631566E-01 -1.30934466E+00  4.38811070E-01  4.44186552E+00  9.97429175E-01  2.29629089E-01
 -2.35560203E-01  1.00000000E+00  5.05832124E-01 -1.32694702E+00  4.43871286E-01  4.52868560E+00  9.98391060E-01  2.35352969E-01
 -2.21174479E-01  1.00000000E+00  4.98032682E-01 -1.34483074E+00  4.49147743E-01  4.61721218E+00  9.99403753E-01  2.41187228E-01
 -2.08421419E-01  1.00000000E+00  4.91744769E-01 -1.36323119E+00  4.55072648E-01  4.71355157E+00  9.99623749E-01  2.47595188E-01
 -1.95668358E-01  1.00000000E+00  4.85456857E-01 -1.38194167E+00  4.61292943E-01  4.81191834E+00  9.99899493E-01  2.54134590E-01
 -1.83439085E-01  1.00000000E+00  4.80533207E-01 -1.39910294E+00  4.68692331E-01  4.92463068E+00  9.97622967E-01  2.61800514E-01
 -1.71209813E-01  1.00000000E+00  4.75609558E-01 -1.41656616E+00  4.76577840E-01  5.04005070E+00  9.95397764E-01  2.69643529E-01
 -1.58980541E-01  1.00000000E+00  4.71057896E-01 -1.45030496E+00  4.86281185E-01  5.21481263E+00  9.97790375E-01  2.81134817E-01
 -1.46751268E-01  1.00000000E+00  4.66506234E-01 -1.48499679E+00  4.96083065E-01  5.39567403E+00  1.00033920E+00  2.93022322E-01
 -1.34521996E-01  1.00000000E+00  4.66869109E-01 -1.51905786E+00  5.09316637E-01  5.63039433E+00  9.96906325E-01  3.08899200E-01
 -1.22292724E-01  1.00000000E+00  4.67231984E-01 -1.55420646E+00  5.23474161E-01  5.87560041E+00  9.93627381E-01  3.25464869E-01
 -1.10063451E-01  1.00000000E+00  4.59719702E-01 -1.62239191E+00  5.42657945E-01  6.20810749E+00  1.00232357E+00  3.47052262E-01
 -9.78341789E-02  1.00000000E+00  4.52207421E-01 -1.69388739E+00  5.60983929E-01  6.55944537E+00  1.01161498E+00  3.69855360E-01
 -8.56049065E-02  1.00000000E+00  4.87314303E-01 -1.72397177E+00  5.92523009E-01  7.21304814E+00  9.75983029E-01  4.15804341E-01
 -7.33756342E-02  1.00000000E+00  5.22421184E-01 -1.75437858E+00  6.33642016E-01  7.93915683E+00  9.41037623E-01  4.66541281E-01
 -6.11463618E-02  1.00000000E+00  4.12602317E-01 -1.91045498E+00  6.84968731E-01  8.47092411E+00  9.81724203E-01  4.99279994E-01
 -4.89170895E-02  1.00000000E+00  3.02783451E-01 -2.07793372E+00  7.02924716E-01  9.03944162E+00  1.02596237E+00  5.34231950E-01
 -3.66878171E-02  1.00000000E+00  8.81633135E-01 -3.80276484E+00  7.57737263E-01  1.37883624E+01  1.56296481E+00  8.15026507E-01
 -2.44585447E-02  1.00000000E+00  1.46048282E+00 -6.59887315E+00  8.48312384E-01  2.12656821E+01  2.52456083E+00  1.24940808E+00
 -1.22292724E-02  1.00000000E+00  6.91762730E-02  9.46615121E-01  1.51901115E+00  1.89146792E+01  5.93357304E-01  1.22142146E+00
  0.00000000E+00  1.00000000E+00 -1.32213027E+00  1.13732454E+01  3.28626728E+00  3.28704277E+01  4.25509815E+00  1.90768863E+00
