# curve 5 (die wall), step =      200, time =   1.60000000E+02
# N1 = tau_xx - tau_yy = G ( c_xx - c_yy ),  G =  1.3571E-01  (polymer part only)
#              x               y        pressure            c_xy        gammadot            c_xx            c_yy              N1
 -3.00000000E+00  1.00000000E+00  3.23437119E+00 -2.80187134E+00  4.00481321E-01  1.67160015E+01  9.99398841E-01  2.13296751E+00
 -2.95108291E+00  1.00000000E+00  3.19450290E+00 -2.80292536E+00  4.00850494E-01  1.67316301E+01  9.99218860E-01  2.13511296E+00
 -2.90216582E+00  1.00000000E+00  3.15463460E+00 -2.80397983E+00  4.01066433E-01  1.67472739E+01  9.99038898E-01  2.13726046E+00
 -2.85324873E+00  1.00000000E+00  3.11567834E+00 -2.80421805E+00  4.00787842E-01  1.67376615E+01  9.99512719E-01  2.13589162E+00
 -2.80433164E+00  1.00000000E+00  3.07672208E+00 -2.80445596E+00  4.00525437E-01  1.67280555E+01  9.99986668E-01  2.13452363E+00
 -2.75541455E+00  1.00000000E+00  3.03729549E+00 -2.80308142E+00  4.00898045E-01  1.67318499E+01  9.99329272E-01  2.13512780E+00
 -2.70649746E+00  1.00000000E+00  2.99786890E+00 -2.80170672E+00  4.01069559E-01  1.67356463E+01  9.98672227E-01  2.13573219E+00
 -2.65758037E+00  1.00000000E+00  2.95907485E+00 -2.80565164E+00  4.01111956E-01  1.67423856E+01  9.99835296E-01  2.13648898E+00
 -2.60866328E+00  1.00000000E+00  2.92028080E+00 -2.80959924E+00  4.00986031E-01  1.67491303E+01  1.00099998E+00  2.13724625E+00
 -2.55974619E+00  1.00000000E+00  2.88144409E+00 -2.80910012E+00  4.00737624E-01  1.67560573E+01  1.00070624E+00  2.13822621E+00
 -2.51082911E+00  1.00000000E+00  2.84260739E+00 -2.80860048E+00  4.00924011E-01  1.67629880E+01  1.00041254E+00  2.13920667E+00
 -2.46191202E+00  1.00000000E+00  2.80269694E+00 -2.80812134E+00  4.00806077E-01  1.67571938E+01  1.00041413E+00  2.13842011E+00
 -2.41299493E+00  1.00000000E+00  2.76278650E+00 -2.80764228E+00  4.00634280E-01  1.67514018E+01  1.00041571E+00  2.13763382E+00
 -2.36407784E+00  1.00000000E+00  2.72406910E+00 -2.80705658E+00  4.00463551E-01  1.67506267E+01  1.00033902E+00  2.13753904E+00
 -2.31516075E+00  1.00000000E+00  2.68535169E+00 -2.80647088E+00  4.00407107E-01  1.67498518E+01  1.00026238E+00  2.13744427E+00
 -2.26624366E+00  1.00000000E+00  2.64582090E+00 -2.80613898E+00  4.00410456E-01  1.67546263E+01  9.99985380E-01  2.13812984E+00
 -2.21732657E+00  1.00000000E+00  2.60629012E+00 -2.80580691E+00  4.00545317E-01  1.67594026E+01  9.99708419E-01  2.13881563E+00
 -2.16840948E+00  1.00000000E+00  2.56676170E+00 -2.80785426E+00  4.00618391E-01  1.67569779E+01  1.00039415E+00  2.13839351E+00
 -2.11949239E+00  1.00000000E+00  2.52723329E+00 -2.80990131E+00  4.00501451E-01  1.67545554E+01  1.00108039E+00  2.13797161E+00
 -2.07057530E+00  1.00000000E+00  2.48848048E+00 -2.80957073E+00  4.00408694E-01  1.67627397E+01  1.00087314E+00  2.13911047E+00
 -2.02165821E+00  1.00000000E+00  2.44972767E+00 -2.80923950E+00  4.00344579E-01  1.67709289E+01  1.00066590E+00  2.14024998E+00
 -1.97274112E+00  1.00000000E+00  2.40933463E+00 -2.80775339E+00  4.00130783E-01  1.67525312E+01  1.00069008E+00  2.13774987E+00
 -1.92382403E+00  1.00000000E+00  2.36894160E+00 -2.80626812E+00  3.99860470E-01  1.67341543E+01  1.00071425E+00  2.13525258E+00
 -1.87490694E+00  1.00000000E+00  2.32992180E+00 -2.80644780E+00  3.99400531E-01  1.67096250E+01  1.00161888E+00  2.13180083E+00
 -1.82598985E+00  1.00000000E+00  2.29090199E+00 -2.80662550E+00  3.98883950E-01  1.66851365E+01  1.00252379E+00  2.12835458E+00
 -1.77707276E+00  1.00000000E+00  2.25146334E+00 -2.80640553E+00  3.98343803E-01  1.66695333E+01  1.00311010E+00  2.12615744E+00
 -1.72815567E+00  1.00000000E+00  2.21202468E+00 -2.80618534E+00  3.97849853E-01  1.66539462E+01  1.00369661E+00  2.12396244E+00
 -1.67923858E+00  1.00000000E+00  2.17320454E+00 -2.80004985E+00  3.96606499E-01  1.66103630E+01  1.00302219E+00  2.11813912E+00
 -1.63032150E+00  1.00000000E+00  2.13438440E+00 -2.79392868E+00  3.95995594E-01  1.65668940E+01  1.00234957E+00  2.11233103E+00
 -1.58140441E+00  1.00000000E+00  2.09453039E+00 -2.78770175E+00  3.95338380E-01  1.65063125E+01  1.00232244E+00  2.10411293E+00
 -1.53248732E+00  1.00000000E+00  2.05467638E+00 -2.78149152E+00  3.94678276E-01  1.64459553E+01  1.00229660E+00  2.09592512E+00
 -1.48357023E+00  1.00000000E+00  2.01313348E+00 -2.77047373E+00  3.93846683E-01  1.63761711E+01  1.00029090E+00  2.08672659E+00
 -1.43465314E+00  1.00000000E+00  1.97159057E+00 -2.75950022E+00  3.93637139E-01  1.63066828E+01  9.98291928E-01  2.07756733E+00
 -1.38573605E+00  1.00000000E+00  1.93346267E+00 -2.75301456E+00  3.92067749E-01  1.61910348E+01  9.99966062E-01  2.06164505E+00
 -1.33681896E+00  1.00000000E+00  1.89533476E+00 -2.74654109E+00  3.90539689E-01  1.60762481E+01  1.00163989E+00  2.04583968E+00
 -1.28790187E+00  1.00000000E+00  1.85556933E+00 -2.73970454E+00  3.88721209E-01  1.59586918E+01  1.00312077E+00  2.02968463E+00
 -1.23898478E+00  1.00000000E+00  1.81580390E+00 -2.73288066E+00  3.86669146E-01  1.58420377E+01  1.00460032E+00  2.01365222E+00
 -1.19006769E+00  1.00000000E+00  1.78001684E+00 -2.71267438E+00  3.83909285E-01  1.57063635E+01  1.00238091E+00  1.99554049E+00
 -1.14115060E+00  1.00000000E+00  1.74422977E+00 -2.69262564E+00  3.81671294E-01  1.55718509E+01  1.00018355E+00  1.97758342E+00
 -1.09223351E+00  1.00000000E+00  1.70044296E+00 -2.67396073E+00  3.80337738E-01  1.54056155E+01  9.98813360E-01  1.95520887E+00
 -1.04331642E+00  1.00000000E+00  1.65665614E+00 -2.65544257E+00  3.79029127E-01  1.52411745E+01  9.97452650E-01  1.93307654E+00
 -9.94399333E-01  1.00000000E+00  1.62252427E+00 -2.65246151E+00  3.76266362E-01  1.50522045E+01  1.00259975E+00  1.90673207E+00
 -9.45482243E-01  1.00000000E+00  1.58839240E+00 -2.64938853E+00  3.73014858E-01  1.48658216E+01  1.00774554E+00  1.88073889E+00
 -8.96565154E-01  1.00000000E+00  1.55153065E+00 -2.62317051E+00  3.68948496E-01  1.46648265E+01  1.00601554E+00  1.85369578E+00
 -8.47648064E-01  1.00000000E+00  1.51466890E+00 -2.59724732E+00  3.65626065E-01  1.44665613E+01  1.00431869E+00  1.82701864E+00
 -7.99501858E-01  1.00000000E+00  1.48183006E+00 -2.57744001E+00  3.62024536E-01  1.42290134E+01  1.00537745E+00  1.79463631E+00
 -7.51355652E-01  1.00000000E+00  1.44899121E+00 -2.55780118E+00  3.58873189E-01  1.39954927E+01  1.00643464E+00  1.76280073E+00
 -7.08111109E-01  1.00000000E+00  1.41824255E+00 -2.52599526E+00  3.56669258E-01  1.37536185E+01  1.00282010E+00  1.73046549E+00
 -6.64866566E-01  1.00000000E+00  1.38749388E+00 -2.49462862E+00  3.54888322E-01  1.35159509E+01  9.99246519E-01  1.69869560E+00
 -6.26599939E-01  1.00000000E+00  1.36157688E+00 -2.47825221E+00  3.53799925E-01  1.33548703E+01  9.98786149E-01  1.67689713E+00
 -5.88333313E-01  1.00000000E+00  1.33565987E+00 -2.46199920E+00  3.51960100E-01  1.31957516E+01  9.98329174E-01  1.65536447E+00
 -5.54471587E-01  1.00000000E+00  1.31595619E+00 -2.45209160E+00  3.50618973E-01  1.30819320E+01  9.98729432E-01  1.63986321E+00
 -5.20609860E-01  1.00000000E+00  1.29625251E+00 -2.44222829E+00  3.49128612E-01  1.29691270E+01  9.99129020E-01  1.62449973E+00
 -4.90645977E-01  1.00000000E+00  1.28090200E+00 -2.43851117E+00  3.47502255E-01  1.28604471E+01  1.00180220E+00  1.60938752E+00
 -4.60682095E-01  1.00000000E+00  1.26555148E+00 -2.43477633E+00  3.45724677E-01  1.27527597E+01  1.00447341E+00  1.59441029E+00
 -4.34167380E-01  1.00000000E+00  1.25302579E+00 -2.42381710E+00  3.44342251E-01  1.26718754E+01  1.00361090E+00  1.58355018E+00
 -4.07652666E-01  1.00000000E+00  1.24050010E+00 -2.41291424E+00  3.42673316E-01  1.25915074E+01  1.00275437E+00  1.57275934E+00
 -3.84190072E-01  1.00000000E+00  1.22831139E+00 -2.39671063E+00  3.40522581E-01  1.24662224E+01  1.00164954E+00  1.55590631E+00
 -3.60727478E-01  1.00000000E+00  1.21612267E+00 -2.38063310E+00  3.39102820E-01  1.23421953E+01  1.00055647E+00  1.53922242E+00
 -3.39965684E-01  1.00000000E+00  1.20766236E+00 -2.37694318E+00  3.37529725E-01  1.22326388E+01  1.00384132E+00  1.52390823E+00
 -3.19203889E-01  1.00000000E+00  1.19920204E+00 -2.37323942E+00  3.34939793E-01  1.21241444E+01  1.00712737E+00  1.50873803E+00
 -3.00831998E-01  1.00000000E+00  1.19281318E+00 -2.35643379E+00  3.30125942E-01  1.19138108E+01  1.01050898E+00  1.47973382E+00
 -2.82460107E-01  1.00000000E+00  1.18642432E+00 -2.33978379E+00  3.25668951E-01  1.17072812E+01  1.01390316E+00  1.45124416E+00
 -2.66203017E-01  1.00000000E+00  1.17940434E+00 -2.32338920E+00  3.20631313E-01  1.14545647E+01  1.01982305E+00  1.41614351E+00
 -2.49945927E-01  1.00000000E+00  1.17238436E+00 -2.30713085E+00  3.13547318E-01  1.12076283E+01  1.02575988E+00  1.38182499E+00
 -2.35560203E-01  1.00000000E+00  1.16715932E+00 -2.22282325E+00  3.01662656E-01  1.06157076E+01  1.01998601E+00  1.30227650E+00
 -2.21174479E-01  1.00000000E+00  1.16193428E+00 -2.14209503E+00  2.93094403E-01  1.00552969E+01  1.01461443E+00  1.22694976E+00
 -2.08421419E-01  1.00000000E+00  1.14808295E+00 -2.08439519E+00  2.83399300E-01  9.41369464E+00  1.02524901E+00  1.13843191E+00
 -1.95668358E-01  1.00000000E+00  1.13423162E+00 -2.02875877E+00  2.70614921E-01  8.81480660E+00  1.03602144E+00  1.05569227E+00
 -1.83439085E-01  1.00000000E+00  1.13217103E+00 -1.95881023E+00  2.50979571E-01  7.92415046E+00  1.06730196E+00  9.30572297E-01
 -1.71209813E-01  1.00000000E+00  1.13011043E+00 -1.89274349E+00  2.22724074E-01  7.12909432E+00  1.09948190E+00  8.18304543E-01
 -1.58980541E-01  1.00000000E+00  1.13825551E+00 -1.45716787E+00  1.71652218E-01  4.72059961E+00  1.09761229E+00  4.91691136E-01
 -1.46751268E-01  1.00000000E+00  1.14640058E+00 -1.14280882E+00  1.31343230E-01  3.13336823E+00  1.11809053E+00  2.73501973E-01
 -1.34521996E-01  1.00000000E+00  1.30438248E+00 -6.41424901E-01  6.47106612E-02  1.71030107E+00  1.09467408E+00  8.35493773E-02
 -1.22292724E-01  1.00000000E+00  1.46236437E+00 -3.34238063E-01  5.69716920E-03  9.33972589E-01  1.15939068E+00 -3.05924555E-02
 -1.10063451E-01  1.00000000E+00  1.65428257E+00  1.20194014E-01  2.07491571E-02  7.93208562E-01  1.18815670E+00 -5.36001045E-02
 -9.78341789E-02  1.00000000E+00  1.84620077E+00  5.84969530E-01  6.66988138E-02  8.50808409E-01  1.44450663E+00 -8.05733298E-02
 -8.56049065E-02  1.00000000E+00  2.19882085E+00  1.02115372E+00  1.26920223E-01  1.44593623E+00  1.49237128E+00 -6.30189948E-03
 -7.33756342E-02  1.00000000E+00  2.55144092E+00  1.67058929E+00  1.71537346E-01  2.45684774E+00  1.70668926E+00  1.01807222E-01
 -6.11463618E-02  1.00000000E+00  2.67098070E+00  1.05051231E+00  2.34369340E-01  2.33166658E+00  1.14423657E+00  1.61151215E-01
 -4.89170895E-02  1.00000000E+00  2.79052049E+00  5.06316663E-01  2.69134299E-01  2.48317470E+00  8.06111188E-01  2.27601476E-01
 -3.66878171E-02  1.00000000E+00  3.91191309E+00  1.81507175E+00  3.83921972E-01  6.11968273E+00  1.01559500E+00  6.92697620E-01
 -2.44585447E-02  1.00000000E+00  5.03330569E+00  5.05736968E+00  8.37627891E-01  1.54616167E+01  1.97031755E+00  1.83096203E+00
 -1.22292724E-02  1.00000000E+00  2.29962162E+00  4.48871256E+00  2.39293537E-01  3.72819862E+00  7.54370302E+00 -5.17818454E-01
  0.00000000E+00  1.00000000E+00 -4.34062449E-01  1.36064053E+01  7.71297049E-01  3.09329383E+00  6.40581163E+01 -8.27379734E+00
