   4.59021924E-01   3.89019646E-01   3.19014301E-01   2.42029443E-01   1.72262307E-01
   6.88532886E-01   5.83529468E-01   4.78521451E-01   3.63044165E-01   2.58393461E-01
   1.60657673E+00   1.36156876E+00   1.11655005E+00   8.47103051E-01   6.02918075E-01
   2.29510962E+00   1.94509823E+00   1.59507150E+00   1.21014722E+00   8.61311536E-01
   3.44266443E+00   2.91764734E+00   2.39260726E+00   1.81522082E+00   1.29196730E+00
   4.59021924E+00   3.89019646E+00   3.19014301E+00   2.42029443E+00   1.72262307E+00
   4.60442917E-01   3.90223238E-01   3.20000484E-01   2.42776557E-01   1.72792768E-01
   6.90664375E-01   5.85334857E-01   4.80000727E-01   3.64164836E-01   2.59189152E-01
   1.61155021E+00   1.36578133E+00   1.12000170E+00   8.49717950E-01   6.04774687E-01
   2.30221458E+00   1.95111619E+00   1.60000242E+00   1.21388279E+00   8.63963839E-01
   3.45332188E+00   2.92667428E+00   2.40000363E+00   1.82082418E+00   1.29594576E+00
   4.60442917E+00   3.90223238E+00   3.20000484E+00   2.42776557E+00   1.72792768E+00
   4.61863871E-01   3.91426792E-01   3.20986630E-01   2.43523633E-01   1.73323191E-01
   6.92795807E-01   5.87140188E-01   4.81479945E-01   3.65285450E-01   2.59984786E-01
   1.61652355E+00   1.36999377E+00   1.12345320E+00   8.52332716E-01   6.06631168E-01
   2.30931936E+00   1.95713396E+00   1.60493315E+00   1.21761817E+00   8.66615954E-01
   3.46397903E+00   2.93570094E+00   2.40739972E+00   1.82642725E+00   1.29992393E+00
   4.61863871E+00   3.91426792E+00   3.20986630E+00   2.43523633E+00   1.73323191E+00
   4.67547298E-01   3.96240618E-01   3.24930821E-01   2.46511546E-01   1.75444495E-01
   7.01320946E-01   5.94360926E-01   4.87396231E-01   3.69767319E-01   2.63166742E-01
   1.63641554E+00   1.38684216E+00   1.13725787E+00   8.62790411E-01   6.14055731E-01
   2.33773649E+00   1.98120309E+00   1.62465410E+00   1.23255773E+00   8.77222473E-01
   3.50660473E+00   2.97180463E+00   2.43698115E+00   1.84883659E+00   1.31583371E+00
   4.67547298E+00   3.96240618E+00   3.24930821E+00   2.46511546E+00   1.75444495E+00
   4.78912132E-01   4.05866251E-01   3.32817185E-01   2.52485356E-01   1.79685102E-01
   7.18368198E-01   6.08799377E-01   4.99225777E-01   3.78728034E-01   2.69527653E-01
   1.67619246E+00   1.42053188E+00   1.16486015E+00   8.83698745E-01   6.28897857E-01
   2.39456066E+00   2.02933126E+00   1.66408592E+00   1.26242678E+00   8.98425510E-01
   3.59184099E+00   3.04399689E+00   2.49612889E+00   1.89364017E+00   1.34763827E+00
   4.78912132E+00   4.05866251E+00   3.32817185E+00   2.52485356E+00   1.79685102E+00
   4.90273913E-01   4.15488835E-01   3.40700499E-01   2.58456118E-01   1.83922685E-01
   7.35410869E-01   6.23233253E-01   5.11050748E-01   3.87684177E-01   2.75884028E-01
   1.71595870E+00   1.45421092E+00   1.19245175E+00   9.04596412E-01   6.43729398E-01
   2.45136956E+00   2.07744418E+00   1.70350249E+00   1.29228059E+00   9.19613425E-01
   3.67705435E+00   3.11616626E+00   2.55525374E+00   1.93842088E+00   1.37942014E+00
   4.90273913E+00   4.15488835E+00   3.40700499E+00   2.58456118E+00   1.83922685E+00
   5.01632018E-01   4.25107746E-01   3.48580140E-01   2.64423211E-01   1.88156627E-01
   7.52448027E-01   6.37661620E-01   5.22870210E-01   3.96634816E-01   2.82234940E-01
   1.75571206E+00   1.48787711E+00   1.22003049E+00   9.25481238E-01   6.58548194E-01
   2.50816009E+00   2.12553873E+00   1.74290070E+00   1.32211605E+00   9.40783134E-01
   3.76224013E+00   3.18830810E+00   2.61435105E+00   1.98317408E+00   1.41117470E+00
   5.01632018E+00   4.25107746E+00   3.48580140E+00   2.64423211E+00   1.88156627E+00
   5.10147605E-01   4.32318942E-01   3.54486883E-01   2.68895545E-01   1.91329120E-01
   7.65221407E-01   6.48478412E-01   5.31730324E-01   4.03343318E-01   2.86993681E-01
   1.78551662E+00   1.51311630E+00   1.24070409E+00   9.41134408E-01   6.69651921E-01
   2.55073802E+00   2.16159471E+00   1.77243441E+00   1.34447773E+00   9.56645602E-01
   3.82610703E+00   3.24239206E+00   2.65865162E+00   2.01671659E+00   1.43496840E+00
   5.10147605E+00   4.32318942E+00   3.54486883E+00   2.68895545E+00   1.91329120E+00
   4.15699998E-01   3.52306636E-01   2.88910494E-01   2.19193728E-01   1.56013257E-01
   6.23549997E-01   5.28459954E-01   4.33365741E-01   3.28790592E-01   2.34019886E-01
   1.45494999E+00   1.23307323E+00   1.01118673E+00   7.67178047E-01   5.46046400E-01
   2.07849999E+00   1.76153318E+00   1.44455247E+00   1.09596864E+00   7.80066286E-01
   3.11774998E+00   2.64229977E+00   2.16682870E+00   1.64395296E+00   1.17009943E+00
   4.15699998E+00   3.52306636E+00   2.88910494E+00   2.19193728E+00   1.56013257E+00
   4.18261171E-01   3.54476490E-01   2.90689013E-01   2.20541911E-01   1.56971453E-01
   6.27391756E-01   5.31714735E-01   4.36033519E-01   3.30812867E-01   2.35457180E-01
   1.46391410E+00   1.24066771E+00   1.01741154E+00   7.71896689E-01   5.49400086E-01
   2.09130585E+00   1.77238245E+00   1.45344506E+00   1.10270956E+00   7.84857265E-01
   3.13695878E+00   2.65857367E+00   2.18016759E+00   1.65406433E+00   1.17728590E+00
   4.18261171E+00   3.54476490E+00   2.90689013E+00   2.20541911E+00   1.56971453E+00
   4.20822297E-01   3.56646296E-01   2.92467484E-01   2.21890048E-01   1.57929602E-01
   6.31233445E-01   5.34969445E-01   4.38701226E-01   3.32835072E-01   2.36894403E-01
   1.47287804E+00   1.24826204E+00   1.02363620E+00   7.76615167E-01   5.52753608E-01
   2.10411148E+00   1.78323148E+00   1.46233742E+00   1.10945024E+00   7.89648011E-01
   3.15616722E+00   2.67484722E+00   2.19350613E+00   1.66417536E+00   1.18447202E+00
   4.20822297E+00   3.56646296E+00   2.92467484E+00   2.21890048E+00   1.57929602E+00
   4.31066322E-01   3.65325045E-01   2.99580893E-01   2.27282116E-01   1.61761725E-01
   6.46599483E-01   5.47987568E-01   4.49371339E-01   3.40923173E-01   2.42642587E-01
   1.50873213E+00   1.27863766E+00   1.04853312E+00   7.95487404E-01   5.66166037E-01
   2.15533161E+00   1.82662523E+00   1.49790446E+00   1.13641058E+00   8.08808624E-01
   3.23299741E+00   2.73993784E+00   2.24685669E+00   1.70461587E+00   1.21321294E+00
   4.31066322E+00   3.65325045E+00   2.99580893E+00   2.27282116E+00   1.61761725E+00
   4.51551968E-01   3.82680140E-01   3.13805307E-01   2.38063851E-01   1.69423588E-01
   6.77327952E-01   5.74020210E-01   4.70707960E-01   3.57095776E-01   2.54135382E-01
   1.58043189E+00   1.33938049E+00   1.09831857E+00   8.33223477E-01   5.92982558E-01
   2.25775984E+00   1.91340070E+00   1.56902653E+00   1.19031925E+00   8.47117940E-01
   3.38663976E+00   2.87010105E+00   2.35353980E+00   1.78547888E+00   1.27067691E+00
   4.51551968E+00   3.82680140E+00   3.13805307E+00   2.38063851E+00   1.69423588E+00
   4.72034115E-01   4.00031738E-01   3.28026224E-01   2.48842091E-01   1.77081984E-01
   7.08051172E-01   6.00047607E-01   4.92039336E-01   3.73263137E-01   2.65622975E-01
   1.65211940E+00   1.40011108E+00   1.14809178E+00   8.70947320E-01   6.19786943E-01
   2.36017057E+00   2.00015869E+00   1.64013112E+00   1.24421046E+00   8.85409918E-01
   3.54025586E+00   3.00023804E+00   2.46019668E+00   1.86631569E+00   1.32811488E+00
   4.72034115E+00   4.00031738E+00   3.28026224E+00   2.48842091E+00   1.77081984E+00
   4.92512230E-01   4.17379309E-01   3.42243114E-01   2.59616309E-01   1.84736387E-01
   7.38768346E-01   6.26068964E-01   5.13364671E-01   3.89424463E-01   2.77104580E-01
   1.72379281E+00   1.46082758E+00   1.19785090E+00   9.08657081E-01   6.46577354E-01
   2.46256115E+00   2.08689655E+00   1.71121557E+00   1.29808154E+00   9.23681934E-01
   3.69384173E+00   3.13034482E+00   2.56682336E+00   1.94712232E+00   1.38552290E+00
   4.92512230E+00   4.17379309E+00   3.42243114E+00   2.59616309E+00   1.84736387E+00
   5.07867668E-01   4.30386843E-01   3.52902637E-01   2.67693830E-01   1.90474071E-01
   7.61801503E-01   6.45580265E-01   5.29353956E-01   4.01540746E-01   2.85711106E-01
   1.77753684E+00   1.50635395E+00   1.23515923E+00   9.36928406E-01   6.66659248E-01
   2.53933834E+00   2.15193422E+00   1.76451319E+00   1.33846915E+00   9.52370355E-01
   3.80900751E+00   3.22790132E+00   2.64676978E+00   2.00770373E+00   1.42855553E+00
   5.07867668E+00   4.30386843E+00   3.52902637E+00   2.67693830E+00   1.90474071E+00
   3.50716162E-01   2.97236176E-01   2.43753838E-01   1.84939210E-01   1.31638745E-01
   5.26074243E-01   4.45854264E-01   3.65630758E-01   2.77408815E-01   1.97458118E-01
   1.22750657E+00   1.04032662E+00   8.53138435E-01   6.47287235E-01   4.60735608E-01
   1.75358081E+00   1.48618088E+00   1.21876919E+00   9.24696050E-01   6.58193725E-01
   2.63037122E+00   2.22927132E+00   1.82815379E+00   1.38704408E+00   9.87290588E-01
   3.50716162E+00   2.97236176E+00   2.43753838E+00   1.84939210E+00   1.31638745E+00
   3.54987696E-01   3.00855513E-01   2.46720950E-01   1.87189088E-01   1.33238633E-01
   5.32481544E-01   4.51283269E-01   3.70081425E-01   2.80783632E-01   1.99857950E-01
   1.24245694E+00   1.05299429E+00   8.63523325E-01   6.55161808E-01   4.66335216E-01
   1.77493848E+00   1.50427756E+00   1.23360475E+00   9.35945440E-01   6.66193166E-01
   2.66240772E+00   2.25641634E+00   1.85040713E+00   1.40391816E+00   9.99289749E-01
   3.54987696E+00   3.00855513E+00   2.46720950E+00   1.87189088E+00   1.33238633E+00
   3.59259163E-01   3.04474782E-01   2.49687995E-01   1.89438899E-01   1.34838455E-01
   5.38888744E-01   4.56712173E-01   3.74531992E-01   2.84158348E-01   2.02257682E-01
   1.25740707E+00   1.06566174E+00   8.73907981E-01   6.63036145E-01   4.71934591E-01
   1.79629581E+00   1.52237391E+00   1.24843997E+00   9.47194493E-01   6.74192273E-01
   2.69444372E+00   2.28356086E+00   1.87265996E+00   1.42079174E+00   1.01128841E+00
   3.59259163E+00   3.04474782E+00   2.49687995E+00   1.89438899E+00   1.34838455E+00
   3.76344361E-01   3.18951189E-01   2.61555504E-01   1.98437473E-01   1.41237077E-01
   5.64516541E-01   4.78426784E-01   3.92333255E-01   2.97656210E-01   2.11855616E-01
   1.31720526E+00   1.11632916E+00   9.15444263E-01   6.94531157E-01   4.94329771E-01
   1.88172180E+00   1.59475595E+00   1.30777752E+00   9.92187367E-01   7.06185387E-01
   2.82258270E+00   2.39213392E+00   1.96166628E+00   1.48828105E+00   1.05927808E+00
   3.76344361E+00   3.18951189E+00   2.61555504E+00   1.98437473E+00   1.41237077E+00
   4.10511551E-01   3.47900801E-01   2.85287318E-01   2.16431421E-01   1.54031146E-01
   6.15767326E-01   5.21851202E-01   4.27930977E-01   3.24647132E-01   2.31046720E-01
   1.43679043E+00   1.21765280E+00   9.98505613E-01   7.57509974E-01   5.39109013E-01
   2.05255775E+00   1.73950401E+00   1.42643659E+00   1.08215711E+00   7.70155732E-01
   3.07883663E+00   2.60925601E+00   2.13965489E+00   1.62323566E+00   1.15523360E+00
   4.10511551E+00   3.47900801E+00   2.85287318E+00   2.16431421E+00   1.54031146E+00
   4.44674379E-01   3.76846054E-01   3.09014773E-01   2.34421013E-01   1.66820893E-01
   6.67011569E-01   5.65269081E-01   4.63522160E-01   3.51631520E-01   2.50231340E-01
   1.55636033E+00   1.31896119E+00   1.08155171E+00   8.20473546E-01   5.83873126E-01
   2.22337190E+00   1.88423027E+00   1.54507387E+00   1.17210507E+00   8.34104466E-01
   3.33505784E+00   2.82634541E+00   2.31761080E+00   1.75815760E+00   1.25115670E+00
   4.44674379E+00   3.76846054E+00   3.09014773E+00   2.34421013E+00   1.66820893E+00
   4.78832547E-01   4.05786651E-01   3.32737573E-01   2.52405953E-01   1.79606024E-01
   7.18248820E-01   6.08679977E-01   4.99106359E-01   3.78608930E-01   2.69409036E-01
   1.67591391E+00   1.42025328E+00   1.16458150E+00   8.83420837E-01   6.28621083E-01
   2.39416273E+00   2.02893326E+00   1.66368786E+00   1.26202977E+00   8.98030119E-01
   3.59124410E+00   3.04339988E+00   2.49553180E+00   1.89304465E+00   1.34704518E+00
   4.78832547E+00   4.05786651E+00   3.32737573E+00   2.52405953E+00   1.79606024E+00
   5.04447764E-01   4.27488695E-01   3.50526268E-01   2.65891258E-01   1.89191497E-01
   7.56671646E-01   6.41233043E-01   5.25789403E-01   3.98836887E-01   2.83787245E-01
   1.76556717E+00   1.49621043E+00   1.22684194E+00   9.30619404E-01   6.62170239E-01
   2.52223882E+00   2.13744348E+00   1.75263134E+00   1.32945629E+00   9.45957484E-01
   3.78335823E+00   3.20616521E+00   2.62894701E+00   1.99418444E+00   1.41893623E+00
   5.04447764E+00   4.27488695E+00   3.50526268E+00   2.65891258E+00   1.89191497E+00
   3.04298203E-01   2.57899200E-01   2.11498151E-01   1.60470764E-01   1.14227453E-01
   4.56447305E-01   3.86848800E-01   3.17247226E-01   2.40706146E-01   1.71341180E-01
   1.06504371E+00   9.02647200E-01   7.40243528E-01   5.61647675E-01   3.99796087E-01
   1.52149102E+00   1.28949600E+00   1.05749075E+00   8.02353822E-01   5.71137267E-01
   2.28223652E+00   1.93424400E+00   1.58623613E+00   1.20353073E+00   8.56705900E-01
   3.04298203E+00   2.57899200E+00   2.11498151E+00   1.60470764E+00   1.14227453E+00
   3.09791521E-01   2.62553978E-01   2.15314355E-01   1.63364807E-01   1.16285789E-01
   4.64687281E-01   3.93830967E-01   3.22971532E-01   2.45047210E-01   1.74428684E-01
   1.08427032E+00   9.18938924E-01   7.53600241E-01   5.71776824E-01   4.07000263E-01
   1.54895760E+00   1.31276989E+00   1.07657177E+00   8.16824034E-01   5.81428947E-01
   2.32343640E+00   1.96915484E+00   1.61485766E+00   1.22523605E+00   8.72143420E-01
   3.09791521E+00   2.62553978E+00   2.15314355E+00   1.63364807E+00   1.16285789E+00
   3.15284748E-01   2.67208666E-01   2.19130468E-01   1.66258759E-01   1.18344036E-01
   4.72927122E-01   4.00812999E-01   3.28695703E-01   2.49388139E-01   1.77516054E-01
   1.10349662E+00   9.35230332E-01   7.66956639E-01   5.81905657E-01   4.14204127E-01
   1.57642374E+00   1.33604333E+00   1.09565234E+00   8.31293796E-01   5.91720181E-01
   2.36463561E+00   2.00406500E+00   1.64347851E+00   1.24694069E+00   8.87580272E-01
   3.15284748E+00   2.67208666E+00   2.19130468E+00   1.66258759E+00   1.18344036E+00
   3.37256781E-01   2.85826542E-01   2.34394047E-01   1.77833693E-01   1.26576154E-01
   5.05885171E-01   4.28739813E-01   3.51591070E-01   2.66750539E-01   1.89864231E-01
   1.18039873E+00   1.00039290E+00   8.20379163E-01   6.22417925E-01   4.43016539E-01
   1.68628390E+00   1.42913271E+00   1.17197023E+00   8.89168464E-01   6.32880771E-01
   2.52942585E+00   2.14369906E+00   1.75795535E+00   1.33375270E+00   9.49321156E-01
   3.37256781E+00   2.85826542E+00   2.34394047E+00   1.77833693E+00   1.26576154E+00
   3.81196817E-01   3.23058266E-01   2.64917176E-01   2.00979535E-01   1.43036396E-01
   5.71795225E-01   4.84587399E-01   3.97375763E-01   3.01469303E-01   2.14554594E-01
   1.33418886E+00   1.13070393E+00   9.27210115E-01   7.03428374E-01   5.00627387E-01
   1.90598408E+00   1.61529133E+00   1.32458588E+00   1.00489768E+00   7.15181981E-01
   2.85897612E+00   2.42293699E+00   1.98687882E+00   1.50734652E+00   1.07277297E+00
   3.81196817E+00   3.23058266E+00   2.64917176E+00   2.00979535E+00   1.43036396E+00
   4.25131679E-01   3.60284819E-01   2.95435134E-01   2.24120211E-01   1.59491511E-01
   6.37697518E-01   5.40427229E-01   4.43152701E-01   3.36180317E-01   2.39237267E-01
   1.48796088E+00   1.26099687E+00   1.03402297E+00   7.84420739E-01   5.58220290E-01
   2.12565839E+00   1.80142410E+00   1.47717567E+00   1.12060106E+00   7.97457557E-01
   3.18848759E+00   2.70213615E+00   2.21576350E+00   1.68090158E+00   1.19618634E+00
   4.25131679E+00   3.60284819E+00   2.95435134E+00   2.24120211E+00   1.59491511E+00
   4.69061342E-01   3.97506179E-01   3.25947898E-01   2.47255697E-01   1.75941477E-01
   7.03592012E-01   5.96259268E-01   4.88921847E-01   3.70883546E-01   2.63912215E-01
   1.64171470E+00   1.39127163E+00   1.14081764E+00   8.65394941E-01   6.15795168E-01
   2.34530671E+00   1.98753089E+00   1.62973949E+00   1.23627849E+00   8.79707383E-01
   3.51796006E+00   2.98129634E+00   2.44460923E+00   1.85441773E+00   1.31956107E+00
   4.69061342E+00   3.97506179E+00   3.25947898E+00   2.47255697E+00   1.75941477E+00
   5.02004976E-01   4.25418590E-01   3.48828862E-01   2.64603707E-01   1.88275372E-01
   7.53007463E-01   6.38127884E-01   5.23243293E-01   3.96905560E-01   2.82413059E-01
   1.75701741E+00   1.48896506E+00   1.22090102E+00   9.26112973E-01   6.58963803E-01
   2.51002488E+00   2.12709295E+00   1.74414431E+00   1.32301853E+00   9.41376862E-01
   3.76503732E+00   3.19063942E+00   2.61621647E+00   1.98452780E+00   1.41206529E+00
   5.02004976E+00   4.25418590E+00   3.48828862E+00   2.64603707E+00   1.88275372E+00
   2.69484038E-01   2.28395772E-01   1.87305689E-01   1.42118734E-01   1.01168294E-01
   4.04226057E-01   3.42593658E-01   2.80958534E-01   2.13178101E-01   1.51752441E-01
   9.43194132E-01   7.99385201E-01   6.55569912E-01   4.97415570E-01   3.54089030E-01
   1.34742019E+00   1.14197886E+00   9.36528445E-01   7.10593672E-01   5.05841472E-01
   2.02113028E+00   1.71296829E+00   1.40479267E+00   1.06589051E+00   7.58762207E-01
   2.69484038E+00   2.28395772E+00   1.87305689E+00   1.42118734E+00   1.01168294E+00
   2.75893772E-01   2.33827211E-01   1.91758791E-01   1.45495979E-01   1.03570545E-01
   4.13840658E-01   3.50740816E-01   2.87638187E-01   2.18243969E-01   1.55355817E-01
   9.65628202E-01   8.18395237E-01   6.71155769E-01   5.09235928E-01   3.62496907E-01
   1.37946886E+00   1.16913605E+00   9.58793956E-01   7.27479897E-01   5.17852725E-01
   2.06920329E+00   1.75370408E+00   1.43819093E+00   1.09121985E+00   7.76779087E-01
   2.75893772E+00   2.33827211E+00   1.91758791E+00   1.45495979E+00   1.03570545E+00
   2.82303391E-01   2.39258534E-01   1.96211778E-01   1.48873110E-01   1.05972682E-01
   4.23455087E-01   3.58887801E-01   2.94317668E-01   2.23309664E-01   1.58959022E-01
   9.88061869E-01   8.37404870E-01   6.86741224E-01   5.21055883E-01   3.70904386E-01
   1.41151696E+00   1.19629267E+00   9.81058892E-01   7.44365548E-01   5.29863408E-01
   2.11727543E+00   1.79443901E+00   1.47158834E+00   1.11654832E+00   7.94795112E-01
   2.82303391E+00   2.39258534E+00   1.96211778E+00   1.48873110E+00   1.05972682E+00
   3.07940770E-01   2.60982731E-01   2.14022628E-01   1.62380532E-01   1.15580139E-01
   4.61911155E-01   3.91474096E-01   3.21033943E-01   2.43570799E-01   1.73370208E-01
   1.07779269E+00   9.13439558E-01   7.49079200E-01   5.68331863E-01   4.04530486E-01
   1.53970385E+00   1.30491365E+00   1.07011314E+00   8.11902662E-01   5.77900694E-01
   2.30955577E+00   1.95737048E+00   1.60516971E+00   1.21785399E+00   8.66851042E-01
   3.07940770E+00   2.60982731E+00   2.14022628E+00   1.62380532E+00   1.15580139E+00
   3.59210668E-01   3.04426266E-01   2.49639471E-01   1.89390523E-01   1.34790236E-01
   5.38816002E-01   4.56639400E-01   3.74459206E-01   2.84085785E-01   2.02185354E-01
   1.25723734E+00   1.06549193E+00   8.73738147E-01   6.62866831E-01   4.71765827E-01
   1.79605334E+00   1.52213133E+00   1.24819735E+00   9.46952616E-01   6.73951181E-01
   2.69408001E+00   2.28319700E+00   1.87229603E+00   1.42042892E+00   1.01092677E+00
   3.59210668E+00   3.04426266E+00   2.49639471E+00   1.89390523E+00   1.34790236E+00
   4.10474634E-01   3.47863874E-01   2.85250385E-01   2.16394590E-01   1.53994456E-01
   6.15711951E-01   5.21795811E-01   4.27875577E-01   3.24591885E-01   2.30991683E-01
   1.43666122E+00   1.21752356E+00   9.98376347E-01   7.57381066E-01   5.38980595E-01
   2.05237317E+00   1.73931937E+00   1.42625192E+00   1.08197295E+00   7.69972278E-01
   3.07855975E+00   2.60897905E+00   2.13937789E+00   1.62295943E+00   1.15495842E+00
   4.10474634E+00   3.47863874E+00   2.85250385E+00   2.16394590E+00   1.53994456E+00
   4.61732936E-01   3.91295823E-01   3.20855641E-01   2.43393004E-01   1.73193065E-01
   6.92599405E-01   5.86943735E-01   4.81283461E-01   3.65089506E-01   2.59789597E-01
   1.61606528E+00   1.36953538E+00   1.12299474E+00   8.51875513E-01   6.06175727E-01
   2.30866468E+00   1.95647912E+00   1.60427820E+00   1.21696502E+00   8.65965324E-01
   3.46299702E+00   2.93471867E+00   2.40641730E+00   1.82544753E+00   1.29894799E+00
   4.61732936E+00   3.91295823E+00   3.20855641E+00   2.43393004E+00   1.73193065E+00
   5.00172884E-01   4.23866010E-01   3.47555808E-01   2.63638043E-01   1.87588279E-01
   7.50259326E-01   6.35799016E-01   5.21333711E-01   3.95457065E-01   2.81382419E-01
   1.75060509E+00   1.48353104E+00   1.21644533E+00   9.22733151E-01   6.56558977E-01
   2.50086442E+00   2.11933005E+00   1.73777904E+00   1.31819022E+00   9.37941395E-01
   3.75129663E+00   3.17899508E+00   2.60666856E+00   1.97728532E+00   1.40691209E+00
   5.00172884E+00   4.23866010E+00   3.47555808E+00   2.63638043E+00   1.87588279E+00
   2.42405818E-01   2.05448126E-01   1.68488795E-01   1.27844398E-01   9.10106401E-02
   3.63608728E-01   3.08172189E-01   2.52733192E-01   1.91766598E-01   1.36515960E-01
   8.48420364E-01   7.19068441E-01   5.89710782E-01   4.47455395E-01   3.18537240E-01
   1.21202909E+00   1.02724063E+00   8.42443974E-01   6.39221992E-01   4.55053201E-01
   1.81804364E+00   1.54086094E+00   1.26366596E+00   9.58832989E-01   6.82579801E-01
   2.42405818E+00   2.05448126E+00   1.68488795E+00   1.27844398E+00   9.10106401E-01
   2.49528387E-01   2.11483700E-01   1.73437328E-01   1.31597534E-01   9.36804453E-02
   3.74292581E-01   3.17225550E-01   2.60155993E-01   1.97396301E-01   1.40520668E-01
   8.73349356E-01   7.40192950E-01   6.07030649E-01   4.60591368E-01   3.27881559E-01
   1.24764194E+00   1.05741850E+00   8.67186642E-01   6.57987669E-01   4.68402227E-01
   1.87146291E+00   1.58612775E+00   1.30077996E+00   9.86981504E-01   7.02603340E-01
   2.49528387E+00   2.11483700E+00   1.73437328E+00   1.31597534E+00   9.36804453E-01
   2.56650814E-01   2.17519132E-01   1.78385720E-01   1.35350527E-01   9.63501099E-02
   3.84976222E-01   3.26278698E-01   2.67578580E-01   2.03025791E-01   1.44525165E-01
   8.98277851E-01   7.61316963E-01   6.24350020E-01   4.73726846E-01   3.37225384E-01
   1.28325407E+00   1.08759566E+00   8.91928600E-01   6.76752637E-01   4.81750549E-01
   1.92488111E+00   1.63139349E+00   1.33789290E+00   1.01512896E+00   7.22625824E-01
   2.56650814E+00   2.17519132E+00   1.78385720E+00   1.35350527E+00   9.63501099E-01
   2.85139192E-01   2.41659531E-01   1.98177956E-01   1.50361172E-01   1.07027449E-01
   4.27708788E-01   3.62489296E-01   2.97266934E-01   2.25541758E-01   1.60541173E-01
   9.97987173E-01   8.45808358E-01   6.93622847E-01   5.26264101E-01   3.74596070E-01
   1.42569596E+00   1.20829765E+00   9.90889781E-01   7.51805858E-01   5.35137243E-01
   2.13854394E+00   1.81244648E+00   1.48633467E+00   1.12770879E+00   8.02705865E-01
   2.85139192E+00   2.41659531E+00   1.98177956E+00   1.50361172E+00   1.07027449E+00
   3.42110263E-01   2.89934644E-01   2.37756745E-01   1.80376780E-01   1.28376490E-01
   5.13165394E-01   4.34901967E-01   3.56635117E-01   2.70565170E-01   1.92564735E-01
   1.19738592E+00   1.01477126E+00   8.32148606E-01   6.31318731E-01   4.49317716E-01
   1.71055131E+00   1.44967322E+00   1.18878372E+00   9.01883901E-01   6.41882451E-01
   2.56582697E+00   2.17450983E+00   1.78317558E+00   1.35282585E+00   9.62823676E-01
   3.42110263E+00   2.89934644E+00   2.37756745E+00   1.80376780E+00   1.28376490E+00
   3.99074698E-01   3.38203126E-01   2.77328901E-01   2.10385761E-01   1.49718955E-01
   5.98612046E-01   5.07304689E-01   4.15993351E-01   3.15578642E-01   2.24578433E-01
   1.39676144E+00   1.18371094E+00   9.70651152E-01   7.36350164E-01   5.24016344E-01
   1.99537349E+00   1.69101563E+00   1.38664450E+00   1.05192881E+00   7.48594777E-01
   2.99306023E+00   2.53652344E+00   2.07996675E+00   1.57789321E+00   1.12289216E+00
   3.99074698E+00   3.38203126E+00   2.77328901E+00   2.10385761E+00   1.49718955E+00
   4.56033065E-01   3.86465546E-01   3.16894995E-01   2.40388686E-01   1.71055410E-01
   6.84049597E-01   5.79698319E-01   4.75342493E-01   3.60583029E-01   2.56583116E-01
   1.59611573E+00   1.35262941E+00   1.10913248E+00   8.41360401E-01   5.98693937E-01
   2.28016532E+00   1.93232773E+00   1.58447498E+00   1.20194343E+00   8.55277052E-01
   3.42024799E+00   2.89849159E+00   2.37671246E+00   1.80291514E+00   1.28291558E+00
   4.56033065E+00   3.86465546E+00   3.16894995E+00   2.40388686E+00   1.71055410E+00
   4.98747924E-01   4.22658449E-01   3.46565654E-01   2.62886971E-01   1.87053873E-01
   7.48121886E-01   6.33987673E-01   5.19848481E-01   3.94330457E-01   2.80580810E-01
   1.74561773E+00   1.47930457E+00   1.21297979E+00   9.20104399E-01   6.54688556E-01
   2.49373962E+00   2.11329224E+00   1.73282827E+00   1.31443486E+00   9.35269366E-01
   3.74060943E+00   3.16993837E+00   2.59924241E+00   1.97165228E+00   1.40290405E+00
   4.98747924E+00   4.22658449E+00   3.46565654E+00   2.62886971E+00   1.87053873E+00
   1.28383234E-01   1.08817426E-01   8.92507330E-02   6.77329047E-02   4.82326152E-02
   1.92574851E-01   1.63226140E-01   1.33876099E-01   1.01599357E-01   7.23489227E-02
   4.49341320E-01   3.80860992E-01   3.12377565E-01   2.37065167E-01   1.68814153E-01
   6.41916171E-01   5.44087132E-01   4.46253665E-01   3.38664524E-01   2.41163076E-01
   9.62874257E-01   8.16130698E-01   6.69380497E-01   5.07996786E-01   3.61744614E-01
   1.28383234E+00   1.08817426E+00   8.92507330E-01   6.77329047E-01   4.82326152E-01
   1.38508574E-01   1.17398091E-01   9.62866562E-02   7.30700974E-02   5.20303161E-02
   2.07762861E-01   1.76097137E-01   1.44429984E-01   1.09605146E-01   7.80454742E-02
   4.84780008E-01   4.10893319E-01   3.37003297E-01   2.55745341E-01   1.82106107E-01
   6.92542869E-01   5.86990455E-01   4.81433281E-01   3.65350487E-01   2.60151581E-01
   1.03881430E+00   8.80485683E-01   7.22149922E-01   5.48025731E-01   3.90227371E-01
   1.38508574E+00   1.17398091E+00   9.62866562E-01   7.30700974E-01   5.20303161E-01
   1.48633450E-01   1.25978292E-01   1.03322116E-01   7.84068267E-02   5.58275575E-02
   2.22950175E-01   1.88967438E-01   1.54983173E-01   1.17610240E-01   8.37413363E-02
   5.20217075E-01   4.40924021E-01   3.61627405E-01   2.74423893E-01   1.95396451E-01
   7.43167250E-01   6.29891459E-01   5.16610578E-01   3.92034133E-01   2.79137788E-01
   1.11475087E+00   9.44837189E-01   7.74915867E-01   5.88051200E-01   4.18706681E-01
   1.48633450E+00   1.25978292E+00   1.03322116E+00   7.84068267E-01   5.58275575E-01
   1.89129166E-01   1.60295305E-01   1.31460163E-01   9.97499560E-02   7.10127664E-02
   2.83693750E-01   2.40442958E-01   1.97190244E-01   1.49624934E-01   1.06519150E-01
   6.61952082E-01   5.61033568E-01   4.60110570E-01   3.49124846E-01   2.48544682E-01
   9.45645832E-01   8.01476526E-01   6.57300815E-01   4.98749780E-01   3.55063832E-01
   1.41846875E+00   1.20221479E+00   9.85951222E-01   7.48124670E-01   5.32595748E-01
   1.89129166E+00   1.60295305E+00   1.31460163E+00   9.97499560E-01   7.10127664E-01
   2.70107731E-01   2.28916461E-01   1.87723386E-01   1.42423352E-01   1.01370423E-01
   4.05161596E-01   3.43374692E-01   2.81585079E-01   2.13635028E-01   1.52055634E-01
   9.45377058E-01   8.01207615E-01   6.57031852E-01   4.98481731E-01   3.54796480E-01
   1.35053865E+00   1.14458231E+00   9.38616931E-01   7.12116758E-01   5.06852115E-01
   2.02580798E+00   1.71687346E+00   1.40792540E+00   1.06817514E+00   7.60278172E-01
   2.70107731E+00   2.28916461E+00   1.87723386E+00   1.42423352E+00   1.01370423E+00
   3.51074824E-01   2.97526151E-01   2.43975142E-01   1.85085288E-01   1.31716709E-01
   5.26612236E-01   4.46289226E-01   3.65962713E-01   2.77627931E-01   1.97575063E-01
   1.22876188E+00   1.04134153E+00   8.53912996E-01   6.47798507E-01   4.61008480E-01
   1.75537412E+00   1.48763075E+00   1.21987571E+00   9.25426438E-01   6.58583543E-01
   2.63306118E+00   2.23144613E+00   1.82981356E+00   1.38813966E+00   9.87875315E-01
   3.51074824E+00   2.97526151E+00   2.43975142E+00   1.85085288E+00   1.31716709E+00
   4.32033598E-01   3.66127527E-01   3.00218585E-01   2.27738918E-01   1.62054752E-01
   6.48050397E-01   5.49191291E-01   4.50327877E-01   3.41608377E-01   2.43082128E-01
   1.51211759E+00   1.28144635E+00   1.05076505E+00   7.97086212E-01   5.67191633E-01
   2.16016799E+00   1.83063764E+00   1.50109292E+00   1.13869459E+00   8.10273761E-01
   3.24025198E+00   2.74595645E+00   2.25163939E+00   1.70804188E+00   1.21541064E+00
   4.32033598E+00   3.66127527E+00   3.00218585E+00   2.27738918E+00   1.62054752E+00
   4.92748092E-01   4.17573979E-01   3.42396586E-01   2.59724564E-01   1.84803743E-01
   7.39122138E-01   6.26360968E-01   5.13594879E-01   3.89586846E-01   2.77205614E-01
   1.72461832E+00   1.46150893E+00   1.19838805E+00   9.09035974E-01   6.46813100E-01
   2.46374046E+00   2.08786989E+00   1.71198293E+00   1.29862282E+00   9.24018715E-01
   3.69561069E+00   3.13180484E+00   2.56797440E+00   1.94793423E+00   1.38602807E+00
   4.92748092E+00   4.17573979E+00   3.42396586E+00   2.59724564E+00   1.84803743E+00
   9.29910194E-02   7.88226894E-02   6.46537106E-02   4.90717185E-02   3.49508309E-02
   1.39486529E-01   1.18234034E-01   9.69805659E-02   7.36075778E-02   5.24262463E-02
   3.25468568E-01   2.75879413E-01   2.26287987E-01   1.71751015E-01   1.22327908E-01
   4.64955097E-01   3.94113447E-01   3.23268553E-01   2.45358593E-01   1.74754154E-01
   6.97432646E-01   5.91170171E-01   4.84902829E-01   3.68037889E-01   2.62131231E-01
   9.29910194E-01   7.88226894E-01   6.46537106E-01   4.90717185E-01   3.49508309E-01
   1.04049377E-01   8.81943340E-02   7.23385688E-02   5.49016385E-02   3.90996817E-02
   1.56074065E-01   1.32291501E-01   1.08507853E-01   8.23524578E-02   5.86495226E-02
   3.64172818E-01   3.08680169E-01   2.53184991E-01   1.92155735E-01   1.36848886E-01
   5.20246883E-01   4.40971670E-01   3.61692844E-01   2.74508193E-01   1.95498409E-01
   7.80370325E-01   6.61457505E-01   5.42539266E-01   4.11762289E-01   2.93247613E-01
   1.04049377E+00   8.81943340E-01   7.23385688E-01   5.49016385E-01   3.90996817E-01
   1.15106937E-01   9.75651811E-02   8.00226295E-02   6.07307617E-02   4.32477427E-02
   1.72660406E-01   1.46347772E-01   1.20033944E-01   9.10961426E-02   6.48716141E-02
   4.02874280E-01   3.41478134E-01   2.80079203E-01   2.12557666E-01   1.51367100E-01
   5.75534685E-01   4.87825905E-01   4.00113148E-01   3.03653809E-01   2.16238714E-01
   8.63302028E-01   7.31738858E-01   6.00169721E-01   4.55480713E-01   3.24358071E-01
   1.15106937E+00   9.75651811E-01   8.00226295E-01   6.07307617E-01   4.32477427E-01
   1.59331198E-01   1.35042584E-01   1.10752887E-01   8.40412739E-02   5.98340567E-02
   2.38996796E-01   2.02563877E-01   1.66129330E-01   1.26061911E-01   8.97510851E-02
   5.57659192E-01   4.72649046E-01   3.87635103E-01   2.94144459E-01   2.09419199E-01
   7.96655988E-01   6.75212922E-01   5.53764433E-01   4.20206369E-01   2.99170284E-01
   1.19498398E+00   1.01281938E+00   8.30646650E-01   6.30309554E-01   4.48755426E-01
   1.59331198E+00   1.35042584E+00   1.10752887E+00   8.40412739E-01   5.98340567E-01
   2.47761759E-01   2.09979426E-01   1.72195434E-01   1.30644344E-01   9.29888748E-02
   3.71642639E-01   3.14969139E-01   2.58293152E-01   1.95966516E-01   1.39483312E-01
   8.67166158E-01   7.34927991E-01   6.02684020E-01   4.57255204E-01   3.25461062E-01
   1.23880880E+00   1.04989713E+00   8.60977172E-01   6.53221720E-01   4.64944374E-01
   1.85821320E+00   1.57484570E+00   1.29146576E+00   9.79832579E-01   6.97416561E-01
   2.47761759E+00   2.09979426E+00   1.72195434E+00   1.30644344E+00   9.29888748E-01
   3.36178257E-01   2.84902207E-01   2.33623921E-01   1.77233362E-01   1.26129751E-01
   5.04267386E-01   4.27353311E-01   3.50435881E-01   2.65850043E-01   1.89194626E-01
   1.17662390E+00   9.97157725E-01   8.17683723E-01   6.20316767E-01   4.41454127E-01
   1.68089129E+00   1.42451104E+00   1.16811960E+00   8.86166811E-01   6.30648753E-01
   2.52133693E+00   2.13676655E+00   1.75217941E+00   1.32925022E+00   9.45973129E-01
   3.36178257E+00   2.84902207E+00   2.33623921E+00   1.77233362E+00   1.26129751E+00
   4.24585485E-01   3.59815725E-01   2.95043144E-01   2.23813125E-01   1.59261442E-01
   6.36878227E-01   5.39723588E-01   4.42564716E-01   3.35719687E-01   2.38892162E-01
   1.48604920E+00   1.25935504E+00   1.03265100E+00   7.83345937E-01   5.57415046E-01
   2.12292742E+00   1.79907863E+00   1.47521572E+00   1.11906562E+00   7.96307208E-01
   3.18439113E+00   2.69861794E+00   2.21282358E+00   1.67859844E+00   1.19446081E+00
   4.24585485E+00   3.59815725E+00   2.95043144E+00   2.23813125E+00   1.59261442E+00
   4.90886075E-01   4.15996040E-01   3.41102737E-01   2.58743127E-01   1.84105427E-01
   7.36329112E-01   6.23994060E-01   5.11654106E-01   3.88114691E-01   2.76158140E-01
   1.71810126E+00   1.45598614E+00   1.19385958E+00   9.05600945E-01   6.44368993E-01
   2.45443037E+00   2.07998020E+00   1.70551369E+00   1.29371564E+00   9.20527133E-01
   3.68164556E+00   3.11997030E+00   2.55827053E+00   1.94057345E+00   1.38079070E+00
   4.90886075E+00   4.15996040E+00   3.41102737E+00   2.58743127E+00   1.84105427E+00
   7.57465018E-02   6.42077105E-02   5.26683871E-02   3.99782150E-02   2.84780810E-02
   1.13619753E-01   9.63115657E-02   7.90025807E-02   5.99673224E-02   4.27171215E-02
   2.65112756E-01   2.24726987E-01   1.84339355E-01   1.39923752E-01   9.96732835E-02
   3.78732509E-01   3.21038552E-01   2.63341936E-01   1.99891075E-01   1.42390405E-01
   5.68098763E-01   4.81557828E-01   3.95012904E-01   2.99836612E-01   2.13585607E-01
   7.57465018E-01   6.42077105E-01   5.26683871E-01   3.99782150E-01   2.84780810E-01
   8.72599217E-02   7.39652204E-02   6.06699095E-02   4.60486971E-02   3.27985153E-02
   1.30889883E-01   1.10947831E-01   9.10048642E-02   6.90730457E-02   4.91977730E-02
   3.05409726E-01   2.58878271E-01   2.12344683E-01   1.61170440E-01   1.14794804E-01
   4.36299609E-01   3.69826102E-01   3.03349547E-01   2.30243486E-01   1.63992577E-01
   6.54449413E-01   5.54739153E-01   4.55024321E-01   3.45365229E-01   2.45988865E-01
   8.72599217E-01   7.39652204E-01   6.06699095E-01   4.60486971E-01   3.27985153E-01
   9.87722435E-02   8.37216312E-02   6.86703326E-02   5.21180813E-02   3.71178616E-02
   1.48158365E-01   1.25582447E-01   1.03005499E-01   7.81771219E-02   5.56767925E-02
   3.45702852E-01   2.93025709E-01   2.40346164E-01   1.82413285E-01   1.29912516E-01
   4.93861217E-01   4.18608156E-01   3.43351663E-01   2.60590406E-01   1.85589308E-01
   7.40791826E-01   6.27912234E-01   5.15027494E-01   3.90885610E-01   2.78383962E-01
   9.87722435E-01   8.37216312E-01   6.86703326E-01   5.21180813E-01   3.71178616E-01
   1.44813755E-01   1.22739494E-01   1.00664243E-01   7.63878431E-02   5.43875395E-02
   2.17220633E-01   1.84109240E-01   1.50996364E-01   1.14581765E-01   8.15813092E-02
   5.06848143E-01   4.29588227E-01   3.52324850E-01   2.67357451E-01   1.90356388E-01
   7.24068776E-01   6.13697468E-01   5.03321215E-01   3.81939215E-01   2.71937697E-01
   1.08610316E+00   9.20546201E-01   7.54981822E-01   5.72908823E-01   4.07906546E-01
   1.44813755E+00   1.22739494E+00   1.00664243E+00   7.63878431E-01   5.43875395E-01
   2.36875180E-01   2.00753610E-01   1.64630454E-01   1.24905772E-01   8.89054766E-02
   3.55312770E-01   3.01130416E-01   2.46945681E-01   1.87358659E-01   1.33358215E-01
   8.29063130E-01   7.02637636E-01   5.76206590E-01   4.37170203E-01   3.11169168E-01
   1.18437590E+00   1.00376805E+00   8.23152271E-01   6.24528862E-01   4.44527383E-01
   1.77656385E+00   1.50565208E+00   1.23472841E+00   9.36793293E-01   6.66791074E-01
   2.36875180E+00   2.00753610E+00   1.64630454E+00   1.24905772E+00   8.89054766E-01
   3.28920945E-01   2.78752070E-01   2.28581007E-01   1.73408054E-01   1.23407888E-01
   4.93381417E-01   4.18128105E-01   3.42871511E-01   2.60112081E-01   1.85111832E-01
   1.15122331E+00   9.75632245E-01   8.00033526E-01   6.06928190E-01   4.31927609E-01
   1.64460472E+00   1.39376035E+00   1.14290504E+00   8.67040271E-01   6.17039442E-01
   2.46690708E+00   2.09064053E+00   1.71435756E+00   1.30056041E+00   9.25559162E-01
   3.28920945E+00   2.78752070E+00   2.28581007E+00   1.73408054E+00   1.23407888E+00
   4.20956916E-01   3.56740745E-01   2.92521775E-01   2.21900558E-01   1.57900597E-01
   6.31435374E-01   5.35111117E-01   4.38782663E-01   3.32850838E-01   2.36850896E-01
   1.47334921E+00   1.24859261E+00   1.02382621E+00   7.76651954E-01   5.52652091E-01
   2.10478458E+00   1.78370372E+00   1.46260888E+00   1.10950279E+00   7.89502987E-01
   3.15717687E+00   2.67555558E+00   2.19391331E+00   1.66425419E+00   1.18425448E+00
   4.20956916E+00   3.56740745E+00   2.92521775E+00   2.21900558E+00   1.57900597E+00
   5.28385186E-01   4.50082837E-01   3.71814440E-01   2.85741596E-01   2.07745420E-01
   7.92577779E-01   6.75124256E-01   5.57721660E-01   4.28612394E-01   3.11618130E-01
   1.84934815E+00   1.57528993E+00   1.30135054E+00   1.00009559E+00   7.27108970E-01
   2.64192593E+00   2.25041419E+00   1.85907220E+00   1.42870798E+00   1.03872710E+00
   3.96288889E+00   3.37562128E+00   2.78860830E+00   2.14306197E+00   1.55809065E+00
   5.28385186E+00   4.50082837E+00   3.71814440E+00   2.85741596E+00   2.07745420E+00
   6.55395653E-02   5.55570307E-02   4.55740340E-02   3.45953483E-02   2.46462821E-02
   9.83093480E-02   8.33355461E-02   6.83610510E-02   5.18930225E-02   3.69694232E-02
   2.29388479E-01   1.94449607E-01   1.59509119E-01   1.21083719E-01   8.62619874E-02
   3.27697827E-01   2.77785154E-01   2.27870170E-01   1.72976742E-01   1.23231411E-01
   4.91546740E-01   4.16677730E-01   3.41805255E-01   2.59465112E-01   1.84847116E-01
   6.55395653E-01   5.55570307E-01   4.55740340E-01   3.45953483E-01   2.46462821E-01
   7.73225793E-02   6.55431815E-02   5.37632413E-02   4.08084751E-02   2.90685341E-02
   1.15983869E-01   9.83147722E-02   8.06448620E-02   6.12127127E-02   4.36028011E-02
   2.70629028E-01   2.29401135E-01   1.88171345E-01   1.42829663E-01   1.01739869E-01
   3.86612897E-01   3.27715907E-01   2.68816207E-01   2.04042376E-01   1.45342670E-01
   5.79919345E-01   4.91573861E-01   4.03224310E-01   3.06063563E-01   2.18014006E-01
   7.73225793E-01   6.55431815E-01   5.37632413E-01   4.08084751E-01   2.90685341E-01
   8.91042325E-02   7.55279702E-02   6.19510865E-02   4.70202414E-02   3.34894384E-02
   1.33656349E-01   1.13291955E-01   9.29266297E-02   7.05303621E-02   5.02341575E-02
   3.11864814E-01   2.64347896E-01   2.16828803E-01   1.64570845E-01   1.17213034E-01
   4.45521162E-01   3.77639851E-01   3.09755432E-01   2.35101207E-01   1.67447192E-01
   6.68281744E-01   5.66459777E-01   4.64633148E-01   3.52651811E-01   2.51170788E-01
   8.91042325E-01   7.55279702E-01   6.19510865E-01   4.70202414E-01   3.34894384E-01
   1.36221614E-01   1.15457886E-01   9.46932269E-02   7.18580756E-02   5.11639060E-02
   2.04332420E-01   1.73186829E-01   1.42039840E-01   1.07787113E-01   7.67458590E-02
   4.76775647E-01   4.04102602E-01   3.31426294E-01   2.51503265E-01   1.79073671E-01
   6.81108068E-01   5.77289431E-01   4.73466135E-01   3.59290378E-01   2.55819530E-01
   1.02166210E+00   8.65934147E-01   7.10199202E-01   5.38935567E-01   3.83729295E-01
   1.36221614E+00   1.15457886E+00   9.46932269E-01   7.18580756E-01   5.11639060E-01
   2.30432074E-01   1.95293406E-01   1.60153193E-01   1.21509447E-01   8.64887438E-02
   3.45648111E-01   2.92940109E-01   2.40229790E-01   1.82264170E-01   1.29733116E-01
   8.06512260E-01   6.83526920E-01   5.60536176E-01   4.25283064E-01   3.02710603E-01
   1.15216037E+00   9.76467029E-01   8.00765965E-01   6.07547235E-01   4.32443719E-01
   1.72824056E+00   1.46470054E+00   1.20114895E+00   9.11320852E-01   6.48665579E-01
   2.30432074E+00   1.95293406E+00   1.60153193E+00   1.21509447E+00   8.64887438E-01
   3.24625797E-01   2.75112189E-01   2.25596423E-01   1.71144093E-01   1.21796987E-01
   4.86938695E-01   4.12668284E-01   3.38394634E-01   2.56716139E-01   1.82695480E-01
   1.13619029E+00   9.62892663E-01   7.89587479E-01   5.99004325E-01   4.26289454E-01
   1.62312898E+00   1.37556095E+00   1.12798211E+00   8.55720464E-01   6.08984934E-01
   2.43469348E+00   2.06334142E+00   1.69197317E+00   1.28358070E+00   9.13477401E-01
   3.24625797E+00   2.75112189E+00   2.25596423E+00   1.71144093E+00   1.21796987E+00
   4.18809396E-01   3.54920858E-01   2.91029536E-01   2.20768631E-01   1.57095200E-01
   6.28214093E-01   5.32381287E-01   4.36544304E-01   3.31152947E-01   2.35642800E-01
   1.46583288E+00   1.24222300E+00   1.01860338E+00   7.72690209E-01   5.49833199E-01
   2.09404698E+00   1.77460429E+00   1.45514768E+00   1.10384316E+00   7.85475999E-01
   3.14107047E+00   2.66190643E+00   2.18272152E+00   1.65576473E+00   1.17821400E+00
   4.18809396E+00   3.54920858E+00   2.91029536E+00   2.20768631E+00   1.57095200E+00
   5.31869494E-01   4.53555995E-01   3.75286814E-01   2.89212484E-01   2.11217069E-01
   7.97804242E-01   6.80333992E-01   5.62930221E-01   4.33818725E-01   3.16825604E-01
   1.86154323E+00   1.58744598E+00   1.31350385E+00   1.01224369E+00   7.39259742E-01
   2.65934747E+00   2.26777997E+00   1.87643407E+00   1.44606242E+00   1.05608535E+00
   3.98902121E+00   3.40166996E+00   2.81465110E+00   2.16909363E+00   1.58412802E+00
   5.31869494E+00   4.53555995E+00   3.75286814E+00   2.89212484E+00   2.11217069E+00
