# curve 5 (die wall), step =      800, time =   3.20000000E+02
# N1 = tau_xx - tau_yy = G ( c_xx - c_yy ),  G =  4.0000E-01  (polymer part only)
#              x               y        pressure            c_xy        gammadot            c_xx            c_yy              N1
 -3.00000000E+00  1.00000000E+00  2.42292647E+00 -5.09917951E-01  4.13997372E-01  1.48476554E+00  9.20309194E-01  2.25782539E-01
 -2.95108291E+00  1.00000000E+00  2.38676070E+00 -5.09943115E-01  4.13987703E-01  1.48473778E+00  9.20342849E-01  2.25757972E-01
 -2.90216582E+00  1.00000000E+00  2.35059494E+00 -5.09968279E-01  4.13977027E-01  1.48471002E+00  9.20376505E-01  2.25733405E-01
 -2.85324873E+00  1.00000000E+00  2.31442057E+00 -5.09996229E-01  4.13956594E-01  1.48470831E+00  9.20387562E-01  2.25728299E-01
 -2.80433164E+00  1.00000000E+00  2.27824620E+00 -5.10024179E-01  4.13954887E-01  1.48470660E+00  9.20398619E-01  2.25723192E-01
 -2.75541455E+00  1.00000000E+00  2.24208297E+00 -5.09929837E-01  4.13992509E-01  1.48474695E+00  9.20323988E-01  2.25769187E-01
 -2.70649746E+00  1.00000000E+00  2.20591974E+00 -5.09835496E-01  4.14021814E-01  1.48478732E+00  9.20249367E-01  2.25815182E-01
 -2.65758037E+00  1.00000000E+00  2.16978175E+00 -5.09874844E-01  4.14026941E-01  1.48477399E+00  9.20280588E-01  2.25797359E-01
 -2.60866328E+00  1.00000000E+00  2.13364375E+00 -5.09914193E-01  4.14007190E-01  1.48476065E+00  9.20311812E-01  2.25779537E-01
 -2.55974619E+00  1.00000000E+00  2.09748527E+00 -5.09856719E-01  4.14040491E-01  1.48477127E+00  9.20272234E-01  2.25799616E-01
 -2.51082911E+00  1.00000000E+00  2.06132679E+00 -5.09799245E-01  4.14058486E-01  1.48478190E+00  9.20232659E-01  2.25819695E-01
 -2.46191202E+00  1.00000000E+00  2.02516880E+00 -5.09851252E-01  4.14029372E-01  1.48477212E+00  9.20266903E-01  2.25802089E-01
 -2.41299493E+00  1.00000000E+00  1.98901081E+00 -5.09903260E-01  4.14026754E-01  1.48476236E+00  9.20301148E-01  2.25784483E-01
 -2.36407784E+00  1.00000000E+00  1.95285256E+00 -5.09839325E-01  4.14064444E-01  1.48477942E+00  9.20255968E-01  2.25809380E-01
 -2.31516075E+00  1.00000000E+00  1.91669432E+00 -5.09775390E-01  4.14071426E-01  1.48479649E+00  9.20210792E-01  2.25834279E-01
 -2.26624366E+00  1.00000000E+00  1.88056203E+00 -5.09858345E-01  4.14045853E-01  1.48476780E+00  9.20277196E-01  2.25796242E-01
 -2.21732657E+00  1.00000000E+00  1.84442975E+00 -5.09941301E-01  4.14010305E-01  1.48473912E+00  9.20343606E-01  2.25758206E-01
 -2.16840948E+00  1.00000000E+00  1.80827458E+00 -5.09958429E-01  4.13975059E-01  1.48472758E+00  9.20358471E-01  2.25747645E-01
 -2.11949239E+00  1.00000000E+00  1.77211941E+00 -5.09975557E-01  4.13964739E-01  1.48471604E+00  9.20373336E-01  2.25737083E-01
 -2.07057530E+00  1.00000000E+00  1.73597677E+00 -5.09971562E-01  4.13973292E-01  1.48469600E+00  9.20382021E-01  2.25725593E-01
 -2.02165821E+00  1.00000000E+00  1.69983413E+00 -5.09967566E-01  4.13945358E-01  1.48467596E+00  9.20390706E-01  2.25714102E-01
 -1.97274112E+00  1.00000000E+00  1.66366458E+00 -5.09991008E-01  4.13905514E-01  1.48466580E+00  9.20403204E-01  2.25705040E-01
 -1.92382403E+00  1.00000000E+00  1.62749503E+00 -5.10014449E-01  4.13900564E-01  1.48465565E+00  9.20415703E-01  2.25695978E-01
 -1.87490694E+00  1.00000000E+00  1.59134044E+00 -5.09914032E-01  4.13934604E-01  1.48466682E+00  9.20351184E-01  2.25726253E-01
 -1.82598985E+00  1.00000000E+00  1.55518585E+00 -5.09813618E-01  4.13957544E-01  1.48467800E+00  9.20286674E-01  2.25756528E-01
 -1.77707276E+00  1.00000000E+00  1.51906972E+00 -5.09894933E-01  4.13943670E-01  1.48464509E+00  9.20354582E-01  2.25716204E-01
 -1.72815567E+00  1.00000000E+00  1.48295358E+00 -5.09976249E-01  4.13889057E-01  1.48461220E+00  9.20422498E-01  2.25675881E-01
 -1.67923858E+00  1.00000000E+00  1.44678070E+00 -5.09902136E-01  4.13896208E-01  1.48459130E+00  9.20383686E-01  2.25683046E-01
 -1.63032150E+00  1.00000000E+00  1.41060783E+00 -5.09828025E-01  4.13897614E-01  1.48457041E+00  9.20344878E-01  2.25690211E-01
 -1.58140441E+00  1.00000000E+00  1.37449942E+00 -5.09847101E-01  4.13848894E-01  1.48450597E+00  9.20387223E-01  2.25647498E-01
 -1.53248732E+00  1.00000000E+00  1.33839102E+00 -5.09866178E-01  4.13822973E-01  1.48444153E+00  9.20429569E-01  2.25604785E-01
 -1.48357023E+00  1.00000000E+00  1.30227156E+00 -5.09828462E-01  4.13801569E-01  1.48440862E+00  9.20419619E-01  2.25595601E-01
 -1.43465314E+00  1.00000000E+00  1.26615210E+00 -5.09790747E-01  4.13761520E-01  1.48437571E+00  9.20409670E-01  2.25586416E-01
 -1.38573605E+00  1.00000000E+00  1.23003798E+00 -5.09695896E-01  4.13768323E-01  1.48432509E+00  9.20373012E-01  2.25580833E-01
 -1.33681896E+00  1.00000000E+00  1.19392386E+00 -5.09601049E-01  4.13766459E-01  1.48427449E+00  9.20336362E-01  2.25575250E-01
 -1.28790187E+00  1.00000000E+00  1.15788049E+00 -5.09609352E-01  4.13718999E-01  1.48421183E+00  9.20371150E-01  2.25536270E-01
 -1.23898478E+00  1.00000000E+00  1.12183711E+00 -5.09617655E-01  4.13679035E-01  1.48414917E+00  9.20405939E-01  2.25497291E-01
 -1.19006769E+00  1.00000000E+00  1.08585387E+00 -5.09599893E-01  4.13645350E-01  1.48405704E+00  9.20441644E-01  2.25446158E-01
 -1.14115060E+00  1.00000000E+00  1.04987064E+00 -5.09582131E-01  4.13588750E-01  1.48396491E+00  9.20477351E-01  2.25395026E-01
 -1.09223351E+00  1.00000000E+00  1.01394221E+00 -5.09595177E-01  4.13553913E-01  1.48395863E+00  9.20482329E-01  2.25390521E-01
 -1.04331642E+00  1.00000000E+00  9.78013780E-01 -5.09608223E-01  4.13549348E-01  1.48395235E+00  9.20487307E-01  2.25386016E-01
 -9.94399333E-01  1.00000000E+00  9.42210826E-01 -5.09555613E-01  4.13603433E-01  1.48403466E+00  9.20417347E-01  2.25446924E-01
 -9.45482243E-01  1.00000000E+00  9.06407872E-01 -5.09503003E-01  4.13672950E-01  1.48411698E+00  9.20347393E-01  2.25507834E-01
 -8.96565154E-01  1.00000000E+00  8.70811368E-01 -5.09691006E-01  4.13807397E-01  1.48437927E+00  9.20352856E-01  2.25610567E-01
 -8.47648064E-01  1.00000000E+00  8.35214865E-01 -5.09879035E-01  4.13952385E-01  1.48464163E+00  9.20358347E-01  2.25713313E-01
 -7.99501858E-01  1.00000000E+00  8.00457000E-01 -5.10142639E-01  4.14264531E-01  1.48522244E+00  9.20270170E-01  2.25980909E-01
 -7.51355652E-01  1.00000000E+00  7.65699136E-01 -5.10406314E-01  4.14677177E-01  1.48580349E+00  9.20182069E-01  2.26248570E-01
 -7.08111109E-01  1.00000000E+00  7.34776544E-01 -5.10902627E-01  4.15208822E-01  1.48696501E+00  9.19961714E-01  2.26801320E-01
 -6.64866566E-01  1.00000000E+00  7.03853952E-01 -5.11399197E-01  4.15963429E-01  1.48812747E+00  9.19741665E-01  2.27354322E-01
 -6.26599939E-01  1.00000000E+00  6.76843786E-01 -5.12359265E-01  4.16910324E-01  1.48994882E+00  9.19544635E-01  2.28161674E-01
 -5.88333313E-01  1.00000000E+00  6.49833620E-01 -5.13320144E-01  4.17993905E-01  1.49177262E+00  9.19348470E-01  2.28969658E-01
 -5.54471587E-01  1.00000000E+00  6.26298633E-01 -5.14413854E-01  4.19447247E-01  1.49467338E+00  9.18660565E-01  2.30405125E-01
 -5.20609860E-01  1.00000000E+00  6.02763646E-01 -5.15508959E-01  4.21033869E-01  1.49757985E+00  9.17974545E-01  2.31842121E-01
 -4.90645977E-01  1.00000000E+00  5.82312450E-01 -5.17464076E-01  4.22872066E-01  1.50107818E+00  9.17734568E-01  2.33337444E-01
 -4.60682095E-01  1.00000000E+00  5.61861253E-01 -5.19422457E-01  4.24946589E-01  1.50458568E+00  9.17497863E-01  2.34835129E-01
 -4.34167380E-01  1.00000000E+00  5.44284668E-01 -5.21346262E-01  4.27595913E-01  1.50961090E+00  9.16354202E-01  2.37302678E-01
 -4.07652666E-01  1.00000000E+00  5.26708082E-01 -5.23274298E-01  4.30437976E-01  1.51465312E+00  9.15216126E-01  2.39774797E-01
 -3.84190072E-01  1.00000000E+00  5.11435081E-01 -5.26167242E-01  4.33430041E-01  1.52034039E+00  9.14618631E-01  2.42288702E-01
 -3.60727478E-01  1.00000000E+00  4.96162080E-01 -5.29067781E-01  4.36713947E-01  1.52605078E+00  9.14028914E-01  2.44808745E-01
 -3.39965684E-01  1.00000000E+00  4.83197881E-01 -5.32133176E-01  4.40677156E-01  1.53338290E+00  9.12685473E-01  2.48278972E-01
 -3.19203889E-01  1.00000000E+00  4.70233682E-01 -5.35208474E-01  4.44842957E-01  1.54075124E+00  9.11353598E-01  2.51759058E-01
 -3.00831998E-01  1.00000000E+00  4.59203657E-01 -5.39339700E-01  4.49372382E-01  1.54947514E+00  9.10291774E-01  2.55673346E-01
 -2.82460107E-01  1.00000000E+00  4.48173632E-01 -5.43487241E-01  4.54249272E-01  1.55825131E+00  9.09246621E-01  2.59601875E-01
 -2.66203017E-01  1.00000000E+00  4.38837608E-01 -5.47599889E-01  4.59822496E-01  1.56874631E+00  9.07265199E-01  2.64592445E-01
 -2.49945927E-01  1.00000000E+00  4.29501584E-01 -5.51731398E-01  4.65652134E-01  1.57931312E+00  9.05305685E-01  2.69602975E-01
 -2.35560203E-01  1.00000000E+00  4.21929173E-01 -5.56941003E-01  4.71731408E-01  1.59101401E+00  9.03823274E-01  2.74876296E-01
 -2.21174479E-01  1.00000000E+00  4.14356761E-01 -5.62177778E-01  4.78266971E-01  1.60280516E+00  9.02367971E-01  2.80174875E-01
 -2.08421419E-01  1.00000000E+00  4.07921855E-01 -5.68083529E-01  4.85572775E-01  1.61691722E+00  9.00347764E-01  2.86627783E-01
 -1.95668358E-01  1.00000000E+00  4.01486950E-01 -5.74025752E-01  4.93307527E-01  1.63115690E+00  8.98364897E-01  2.93116801E-01
 -1.83439085E-01  1.00000000E+00  3.96340539E-01 -5.80077739E-01  5.02332302E-01  1.64817110E+00  8.95226795E-01  3.01177721E-01
 -1.71209813E-01  1.00000000E+00  3.91194127E-01 -5.86174166E-01  5.11781475E-01  1.66536325E+00  8.92137935E-01  3.09290124E-01
 -1.58980541E-01  1.00000000E+00  3.86430197E-01 -5.95297166E-01  5.23162473E-01  1.68684622E+00  8.89793830E-01  3.18820954E-01
 -1.46751268E-01  1.00000000E+00  3.81666266E-01 -6.04505481E-01  5.35124853E-01  1.70861463E+00  8.87528268E-01  3.28434547E-01
 -1.34521996E-01  1.00000000E+00  3.80132406E-01 -6.14182755E-01  5.50793944E-01  1.73952399E+00  8.81737416E-01  3.43114630E-01
 -1.22292724E-01  1.00000000E+00  3.78598546E-01 -6.23987926E-01  5.67256290E-01  1.77098850E+00  8.76085190E-01  3.57961326E-01
 -1.10063451E-01  1.00000000E+00  3.71840585E-01 -6.41818815E-01  5.89730493E-01  1.80943627E+00  8.74358889E-01  3.74030953E-01
 -9.78341789E-02  1.00000000E+00  3.65082625E-01 -6.59944676E-01  6.11981454E-01  1.84876381E+00  8.72873330E-01  3.90356194E-01
 -8.56049065E-02  1.00000000E+00  3.87948259E-01 -6.68121092E-01  6.44999359E-01  1.92447654E+00  8.50229208E-01  4.29698931E-01
 -7.33756342E-02  1.00000000E+00  4.10813893E-01 -6.76688829E-01  6.83926034E-01  2.00340462E+00  8.28356913E-01  4.70019084E-01
 -6.11463618E-02  1.00000000E+00  3.44367880E-01 -7.25514890E-01  7.39238178E-01  2.06525740E+00  8.43161616E-01  4.88838315E-01
 -4.89170895E-02  1.00000000E+00  2.77921866E-01 -7.75833442E-01  7.71833100E-01  2.13000797E+00  8.59333558E-01  5.08269765E-01
 -3.66878171E-02  1.00000000E+00  6.43362505E-01 -9.08909789E-01  8.67288068E-01  2.41058891E+00  8.72308435E-01  6.15312188E-01
 -2.44585447E-02  1.00000000E+00  1.00880314E+00 -1.05676391E+00  1.05388031E+00  2.73031808E+00  8.94947235E-01  7.34148338E-01
 -1.22292724E-02  1.00000000E+00  8.88116612E-02 -2.74353108E-01  1.82529720E+00  3.42316019E+00  4.28035755E-01  1.19804978E+00
  0.00000000E+00  1.00000000E+00 -8.31179821E-01  6.61074559E-01  3.30822021E+00  5.26719218E+00  3.59436760E-01  1.96310217E+00
