# curve 5 (die wall), step =     1000, time =   4.00000000E+02
# N1 = tau_xx - tau_yy = G ( c_xx - c_yy ),  G =  5.0000E-02  (polymer part only)
#              x               y        pressure            c_xy        gammadot            c_xx            c_yy              N1
 -1.00000000E+01  1.00000000E+00  5.81002991E+00 -1.32582037E+00  4.23704014E-01  6.29295395E+00  6.19629726E-01  2.83666211E-01
 -9.95040609E+00  1.00000000E+00  5.78245905E+00 -1.32571033E+00  4.23735929E-01  6.29133750E+00  6.19688697E-01  2.83582440E-01
 -9.90081218E+00  1.00000000E+00  5.75488820E+00 -1.32560031E+00  4.23759548E-01  6.28972148E+00  6.19747674E-01  2.83498690E-01
 -9.85121827E+00  1.00000000E+00  5.72732400E+00 -1.32559694E+00  4.23749685E-01  6.29114077E+00  6.19672602E-01  2.83573408E-01
 -9.80162437E+00  1.00000000E+00  5.69975981E+00 -1.32559356E+00  4.23725241E-01  6.29256042E+00  6.19597533E-01  2.83648144E-01
 -9.75203046E+00  1.00000000E+00  5.67213326E+00 -1.32560288E+00  4.23724166E-01  6.29184586E+00  6.19624026E-01  2.83611092E-01
 -9.70243655E+00  1.00000000E+00  5.64450671E+00 -1.32561220E+00  4.23743687E-01  6.29113139E+00  6.19650519E-01  2.83574043E-01
 -9.65284264E+00  1.00000000E+00  5.61693148E+00 -1.32580758E+00  4.23734923E-01  6.29213023E+00  6.19675706E-01  2.83622726E-01
 -9.60324873E+00  1.00000000E+00  5.58935625E+00 -1.32600299E+00  4.23703453E-01  6.29312922E+00  6.19700898E-01  2.83671416E-01
 -9.55365482E+00  1.00000000E+00  5.56179928E+00 -1.32610349E+00  4.23684040E-01  6.29550841E+00  6.19614659E-01  2.83794688E-01
 -9.50406091E+00  1.00000000E+00  5.53424232E+00 -1.32620400E+00  4.23633364E-01  6.29788858E+00  6.19528426E-01  2.83918008E-01
 -9.45446701E+00  1.00000000E+00  5.50659004E+00 -1.32592389E+00  4.23660562E-01  6.29526869E+00  6.19581017E-01  2.83784384E-01
 -9.40487310E+00  1.00000000E+00  5.47893775E+00 -1.32564387E+00  4.23683110E-01  6.29264992E+00  6.19633627E-01  2.83650815E-01
 -9.35527919E+00  1.00000000E+00  5.45136975E+00 -1.32617161E+00  4.23690055E-01  6.29563362E+00  6.19613956E-01  2.83800983E-01
 -9.30568528E+00  1.00000000E+00  5.42380174E+00 -1.32669957E+00  4.23678864E-01  6.29861873E+00  6.19594357E-01  2.83951219E-01
 -9.25609137E+00  1.00000000E+00  5.39624088E+00 -1.32637083E+00  4.23687111E-01  6.29710464E+00  6.19598655E-01  2.83875299E-01
 -9.20649746E+00  1.00000000E+00  5.36868001E+00 -1.32604217E+00  4.23697901E-01  6.29559092E+00  6.19602985E-01  2.83799397E-01
 -9.15690355E+00  1.00000000E+00  5.34105739E+00 -1.32597408E+00  4.23708780E-01  6.29474473E+00  6.19607136E-01  2.83756880E-01
 -9.10730965E+00  1.00000000E+00  5.31343477E+00 -1.32590599E+00  4.23730171E-01  6.29389865E+00  6.19611286E-01  2.83714368E-01
 -9.05771574E+00  1.00000000E+00  5.28587417E+00 -1.32585863E+00  4.23750976E-01  6.29415227E+00  6.19560491E-01  2.83729589E-01
 -9.00812183E+00  1.00000000E+00  5.25831357E+00 -1.32581127E+00  4.23762057E-01  6.29440589E+00  6.19509700E-01  2.83744810E-01
 -8.95852792E+00  1.00000000E+00  5.23071016E+00 -1.32589911E+00  4.23758736E-01  6.29378031E+00  6.19586943E-01  2.83709668E-01
 -8.90893401E+00  1.00000000E+00  5.20310676E+00 -1.32598694E+00  4.23756634E-01  6.29315481E+00  6.19664192E-01  2.83674531E-01
 -8.85934010E+00  1.00000000E+00  5.17554440E+00 -1.32596163E+00  4.23744940E-01  6.29384690E+00  6.19635774E-01  2.83710556E-01
 -8.80974619E+00  1.00000000E+00  5.14798204E+00 -1.32593631E+00  4.23709404E-01  6.29453908E+00  6.19607356E-01  2.83746586E-01
 -8.76015229E+00  1.00000000E+00  5.12035116E+00 -1.32590725E+00  4.23708729E-01  6.29359967E+00  6.19632765E-01  2.83698345E-01
 -8.71055838E+00  1.00000000E+00  5.09272028E+00 -1.32587819E+00  4.23735049E-01  6.29266042E+00  6.19658173E-01  2.83650112E-01
 -8.66096447E+00  1.00000000E+00  5.06516626E+00 -1.32575101E+00  4.23736630E-01  6.29170851E+00  6.19685395E-01  2.83601156E-01
 -8.61137056E+00  1.00000000E+00  5.03761223E+00 -1.32562385E+00  4.23720066E-01  6.29075675E+00  6.19712624E-01  2.83552206E-01
 -8.56177665E+00  1.00000000E+00  5.01002079E+00 -1.32575536E+00  4.23724919E-01  6.29140072E+00  6.19720177E-01  2.83584027E-01
 -8.51218274E+00  1.00000000E+00  4.98242934E+00 -1.32588688E+00  4.23724901E-01  6.29204476E+00  6.19727732E-01  2.83615851E-01
 -8.46258884E+00  1.00000000E+00  4.95481898E+00 -1.32606214E+00  4.23702579E-01  6.29469255E+00  6.19623896E-01  2.83753433E-01
 -8.41299493E+00  1.00000000E+00  4.92720862E+00 -1.32623744E+00  4.23676507E-01  6.29734152E+00  6.19520080E-01  2.83891072E-01
 -8.36340102E+00  1.00000000E+00  4.89964219E+00 -1.32581003E+00  4.23711222E-01  6.29435677E+00  6.19566112E-01  2.83739533E-01
 -8.31380711E+00  1.00000000E+00  4.87207576E+00 -1.32538280E+00  4.23717660E-01  6.29137345E+00  6.19612193E-01  2.83588063E-01
 -8.26421320E+00  1.00000000E+00  4.84447395E+00 -1.32561014E+00  4.23726660E-01  6.29179971E+00  6.19652792E-01  2.83607346E-01
 -8.21461929E+00  1.00000000E+00  4.81687213E+00 -1.32583748E+00  4.23737026E-01  6.29222602E+00  6.19693403E-01  2.83626631E-01
 -8.16502538E+00  1.00000000E+00  4.78927821E+00 -1.32612043E+00  4.23724696E-01  6.29508014E+00  6.19624593E-01  2.83772777E-01
 -8.11543148E+00  1.00000000E+00  4.76168430E+00 -1.32640346E+00  4.23690066E-01  6.29793559E+00  6.19555804E-01  2.83918989E-01
 -8.06583757E+00  1.00000000E+00  4.73408809E+00 -1.32597935E+00  4.23693747E-01  6.29502048E+00  6.19589023E-01  2.83771573E-01
 -8.01624366E+00  1.00000000E+00  4.70649188E+00 -1.32555540E+00  4.23700883E-01  6.29210672E+00  6.19622284E-01  2.83624222E-01
 -7.96664975E+00  1.00000000E+00  4.67893364E+00 -1.32572149E+00  4.23715278E-01  6.29237818E+00  6.19658974E-01  2.83635960E-01
 -7.91705584E+00  1.00000000E+00  4.65137539E+00 -1.32588759E+00  4.23725758E-01  6.29264965E+00  6.19695670E-01  2.83647699E-01
 -7.86746193E+00  1.00000000E+00  4.62377133E+00 -1.32610711E+00  4.23724068E-01  6.29482527E+00  6.19610381E-01  2.83760744E-01
 -7.81786802E+00  1.00000000E+00  4.59616726E+00 -1.32632669E+00  4.23720711E-01  6.29700165E+00  6.19525122E-01  2.83873827E-01
 -7.76827412E+00  1.00000000E+00  4.56858882E+00 -1.32586348E+00  4.23738658E-01  6.29422608E+00  6.19559524E-01  2.83733328E-01
 -7.71868021E+00  1.00000000E+00  4.54101039E+00 -1.32540046E+00  4.23732348E-01  6.29145172E+00  6.19593987E-01  2.83592887E-01
 -7.66908630E+00  1.00000000E+00  4.51340934E+00 -1.32559081E+00  4.23730703E-01  6.29172360E+00  6.19635894E-01  2.83604385E-01
 -7.61949239E+00  1.00000000E+00  4.48580829E+00 -1.32578116E+00  4.23729965E-01  6.29199551E+00  6.19677810E-01  2.83615885E-01
 -7.56989848E+00  1.00000000E+00  4.45821993E+00 -1.32614022E+00  4.23718472E-01  6.29484040E+00  6.19641522E-01  2.83759944E-01
 -7.52030457E+00  1.00000000E+00  4.43063157E+00 -1.32649941E+00  4.23682678E-01  6.29768660E+00  6.19605259E-01  2.83904067E-01
 -7.47071066E+00  1.00000000E+00  4.40303063E+00 -1.32604905E+00  4.23688754E-01  6.29481387E+00  6.19627025E-01  2.83759342E-01
 -7.42111676E+00  1.00000000E+00  4.37542970E+00 -1.32559886E+00  4.23698344E-01  6.29194244E+00  6.19648839E-01  2.83614680E-01
 -7.37152285E+00  1.00000000E+00  4.34786862E+00 -1.32574351E+00  4.23712150E-01  6.29223797E+00  6.19675652E-01  2.83628116E-01
 -7.32192894E+00  1.00000000E+00  4.32030753E+00 -1.32588816E+00  4.23722903E-01  6.29253353E+00  6.19702471E-01  2.83641553E-01
 -7.27233503E+00  1.00000000E+00  4.29269944E+00 -1.32608131E+00  4.23719948E-01  6.29480533E+00  6.19603608E-01  2.83760086E-01
 -7.22274112E+00  1.00000000E+00  4.26509135E+00 -1.32627451E+00  4.23714459E-01  6.29707798E+00  6.19504775E-01  2.83878660E-01
 -7.17314721E+00  1.00000000E+00  4.23751769E+00 -1.32581981E+00  4.23735407E-01  6.29424959E+00  6.19544227E-01  2.83735268E-01
 -7.12355330E+00  1.00000000E+00  4.20994403E+00 -1.32536528E+00  4.23731056E-01  6.29142247E+00  6.19583740E-01  2.83591936E-01
 -7.07395940E+00  1.00000000E+00  4.18234515E+00 -1.32556039E+00  4.23732174E-01  6.29173438E+00  6.19623584E-01  2.83605540E-01
 -7.02436549E+00  1.00000000E+00  4.15474628E+00 -1.32575551E+00  4.23734525E-01  6.29204632E+00  6.19663437E-01  2.83619144E-01
 -6.97477158E+00  1.00000000E+00  4.12715770E+00 -1.32614001E+00  4.23721834E-01  6.29493798E+00  6.19637289E-01  2.83765035E-01
 -6.92517767E+00  1.00000000E+00  4.09956913E+00 -1.32652466E+00  4.23681294E-01  6.29783099E+00  6.19611169E-01  2.83910991E-01
 -6.87558376E+00  1.00000000E+00  4.07197072E+00 -1.32610587E+00  4.23684184E-01  6.29498266E+00  6.19645688E-01  2.83766848E-01
 -6.82598985E+00  1.00000000E+00  4.04437231E+00 -1.32568724E+00  4.23690641E-01  6.29213562E+00  6.19680251E-01  2.83622768E-01
 -6.77639594E+00  1.00000000E+00  4.01680814E+00 -1.32576399E+00  4.23703499E-01  6.29235272E+00  6.19681949E-01  2.83633538E-01
 -6.72680204E+00  1.00000000E+00  3.98924397E+00 -1.32584073E+00  4.23717060E-01  6.29256982E+00  6.19683649E-01  2.83644308E-01
 -6.67720813E+00  1.00000000E+00  3.96163598E+00 -1.32604425E+00  4.23721087E-01  6.29476565E+00  6.19589002E-01  2.83758833E-01
 -6.62761422E+00  1.00000000E+00  3.93402798E+00 -1.32624784E+00  4.23722095E-01  6.29696228E+00  6.19494387E-01  2.83873395E-01
 -6.57802031E+00  1.00000000E+00  3.90645319E+00 -1.32580502E+00  4.23739519E-01  6.29421967E+00  6.19535265E-01  2.83734220E-01
 -6.52842640E+00  1.00000000E+00  3.87887839E+00 -1.32536238E+00  4.23734390E-01  6.29147826E+00  6.19576203E-01  2.83595103E-01
 -6.47883249E+00  1.00000000E+00  3.85128102E+00 -1.32556047E+00  4.23735049E-01  6.29179205E+00  6.19617875E-01  2.83608709E-01
 -6.42923858E+00  1.00000000E+00  3.82368364E+00 -1.32575856E+00  4.23736856E-01  6.29210586E+00  6.19659558E-01  2.83622315E-01
 -6.37964468E+00  1.00000000E+00  3.79609576E+00 -1.32614510E+00  4.23724954E-01  6.29486758E+00  6.19637151E-01  2.83761522E-01
 -6.33005077E+00  1.00000000E+00  3.76850788E+00 -1.32653178E+00  4.23688516E-01  6.29763053E+00  6.19614774E-01  2.83900788E-01
 -6.28045686E+00  1.00000000E+00  3.74090531E+00 -1.32606083E+00  4.23692048E-01  6.29476383E+00  6.19630226E-01  2.83756680E-01
 -6.23086295E+00  1.00000000E+00  3.71330275E+00 -1.32559006E+00  4.23699334E-01  6.29189844E+00  6.19645728E-01  2.83612636E-01
 -6.18126904E+00  1.00000000E+00  3.68574076E+00 -1.32574766E+00  4.23711875E-01  6.29220988E+00  6.19677440E-01  2.83626622E-01
 -6.13167513E+00  1.00000000E+00  3.65817878E+00 -1.32590526E+00  4.23721537E-01  6.29252134E+00  6.19709158E-01  2.83640609E-01
 -6.08208123E+00  1.00000000E+00  3.63057137E+00 -1.32607969E+00  4.23718197E-01  6.29480558E+00  6.19604703E-01  2.83760044E-01
 -6.03248732E+00  1.00000000E+00  3.60296396E+00 -1.32625419E+00  4.23712501E-01  6.29709068E+00  6.19500276E-01  2.83879520E-01
 -5.98289341E+00  1.00000000E+00  3.57538684E+00 -1.32582144E+00  4.23734881E-01  6.29429517E+00  6.19544892E-01  2.83737514E-01
 -5.93329950E+00  1.00000000E+00  3.54780971E+00 -1.32538886E+00  4.23730522E-01  6.29150090E+00  6.19589564E-01  2.83595567E-01
 -5.88370559E+00  1.00000000E+00  3.52021154E+00 -1.32559411E+00  4.23729704E-01  6.29180052E+00  6.19634752E-01  2.83608289E-01
 -5.83411168E+00  1.00000000E+00  3.49261337E+00 -1.32579936E+00  4.23729053E-01  6.29210017E+00  6.19679951E-01  2.83621011E-01
 -5.78451777E+00  1.00000000E+00  3.46503186E+00 -1.32616474E+00  4.23714797E-01  6.29500024E+00  6.19643073E-01  2.83767858E-01
 -5.73492387E+00  1.00000000E+00  3.43745035E+00 -1.32653025E+00  4.23681707E-01  6.29790166E+00  6.19606221E-01  2.83914772E-01
 -5.68532996E+00  1.00000000E+00  3.40984032E+00 -1.32592889E+00  4.23697363E-01  6.29457880E+00  6.19591107E-01  2.83749385E-01
 -5.63573605E+00  1.00000000E+00  3.38223028E+00 -1.32532783E+00  4.23715687E-01  6.29125769E+00  6.19576065E-01  2.83584081E-01
 -5.58614214E+00  1.00000000E+00  3.35467374E+00 -1.32563826E+00  4.23734340E-01  6.29178672E+00  6.19658927E-01  2.83606390E-01
 -5.53654823E+00  1.00000000E+00  3.32711719E+00 -1.32594872E+00  4.23738548E-01  6.29231583E+00  6.19741812E-01  2.83628701E-01
 -5.48695432E+00  1.00000000E+00  3.29950202E+00 -1.32608792E+00  4.23716385E-01  6.29473713E+00  6.19627229E-01  2.83755495E-01
 -5.43736041E+00  1.00000000E+00  3.27188684E+00 -1.32622715E+00  4.23688182E-01  6.29715943E+00  6.19512669E-01  2.83882338E-01
 -5.38776651E+00  1.00000000E+00  3.24432301E+00 -1.32579789E+00  4.23720440E-01  6.29423321E+00  6.19559151E-01  2.83733703E-01
 -5.33817260E+00  1.00000000E+00  3.21675918E+00 -1.32536880E+00  4.23723836E-01  6.29130836E+00  6.19605685E-01  2.83585134E-01
 -5.28857869E+00  1.00000000E+00  3.18915648E+00 -1.32559773E+00  4.23730631E-01  6.29170069E+00  6.19651180E-01  2.83602476E-01
 -5.23898478E+00  1.00000000E+00  3.16155377E+00 -1.32582668E+00  4.23738374E-01  6.29209307E+00  6.19696688E-01  2.83619819E-01
 -5.18939087E+00  1.00000000E+00  3.13396044E+00 -1.32610359E+00  4.23726128E-01  6.29502123E+00  6.19621270E-01  2.83769998E-01
 -5.13979696E+00  1.00000000E+00  3.10636711E+00 -1.32638059E+00  4.23697207E-01  6.29795080E+00  6.19545874E-01  2.83920246E-01
 -5.09020305E+00  1.00000000E+00  3.07875918E+00 -1.32584681E+00  4.23711352E-01  6.29448478E+00  6.19563481E-01  2.83746065E-01
 -5.04060915E+00  1.00000000E+00  3.05115124E+00 -1.32531329E+00  4.23723455E-01  6.29102067E+00  6.19581147E-01  2.83571976E-01
 -4.99101524E+00  1.00000000E+00  3.02361589E+00 -1.32562285E+00  4.23727002E-01  6.29176850E+00  6.19655033E-01  2.83605673E-01
 -4.94142133E+00  1.00000000E+00  2.99608053E+00 -1.32593244E+00  4.23715481E-01  6.29251644E+00  6.19728939E-01  2.83639375E-01
 -4.89182742E+00  1.00000000E+00  2.96845572E+00 -1.32607259E+00  4.23703649E-01  6.29423301E+00  6.19667700E-01  2.83728266E-01
 -4.84223351E+00  1.00000000E+00  2.94083090E+00 -1.32621277E+00  4.23684101E-01  6.29595008E+00  6.19606470E-01  2.83817180E-01
 -4.79263960E+00  1.00000000E+00  2.91324097E+00 -1.32588700E+00  4.23699303E-01  6.29399486E+00  6.19617777E-01  2.83718854E-01
 -4.74304569E+00  1.00000000E+00  2.88565103E+00 -1.32556133E+00  4.23706844E-01  6.29204024E+00  6.19629108E-01  2.83620557E-01
 -4.69345179E+00  1.00000000E+00  2.85807257E+00 -1.32568922E+00  4.23713666E-01  6.29250612E+00  6.19631801E-01  2.83643716E-01
 -4.64385788E+00  1.00000000E+00  2.83049411E+00 -1.32581711E+00  4.23728371E-01  6.29297203E+00  6.19634499E-01  2.83666876E-01
 -4.59426397E+00  1.00000000E+00  2.80291640E+00 -1.32628817E+00  4.23723317E-01  6.29571446E+00  6.19643503E-01  2.83803548E-01
 -4.54467006E+00  1.00000000E+00  2.77533869E+00 -1.32675942E+00  4.23686070E-01  6.29845809E+00  6.19652548E-01  2.83940277E-01
 -4.49507615E+00  1.00000000E+00  2.74772066E+00 -1.32664533E+00  4.23677369E-01  6.29906896E+00  6.19556864E-01  2.83975605E-01
 -4.44548224E+00  1.00000000E+00  2.72010263E+00 -1.32653124E+00  4.23670895E-01  6.29967994E+00  6.19461191E-01  2.84010937E-01
 -4.39588833E+00  1.00000000E+00  2.69255072E+00 -1.32591041E+00  4.23695509E-01  6.29548324E+00  6.19522729E-01  2.83798025E-01
 -4.34629443E+00  1.00000000E+00  2.66499882E+00 -1.32528994E+00  4.23731394E-01  6.29128935E+00  6.19584372E-01  2.83585249E-01
 -4.29670052E+00  1.00000000E+00  2.63737467E+00 -1.32564770E+00  4.23737439E-01  6.29402322E+00  6.19521497E-01  2.83725086E-01
 -4.24710661E+00  1.00000000E+00  2.60975052E+00 -1.32600558E+00  4.23707862E-01  6.29675830E+00  6.19458665E-01  2.83864982E-01
 -4.19751270E+00  1.00000000E+00  2.58217621E+00 -1.32558929E+00  4.23738791E-01  6.29338999E+00  6.19529401E-01  2.83693030E-01
 -4.14791879E+00  1.00000000E+00  2.55460189E+00 -1.32517318E+00  4.23761703E-01  6.29002352E+00  6.19600189E-01  2.83521166E-01
 -4.09832488E+00  1.00000000E+00  2.52701851E+00 -1.32548722E+00  4.23746445E-01  6.29157937E+00  6.19635618E-01  2.83597188E-01
 -4.04873097E+00  1.00000000E+00  2.49943513E+00 -1.32580133E+00  4.23691017E-01  6.29313561E+00  6.19671063E-01  2.83673228E-01
 -3.99913707E+00  1.00000000E+00  2.47181738E+00 -1.32575521E+00  4.23694350E-01  6.29284306E+00  6.19643481E-01  2.83659979E-01
 -3.94954316E+00  1.00000000E+00  2.44419962E+00 -1.32570908E+00  4.23725459E-01  6.29255053E+00  6.19615900E-01  2.83646731E-01
 -3.89994925E+00  1.00000000E+00  2.41664692E+00 -1.32622882E+00  4.23714092E-01  6.29694074E+00  6.19547228E-01  2.83869676E-01
 -3.85035534E+00  1.00000000E+00  2.38909421E+00 -1.32674884E+00  4.23675002E-01  6.30133408E+00  6.19478613E-01  2.84092773E-01
 -3.80076143E+00  1.00000000E+00  2.36149042E+00 -1.32610104E+00  4.23682830E-01  6.29767764E+00  6.19479913E-01  2.83909886E-01
 -3.75116752E+00  1.00000000E+00  2.33388664E+00 -1.32545357E+00  4.23695658E-01  6.29402331E+00  6.19481305E-01  2.83727100E-01
 -3.70157361E+00  1.00000000E+00  2.30628162E+00 -1.32572049E+00  4.23708945E-01  6.29501449E+00  6.19484677E-01  2.83776491E-01
 -3.65197971E+00  1.00000000E+00  2.27867660E+00 -1.32598744E+00  4.23709040E-01  6.29600583E+00  6.19488071E-01  2.83825888E-01
 -3.60238580E+00  1.00000000E+00  2.25107000E+00 -1.32595080E+00  4.23726170E-01  6.29492125E+00  6.19522558E-01  2.83769934E-01
 -3.55279189E+00  1.00000000E+00  2.22346340E+00 -1.32591415E+00  4.23764822E-01  6.29383687E+00  6.19557046E-01  2.83713991E-01
 -3.50319798E+00  1.00000000E+00  2.19594409E+00 -1.32600029E+00  4.23775371E-01  6.29314881E+00  6.19659845E-01  2.83674448E-01
 -3.45360407E+00  1.00000000E+00  2.16842479E+00 -1.32608643E+00  4.23766500E-01  6.29246087E+00  6.19762659E-01  2.83634910E-01
 -3.40401016E+00  1.00000000E+00  2.14079495E+00 -1.32621662E+00  4.23735620E-01  6.29589867E+00  6.19609910E-01  2.83814438E-01
 -3.35441626E+00  1.00000000E+00  2.11316511E+00 -1.32634682E+00  4.23675393E-01  6.29933854E+00  6.19457184E-01  2.83994068E-01
 -3.30482235E+00  1.00000000E+00  2.08559001E+00 -1.32581015E+00  4.23684683E-01  6.29554060E+00  6.19507288E-01  2.83801665E-01
 -3.25522844E+00  1.00000000E+00  2.05801492E+00 -1.32527375E+00  4.23693717E-01  6.29174496E+00  6.19557462E-01  2.83609375E-01
 -3.20563453E+00  1.00000000E+00  2.03038948E+00 -1.32543118E+00  4.23719780E-01  6.29135239E+00  6.19604891E-01  2.83587375E-01
 -3.15604062E+00  1.00000000E+00  2.00276405E+00 -1.32558859E+00  4.23743789E-01  6.29095988E+00  6.19652327E-01  2.83565377E-01
 -3.10644671E+00  1.00000000E+00  1.97522478E+00 -1.32570018E+00  4.23747862E-01  6.29124504E+00  6.19710290E-01  2.83576738E-01
 -3.05685280E+00  1.00000000E+00  1.94768550E+00 -1.32581178E+00  4.23721138E-01  6.29153022E+00  6.19768259E-01  2.83588098E-01
 -3.00725890E+00  1.00000000E+00  1.92007101E+00 -1.32604520E+00  4.23704467E-01  6.29510708E+00  6.19626257E-01  2.83774041E-01
 -2.95766499E+00  1.00000000E+00  1.89245651E+00 -1.32627870E+00  4.23672572E-01  6.29868609E+00  6.19484293E-01  2.83960090E-01
 -2.90807108E+00  1.00000000E+00  1.86485712E+00 -1.32586240E+00  4.23690705E-01  6.29549499E+00  6.19548457E-01  2.83797326E-01
 -2.85847717E+00  1.00000000E+00  1.83725772E+00 -1.32544628E+00  4.23706628E-01  6.29230552E+00  6.19612672E-01  2.83634642E-01
 -2.80888326E+00  1.00000000E+00  1.80972408E+00 -1.32610244E+00  4.23692523E-01  6.29666155E+00  6.19547804E-01  2.83855688E-01
 -2.75928935E+00  1.00000000E+00  1.78219044E+00 -1.32675901E+00  4.23671153E-01  6.30102061E+00  6.19483056E-01  2.84076878E-01
 -2.70969544E+00  1.00000000E+00  1.75455290E+00 -1.32625819E+00  4.23696630E-01  6.29864199E+00  6.19425169E-01  2.83960841E-01
 -2.66010154E+00  1.00000000E+00  1.72691536E+00 -1.32575756E+00  4.23734788E-01  6.29626427E+00  6.19367324E-01  2.83844847E-01
 -2.61050763E+00  1.00000000E+00  1.69932719E+00 -1.32572283E+00  4.23758264E-01  6.29426097E+00  6.19495911E-01  2.83738253E-01
 -2.56091372E+00  1.00000000E+00  1.67173903E+00 -1.32568810E+00  4.23769634E-01  6.29225837E+00  6.19624519E-01  2.83631693E-01
 -2.51131981E+00  1.00000000E+00  1.64417457E+00 -1.32575968E+00  4.23772360E-01  6.29227374E+00  6.19654635E-01  2.83630955E-01
 -2.46172590E+00  1.00000000E+00  1.61661011E+00 -1.32583125E+00  4.23765318E-01  6.29228910E+00  6.19684753E-01  2.83630218E-01
 -2.41213199E+00  1.00000000E+00  1.58900203E+00 -1.32609229E+00  4.23740935E-01  6.29503288E+00  6.19615332E-01  2.83770877E-01
 -2.36253808E+00  1.00000000E+00  1.56139395E+00 -1.32635341E+00  4.23694388E-01  6.29777789E+00  6.19545931E-01  2.83911598E-01
 -2.31294418E+00  1.00000000E+00  1.53381149E+00 -1.32591093E+00  4.23713233E-01  6.29457826E+00  6.19592855E-01  2.83749270E-01
 -2.26335027E+00  1.00000000E+00  1.50622903E+00 -1.32546865E+00  4.23725461E-01  6.29138027E+00  6.19639829E-01  2.83587022E-01
 -2.21375636E+00  1.00000000E+00  1.47862487E+00 -1.32561293E+00  4.23724836E-01  6.29116926E+00  6.19691868E-01  2.83573870E-01
 -2.16416245E+00  1.00000000E+00  1.45102071E+00 -1.32575720E+00  4.23719471E-01  6.29095828E+00  6.19743913E-01  2.83560718E-01
 -2.11456854E+00  1.00000000E+00  1.42345714E+00 -1.32579878E+00  4.23713601E-01  6.29289522E+00  6.19650742E-01  2.83662224E-01
 -2.06497463E+00  1.00000000E+00  1.39589356E+00 -1.32584034E+00  4.23694250E-01  6.29483283E+00  6.19557577E-01  2.83763763E-01
 -2.01538072E+00  1.00000000E+00  1.36826521E+00 -1.32583457E+00  4.23688803E-01  6.29404771E+00  6.19590942E-01  2.83722838E-01
 -1.96578682E+00  1.00000000E+00  1.34063686E+00 -1.32582879E+00  4.23706019E-01  6.29326269E+00  6.19624307E-01  2.83681919E-01
 -1.91619291E+00  1.00000000E+00  1.31308013E+00 -1.32589680E+00  4.23707342E-01  6.29428459E+00  6.19604712E-01  2.83733994E-01
 -1.86659900E+00  1.00000000E+00  1.28552341E+00 -1.32596481E+00  4.23675637E-01  6.29530667E+00  6.19585117E-01  2.83786078E-01
 -1.81700509E+00  1.00000000E+00  1.25787525E+00 -1.32590382E+00  4.23660836E-01  6.29397565E+00  6.19625812E-01  2.83717492E-01
 -1.76741118E+00  1.00000000E+00  1.23022709E+00 -1.32584283E+00  4.23664479E-01  6.29264494E+00  6.19666508E-01  2.83648922E-01
 -1.71781727E+00  1.00000000E+00  1.20269146E+00 -1.32571145E+00  4.23637506E-01  6.29206824E+00  6.19660535E-01  2.83620385E-01
 -1.66822336E+00  1.00000000E+00  1.17515583E+00 -1.32558008E+00  4.23590322E-01  6.29149159E+00  6.19654566E-01  2.83591851E-01
 -1.61862946E+00  1.00000000E+00  1.14755731E+00 -1.32559170E+00  4.23565287E-01  6.29051308E+00  6.19709907E-01  2.83540159E-01
 -1.56903555E+00  1.00000000E+00  1.11995878E+00 -1.32560332E+00  4.23548578E-01  6.28953476E+00  6.19765250E-01  2.83488476E-01
 -1.51944164E+00  1.00000000E+00  1.09240680E+00 -1.32591795E+00  4.23457529E-01  6.29202249E+00  6.19781752E-01  2.83612037E-01
 -1.46984773E+00  1.00000000E+00  1.06485482E+00 -1.32623267E+00  4.23299514E-01  6.29451122E+00  6.19798261E-01  2.83735648E-01
 -1.42025382E+00  1.00000000E+00  1.03728986E+00 -1.32567080E+00  4.23236432E-01  6.29029981E+00  6.19858008E-01  2.83522090E-01
 -1.37065991E+00  1.00000000E+00  1.00972490E+00 -1.32510925E+00  4.23174831E-01  6.28609125E+00  6.19917830E-01  2.83308671E-01
 -1.32106600E+00  1.00000000E+00  9.82194681E-01 -1.32542347E+00  4.23087250E-01  6.28707848E+00  6.19964161E-01  2.83355716E-01
 -1.27147210E+00  1.00000000E+00  9.54664461E-01 -1.32573773E+00  4.22953627E-01  6.28806587E+00  6.20010514E-01  2.83402768E-01
 -1.22187819E+00  1.00000000E+00  9.27206066E-01 -1.32560816E+00  4.22818389E-01  6.28590228E+00  6.20117671E-01  2.83289230E-01
 -1.17228428E+00  1.00000000E+00  8.99747672E-01 -1.32547863E+00  4.22655149E-01  6.28373947E+00  6.20224851E-01  2.83175731E-01
 -1.12269037E+00  1.00000000E+00  8.72374231E-01 -1.32533977E+00  4.22486830E-01  6.28134128E+00  6.20331597E-01  2.83050484E-01
 -1.07309646E+00  1.00000000E+00  8.45000791E-01 -1.32520095E+00  4.22307839E-01  6.27894407E+00  6.20438363E-01  2.82925285E-01
 -1.02350255E+00  1.00000000E+00  8.17773867E-01 -1.32501398E+00  4.22060781E-01  6.27591290E+00  6.20613269E-01  2.82764982E-01
 -9.73908645E-01  1.00000000E+00  7.90546944E-01 -1.32482709E+00  4.21805178E-01  6.27288328E+00  6.20788244E-01  2.82604752E-01
 -9.24314736E-01  1.00000000E+00  7.63491975E-01 -1.32444996E+00  4.21586699E-01  6.27076658E+00  6.20780737E-01  2.82499292E-01
 -8.74720828E-01  1.00000000E+00  7.36437006E-01 -1.32407294E+00  4.21364767E-01  6.26865060E+00  6.20773258E-01  2.82393867E-01
 -8.25312107E-01  1.00000000E+00  7.09858300E-01 -1.32421682E+00  4.21092943E-01  6.26525297E+00  6.21114921E-01  2.82206902E-01
 -7.75903387E-01  1.00000000E+00  6.83279595E-01 -1.32436067E+00  4.20845960E-01  6.26185757E+00  6.21456734E-01  2.82020042E-01
 -7.30665613E-01  1.00000000E+00  6.59339474E-01 -1.32440189E+00  4.20852536E-01  6.26152116E+00  6.21489040E-01  2.82001606E-01
 -6.85427839E-01  1.00000000E+00  6.35399353E-01 -1.32444312E+00  4.20810989E-01  6.26118478E+00  6.21521347E-01  2.81983172E-01
 -6.45465100E-01  1.00000000E+00  6.14766212E-01 -1.32382268E+00  4.20981003E-01  6.26222639E+00  6.21161398E-01  2.82053250E-01
 -6.05502361E-01  1.00000000E+00  5.94133071E-01 -1.32320224E+00  4.21239927E-01  6.26326861E+00  6.20801631E-01  2.82123349E-01
 -5.70199545E-01  1.00000000E+00  5.76446725E-01 -1.32287419E+00  4.21643893E-01  6.26591028E+00  6.20471602E-01  2.82271934E-01
 -5.34896729E-01  1.00000000E+00  5.58760379E-01 -1.32254603E+00  4.22225662E-01  6.26855351E+00  6.20141701E-01  2.82420590E-01
 -5.03710456E-01  1.00000000E+00  5.43557571E-01 -1.32409986E+00  4.23007335E-01  6.27864499E+00  6.20020199E-01  2.82931239E-01
 -4.72524184E-01  1.00000000E+00  5.28354763E-01 -1.32565590E+00  4.23935495E-01  6.28875274E+00  6.19899325E-01  2.83442671E-01
 -4.44974441E-01  1.00000000E+00  5.15861600E-01 -1.32797181E+00  4.25379310E-01  6.30655868E+00  6.19518702E-01  2.84351999E-01
 -4.17424698E-01  1.00000000E+00  5.03368436E-01 -1.33029333E+00  4.26923870E-01  6.32441553E+00  6.19139754E-01  2.85263789E-01
 -3.93087440E-01  1.00000000E+00  4.92810145E-01 -1.33125590E+00  4.28384396E-01  6.34017125E+00  6.18378762E-01  2.86089624E-01
 -3.68750182E-01  1.00000000E+00  4.82251854E-01 -1.33222023E+00  4.30471181E-01  6.35596863E+00  6.17618927E-01  2.86917485E-01
 -3.47250809E-01  1.00000000E+00  4.73591959E-01 -1.33153909E+00  4.32989877E-01  6.38216179E+00  6.15293481E-01  2.88343415E-01
 -3.25751437E-01  1.00000000E+00  4.64932064E-01 -1.33085608E+00  4.35953755E-01  6.40848238E+00  6.12974944E-01  2.89775372E-01
 -3.06759035E-01  1.00000000E+00  4.58052110E-01 -1.33607410E+00  4.38974332E-01  6.44318425E+00  6.12578161E-01  2.91530304E-01
 -2.87766633E-01  1.00000000E+00  4.51172156E-01 -1.34131701E+00  4.42365691E-01  6.47807435E+00  6.12188197E-01  2.93294308E-01
 -2.70988873E-01  1.00000000E+00  4.45896730E-01 -1.34226672E+00  4.46354095E-01  6.51917620E+00  6.09495979E-01  2.95484011E-01
 -2.54211113E-01  1.00000000E+00  4.40621305E-01 -1.34322081E+00  4.50621309E-01  6.56056578E+00  6.06814749E-01  2.97687552E-01
 -2.39389755E-01  1.00000000E+00  4.36768121E-01 -1.34597042E+00  4.55203692E-01  6.60632310E+00  6.04654215E-01  3.00083444E-01
 -2.24568396E-01  1.00000000E+00  4.32914936E-01 -1.34873440E+00  4.60150258E-01  6.65241830E+00  6.02503471E-01  3.02495741E-01
 -2.11472015E-01  1.00000000E+00  4.30373608E-01 -1.35330433E+00  4.65486649E-01  6.70901625E+00  6.00344709E-01  3.05433577E-01
 -1.98375634E-01  1.00000000E+00  4.27832281E-01 -1.35790516E+00  4.71154453E-01  6.76611416E+00  5.98200003E-01  3.08395708E-01
 -1.85977157E-01  1.00000000E+00  4.26610371E-01 -1.36551198E+00  4.77932727E-01  6.83888584E+00  5.96231200E-01  3.12132732E-01
 -1.73578680E-01  1.00000000E+00  4.25388461E-01 -1.37318654E+00  4.85146051E-01  6.91245594E+00  5.94284606E-01  3.15908567E-01
 -1.61180203E-01  1.00000000E+00  4.25205182E-01 -1.37530208E+00  4.94323007E-01  6.99981687E+00  5.89191815E-01  3.20531253E-01
 -1.48781726E-01  1.00000000E+00  4.25021903E-01 -1.37743337E+00  5.04057931E-01  7.08838964E+00  5.84139019E-01  3.25212531E-01
 -1.36383248E-01  1.00000000E+00  4.28477536E-01 -1.38516676E+00  5.16242670E-01  7.21558745E+00  5.78970885E-01  3.31830828E-01
 -1.23984771E-01  1.00000000E+00  4.31933170E-01 -1.39300142E+00  5.29890597E-01  7.34518774E+00  5.73863617E-01  3.38566206E-01
 -1.11586294E-01  1.00000000E+00  4.31952364E-01 -1.40833135E+00  5.48490909E-01  7.49551235E+00  5.70359440E-01  3.46257645E-01
 -9.91878171E-02  1.00000000E+00  4.31971558E-01 -1.42392212E+00  5.67112982E-01  7.64896684E+00  5.66936316E-01  3.54101526E-01
 -8.67893400E-02  1.00000000E+00  4.64226480E-01 -1.37587501E+00  5.95480245E-01  7.96366620E+00  5.31695682E-01  3.71598526E-01
 -7.43908628E-02  1.00000000E+00  4.96481402E-01 -1.32625649E+00  6.35216991E-01  8.29742927E+00  4.98095815E-01  3.89966673E-01
 -6.19923857E-02  1.00000000E+00  4.43044692E-01 -1.18370056E+00  6.81680077E-01  8.16104373E+00  4.62165554E-01  3.84943909E-01
 -4.95939085E-02  1.00000000E+00  3.89607982E-01 -1.04481604E+00  7.08222220E-01  8.03616568E+00  4.30416629E-01  3.80287452E-01
 -3.71954314E-02  1.00000000E+00  7.76059374E-01 -2.25100554E+00  7.78559358E-01  1.09232010E+01  6.97584467E-01  5.11280829E-01
 -2.47969543E-02  1.00000000E+00  1.16251077E+00 -4.03913479E+00  9.40241963E-01  1.53059507E+01  1.24576103E+00  7.03009486E-01
 -1.23984771E-02  1.00000000E+00  3.51525121E-01  1.15021689E+00  1.70519905E+00  1.08635338E+01  3.77602332E-01  5.24296573E-01
  0.00000000E+00  1.00000000E+00 -4.59460522E-01  8.32793579E+00  4.01572190E+00  1.84294442E+01  3.91547399E+00  7.25698510E-01
