# curve 5 (die wall), step =      200, time =   1.60000000E+02
# N1 = tau_xx - tau_yy = G ( c_xx - c_yy ),  G =  1.2857E-01  (polymer part only)
#              x               y        pressure            c_xy        gammadot            c_xx            c_yy              N1
 -3.00000000E+00  1.00000000E+00  3.20816388E+00 -2.80191325E+00  4.00489912E-01  1.67152361E+01  9.99434996E-01  2.02060300E+00
 -2.95108291E+00  1.00000000E+00  3.16800895E+00 -2.80263343E+00  4.00663191E-01  1.67250304E+01  9.99369781E-01  2.02187066E+00
 -2.90216582E+00  1.00000000E+00  3.12785401E+00 -2.80335381E+00  4.00782689E-01  1.67348307E+01  9.99304565E-01  2.02313907E+00
 -2.85324873E+00  1.00000000E+00  3.08878379E+00 -2.80300563E+00  4.00506459E-01  1.67238108E+01  9.99580643E-01  2.02168673E+00
 -2.80433164E+00  1.00000000E+00  3.04971358E+00 -2.80265739E+00  4.00282389E-01  1.67127987E+01  9.99856743E-01  2.02023539E+00
 -2.75541455E+00  1.00000000E+00  3.01032439E+00 -2.80175028E+00  4.00641667E-01  1.67159560E+01  9.99364200E-01  2.02070466E+00
 -2.70649746E+00  1.00000000E+00  2.97093521E+00 -2.80084310E+00  4.00792295E-01  1.67191145E+01  9.98871847E-01  2.02117406E+00
 -2.65758037E+00  1.00000000E+00  2.93208811E+00 -2.80426874E+00  4.00833681E-01  1.67256859E+01  9.99869832E-01  2.02189064E+00
 -2.60866328E+00  1.00000000E+00  2.89324100E+00 -2.80769657E+00  4.00726925E-01  1.67322616E+01  1.00086902E+00  2.02260762E+00
 -2.55974619E+00  1.00000000E+00  2.85445521E+00 -2.80718067E+00  4.00505458E-01  1.67388299E+01  1.00058179E+00  2.02348904E+00
 -2.51082911E+00  1.00000000E+00  2.81566941E+00 -2.80666428E+00  4.00685579E-01  1.67454014E+01  1.00029460E+00  2.02437088E+00
 -2.46191202E+00  1.00000000E+00  2.77579079E+00 -2.80600440E+00  4.00591579E-01  1.67396187E+01  1.00022087E+00  2.02363687E+00
 -2.41299493E+00  1.00000000E+00  2.73591217E+00 -2.80534469E+00  4.00468258E-01  1.67338381E+01  1.00014716E+00  2.02290312E+00
 -2.36407784E+00  1.00000000E+00  2.69721794E+00 -2.80536379E+00  4.00374430E-01  1.67348419E+01  1.00021019E+00  2.02302408E+00
 -2.31516075E+00  1.00000000E+00  2.65852370E+00 -2.80538287E+00  4.00333415E-01  1.67358458E+01  1.00027322E+00  2.02314505E+00
 -2.26624366E+00  1.00000000E+00  2.61910174E+00 -2.80505104E+00  4.00327157E-01  1.67416221E+01  9.99970040E-01  2.02392669E+00
 -2.21732657E+00  1.00000000E+00  2.57967977E+00 -2.80471899E+00  4.00459896E-01  1.67474007E+01  9.99666906E-01  2.02470863E+00
 -2.16840948E+00  1.00000000E+00  2.54020473E+00 -2.80645802E+00  4.00551973E-01  1.67462223E+01  1.00020633E+00  2.02448776E+00
 -2.11949239E+00  1.00000000E+00  2.50072968E+00 -2.80819692E+00  4.00486153E-01  1.67450450E+01  1.00074610E+00  2.02426700E+00
 -2.07057530E+00  1.00000000E+00  2.46194305E+00 -2.80849498E+00  4.00497551E-01  1.67567985E+01  1.00061818E+00  2.02579462E+00
 -2.02165821E+00  1.00000000E+00  2.42315642E+00 -2.80879263E+00  4.00494555E-01  1.67685610E+01  1.00049019E+00  2.02732340E+00
 -1.97274112E+00  1.00000000E+00  2.38307302E+00 -2.80755772E+00  4.00326383E-01  1.67553491E+01  1.00042925E+00  2.02563255E+00
 -1.92382403E+00  1.00000000E+00  2.34298962E+00 -2.80632340E+00  4.00142195E-01  1.67421477E+01  1.00036833E+00  2.02394306E+00
 -1.87490694E+00  1.00000000E+00  2.30379375E+00 -2.80701757E+00  3.99892536E-01  1.67264615E+01  1.00115232E+00  2.02182547E+00
 -1.82598985E+00  1.00000000E+00  2.26459788E+00 -2.80771038E+00  3.99557753E-01  1.67107930E+01  1.00193662E+00  2.01971010E+00
 -1.77707276E+00  1.00000000E+00  2.22528662E+00 -2.80838655E+00  3.99213818E-01  1.67044609E+01  1.00251293E+00  2.01882188E+00
 -1.72815567E+00  1.00000000E+00  2.18597535E+00 -2.80906254E+00  3.98861043E-01  1.66981319E+01  1.00308948E+00  2.01793403E+00
 -1.67923858E+00  1.00000000E+00  2.14700360E+00 -2.80470034E+00  3.97835807E-01  1.66678676E+01  1.00261281E+00  2.01410419E+00
 -1.63032150E+00  1.00000000E+00  2.10803184E+00 -2.80034530E+00  3.97390814E-01  1.66376581E+01  1.00213710E+00  2.01028128E+00
 -1.58140441E+00  1.00000000E+00  2.06834478E+00 -2.79586378E+00  3.96809372E-01  1.65894312E+01  1.00230694E+00  2.00405883E+00
 -1.53248732E+00  1.00000000E+00  2.02865771E+00 -2.79139111E+00  3.96268248E-01  1.65413466E+01  1.00247742E+00  1.99785461E+00
 -1.48357023E+00  1.00000000E+00  1.98748597E+00 -2.78172253E+00  3.95595139E-01  1.64860151E+01  1.00055675E+00  1.99098750E+00
 -1.43465314E+00  1.00000000E+00  1.94631423E+00 -2.77208657E+00  3.95449429E-01  1.64308688E+01  9.98641924E-01  1.98414346E+00
 -1.38573605E+00  1.00000000E+00  1.90773222E+00 -2.76636904E+00  3.94062969E-01  1.63324010E+01  1.00002703E+00  1.97130523E+00
 -1.33681896E+00  1.00000000E+00  1.86915021E+00 -2.76066215E+00  3.92771226E-01  1.62345514E+01  1.00141214E+00  1.95854647E+00
 -1.28790187E+00  1.00000000E+00  1.82924070E+00 -2.75554709E+00  3.91155339E-01  1.61325344E+01  1.00296836E+00  1.94522991E+00
 -1.23898478E+00  1.00000000E+00  1.78933118E+00 -2.75043530E+00  3.89302448E-01  1.60311952E+01  1.00452353E+00  1.93200065E+00
 -1.19006769E+00  1.00000000E+00  1.75312218E+00 -2.73302320E+00  3.86755646E-01  1.59108774E+01  1.00274505E+00  1.91675988E+00
 -1.14115060E+00  1.00000000E+00  1.71691317E+00 -2.71572869E+00  3.84701614E-01  1.57914627E+01  1.00098243E+00  1.90163318E+00
 -1.09223351E+00  1.00000000E+00  1.67347339E+00 -2.69798912E+00  3.83362866E-01  1.56357238E+01  9.99673221E-01  1.88177793E+00
 -1.04331642E+00  1.00000000E+00  1.63003361E+00 -2.68038109E+00  3.82034671E-01  1.54815360E+01  9.98373273E-01  1.86212093E+00
 -9.94399333E-01  1.00000000E+00  1.59507874E+00 -2.67660199E+00  3.79353478E-01  1.53006886E+01  1.00292015E+00  1.83828452E+00
 -9.45482243E-01  1.00000000E+00  1.56012388E+00 -2.67275328E+00  3.76266151E-01  1.51221569E+01  1.00746460E+00  1.81474616E+00
 -8.96565154E-01  1.00000000E+00  1.52283788E+00 -2.64877442E+00  3.72356752E-01  1.49275936E+01  1.00625405E+00  1.78988651E+00
 -8.47648064E-01  1.00000000E+00  1.48555189E+00 -2.62504463E+00  3.69092460E-01  1.47355502E+01  1.00506917E+00  1.76534756E+00
 -7.99501858E-01  1.00000000E+00  1.45223135E+00 -2.60498808E+00  3.65319159E-01  1.44943993E+01  1.00614804E+00  1.73420373E+00
 -7.51355652E-01  1.00000000E+00  1.41891080E+00 -2.58510329E+00  3.62138620E-01  1.42573204E+01  1.00722591E+00  1.70358358E+00
 -7.08111109E-01  1.00000000E+00  1.38799464E+00 -2.55106583E+00  3.59560768E-01  1.40003783E+01  1.00334807E+00  1.67104674E+00
 -6.64866566E-01  1.00000000E+00  1.35707847E+00 -2.51752477E+00  3.57626913E-01  1.37480924E+01  9.99518214E-01  1.63910239E+00
 -6.26599939E-01  1.00000000E+00  1.33095115E+00 -2.50010956E+00  3.56457732E-01  1.35756957E+01  9.99012792E-01  1.61700208E+00
 -5.88333313E-01  1.00000000E+00  1.30482382E+00 -2.48283227E+00  3.54544268E-01  1.34055078E+01  9.98511073E-01  1.59518529E+00
 -5.54471587E-01  1.00000000E+00  1.28491636E+00 -2.47223920E+00  3.53156261E-01  1.32829676E+01  9.98948810E-01  1.57937385E+00
 -5.20609860E-01  1.00000000E+00  1.26500891E+00 -2.46169631E+00  3.51548163E-01  1.31615847E+01  9.99385813E-01  1.56371129E+00
 -4.90645977E-01  1.00000000E+00  1.24964714E+00 -2.45580951E+00  3.49697573E-01  1.30389129E+01  1.00169003E+00  1.54764294E+00
 -4.60682095E-01  1.00000000E+00  1.23428537E+00 -2.44991904E+00  3.47852267E-01  1.29174668E+01  1.00399086E+00  1.53173262E+00
 -4.34167380E-01  1.00000000E+00  1.22192005E+00 -2.43814841E+00  3.46565327E-01  1.28325479E+01  1.00289529E+00  1.52095533E+00
 -4.07652666E-01  1.00000000E+00  1.20955472E+00 -2.42644147E+00  3.45011463E-01  1.27481901E+01  1.00180667E+00  1.51024929E+00
 -3.84190072E-01  1.00000000E+00  1.19808673E+00 -2.41140423E+00  3.43185096E-01  1.26292136E+01  1.00072303E+00  1.49509165E+00
 -3.60727478E-01  1.00000000E+00  1.18661874E+00 -2.39647464E+00  3.42006523E-01  1.25113589E+01  9.99648527E-01  1.48007705E+00
 -3.39965684E-01  1.00000000E+00  1.17908320E+00 -2.39360408E+00  3.40786693E-01  1.24205701E+01  1.00229262E+00  1.46806424E+00
 -3.19203889E-01  1.00000000E+00  1.17154765E+00 -2.39072137E+00  3.38738305E-01  1.23305022E+01  1.00493690E+00  1.45614411E+00
 -3.00831998E-01  1.00000000E+00  1.16630770E+00 -2.37913500E+00  3.35130573E-01  1.21711049E+01  1.00787273E+00  1.43527270E+00
 -2.82460107E-01  1.00000000E+00  1.16106775E+00 -2.36762014E+00  3.31728023E-01  1.20138668E+01  1.01081502E+00  1.41467808E+00
 -2.66203017E-01  1.00000000E+00  1.15537601E+00 -2.35560917E+00  3.27972601E-01  1.18256973E+01  1.01505751E+00  1.38993940E+00
 -2.49945927E-01  1.00000000E+00  1.14968427E+00 -2.34366806E+00  3.22681986E-01  1.16406487E+01  1.01930799E+00  1.36560095E+00
 -2.35560203E-01  1.00000000E+00  1.14631047E+00 -2.28316909E+00  3.13660388E-01  1.11929110E+01  1.01595140E+00  1.30846623E+00
 -2.21174479E-01  1.00000000E+00  1.14293668E+00 -2.22450526E+00  3.06999510E-01  1.07625587E+01  1.01278621E+00  1.25354218E+00
 -2.08421419E-01  1.00000000E+00  1.13221233E+00 -2.18695501E+00  2.99377803E-01  1.02611505E+01  1.02307481E+00  1.18775259E+00
 -1.95668358E-01  1.00000000E+00  1.12148798E+00 -2.15019438E+00  2.89114662E-01  9.78435811E+00  1.03341459E+00  1.12512131E+00
 -1.83439085E-01  1.00000000E+00  1.11999719E+00 -2.09886785E+00  2.73218072E-01  9.03372871E+00  1.05884740E+00  1.02534188E+00
 -1.71209813E-01  1.00000000E+00  1.11850640E+00 -2.04937969E+00  2.49538452E-01  8.34456214E+00  1.08475078E+00  9.33404318E-01
 -1.58980541E-01  1.00000000E+00  1.11880342E+00 -1.69171195E+00  2.03719789E-01  6.11043008E+00  1.08230068E+00  6.46473780E-01
 -1.46751268E-01  1.00000000E+00  1.11910044E+00 -1.41062476E+00  1.67937262E-01  4.48203323E+00  1.09112962E+00  4.35973322E-01
 -1.34521996E-01  1.00000000E+00  1.22720838E+00 -1.01687825E+00  1.13932851E-01  2.90532627E+00  1.07591824E+00  2.35209605E-01
 -1.22292724E-01  1.00000000E+00  1.33531631E+00 -7.42040904E-01  6.33534250E-02  1.88241065E+00  1.09392494E+00  1.01376734E-01
 -1.10063451E-01  1.00000000E+00  1.48108007E+00 -2.57023837E-01  3.49999904E-02  9.72425030E-01  1.15056709E+00 -2.29039789E-02
 -9.78341789E-02  1.00000000E+00  1.62684383E+00  6.18831109E-02  2.44807405E-02  5.36598409E-01  1.37629427E+00 -1.07960896E-01
 -8.56049065E-02  1.00000000E+00  1.99423787E+00  5.94595129E-01  9.68616571E-02  9.27444607E-01  1.37852560E+00 -5.79961280E-02
 -7.33756342E-02  1.00000000E+00  2.36163191E+00  1.42541948E+00  1.62992897E-01  1.82949921E+00  1.74711050E+00  1.05928350E-02
 -6.11463618E-02  1.00000000E+00  2.55662534E+00  1.17727510E+00  2.17933966E-01  2.26523356E+00  1.30743641E+00  1.23145348E-01
 -4.89170895E-02  1.00000000E+00  2.75161876E+00  9.16376592E-01  2.73303238E-01  3.06795469E+00  9.68638959E-01  2.69912022E-01
 -3.66878171E-02  1.00000000E+00  3.83743943E+00  1.87738123E+00  4.00825854E-01  6.50597473E+00  1.02364719E+00  7.04870683E-01
 -2.44585447E-02  1.00000000E+00  4.92326010E+00  3.79365987E+00  7.62441969E-01  1.37777238E+01  1.37921918E+00  1.59409345E+00
 -1.22292724E-02  1.00000000E+00  2.21450445E+00  4.48911559E+00  2.66725677E-01  4.15722131E+00  6.58906330E+00 -3.12665399E-01
  0.00000000E+00  1.00000000E+00 -4.94251197E-01  1.50206221E+01  1.06703880E+00  4.68513903E+00  5.05829214E+01 -5.90114345E+00
