# curve 5 (die wall), step =      400, time =   1.60000000E+02
# N1 = tau_xx - tau_yy = G ( c_xx - c_yy ),  G =  4.0000E-01  (polymer part only)
#              x               y        pressure            c_xy        gammadot            c_xx            c_yy              N1
 -1.00000000E+01  1.00000000E+00  8.23815408E+00 -4.97115089E-01  4.00479251E-01  1.49245080E+00  9.97651993E-01  1.97919524E-01
 -9.95040609E+00  1.00000000E+00  8.19851765E+00 -4.97044277E-01  4.00479353E-01  1.49251777E+00  9.97606747E-01  1.97964410E-01
 -9.90081218E+00  1.00000000E+00  8.15888121E+00 -4.96973464E-01  4.00476775E-01  1.49258475E+00  9.97561507E-01  1.98009298E-01
 -9.85121827E+00  1.00000000E+00  8.11932864E+00 -4.97019566E-01  4.00481595E-01  1.49258040E+00  9.97581020E-01  1.97999751E-01
 -9.80162437E+00  1.00000000E+00  8.07977607E+00 -4.97065668E-01  4.00502456E-01  1.49257605E+00  9.97600536E-01  1.97990205E-01
 -9.75203046E+00  1.00000000E+00  8.04019444E+00 -4.97077275E-01  4.00490698E-01  1.49250334E+00  9.97623257E-01  1.97952032E-01
 -9.70243655E+00  1.00000000E+00  8.00061280E+00 -4.97088882E-01  4.00470200E-01  1.49243063E+00  9.97645978E-01  1.97913862E-01
 -9.65284264E+00  1.00000000E+00  7.96103633E+00 -4.97097711E-01  4.00479206E-01  1.49244382E+00  9.97651310E-01  1.97917006E-01
 -9.60324873E+00  1.00000000E+00  7.92145987E+00 -4.97106541E-01  4.00478153E-01  1.49245702E+00  9.97656641E-01  1.97920150E-01
 -9.55365482E+00  1.00000000E+00  7.88190675E+00 -4.97150383E-01  4.00471078E-01  1.49243302E+00  9.97682089E-01  1.97900374E-01
 -9.50406091E+00  1.00000000E+00  7.84235364E+00 -4.97194224E-01  4.00491751E-01  1.49240903E+00  9.97707537E-01  1.97880598E-01
 -9.45446701E+00  1.00000000E+00  7.80273354E+00 -4.97117038E-01  4.00461071E-01  1.49245192E+00  9.97661015E-01  1.97916362E-01
 -9.40487310E+00  1.00000000E+00  7.76311345E+00 -4.97039850E-01  4.00456598E-01  1.49249482E+00  9.97614497E-01  1.97952127E-01
 -9.35527919E+00  1.00000000E+00  7.72356839E+00 -4.97164002E-01  4.00465765E-01  1.49238268E+00  9.97694155E-01  1.97875411E-01
 -9.30568528E+00  1.00000000E+00  7.68402333E+00 -4.97288147E-01  4.00471490E-01  1.49227058E+00  9.97773827E-01  1.97798700E-01
 -9.25609137E+00  1.00000000E+00  7.64442409E+00 -4.97193734E-01  4.00466519E-01  1.49239702E+00  9.97700567E-01  1.97878579E-01
 -9.20649746E+00  1.00000000E+00  7.60482486E+00 -4.97099316E-01  4.00484755E-01  1.49252348E+00  9.97627318E-01  1.97958465E-01
 -9.15690355E+00  1.00000000E+00  7.56524775E+00 -4.97111092E-01  4.00471812E-01  1.49244759E+00  9.97649849E-01  1.97919097E-01
 -9.10730965E+00  1.00000000E+00  7.52567064E+00 -4.97122867E-01  4.00461588E-01  1.49237171E+00  9.97672381E-01  1.97879732E-01
 -9.05771574E+00  1.00000000E+00  7.48609586E+00 -4.97126516E-01  4.00475861E-01  1.49244270E+00  9.97656077E-01  1.97914649E-01
 -9.00812183E+00  1.00000000E+00  7.44652107E+00 -4.97130166E-01  4.00495971E-01  1.49251369E+00  9.97639774E-01  1.97949567E-01
 -8.95852792E+00  1.00000000E+00  7.40695264E+00 -4.97137076E-01  4.00486193E-01  1.49244130E+00  9.97662283E-01  1.97911606E-01
 -8.90893401E+00  1.00000000E+00  7.36738422E+00 -4.97143986E-01  4.00466541E-01  1.49236891E+00  9.97684792E-01  1.97873647E-01
 -8.85934010E+00  1.00000000E+00  7.32779336E+00 -4.97128036E-01  4.00476686E-01  1.49244487E+00  9.97661549E-01  1.97913330E-01
 -8.80974619E+00  1.00000000E+00  7.28820250E+00 -4.97112086E-01  4.00493385E-01  1.49252085E+00  9.97638307E-01  1.97953015E-01
 -8.76015229E+00  1.00000000E+00  7.24862513E+00 -4.97113394E-01  4.00478181E-01  1.49244878E+00  9.97651068E-01  1.97919086E-01
 -8.71055838E+00  1.00000000E+00  7.20904776E+00 -4.97114702E-01  4.00463161E-01  1.49237673E+00  9.97663830E-01  1.97885159E-01
 -8.66096447E+00  1.00000000E+00  7.16947275E+00 -4.97072586E-01  4.00475355E-01  1.49247741E+00  9.97626363E-01  1.97940418E-01
 -8.61137056E+00  1.00000000E+00  7.12989774E+00 -4.97030467E-01  4.00490600E-01  1.49257810E+00  9.97588898E-01  1.97995680E-01
 -8.56177665E+00  1.00000000E+00  7.09031673E+00 -4.97049333E-01  4.00481043E-01  1.49253242E+00  9.97603193E-01  1.97971689E-01
 -8.51218274E+00  1.00000000E+00  7.05073571E+00 -4.97068197E-01  4.00474161E-01  1.49248674E+00  9.97617488E-01  1.97947700E-01
 -8.46258884E+00  1.00000000E+00  7.01117023E+00 -4.97149111E-01  4.00484825E-01  1.49241400E+00  9.97676666E-01  1.97894933E-01
 -8.41299493E+00  1.00000000E+00  6.97160475E+00 -4.97230023E-01  4.00485350E-01  1.49234127E+00  9.97735851E-01  1.97842169E-01
 -8.36340102E+00  1.00000000E+00  6.93200588E+00 -4.97116011E-01  4.00467501E-01  1.49247216E+00  9.97651644E-01  1.97928208E-01
 -8.31380711E+00  1.00000000E+00  6.89240700E+00 -4.97001994E-01  4.00486908E-01  1.49260309E+00  9.97567451E-01  1.98014254E-01
 -8.26421320E+00  1.00000000E+00  6.85284294E+00 -4.97045204E-01  4.00479391E-01  1.49252623E+00  9.97603709E-01  1.97969008E-01
 -8.21461929E+00  1.00000000E+00  6.81327889E+00 -4.97088413E-01  4.00470769E-01  1.49244938E+00  9.97639968E-01  1.97923765E-01
 -8.16502538E+00  1.00000000E+00  6.77371411E+00 -4.97157960E-01  4.00479151E-01  1.49239388E+00  9.97686495E-01  1.97882955E-01
 -8.11543148E+00  1.00000000E+00  6.73414933E+00 -4.97227505E-01  4.00475875E-01  1.49233839E+00  9.97733027E-01  1.97842147E-01
 -8.06583757E+00  1.00000000E+00  6.69454788E+00 -4.97131518E-01  4.00468488E-01  1.49245310E+00  9.97662640E-01  1.97916185E-01
 -8.01624366E+00  1.00000000E+00  6.65494643E+00 -4.97035527E-01  4.00484825E-01  1.49256784E+00  9.97592263E-01  1.97990229E-01
 -7.96664975E+00  1.00000000E+00  6.61537386E+00 -4.97058012E-01  4.00473120E-01  1.49251501E+00  9.97611898E-01  1.97961245E-01
 -7.91705584E+00  1.00000000E+00  6.57580130E+00 -4.97080497E-01  4.00470221E-01  1.49246219E+00  9.97631534E-01  1.97932262E-01
 -7.86746193E+00  1.00000000E+00  6.53623956E+00 -4.97159817E-01  4.00480941E-01  1.49239875E+00  9.97683817E-01  1.97885973E-01
 -7.81786802E+00  1.00000000E+00  6.49667782E+00 -4.97239135E-01  4.00485609E-01  1.49233532E+00  9.97736106E-01  1.97839686E-01
 -7.76827412E+00  1.00000000E+00  6.45708009E+00 -4.97125218E-01  4.00471780E-01  1.49247150E+00  9.97654419E-01  1.97926831E-01
 -7.71868021E+00  1.00000000E+00  6.41748235E+00 -4.97011294E-01  4.00488673E-01  1.49260771E+00  9.97572745E-01  1.98013985E-01
 -7.66908630E+00  1.00000000E+00  6.37791115E+00 -4.97049598E-01  4.00479082E-01  1.49252275E+00  9.97607058E-01  1.97966275E-01
 -7.61949239E+00  1.00000000E+00  6.33833995E+00 -4.97087901E-01  4.00467990E-01  1.49243779E+00  9.97641372E-01  1.97918568E-01
 -7.56989848E+00  1.00000000E+00  6.29877864E+00 -4.97158782E-01  4.00477577E-01  1.49239081E+00  9.97687352E-01  1.97881383E-01
 -7.52030457E+00  1.00000000E+00  6.25921733E+00 -4.97229663E-01  4.00476050E-01  1.49234383E+00  9.97733337E-01  1.97844199E-01
 -7.47071066E+00  1.00000000E+00  6.21961472E+00 -4.97131748E-01  4.00468094E-01  1.49245529E+00  9.97662753E-01  1.97917016E-01
 -7.42111676E+00  1.00000000E+00  6.18001212E+00 -4.97033829E-01  4.00484707E-01  1.49256677E+00  9.97592178E-01  1.97989839E-01
 -7.37152285E+00  1.00000000E+00  6.14044033E+00 -4.97056261E-01  4.00472926E-01  1.49251618E+00  9.97610758E-01  1.97962168E-01
 -7.32192894E+00  1.00000000E+00  6.10086854E+00 -4.97078693E-01  4.00470102E-01  1.49246558E+00  9.97629339E-01  1.97934498E-01
 -7.27233503E+00  1.00000000E+00  6.06130653E+00 -4.97160002E-01  4.00481748E-01  1.49240062E+00  9.97683617E-01  1.97886800E-01
 -7.22274112E+00  1.00000000E+00  6.02174451E+00 -4.97241310E-01  4.00486524E-01  1.49233566E+00  9.97737902E-01  1.97839105E-01
 -7.17314721E+00  1.00000000E+00  5.98214530E+00 -4.97126055E-01  4.00471427E-01  1.49247133E+00  9.97655324E-01  1.97926402E-01
 -7.12355330E+00  1.00000000E+00  5.94254608E+00 -4.97010793E-01  4.00488075E-01  1.49260703E+00  9.97572759E-01  1.98013707E-01
 -7.07395940E+00  1.00000000E+00  5.90297625E+00 -4.97049320E-01  4.00478502E-01  1.49252215E+00  9.97607109E-01  1.97966015E-01
 -7.02436549E+00  1.00000000E+00  5.86340643E+00 -4.97087844E-01  4.00467709E-01  1.49243728E+00  9.97641461E-01  1.97918326E-01
 -6.97477158E+00  1.00000000E+00  5.82384479E+00 -4.97158822E-01  4.00477674E-01  1.49239092E+00  9.97687236E-01  1.97881475E-01
 -6.92517767E+00  1.00000000E+00  5.78428316E+00 -4.97229799E-01  4.00476392E-01  1.49234458E+00  9.97733016E-01  1.97844625E-01
 -6.87558376E+00  1.00000000E+00  5.74468043E+00 -4.97132804E-01  4.00468561E-01  1.49245629E+00  9.97663200E-01  1.97917235E-01
 -6.82598985E+00  1.00000000E+00  5.70507770E+00 -4.97035805E-01  4.00485132E-01  1.49256802E+00  9.97593394E-01  1.97989851E-01
 -6.77639594E+00  1.00000000E+00  5.66550621E+00 -4.97056994E-01  4.00472321E-01  1.49251481E+00  9.97611819E-01  1.97961195E-01
 -6.72680204E+00  1.00000000E+00  5.62593471E+00 -4.97078182E-01  4.00468810E-01  1.49246160E+00  9.97630246E-01  1.97932540E-01
 -6.67720813E+00  1.00000000E+00  5.58637327E+00 -4.97159916E-01  4.00481064E-01  1.49239858E+00  9.97683784E-01  1.97885920E-01
 -6.62761422E+00  1.00000000E+00  5.54681183E+00 -4.97241649E-01  4.00486988E-01  1.49233558E+00  9.97737328E-01  1.97839302E-01
 -6.57802031E+00  1.00000000E+00  5.50721208E+00 -4.97126706E-01  4.00471808E-01  1.49247076E+00  9.97655576E-01  1.97926073E-01
 -6.52842640E+00  1.00000000E+00  5.46761233E+00 -4.97011757E-01  4.00487966E-01  1.49260597E+00  9.97573838E-01  1.98012852E-01
 -6.47883249E+00  1.00000000E+00  5.42804203E+00 -4.97049611E-01  4.00478015E-01  1.49252020E+00  9.97607933E-01  1.97964907E-01
 -6.42923858E+00  1.00000000E+00  5.38847173E+00 -4.97087464E-01  4.00466994E-01  1.49243444E+00  9.97642030E-01  1.97916964E-01
 -6.37964468E+00  1.00000000E+00  5.34891043E+00 -4.97158220E-01  4.00476909E-01  1.49238941E+00  9.97687293E-01  1.97880848E-01
 -6.33005077E+00  1.00000000E+00  5.30934914E+00 -4.97228974E-01  4.00475823E-01  1.49234439E+00  9.97732560E-01  1.97844733E-01
 -6.28045686E+00  1.00000000E+00  5.26974670E+00 -4.97131331E-01  4.00468146E-01  1.49245565E+00  9.97662287E-01  1.97917345E-01
 -6.23086295E+00  1.00000000E+00  5.23014426E+00 -4.97033684E-01  4.00484873E-01  1.49256693E+00  9.97592023E-01  1.97989962E-01
 -6.18126904E+00  1.00000000E+00  5.19057208E+00 -4.97056417E-01  4.00473160E-01  1.49251671E+00  9.97610607E-01  1.97962440E-01
 -6.13167513E+00  1.00000000E+00  5.15099991E+00 -4.97079150E-01  4.00470240E-01  1.49246649E+00  9.97629192E-01  1.97934919E-01
 -6.08208123E+00  1.00000000E+00  5.11143770E+00 -4.97159273E-01  4.00481684E-01  1.49239973E+00  9.97683539E-01  1.97886477E-01
 -6.03248732E+00  1.00000000E+00  5.07187549E+00 -4.97239395E-01  4.00485823E-01  1.49233298E+00  9.97737892E-01  1.97838036E-01
 -5.98289341E+00  1.00000000E+00  5.03227755E+00 -4.97125528E-01  4.00471108E-01  1.49247030E+00  9.97655311E-01  1.97925997E-01
 -5.93329950E+00  1.00000000E+00  4.99267960E+00 -4.97011654E-01  4.00488569E-01  1.49260766E+00  9.97572745E-01  1.98013965E-01
 -5.88370559E+00  1.00000000E+00  4.95310790E+00 -4.97050694E-01  4.00479457E-01  1.49252341E+00  9.97607567E-01  1.97966337E-01
 -5.83411168E+00  1.00000000E+00  4.91353620E+00 -4.97089731E-01  4.00468774E-01  1.49243917E+00  9.97642391E-01  1.97918712E-01
 -5.78451777E+00  1.00000000E+00  4.87397435E+00 -4.97158790E-01  4.00477277E-01  1.49238954E+00  9.97687863E-01  1.97880672E-01
 -5.73492387E+00  1.00000000E+00  4.83441251E+00 -4.97227848E-01  4.00474202E-01  1.49233992E+00  9.97733340E-01  1.97842633E-01
 -5.68532996E+00  1.00000000E+00  4.79481088E+00 -4.97125430E-01  4.00467398E-01  1.49245696E+00  9.97659231E-01  1.97919092E-01
 -5.63573605E+00  1.00000000E+00  4.75520926E+00 -4.97023007E-01  4.00485485E-01  1.49257403E+00  9.97585134E-01  1.97995558E-01
 -5.58614214E+00  1.00000000E+00  4.71563705E+00 -4.97044010E-01  4.00474458E-01  1.49253264E+00  9.97599459E-01  1.97973274E-01
 -5.53654823E+00  1.00000000E+00  4.67606483E+00 -4.97065012E-01  4.00472417E-01  1.49249126E+00  9.97613784E-01  1.97950991E-01
 -5.48695432E+00  1.00000000E+00  4.63649969E+00 -4.97147101E-01  4.00485309E-01  1.49241787E+00  9.97673983E-01  1.97897555E-01
 -5.43736041E+00  1.00000000E+00  4.59693455E+00 -4.97229188E-01  4.00486238E-01  1.49234449E+00  9.97734189E-01  1.97844122E-01
 -5.38776651E+00  1.00000000E+00  4.55733561E+00 -4.97115849E-01  4.00468464E-01  1.49247404E+00  9.97650816E-01  1.97929292E-01
 -5.33817260E+00  1.00000000E+00  4.51773667E+00 -4.97002505E-01  4.00487524E-01  1.49260363E+00  9.97567457E-01  1.98014469E-01
 -5.28857869E+00  1.00000000E+00  4.47817242E+00 -4.97045253E-01  4.00479735E-01  1.49252638E+00  9.97603686E-01  1.97969076E-01
 -5.23898478E+00  1.00000000E+00  4.43860817E+00 -4.97087999E-01  4.00470797E-01  1.49244913E+00  9.97639916E-01  1.97923685E-01
 -5.18939087E+00  1.00000000E+00  4.39904362E+00 -4.97157245E-01  4.00479185E-01  1.49239535E+00  9.97685334E-01  1.97884006E-01
 -5.13979696E+00  1.00000000E+00  4.35947906E+00 -4.97226489E-01  4.00476552E-01  1.49234158E+00  9.97730756E-01  1.97844329E-01
 -5.09020305E+00  1.00000000E+00  4.31987198E+00 -4.97124200E-01  4.00471049E-01  1.49245841E+00  9.97656792E-01  1.97920646E-01
 -5.04060915E+00  1.00000000E+00  4.28026491E+00 -4.97021906E-01  4.00486799E-01  1.49257526E+00  9.97582839E-01  1.97996968E-01
 -4.99101524E+00  1.00000000E+00  4.24070023E+00 -4.97048209E-01  4.00476956E-01  1.49253423E+00  9.97602520E-01  1.97972683E-01
 -4.94142133E+00  1.00000000E+00  4.20113556E+00 -4.97074512E-01  4.00479620E-01  1.49249320E+00  9.97622201E-01  1.97948399E-01
 -4.89182742E+00  1.00000000E+00  4.16156986E+00 -4.97131965E-01  4.00483102E-01  1.49244165E+00  9.97661817E-01  1.97911935E-01
 -4.84223351E+00  1.00000000E+00  4.12200416E+00 -4.97189417E-01  4.00483563E-01  1.49239011E+00  9.97701436E-01  1.97875471E-01
 -4.79263960E+00  1.00000000E+00  4.08240604E+00 -4.97109441E-01  4.00472027E-01  1.49248355E+00  9.97644971E-01  1.97935431E-01
 -4.74304569E+00  1.00000000E+00  4.04280793E+00 -4.97029461E-01  4.00482831E-01  1.49257700E+00  9.97588512E-01  1.97995394E-01
 -4.69345179E+00  1.00000000E+00  4.00323752E+00 -4.97059791E-01  4.00474902E-01  1.49250979E+00  9.97615411E-01  1.97957752E-01
 -4.64385788E+00  1.00000000E+00  3.96366711E+00 -4.97090121E-01  4.00465164E-01  1.49244259E+00  9.97642311E-01  1.97920112E-01
 -4.59426397E+00  1.00000000E+00  3.92411057E+00 -4.97168714E-01  4.00475415E-01  1.49238426E+00  9.97694877E-01  1.97875755E-01
 -4.54467006E+00  1.00000000E+00  3.88455404E+00 -4.97247306E-01  4.00477037E-01  1.49232595E+00  9.97747449E-01  1.97831399E-01
 -4.49507615E+00  1.00000000E+00  3.84498433E+00 -4.97272275E-01  4.00469164E-01  1.49230843E+00  9.97763245E-01  1.97818075E-01
 -4.44548224E+00  1.00000000E+00  3.80541462E+00 -4.97297244E-01  4.00481021E-01  1.49229092E+00  9.97779041E-01  1.97804750E-01
 -4.39588833E+00  1.00000000E+00  3.76578910E+00 -4.97127340E-01  4.00457661E-01  1.49242459E+00  9.97668751E-01  1.97902337E-01
 -4.34629443E+00  1.00000000E+00  3.72616359E+00 -4.96957428E-01  4.00454028E-01  1.49255832E+00  9.97558490E-01  1.97999933E-01
 -4.29670052E+00  1.00000000E+00  3.68661748E+00 -4.97081042E-01  4.00468060E-01  1.49247063E+00  9.97636814E-01  1.97933528E-01
 -4.24710661E+00  1.00000000E+00  3.64707136E+00 -4.97204652E-01  4.00493843E-01  1.49238297E+00  9.97715153E-01  1.97867126E-01
 -4.19751270E+00  1.00000000E+00  3.60746693E+00 -4.97086933E-01  4.00469734E-01  1.49250222E+00  9.97629673E-01  1.97949020E-01
 -4.14791879E+00  1.00000000E+00  3.56786250E+00 -4.96969209E-01  4.00483950E-01  1.49262151E+00  9.97544208E-01  1.98030921E-01
 -4.09832488E+00  1.00000000E+00  3.52830439E+00 -4.97023047E-01  4.00480947E-01  1.49257326E+00  9.97583420E-01  1.97995935E-01
 -4.04873097E+00  1.00000000E+00  3.48874628E+00 -4.97076883E-01  4.00492041E-01  1.49252501E+00  9.97622636E-01  1.97960950E-01
 -3.99913707E+00  1.00000000E+00  3.44916009E+00 -4.97082455E-01  4.00478872E-01  1.49246929E+00  9.97638159E-01  1.97932452E-01
 -3.94954316E+00  1.00000000E+00  3.40957390E+00 -4.97088027E-01  4.00452906E-01  1.49241357E+00  9.97653682E-01  1.97903956E-01
 -3.89994925E+00  1.00000000E+00  3.37003081E+00 -4.97189669E-01  4.00471607E-01  1.49236670E+00  9.97712930E-01  1.97861507E-01
 -3.85035534E+00  1.00000000E+00  3.33048772E+00 -4.97291311E-01  4.00483373E-01  1.49231984E+00  9.97772188E-01  1.97819060E-01
 -3.80076143E+00  1.00000000E+00  3.29086396E+00 -4.97181259E-01  4.00468425E-01  1.49243339E+00  9.97689305E-01  1.97897634E-01
 -3.75116752E+00  1.00000000E+00  3.25124020E+00 -4.97071203E-01  4.00486643E-01  1.49254697E+00  9.97606435E-01  1.97976214E-01
 -3.70157361E+00  1.00000000E+00  3.21166764E+00 -4.97144859E-01  4.00479643E-01  1.49245236E+00  9.97660206E-01  1.97916861E-01
 -3.65197971E+00  1.00000000E+00  3.17209509E+00 -4.97218512E-01  4.00487513E-01  1.49235776E+00  9.97713982E-01  1.97857511E-01
 -3.60238580E+00  1.00000000E+00  3.13253229E+00 -4.97199425E-01  4.00479712E-01  1.49233779E+00  9.97712299E-01  1.97850198E-01
 -3.55279189E+00  1.00000000E+00  3.09296949E+00 -4.97180338E-01  4.00460914E-01  1.49231783E+00  9.97710615E-01  1.97842885E-01
 -3.50319798E+00  1.00000000E+00  3.05337858E+00 -4.97125763E-01  4.00471996E-01  1.49241074E+00  9.97663256E-01  1.97898993E-01
 -3.45360407E+00  1.00000000E+00  3.01378767E+00 -4.97071187E-01  4.00478045E-01  1.49250366E+00  9.97615900E-01  1.97955105E-01
 -3.40401016E+00  1.00000000E+00  2.97424195E+00 -4.97174331E-01  4.00477904E-01  1.49240451E+00  9.97691304E-01  1.97885281E-01
 -3.35441626E+00  1.00000000E+00  2.93469622E+00 -4.97277471E-01  4.00484652E-01  1.49230537E+00  9.97766719E-01  1.97815461E-01
 -3.30482235E+00  1.00000000E+00  2.89508451E+00 -4.97155502E-01  4.00472867E-01  1.49243543E+00  9.97680198E-01  1.97902093E-01
 -3.25522844E+00  1.00000000E+00  2.85547280E+00 -4.97033527E-01  4.00484599E-01  1.49256552E+00  9.97593691E-01  1.97988732E-01
 -3.20563453E+00  1.00000000E+00  2.81589347E+00 -4.97046609E-01  4.00469887E-01  1.49249947E+00  9.97609332E-01  1.97956054E-01
 -3.15604062E+00  1.00000000E+00  2.77631414E+00 -4.97059691E-01  4.00464383E-01  1.49243342E+00  9.97624973E-01  1.97923377E-01
 -3.10644671E+00  1.00000000E+00  2.73674235E+00 -4.97036320E-01  4.00472544E-01  1.49250459E+00  9.97603095E-01  1.97960597E-01
 -3.05685280E+00  1.00000000E+00  2.69717056E+00 -4.97012947E-01  4.00478152E-01  1.49257576E+00  9.97581217E-01  1.97997819E-01
 -3.00725890E+00  1.00000000E+00  2.65762310E+00 -4.97122804E-01  4.00480224E-01  1.49246353E+00  9.97660607E-01  1.97921168E-01
 -2.95766499E+00  1.00000000E+00  2.61807565E+00 -4.97232656E-01  4.00480881E-01  1.49235132E+00  9.97740010E-01  1.97844523E-01
 -2.90807108E+00  1.00000000E+00  2.57845896E+00 -4.97117755E-01  4.00463826E-01  1.49246618E+00  9.97656489E-01  1.97923876E-01
 -2.85847717E+00  1.00000000E+00  2.53884226E+00 -4.97002849E-01  4.00470232E-01  1.49258107E+00  9.97572982E-01  1.98003235E-01
 -2.80888326E+00  1.00000000E+00  2.49930130E+00 -4.97169700E-01  4.00476748E-01  1.49241497E+00  9.97688752E-01  1.97890487E-01
 -2.75928935E+00  1.00000000E+00  2.45976034E+00 -4.97336541E-01  4.00482523E-01  1.49224893E+00  9.97804550E-01  1.97777752E-01
 -2.70969544E+00  1.00000000E+00  2.42016413E+00 -4.97263317E-01  4.00467114E-01  1.49231028E+00  9.97755862E-01  1.97821768E-01
 -2.66010154E+00  1.00000000E+00  2.38056791E+00 -4.97190091E-01  4.00476755E-01  1.49237164E+00  9.97707180E-01  1.97865785E-01
 -2.61050763E+00  1.00000000E+00  2.34098331E+00 -4.97113426E-01  4.00461498E-01  1.49244255E+00  9.97655195E-01  1.97914943E-01
 -2.56091372E+00  1.00000000E+00  2.30139871E+00 -4.97036760E-01  4.00474997E-01  1.49251347E+00  9.97603215E-01  1.97964103E-01
 -2.51131981E+00  1.00000000E+00  2.26180688E+00 -4.97045785E-01  4.00471944E-01  1.49250079E+00  9.97606553E-01  1.97957696E-01
 -2.46172590E+00  1.00000000E+00  2.22221505E+00 -4.97054810E-01  4.00469192E-01  1.49248811E+00  9.97609890E-01  1.97951289E-01
 -2.41213199E+00  1.00000000E+00  2.18266371E+00 -4.97144964E-01  4.00478347E-01  1.49241824E+00  9.97673500E-01  1.97897894E-01
 -2.36253808E+00  1.00000000E+00  2.14311236E+00 -4.97235117E-01  4.00482816E-01  1.49234837E+00  9.97737117E-01  1.97844502E-01
 -2.31294418E+00  1.00000000E+00  2.10351904E+00 -4.97119177E-01  4.00466746E-01  1.49245297E+00  9.97656063E-01  1.97918764E-01
 -2.26335027E+00  1.00000000E+00  2.06392573E+00 -4.97003232E-01  4.00476960E-01  1.49255760E+00  9.97575023E-01  1.97993031E-01
 -2.21375636E+00  1.00000000E+00  2.02433720E+00 -4.97028597E-01  4.00474954E-01  1.49252608E+00  9.97592280E-01  1.97973520E-01
 -2.16416245E+00  1.00000000E+00  1.98474867E+00 -4.97053961E-01  4.00472419E-01  1.49249456E+00  9.97609537E-01  1.97954009E-01
 -2.11456854E+00  1.00000000E+00  1.94518643E+00 -4.97085464E-01  4.00474234E-01  1.49247897E+00  9.97630845E-01  1.97939248E-01
 -2.06497463E+00  1.00000000E+00  1.90562420E+00 -4.97116967E-01  4.00482462E-01  1.49246337E+00  9.97652154E-01  1.97924488E-01
 -2.01538072E+00  1.00000000E+00  1.86604976E+00 -4.97113886E-01  4.00466261E-01  1.49239311E+00  9.97668658E-01  1.97889781E-01
 -1.96578682E+00  1.00000000E+00  1.82647531E+00 -4.97110805E-01  4.00438214E-01  1.49232285E+00  9.97685162E-01  1.97855076E-01
 -1.91619291E+00  1.00000000E+00  1.78689480E+00 -4.97097786E-01  4.00447330E-01  1.49238359E+00  9.97663072E-01  1.97888207E-01
 -1.86659900E+00  1.00000000E+00  1.74731429E+00 -4.97084768E-01  4.00465042E-01  1.49244433E+00  9.97640982E-01  1.97921338E-01
 -1.81700509E+00  1.00000000E+00  1.70773283E+00 -4.97084173E-01  4.00442131E-01  1.49235037E+00  9.97661082E-01  1.97875715E-01
 -1.76741118E+00  1.00000000E+00  1.66815138E+00 -4.97083578E-01  4.00417338E-01  1.49225642E+00  9.97681182E-01  1.97830094E-01
 -1.71781727E+00  1.00000000E+00  1.62858298E+00 -4.97036077E-01  4.00418365E-01  1.49230752E+00  9.97647908E-01  1.97863844E-01
 -1.66822336E+00  1.00000000E+00  1.58901458E+00 -4.96988574E-01  4.00422287E-01  1.49235863E+00  9.97614637E-01  1.97897596E-01
 -1.61862946E+00  1.00000000E+00  1.54944308E+00 -4.96985119E-01  4.00396869E-01  1.49225731E+00  9.97636208E-01  1.97848442E-01
 -1.56903555E+00  1.00000000E+00  1.50987159E+00 -4.96981663E-01  4.00362154E-01  1.49215601E+00  9.97657780E-01  1.97799291E-01
 -1.51944164E+00  1.00000000E+00  1.47035536E+00 -4.97002788E-01  4.00349263E-01  1.49207903E+00  9.97694541E-01  1.97753794E-01
 -1.46984773E+00  1.00000000E+00  1.43083913E+00 -4.97023912E-01  4.00331130E-01  1.49200205E+00  9.97731304E-01  1.97708298E-01
 -1.42025382E+00  1.00000000E+00  1.39125343E+00 -4.96880069E-01  4.00269418E-01  1.49202673E+00  9.97654420E-01  1.97748925E-01
 -1.37065991E+00  1.00000000E+00  1.35166773E+00 -4.96736227E-01  4.00254051E-01  1.49205144E+00  9.97577553E-01  1.97789553E-01
 -1.32106600E+00  1.00000000E+00  1.31219878E+00 -4.96789587E-01  4.00225563E-01  1.49185047E+00  9.97650776E-01  1.97679879E-01
 -1.27147210E+00  1.00000000E+00  1.27272983E+00 -4.96842942E-01  4.00185580E-01  1.49164955E+00  9.97724005E-01  1.97570217E-01
 -1.22187819E+00  1.00000000E+00  1.23326289E+00 -4.96763939E-01  4.00134181E-01  1.49157609E+00  9.97706716E-01  1.97547749E-01
 -1.17228428E+00  1.00000000E+00  1.19379595E+00 -4.96684939E-01  4.00099013E-01  1.49150264E+00  9.97689432E-01  1.97525282E-01
 -1.12269037E+00  1.00000000E+00  1.15442421E+00 -4.96635964E-01  4.00051989E-01  1.49139004E+00  9.97693738E-01  1.97478520E-01
 -1.07309646E+00  1.00000000E+00  1.11505247E+00 -4.96586991E-01  4.00000005E-01  1.49127745E+00  9.97698046E-01  1.97431762E-01
 -1.02350255E+00  1.00000000E+00  1.07579731E+00 -4.96548663E-01  3.99977119E-01  1.49126276E+00  9.97699028E-01  1.97425494E-01
 -9.73908645E-01  1.00000000E+00  1.03654215E+00 -4.96510334E-01  3.99978642E-01  1.49124807E+00  9.97700011E-01  1.97419226E-01
 -9.24314736E-01  1.00000000E+00  9.97454954E-01 -4.96547876E-01  4.00011782E-01  1.49137452E+00  9.97664289E-01  1.97484092E-01
 -8.74720828E-01  1.00000000E+00  9.58367759E-01 -4.96585420E-01  4.00048618E-01  1.49150097E+00  9.97628570E-01  1.97548961E-01
 -8.25312107E-01  1.00000000E+00  9.19690610E-01 -4.96785592E-01  4.00197128E-01  1.49198124E+00  9.97633042E-01  1.97739278E-01
 -7.75903387E-01  1.00000000E+00  8.81013461E-01 -4.96985818E-01  4.00407571E-01  1.49246166E+00  9.97637540E-01  1.97929649E-01
 -7.30665613E-01  1.00000000E+00  8.45948576E-01 -4.97511836E-01  4.00805285E-01  1.49336999E+00  9.97656651E-01  1.98285334E-01
 -6.85427839E-01  1.00000000E+00  8.10883691E-01 -4.98038115E-01  4.01239522E-01  1.49427894E+00  9.97675955E-01  1.98641193E-01
 -6.45465100E-01  1.00000000E+00  7.80350752E-01 -4.98811636E-01  4.01902707E-01  1.49596127E+00  9.97604535E-01  1.99342693E-01
 -6.05502361E-01  1.00000000E+00  7.49817812E-01 -4.99585845E-01  4.02654111E-01  1.49764558E+00  9.97533555E-01  2.00044810E-01
 -5.70199545E-01  1.00000000E+00  7.23236544E-01 -5.00827683E-01  4.03630209E-01  1.50025338E+00  9.97507390E-01  2.01098395E-01
 -5.34896729E-01  1.00000000E+00  6.96655276E-01 -5.02071279E-01  4.04757095E-01  1.50286597E+00  9.97482291E-01  2.02153472E-01
 -5.03710456E-01  1.00000000E+00  6.73529421E-01 -5.03928308E-01  4.06156397E-01  1.50661337E+00  9.97460355E-01  2.03661205E-01
 -4.72524184E-01  1.00000000E+00  6.50403565E-01 -5.05789094E-01  4.07739540E-01  1.51037075E+00  9.97440807E-01  2.05171977E-01
 -4.44974441E-01  1.00000000E+00  6.30680907E-01 -5.08417083E-01  4.09710718E-01  1.51554831E+00  9.97459213E-01  2.07235641E-01
 -4.17424698E-01  1.00000000E+00  6.10958250E-01 -5.11052425E-01  4.11950383E-01  1.52074498E+00  9.97482344E-01  2.09305056E-01
 -3.93087440E-01  1.00000000E+00  5.93950531E-01 -5.14210029E-01  4.14262503E-01  1.52698873E+00  9.97635668E-01  2.11741226E-01
 -3.68750182E-01  1.00000000E+00  5.76942812E-01 -5.17378461E-01  4.17003532E-01  1.53326001E+00  9.97795541E-01  2.14185787E-01
 -3.47250809E-01  1.00000000E+00  5.62419869E-01 -5.21120294E-01  4.20157886E-01  1.54163862E+00  9.97403554E-01  2.17694027E-01
 -3.25751437E-01  1.00000000E+00  5.47896927E-01 -5.24878238E-01  4.23683030E-01  1.55006485E+00  9.97021811E-01  2.21217215E-01
 -3.06759035E-01  1.00000000E+00  5.35681002E-01 -5.29930551E-01  4.27418528E-01  1.56032807E+00  9.97214869E-01  2.25245281E-01
 -2.87766633E-01  1.00000000E+00  5.23465077E-01 -5.35010699E-01  4.31521242E-01  1.57066364E+00  9.97424507E-01  2.29295654E-01
 -2.70988873E-01  1.00000000E+00  5.13234678E-01 -5.40465101E-01  4.36134292E-01  1.58291150E+00  9.97048739E-01  2.34345103E-01
 -2.54211113E-01  1.00000000E+00  5.03004279E-01 -5.45953539E-01  4.41072046E-01  1.59525850E+00  9.96693606E-01  2.39425958E-01
 -2.39389755E-01  1.00000000E+00  4.94720806E-01 -5.52619414E-01  4.46396123E-01  1.60991519E+00  9.96646418E-01  2.45307507E-01
 -2.24568396E-01  1.00000000E+00  4.86437333E-01 -5.59335530E-01  4.52070914E-01  1.62471222E+00  9.96628044E-01  2.51233668E-01
 -2.11472015E-01  1.00000000E+00  4.79715692E-01 -5.66985631E-01  4.58183328E-01  1.64211360E+00  9.96504854E-01  2.58243498E-01
 -1.98375634E-01  1.00000000E+00  4.72994051E-01 -5.74702907E-01  4.64671274E-01  1.65970769E+00  9.96419110E-01  2.65315430E-01
 -1.85977157E-01  1.00000000E+00  4.67738188E-01 -5.84590649E-01  4.72292661E-01  1.68225951E+00  9.96507458E-01  2.74300820E-01
 -1.73578680E-01  1.00000000E+00  4.62482325E-01 -5.94589711E-01  4.80416538E-01  1.70512780E+00  9.96655962E-01  2.83388735E-01
 -1.61180203E-01  1.00000000E+00  4.57818027E-01 -6.06297922E-01  4.90618376E-01  1.73449831E+00  9.95877727E-01  2.95448233E-01
 -1.48781726E-01  1.00000000E+00  4.53153730E-01 -6.18169877E-01  5.01517583E-01  1.76438257E+00  9.95186687E-01  3.07678353E-01
 -1.36383248E-01  1.00000000E+00  4.52284395E-01 -6.35809230E-01  5.15227799E-01  1.80968148E+00  9.94833106E-01  3.25939349E-01
 -1.23984771E-01  1.00000000E+00  4.51415059E-01 -6.53823334E-01  5.30402928E-01  1.85615695E+00  9.94661006E-01  3.44598378E-01
 -1.11586294E-01  1.00000000E+00  4.46116141E-01 -6.77360850E-01  5.50823655E-01  1.91718698E+00  9.94662434E-01  3.69009817E-01
 -9.91878171E-02  1.00000000E+00  4.40817223E-01 -7.01543872E-01  5.72312870E-01  1.98024397E+00  9.94969455E-01  3.94109808E-01
 -8.67893400E-02  1.00000000E+00  4.66203187E-01 -7.34652000E-01  6.04727392E-01  2.11295986E+00  9.83320041E-01  4.51855929E-01
 -7.43908628E-02  1.00000000E+00  4.91589152E-01 -7.69536925E-01  6.45495102E-01  2.25452883E+00  9.72486632E-01  5.12816881E-01
 -6.19923857E-02  1.00000000E+00  4.33508894E-01 -8.02595122E-01  6.94954197E-01  2.35972404E+00  9.71660056E-01  5.55225595E-01
 -4.95939085E-02  1.00000000E+00  3.75428636E-01 -8.36951324E-01  7.38692473E-01  2.46980884E+00  9.71338049E-01  5.99388317E-01
 -3.71954314E-02  1.00000000E+00  7.49468688E-01 -1.05246268E+00  8.50737588E-01  3.22333475E+00  9.80597798E-01  8.97094779E-01
 -2.47969543E-02  1.00000000E+00  1.12350874E+00 -1.32388570E+00  1.04860096E+00  4.20537067E+00  1.00690276E+00  1.27938716E+00
 -1.23984771E-02  1.00000000E+00  3.02938222E-01 -2.62263794E-01  1.77454668E+00  5.49055497E+00  5.49261574E-01  1.97651736E+00
  0.00000000E+00  1.00000000E+00 -5.17632296E-01  1.21521724E+00  3.16359783E+00  8.58757501E+00  5.79462988E-01  3.20324481E+00
