# curve 5 (die wall), step =      700, time =   5.60000000E+02
# N1 = tau_xx - tau_yy = G ( c_xx - c_yy ),  G =  8.0000E-01  (polymer part only)
#              x               y        pressure            c_xy        gammadot            c_xx            c_yy              N1
 -3.00000000E+00  1.00000000E+00  2.63922183E+00 -3.00038238E-01  3.99997641E-01  1.17986063E+00  1.00005064E+00  1.43847993E-01
 -2.95108291E+00  1.00000000E+00  2.60006283E+00 -3.00046542E-01  4.00001150E-01  1.17986340E+00  1.00005319E+00  1.43848170E-01
 -2.90216582E+00  1.00000000E+00  2.56090382E+00 -3.00054847E-01  4.00005457E-01  1.17986617E+00  1.00005574E+00  1.43848347E-01
 -2.85324873E+00  1.00000000E+00  2.52177470E+00 -3.00056783E-01  3.99999871E-01  1.17982884E+00  1.00006735E+00  1.43809188E-01
 -2.80433164E+00  1.00000000E+00  2.48264559E+00 -3.00058719E-01  3.99988861E-01  1.17979150E+00  1.00007897E+00  1.43770029E-01
 -2.75541455E+00  1.00000000E+00  2.44350325E+00 -3.00043103E-01  3.99996909E-01  1.17985649E+00  1.00005438E+00  1.43841684E-01
 -2.70649746E+00  1.00000000E+00  2.40436091E+00 -3.00027487E-01  3.99998297E-01  1.17992148E+00  1.00002980E+00  1.43913342E-01
 -2.65758037E+00  1.00000000E+00  2.36523375E+00 -3.00033650E-01  3.99996974E-01  1.17989794E+00  1.00003930E+00  1.43886909E-01
 -2.60866328E+00  1.00000000E+00  2.32610659E+00 -3.00039813E-01  4.00000077E-01  1.17987440E+00  1.00004881E+00  1.43860477E-01
 -2.55974619E+00  1.00000000E+00  2.28696812E+00 -3.00031740E-01  3.99997137E-01  1.17990897E+00  1.00003555E+00  1.43898738E-01
 -2.51082911E+00  1.00000000E+00  2.24782964E+00 -3.00023667E-01  4.00007878E-01  1.17994354E+00  1.00002229E+00  1.43937000E-01
 -2.46191202E+00  1.00000000E+00  2.20869917E+00 -3.00030207E-01  4.00000444E-01  1.17990794E+00  1.00003531E+00  1.43898108E-01
 -2.41299493E+00  1.00000000E+00  2.16956871E+00 -3.00036747E-01  3.99991915E-01  1.17987234E+00  1.00004832E+00  1.43859217E-01
 -2.36407784E+00  1.00000000E+00  2.13043112E+00 -3.00025884E-01  3.99997023E-01  1.17991373E+00  1.00003180E+00  1.43905548E-01
 -2.31516075E+00  1.00000000E+00  2.09129353E+00 -3.00015020E-01  4.00003121E-01  1.17995512E+00  1.00001528E+00  1.43951880E-01
 -2.26624366E+00  1.00000000E+00  2.05215877E+00 -3.00030234E-01  4.00000613E-01  1.17991196E+00  1.00003379E+00  1.43902538E-01
 -2.21732657E+00  1.00000000E+00  2.01302401E+00 -3.00045449E-01  4.00002786E-01  1.17986880E+00  1.00005231E+00  1.43853197E-01
 -2.16840948E+00  1.00000000E+00  1.97389906E+00 -3.00044802E-01  3.99997206E-01  1.17985130E+00  1.00005697E+00  1.43835468E-01
 -2.11949239E+00  1.00000000E+00  1.93477410E+00 -3.00044156E-01  3.99985863E-01  1.17983380E+00  1.00006163E+00  1.43817738E-01
 -2.07057530E+00  1.00000000E+00  1.89562871E+00 -3.00045786E-01  3.99990487E-01  1.17983599E+00  1.00006150E+00  1.43819588E-01
 -2.02165821E+00  1.00000000E+00  1.85648332E+00 -3.00047416E-01  3.99997452E-01  1.17983818E+00  1.00006138E+00  1.43821438E-01
 -1.97274112E+00  1.00000000E+00  1.81736168E+00 -3.00047822E-01  3.99984654E-01  1.17980105E+00  1.00007258E+00  1.43782777E-01
 -1.92382403E+00  1.00000000E+00  1.77824003E+00 -3.00048229E-01  3.99968103E-01  1.17976392E+00  1.00008378E+00  1.43744116E-01
 -1.87490694E+00  1.00000000E+00  1.73910232E+00 -3.00026085E-01  3.99965692E-01  1.17981862E+00  1.00006023E+00  1.43806717E-01
 -1.82598985E+00  1.00000000E+00  1.69996460E+00 -3.00003941E-01  3.99960752E-01  1.17987333E+00  1.00003668E+00  1.43869320E-01
 -1.77707276E+00  1.00000000E+00  1.66084269E+00 -3.00013320E-01  3.99957122E-01  1.17982625E+00  1.00005334E+00  1.43818329E-01
 -1.72815567E+00  1.00000000E+00  1.62172079E+00 -3.00022698E-01  3.99954896E-01  1.17977918E+00  1.00007001E+00  1.43767341E-01
 -1.67923858E+00  1.00000000E+00  1.58258203E+00 -3.00004258E-01  3.99934123E-01  1.17979580E+00  1.00005790E+00  1.43790319E-01
 -1.63032150E+00  1.00000000E+00  1.54344328E+00 -2.99985819E-01  3.99928039E-01  1.17981242E+00  1.00004579E+00  1.43813297E-01
 -1.58140441E+00  1.00000000E+00  1.50434980E+00 -2.99979109E-01  3.99905434E-01  1.17977106E+00  1.00005746E+00  1.43770877E-01
 -1.53248732E+00  1.00000000E+00  1.46525632E+00 -2.99972399E-01  3.99886511E-01  1.17972970E+00  1.00006913E+00  1.43728458E-01
 -1.48357023E+00  1.00000000E+00  1.42614716E+00 -2.99953078E-01  3.99864529E-01  1.17971192E+00  1.00006866E+00  1.43714601E-01
 -1.43465314E+00  1.00000000E+00  1.38703799E+00 -2.99933758E-01  3.99837203E-01  1.17969413E+00  1.00006820E+00  1.43700745E-01
 -1.38573605E+00  1.00000000E+00  1.34794588E+00 -2.99899640E-01  3.99804903E-01  1.17970490E+00  1.00005215E+00  1.43722200E-01
 -1.33681896E+00  1.00000000E+00  1.30885376E+00 -2.99865521E-01  3.99784812E-01  1.17971567E+00  1.00003610E+00  1.43743655E-01
 -1.28790187E+00  1.00000000E+00  1.26980999E+00 -2.99847612E-01  3.99749470E-01  1.17967537E+00  1.00004112E+00  1.43707399E-01
 -1.23898478E+00  1.00000000E+00  1.23076622E+00 -2.99829704E-01  3.99712532E-01  1.17963507E+00  1.00004614E+00  1.43671143E-01
 -1.19006769E+00  1.00000000E+00  1.19176797E+00 -2.99808174E-01  3.99681847E-01  1.17959375E+00  1.00005451E+00  1.43631387E-01
 -1.14115060E+00  1.00000000E+00  1.15276973E+00 -2.99786645E-01  3.99653591E-01  1.17955242E+00  1.00006288E+00  1.43591632E-01
 -1.09223351E+00  1.00000000E+00  1.11386300E+00 -2.99779457E-01  3.99631922E-01  1.17951819E+00  1.00006988E+00  1.43558650E-01
 -1.04331642E+00  1.00000000E+00  1.07495627E+00 -2.99772269E-01  3.99609555E-01  1.17948396E+00  1.00007687E+00  1.43525668E-01
 -9.94399333E-01  1.00000000E+00  1.03615033E+00 -2.99763037E-01  3.99615841E-01  1.17954043E+00  1.00005425E+00  1.43588945E-01
 -9.45482243E-01  1.00000000E+00  9.97344395E-01 -2.99753806E-01  3.99636725E-01  1.17959691E+00  1.00003163E+00  1.43652224E-01
 -8.96565154E-01  1.00000000E+00  9.58728522E-01 -2.99839852E-01  3.99728633E-01  1.17966094E+00  1.00004864E+00  1.43689845E-01
 -8.47648064E-01  1.00000000E+00  9.20112648E-01 -2.99925902E-01  3.99848422E-01  1.17972499E+00  1.00006565E+00  1.43727467E-01
 -7.99501858E-01  1.00000000E+00  8.82389005E-01 -3.00109727E-01  4.00049783E-01  1.17994601E+00  1.00008069E+00  1.43892259E-01
 -7.51355652E-01  1.00000000E+00  8.44665362E-01 -3.00293582E-01  4.00342973E-01  1.18016710E+00  1.00009575E+00  1.44057076E-01
 -7.08111109E-01  1.00000000E+00  8.11093206E-01 -3.00639589E-01  4.00722235E-01  1.18062968E+00  1.00007235E+00  1.44445862E-01
 -6.64866566E-01  1.00000000E+00  7.77521051E-01 -3.00985698E-01  4.01294387E-01  1.18109250E+00  1.00004905E+00  1.44834757E-01
 -6.26599939E-01  1.00000000E+00  7.48137467E-01 -3.01607741E-01  4.02030344E-01  1.18177575E+00  1.00009796E+00  1.45342228E-01
 -5.88333313E-01  1.00000000E+00  7.18753884E-01 -3.02230082E-01  4.02871329E-01  1.18245962E+00  1.00014720E+00  1.45849936E-01
 -5.54471587E-01  1.00000000E+00  6.93210249E-01 -3.03078671E-01  4.04014109E-01  1.18364171E+00  1.00002298E+00  1.46894987E-01
 -5.20609860E-01  1.00000000E+00  6.67666615E-01 -3.03927860E-01  4.05278076E-01  1.18482535E+00  9.99899431E-01  1.47940738E-01
 -4.90645977E-01  1.00000000E+00  6.45341458E-01 -3.05208897E-01  4.06763889E-01  1.18621331E+00  1.00005942E+00  1.48923114E-01
 -4.60682095E-01  1.00000000E+00  6.23016301E-01 -3.06491242E-01  4.08423511E-01  1.18760387E+00  1.00022078E+00  1.49906474E-01
 -4.34167380E-01  1.00000000E+00  6.03921376E-01 -3.08029841E-01  4.10559012E-01  1.18971701E+00  1.00002462E+00  1.51753910E-01
 -4.07652666E-01  1.00000000E+00  5.84826452E-01 -3.09570398E-01  4.12876337E-01  1.19183513E+00  9.99830656E-01  1.53603578E-01
 -3.84190072E-01  1.00000000E+00  5.68135682E-01 -3.11597342E-01  4.15339297E-01  1.19421258E+00  9.99969071E-01  1.55394809E-01
 -3.60727478E-01  1.00000000E+00  5.51444913E-01 -3.13627639E-01  4.18050440E-01  1.19659709E+00  1.00011093E+00  1.57188928E-01
 -3.39965684E-01  1.00000000E+00  5.37268951E-01 -3.16031462E-01  4.21326449E-01  1.19977216E+00  9.99979496E-01  1.59834132E-01
 -3.19203889E-01  1.00000000E+00  5.23092988E-01 -3.18440094E-01  4.24779041E-01  1.20295865E+00  9.99853137E-01  1.62484415E-01
 -3.00831998E-01  1.00000000E+00  5.11074707E-01 -3.21527240E-01  4.28587887E-01  1.20674810E+00  1.00000285E+00  1.65396197E-01
 -2.82460107E-01  1.00000000E+00  4.99056425E-01 -3.24622321E-01  4.32683495E-01  1.21055459E+00  1.00016052E+00  1.68315262E-01
 -2.66203017E-01  1.00000000E+00  4.88854312E-01 -3.28038857E-01  4.37324360E-01  1.21527821E+00  9.99941573E-01  1.72269308E-01
 -2.49945927E-01  1.00000000E+00  4.78652198E-01 -3.31465434E-01  4.42192186E-01  1.22002596E+00  9.99732819E-01  1.76234516E-01
 -2.35560203E-01  1.00000000E+00  4.70334573E-01 -3.35565789E-01  4.47358626E-01  1.22538151E+00  9.99862841E-01  1.80414935E-01
 -2.21174479E-01  1.00000000E+00  4.62016947E-01 -3.39680685E-01  4.52922311E-01  1.23076900E+00  1.00000677E+00  1.84609782E-01
 -2.08421419E-01  1.00000000E+00  4.54999020E-01 -3.44540391E-01  4.59103937E-01  1.23734953E+00  1.00004734E+00  1.89841755E-01
 -1.95668358E-01  1.00000000E+00  4.47981093E-01 -3.49420727E-01  4.65620188E-01  1.24397661E+00  1.00010749E+00  1.95095294E-01
 -1.83439085E-01  1.00000000E+00  4.42409930E-01 -3.54966606E-01  4.73259578E-01  1.25229175E+00  9.99734150E-01  2.02046082E-01
 -1.71209813E-01  1.00000000E+00  4.36838767E-01 -3.60540674E-01  4.81308198E-01  1.26067574E+00  9.99387061E-01  2.09030946E-01
 -1.58980541E-01  1.00000000E+00  4.31601770E-01 -3.68397186E-01  4.91127063E-01  1.27154351E+00  9.99865546E-01  2.17342370E-01
 -1.46751268E-01  1.00000000E+00  4.26364772E-01 -3.76309725E-01  5.01416511E-01  1.28253285E+00  1.00039298E+00  2.25711900E-01
 -1.34521996E-01  1.00000000E+00  4.24564308E-01 -3.86135555E-01  5.14941780E-01  1.29902493E+00  9.99417732E-01  2.39685756E-01
 -1.22292724E-01  1.00000000E+00  4.22763844E-01 -3.96057226E-01  5.29390773E-01  1.31576348E+00  9.98524233E-01  2.53791399E-01
 -1.10063451E-01  1.00000000E+00  4.15982613E-01 -4.12367626E-01  5.49203103E-01  1.33800893E+00  1.00107313E+00  2.69548642E-01
 -9.78341789E-02  1.00000000E+00  4.09201382E-01 -4.28921588E-01  5.68495631E-01  1.36074420E+00  1.00382017E+00  2.85539227E-01
 -8.56049065E-02  1.00000000E+00  4.33652368E-01 -4.47456974E-01  5.98042583E-01  1.40930596E+00  9.94998884E-01  3.31445664E-01
 -7.33756342E-02  1.00000000E+00  4.58103354E-01 -4.66464195E-01  6.34805403E-01  1.45963306E+00  9.86577522E-01  3.78444430E-01
 -6.11463618E-02  1.00000000E+00  3.82497649E-01 -5.06543092E-01  6.87218257E-01  1.50596433E+00  1.00161536E+00  4.03479176E-01
 -4.89170895E-02  1.00000000E+00  3.06891945E-01 -5.47973643E-01  7.17787953E-01  1.55449117E+00  1.01779291E+00  4.29358604E-01
 -3.66878171E-02  1.00000000E+00  7.18127298E-01 -6.82434851E-01  8.01435664E-01  1.78687606E+00  1.04691739E+00  5.91966936E-01
 -2.44585447E-02  1.00000000E+00  1.12936265E+00 -8.35031026E-01  9.61806494E-01  2.05803635E+00  1.08706319E+00  7.76778527E-01
 -1.22292724E-02  1.00000000E+00  1.56915873E-01 -3.81971186E-01  1.68666863E+00  2.98528910E+00  6.63665506E-01  1.85729888E+00
  0.00000000E+00  1.00000000E+00 -8.15530906E-01  2.07445686E-01  2.96197858E+00  4.82823014E+00  4.61954020E-01  3.49302090E+00
