# curve 5 (die wall), step =      900, time =   3.60000000E+02
# N1 = tau_xx - tau_yy = G ( c_xx - c_yy ),  G =  5.0000E-02  (polymer part only)
#              x               y        pressure            c_xy        gammadot            c_xx            c_yy              N1
 -1.00000000E+01  1.00000000E+00  7.80897028E+00 -3.10228272E+00  4.15031968E-01  2.21917432E+01  9.04036079E-01  1.06438536E+00
 -9.95040609E+00  1.00000000E+00  7.77264446E+00 -3.10057863E+00  4.15094947E-01  2.21792249E+01  9.03764185E-01  1.06377304E+00
 -9.90081218E+00  1.00000000E+00  7.73631863E+00 -3.09887547E+00  4.15140740E-01  2.21667136E+01  9.03492419E-01  1.06316106E+00
 -9.85121827E+00  1.00000000E+00  7.70079563E+00 -3.10056018E+00  4.15126190E-01  2.21816744E+01  9.03760770E-01  1.06389568E+00
 -9.80162437E+00  1.00000000E+00  7.66527262E+00 -3.10224585E+00  4.15091731E-01  2.21966452E+01  9.04029221E-01  1.06463080E+00
 -9.75203046E+00  1.00000000E+00  7.62895816E+00 -3.09966728E+00  4.15024670E-01  2.21862746E+01  9.03455713E-01  1.06414094E+00
 -9.70243655E+00  1.00000000E+00  7.59264370E+00 -3.09709030E+00  4.15047184E-01  2.21759091E+01  9.02882663E-01  1.06365132E+00
 -9.65284264E+00  1.00000000E+00  7.55674836E+00 -3.10214968E+00  4.15048703E-01  2.21828387E+01  9.04193913E-01  1.06393224E+00
 -9.60324873E+00  1.00000000E+00  7.52085302E+00 -3.10721212E+00  4.14835187E-01  2.21897749E+01  9.05507303E-01  1.06421338E+00
 -9.55365482E+00  1.00000000E+00  7.48559226E+00 -3.10666979E+00  4.14687326E-01  2.22099063E+01  9.05115392E-01  1.06523954E+00
 -9.50406091E+00  1.00000000E+00  7.45033150E+00 -3.10612525E+00  4.14560174E-01  2.22300587E+01  9.04723458E-01  1.06626676E+00
 -9.45446701E+00  1.00000000E+00  7.41342878E+00 -3.10341483E+00  4.14495140E-01  2.22087984E+01  9.04383807E-01  1.06522073E+00
 -9.40487310E+00  1.00000000E+00  7.37652606E+00 -3.10070684E+00  4.14554129E-01  2.21875584E+01  9.04044444E-01  1.06417570E+00
 -9.35527919E+00  1.00000000E+00  7.34090045E+00 -3.10242023E+00  4.14651018E-01  2.22006891E+01  9.04109245E-01  1.06482899E+00
 -9.30568528E+00  1.00000000E+00  7.30527484E+00 -3.10413459E+00  4.14685941E-01  2.22138276E+01  9.04174217E-01  1.06548267E+00
 -9.25609137E+00  1.00000000E+00  7.26952047E+00 -3.10415587E+00  4.14704110E-01  2.22125732E+01  9.04281054E-01  1.06541461E+00
 -9.20649746E+00  1.00000000E+00  7.23376610E+00 -3.10417716E+00  4.14803791E-01  2.22113188E+01  9.04387907E-01  1.06534655E+00
 -9.15690355E+00  1.00000000E+00  7.19738377E+00 -3.10127081E+00  4.14798493E-01  2.21997713E+01  9.03766945E-01  1.06480022E+00
 -9.10730965E+00  1.00000000E+00  7.16100143E+00 -3.09836644E+00  4.14875073E-01  2.21882302E+01  9.03146551E-01  1.06425418E+00
 -9.05771574E+00  1.00000000E+00  7.12514074E+00 -3.09814636E+00  4.15065449E-01  2.21930492E+01  9.02857905E-01  1.06450956E+00
 -9.00812183E+00  1.00000000E+00  7.08928006E+00 -3.09792627E+00  4.15237116E-01  2.21978693E+01  9.02569337E-01  1.06476500E+00
 -8.95852792E+00  1.00000000E+00  7.05331543E+00 -3.09929923E+00  4.15200397E-01  2.21917372E+01  9.03096420E-01  1.06443204E+00
 -8.90893401E+00  1.00000000E+00  7.01735081E+00 -3.10067172E+00  4.15133225E-01  2.21856081E+01  9.03623736E-01  1.06409922E+00
 -8.85934010E+00  1.00000000E+00  6.98168713E+00 -3.10231664E+00  4.15200612E-01  2.21979735E+01  9.03902906E-01  1.06470353E+00
 -8.80974619E+00  1.00000000E+00  6.94602346E+00 -3.10396245E+00  4.15136627E-01  2.22103459E+01  9.04182196E-01  1.06530818E+00
 -8.76015229E+00  1.00000000E+00  6.90982736E+00 -3.10265665E+00  4.15003164E-01  2.22010804E+01  9.03959624E-01  1.06485604E+00
 -8.71055838E+00  1.00000000E+00  6.87363126E+00 -3.10135139E+00  4.14972001E-01  2.21918189E+01  9.03737131E-01  1.06440409E+00
 -8.66096447E+00  1.00000000E+00  6.83781906E+00 -3.10072922E+00  4.14978900E-01  2.21853677E+01  9.03736163E-01  1.06408157E+00
 -8.61137056E+00  1.00000000E+00  6.80200687E+00 -3.10010721E+00  4.14989719E-01  2.21789183E+01  9.03735210E-01  1.06375916E+00
 -8.56177665E+00  1.00000000E+00  6.76597353E+00 -3.10161610E+00  4.15014981E-01  2.21835579E+01  9.04041732E-01  1.06397581E+00
 -8.51218274E+00  1.00000000E+00  6.72994019E+00 -3.10312541E+00  4.14977346E-01  2.21881986E+01  9.04348410E-01  1.06419251E+00
 -8.46258884E+00  1.00000000E+00  6.69411714E+00 -3.10427754E+00  4.14916585E-01  2.22050154E+01  9.04383518E-01  1.06503159E+00
 -8.41299493E+00  1.00000000E+00  6.65829409E+00 -3.10543004E+00  4.14811642E-01  2.22218452E+01  9.04418602E-01  1.06587133E+00
 -8.36340102E+00  1.00000000E+00  6.62232693E+00 -3.10286533E+00  4.14778406E-01  2.22055757E+01  9.04091121E-01  1.06507423E+00
 -8.31380711E+00  1.00000000E+00  6.58635977E+00 -3.10030257E+00  4.14857549E-01  2.21893181E+01  9.03763969E-01  1.06427771E+00
 -8.26421320E+00  1.00000000E+00  6.55012959E+00 -3.10015882E+00  4.14867749E-01  2.21858353E+01  9.03731652E-01  1.06410518E+00
 -8.21461929E+00  1.00000000E+00  6.51389942E+00 -3.10001504E+00  4.14905828E-01  2.21823531E+01  9.03699335E-01  1.06393269E+00
 -8.16502538E+00  1.00000000E+00  6.47827693E+00 -3.10357499E+00  4.14910680E-01  2.22019068E+01  9.04325809E-01  1.06487905E+00
 -8.11543148E+00  1.00000000E+00  6.44265443E+00 -3.10713849E+00  4.14723578E-01  2.22214780E+01  9.04952988E-01  1.06582625E+00
 -8.06583757E+00  1.00000000E+00  6.40652271E+00 -3.10279696E+00  4.14664524E-01  2.22049386E+01  9.04090046E-01  1.06504243E+00
 -8.01624366E+00  1.00000000E+00  6.37039099E+00 -3.09845955E+00  4.14808243E-01  2.21884128E+01  9.03228341E-01  1.06425922E+00
 -7.96664975E+00  1.00000000E+00  6.33434637E+00 -3.09969170E+00  4.14906734E-01  2.21864907E+01  9.03565387E-01  1.06414626E+00
 -7.91705584E+00  1.00000000E+00  6.29830175E+00 -3.10092369E+00  4.14989677E-01  2.21845693E+01  9.03902570E-01  1.06403334E+00
 -7.86746193E+00  1.00000000E+00  6.26251912E+00 -3.10172925E+00  4.15056901E-01  2.21995098E+01  9.03690226E-01  1.06479098E+00
 -7.81786802E+00  1.00000000E+00  6.22673649E+00 -3.10253510E+00  4.15082343E-01  2.22144606E+01  9.03477947E-01  1.06554913E+00
 -7.76827412E+00  1.00000000E+00  6.19075999E+00 -3.10055853E+00  4.15095267E-01  2.22013838E+01  9.03317169E-01  1.06490333E+00
 -7.71868021E+00  1.00000000E+00  6.15478349E+00 -3.09858312E+00  4.15172058E-01  2.21883147E+01  9.03156606E-01  1.06425791E+00
 -7.66908630E+00  1.00000000E+00  6.11857551E+00 -3.09901549E+00  4.15143951E-01  2.21866255E+01  9.03270747E-01  1.06416774E+00
 -7.61949239E+00  1.00000000E+00  6.08236752E+00 -3.09944780E+00  4.15107827E-01  2.21849365E+01  9.03384905E-01  1.06407758E+00
 -7.56989848E+00  1.00000000E+00  6.04686040E+00 -3.10489568E+00  4.15073778E-01  2.22046942E+01  9.04548716E-01  1.06500727E+00
 -7.52030457E+00  1.00000000E+00  6.01135327E+00 -3.11035003E+00  4.14800096E-01  2.22244716E+01  9.05714558E-01  1.06593785E+00
 -7.47071066E+00  1.00000000E+00  5.97520303E+00 -3.10507490E+00  4.14674311E-01  2.22077351E+01  9.04630192E-01  1.06515524E+00
 -7.42111676E+00  1.00000000E+00  5.93905278E+00 -3.09980507E+00  4.14788298E-01  2.21910136E+01  9.03547740E-01  1.06437329E+00
 -7.37152285E+00  1.00000000E+00  5.90296736E+00 -3.10030516E+00  4.14854409E-01  2.21875567E+01  9.03723610E-01  1.06419165E+00
 -7.32192894E+00  1.00000000E+00  5.86688194E+00 -3.10080510E+00  4.14925713E-01  2.21841006E+01  9.03899505E-01  1.06401005E+00
 -7.27233503E+00  1.00000000E+00  5.83106569E+00 -3.10133670E+00  4.14999606E-01  2.21991932E+01  9.03625675E-01  1.06477838E+00
 -7.22274112E+00  1.00000000E+00  5.79524944E+00 -3.10186833E+00  4.15027750E-01  2.22142966E+01  9.03351894E-01  1.06554723E+00
 -7.17314721E+00  1.00000000E+00  5.75927270E+00 -3.09994766E+00  4.15064137E-01  2.22003556E+01  9.03207439E-01  1.06485741E+00
 -7.12355330E+00  1.00000000E+00  5.72329597E+00 -3.09802815E+00  4.15153578E-01  2.21864233E+01  9.03063171E-01  1.06416801E+00
 -7.07395940E+00  1.00000000E+00  5.68708530E+00 -3.09853371E+00  4.15137610E-01  2.21850438E+01  9.03179386E-01  1.06409322E+00
 -7.02436549E+00  1.00000000E+00  5.65087463E+00 -3.09903919E+00  4.15112212E-01  2.21836645E+01  9.03295623E-01  1.06401844E+00
 -6.97477158E+00  1.00000000E+00  5.61540191E+00 -3.10522342E+00  4.15066801E-01  2.22041031E+01  9.04662276E-01  1.06497204E+00
 -6.92517767E+00  1.00000000E+00  5.57992919E+00 -3.11141553E+00  4.14754910E-01  2.22245638E+01  9.06031636E-01  1.06592661E+00
 -6.87558376E+00  1.00000000E+00  5.54382704E+00 -3.10626477E+00  4.14608579E-01  2.22087082E+01  9.04968882E-01  1.06518696E+00
 -6.82598985E+00  1.00000000E+00  5.50772490E+00 -3.10111894E+00  4.14709904E-01  2.21928663E+01  9.03907966E-01  1.06444792E+00
 -6.77639594E+00  1.00000000E+00  5.47156344E+00 -3.10039382E+00  4.14778050E-01  2.21875841E+01  9.03783129E-01  1.06419005E+00
 -6.72680204E+00  1.00000000E+00  5.43540197E+00 -3.09966887E+00  4.14876490E-01  2.21823031E+01  9.03658317E-01  1.06393224E+00
 -6.67720813E+00  1.00000000E+00  5.39955812E+00 -3.10006296E+00  4.14998547E-01  2.21969369E+01  9.03324693E-01  1.06468061E+00
 -6.62761422E+00  1.00000000E+00  5.36371427E+00 -3.10045704E+00  4.15076588E-01  2.22115809E+01  9.02991156E-01  1.06542949E+00
 -6.57802031E+00  1.00000000E+00  5.32774748E+00 -3.09906032E+00  4.15131212E-01  2.21988651E+01  9.02966416E-01  1.06479493E+00
 -6.52842640E+00  1.00000000E+00  5.29178069E+00 -3.09766430E+00  4.15227581E-01  2.21861566E+01  9.02941774E-01  1.06416074E+00
 -6.47883249E+00  1.00000000E+00  5.25560188E+00 -3.09847688E+00  4.15210055E-01  2.21858743E+01  9.03120983E-01  1.06413767E+00
 -6.42923858E+00  1.00000000E+00  5.21942306E+00 -3.09928943E+00  4.15175446E-01  2.21855923E+01  9.03300246E-01  1.06411460E+00
 -6.37964468E+00  1.00000000E+00  5.18394360E+00 -3.10509000E+00  4.15131205E-01  2.22052782E+01  9.04552187E-01  1.06503630E+00
 -6.33005077E+00  1.00000000E+00  5.14846415E+00 -3.11089757E+00  4.14842609E-01  2.22249842E+01  9.05806471E-01  1.06595889E+00
 -6.28045686E+00  1.00000000E+00  5.11229798E+00 -3.10539664E+00  4.14703029E-01  2.22083678E+01  9.04673756E-01  1.06518470E+00
 -6.23086295E+00  1.00000000E+00  5.07613181E+00 -3.09990123E+00  4.14805674E-01  2.21917668E+01  9.03543142E-01  1.06441118E+00
 -6.18126904E+00  1.00000000E+00  5.04006608E+00 -3.10060298E+00  4.14857565E-01  2.21885517E+01  9.03774314E-01  1.06423887E+00
 -6.13167513E+00  1.00000000E+00  5.00400036E+00 -3.10130455E+00  4.14915697E-01  2.21853373E+01  9.04005537E-01  1.06406659E+00
 -6.08208123E+00  1.00000000E+00  4.96815719E+00 -3.10149767E+00  4.14980246E-01  2.21994705E+01  9.03677177E-01  1.06478967E+00
 -6.03248732E+00  1.00000000E+00  4.93231401E+00 -3.10169057E+00  4.15002015E-01  2.22136134E+01  9.03348865E-01  1.06551322E+00
 -5.98289341E+00  1.00000000E+00  4.89633206E+00 -3.09989431E+00  4.15035325E-01  2.21994777E+01  9.03234605E-01  1.06481215E+00
 -5.93329950E+00  1.00000000E+00  4.86035010E+00 -3.09809912E+00  4.15118785E-01  2.21853510E+01  9.03120499E-01  1.06411152E+00
 -5.88370559E+00  1.00000000E+00  4.82416464E+00 -3.09873681E+00  4.15096811E-01  2.21836141E+01  9.03282057E-01  1.06401660E+00
 -5.83411168E+00  1.00000000E+00  4.78797917E+00 -3.09937439E+00  4.15069351E-01  2.21818775E+01  9.03443652E-01  1.06392169E+00
 -5.78451777E+00  1.00000000E+00  4.75254270E+00 -3.10457081E+00  4.15033149E-01  2.22032245E+01  9.04494839E-01  1.06493649E+00
 -5.73492387E+00  1.00000000E+00  4.71710622E+00 -3.10977358E+00  4.14786293E-01  2.22245936E+01  9.05547781E-01  1.06595229E+00
 -5.68532996E+00  1.00000000E+00  4.68073806E+00 -3.10321574E+00  4.14737032E-01  2.22040511E+01  9.04171368E-01  1.06499399E+00
 -5.63573605E+00  1.00000000E+00  4.64436989E+00 -3.09666610E+00  4.14898375E-01  2.21835316E+01  9.02797942E-01  1.06403668E+00
 -5.58614214E+00  1.00000000E+00  4.60850772E+00 -3.09996564E+00  4.14953539E-01  2.21856670E+01  9.03620733E-01  1.06410231E+00
 -5.53654823E+00  1.00000000E+00  4.57264554E+00 -3.10326583E+00  4.14961620E-01  2.21878050E+01  9.04444422E-01  1.06416803E+00
 -5.48695432E+00  1.00000000E+00  4.53674887E+00 -3.10335984E+00  4.14957492E-01  2.22025949E+01  9.04155976E-01  1.06492195E+00
 -5.43736041E+00  1.00000000E+00  4.50085220E+00 -3.10345337E+00  4.14903079E-01  2.22173955E+01  9.03867523E-01  1.06567640E+00
 -5.38776651E+00  1.00000000E+00  4.46492843E+00 -3.10164138E+00  4.14906345E-01  2.22033239E+01  9.03719040E-01  1.06498024E+00
 -5.33817260E+00  1.00000000E+00  4.42900466E+00 -3.09983048E+00  4.14987192E-01  2.21892612E+01  9.03570704E-01  1.06428452E+00
 -5.28857869E+00  1.00000000E+00  4.39281687E+00 -3.10015353E+00  4.14984693E-01  2.21872395E+01  9.03648493E-01  1.06417955E+00
 -5.23898478E+00  1.00000000E+00  4.35662909E+00 -3.10047651E+00  4.15001924E-01  2.21852182E+01  9.03726292E-01  1.06407459E+00
 -5.18939087E+00  1.00000000E+00  4.32100806E+00 -3.10379625E+00  4.15000695E-01  2.22057328E+01  9.04271973E-01  1.06507304E+00
 -5.13979696E+00  1.00000000E+00  4.28538703E+00 -3.10711928E+00  4.14827306E-01  2.22262665E+01  9.04818218E-01  1.06607241E+00
 -5.09020305E+00  1.00000000E+00  4.24903334E+00 -3.10167502E+00  4.14783306E-01  2.22027567E+01  9.03788449E-01  1.06494841E+00
 -5.04060915E+00  1.00000000E+00  4.21267965E+00 -3.09623782E+00  4.14909269E-01  2.21792732E+01  9.02760529E-01  1.06382563E+00
 -4.99101524E+00  1.00000000E+00  4.17706097E+00 -3.10037458E+00  4.14899871E-01  2.21839423E+01  9.03787442E-01  1.06400774E+00
 -4.94142133E+00  1.00000000E+00  4.14144229E+00 -3.10451296E+00  4.14845653E-01  2.21886156E+01  9.04815750E-01  1.06418999E+00
 -4.89182742E+00  1.00000000E+00  4.10550101E+00 -3.10496606E+00  4.14809556E-01  2.22001475E+01  9.04714125E-01  1.06477167E+00
 -4.84223351E+00  1.00000000E+00  4.06955973E+00 -3.10541911E+00  4.14733920E-01  2.22116857E+01  9.04612479E-01  1.06535366E+00
 -4.79263960E+00  1.00000000E+00  4.03349386E+00 -3.10283445E+00  4.14716935E-01  2.21991873E+01  9.04194026E-01  1.06474966E+00
 -4.74304569E+00  1.00000000E+00  3.99742799E+00 -3.10025146E+00  4.14812067E-01  2.21866962E+01  9.03775964E-01  1.06414601E+00
 -4.69345179E+00  1.00000000E+00  3.96123882E+00 -3.09896939E+00  4.14861602E-01  2.21860506E+01  9.03358087E-01  1.06413463E+00
 -4.64385788E+00  1.00000000E+00  3.92504965E+00 -3.09768751E+00  4.14985979E-01  2.21854054E+01  9.02940389E-01  1.06412325E+00
 -4.59426397E+00  1.00000000E+00  3.88936392E+00 -3.10441487E+00  4.15073425E-01  2.22049879E+01  9.04394429E-01  1.06502967E+00
 -4.54467006E+00  1.00000000E+00  3.85367819E+00 -3.11115050E+00  4.14898834E-01  2.22245923E+01  9.05851695E-01  1.06593703E+00
 -4.49507615E+00  1.00000000E+00  3.81797991E+00 -3.10852052E+00  4.14824800E-01  2.22344565E+01  9.04887501E-01  1.06647845E+00
 -4.44548224E+00  1.00000000E+00  3.78228163E+00 -3.10588917E+00  4.14844738E-01  2.22443291E+01  9.03924123E-01  1.06702025E+00
 -4.39588833E+00  1.00000000E+00  3.74593634E+00 -3.10054058E+00  4.14747533E-01  2.22133670E+01  9.03260088E-01  1.06550535E+00
 -4.34629443E+00  1.00000000E+00  3.70959105E+00 -3.09519990E+00  4.14860542E-01  2.21824485E+01  9.02597605E-01  1.06399254E+00
 -4.29670052E+00  1.00000000E+00  3.67363994E+00 -3.09771370E+00  4.14994287E-01  2.21965440E+01  9.02904611E-01  1.06468197E+00
 -4.24710661E+00  1.00000000E+00  3.63768884E+00 -3.10022921E+00  4.15021679E-01  2.22106486E+01  9.03211971E-01  1.06537183E+00
 -4.19751270E+00  1.00000000E+00  3.60172624E+00 -3.09932913E+00  4.15000329E-01  2.21955939E+01  9.03238883E-01  1.06461775E+00
 -4.14791879E+00  1.00000000E+00  3.56576363E+00 -3.09842925E+00  4.15122773E-01  2.21805498E+01  9.03265768E-01  1.06386420E+00
 -4.09832488E+00  1.00000000E+00  3.53011768E+00 -3.10177938E+00  4.15012733E-01  2.21928823E+01  9.04009873E-01  1.06444362E+00
 -4.04873097E+00  1.00000000E+00  3.49447173E+00 -3.10513203E+00  4.14861508E-01  2.22052224E+01  9.04754763E-01  1.06502338E+00
 -3.99913707E+00  1.00000000E+00  3.45795609E+00 -3.10216549E+00  4.14888117E-01  2.21989808E+01  9.03983040E-01  1.06474989E+00
 -3.94954316E+00  1.00000000E+00  3.42144045E+00 -3.09920041E+00  4.14944364E-01  2.21927421E+01  9.03212045E-01  1.06447650E+00
 -3.89994925E+00  1.00000000E+00  3.38616032E+00 -3.10500168E+00  4.15010765E-01  2.22224968E+01  9.04262116E-01  1.06591173E+00
 -3.85035534E+00  1.00000000E+00  3.35088018E+00 -3.11081199E+00  4.14865214E-01  2.22522923E+01  9.05314139E-01  1.06734891E+00
 -3.80076143E+00  1.00000000E+00  3.31462027E+00 -3.10441583E+00  4.14737124E-01  2.22328087E+01  9.04026839E-01  1.06643909E+00
 -3.75116752E+00  1.00000000E+00  3.27836037E+00 -3.09802707E+00  4.14852835E-01  2.22133460E+01  9.02742354E-01  1.06553018E+00
 -3.70157361E+00  1.00000000E+00  3.24222605E+00 -3.09776747E+00  4.14889308E-01  2.22116665E+01  9.02580685E-01  1.06545429E+00
 -3.65197971E+00  1.00000000E+00  3.20609173E+00 -3.09750788E+00  4.15000696E-01  2.22099871E+01  9.02419051E-01  1.06537840E+00
 -3.60238580E+00  1.00000000E+00  3.16994565E+00 -3.09736495E+00  4.15110982E-01  2.21998400E+01  9.02455083E-01  1.06486925E+00
 -3.55279189E+00  1.00000000E+00  3.13379957E+00 -3.09722169E+00  4.15220023E-01  2.21896980E+01  9.02491090E-01  1.06436034E+00
 -3.50319798E+00  1.00000000E+00  3.09807571E+00 -3.10173782E+00  4.15323872E-01  2.21916136E+01  9.03711628E-01  1.06439510E+00
 -3.45360407E+00  1.00000000E+00  3.06235186E+00 -3.10625523E+00  4.15265806E-01  2.21935342E+01  9.04933952E-01  1.06443001E+00
 -3.40401016E+00  1.00000000E+00  3.02679281E+00 -3.10831709E+00  4.15117092E-01  2.22211395E+01  9.05109402E-01  1.06580150E+00
 -3.35441626E+00  1.00000000E+00  2.99123376E+00 -3.11038016E+00  4.14824200E-01  2.22487798E+01  9.05284823E-01  1.06717475E+00
 -3.30482235E+00  1.00000000E+00  2.95514927E+00 -3.10398386E+00  4.14637060E-01  2.22220372E+01  9.04167040E-01  1.06589351E+00
 -3.25522844E+00  1.00000000E+00  2.91906477E+00 -3.09759680E+00  4.14712228E-01  2.21953290E+01  9.03051800E-01  1.06461386E+00
 -3.20563453E+00  1.00000000E+00  2.88267355E+00 -3.09668382E+00  4.14825035E-01  2.21836845E+01  9.02859875E-01  1.06404123E+00
 -3.15604062E+00  1.00000000E+00  2.84628233E+00 -3.09577103E+00  4.14965278E-01  2.21720462E+01  9.02667979E-01  1.06346891E+00
 -3.10644671E+00  1.00000000E+00  2.81054978E+00 -3.10089866E+00  4.15030487E-01  2.21785313E+01  9.04005873E-01  1.06372627E+00
 -3.05685280E+00  1.00000000E+00  2.77481723E+00 -3.10602927E+00  4.14886915E-01  2.21850231E+01  9.05345981E-01  1.06398386E+00
 -3.00725890E+00  1.00000000E+00  2.73917941E+00 -3.10704511E+00  4.14847504E-01  2.22123013E+01  9.05132988E-01  1.06535842E+00
 -2.95766499E+00  1.00000000E+00  2.70354159E+00 -3.10806049E+00  4.14668715E-01  2.22396148E+01  9.04919850E-01  1.06673475E+00
 -2.90807108E+00  1.00000000E+00  2.66701525E+00 -3.10389781E+00  4.14595220E-01  2.22177126E+01  9.04323900E-01  1.06566943E+00
 -2.85847717E+00  1.00000000E+00  2.63048890E+00 -3.09973965E+00  4.14677821E-01  2.21958323E+01  9.03728926E-01  1.06460517E+00
 -2.80888326E+00  1.00000000E+00  2.59521088E+00 -3.10390202E+00  4.14713422E-01  2.22206289E+01  9.04228222E-01  1.06582003E+00
 -2.75928935E+00  1.00000000E+00  2.55993286E+00 -3.10806929E+00  4.14740979E-01  2.22454534E+01  9.04728447E-01  1.06703625E+00
 -2.70969544E+00  1.00000000E+00  2.52359239E+00 -3.10124734E+00  4.14820805E-01  2.22284667E+01  9.03119358E-01  1.06626737E+00
 -2.66010154E+00  1.00000000E+00  2.48725192E+00 -3.09443334E+00  4.15082314E-01  2.22114985E+01  9.01513796E-01  1.06549923E+00
 -2.61050763E+00  1.00000000E+00  2.45105422E+00 -3.09475858E+00  4.15123244E-01  2.21946949E+01  9.01939654E-01  1.06463776E+00
 -2.56091372E+00  1.00000000E+00  2.41485651E+00 -3.09508277E+00  4.15277427E-01  2.21779057E+01  9.02365544E-01  1.06377701E+00
 -2.51131981E+00  1.00000000E+00  2.37894315E+00 -3.09840324E+00  4.15344226E-01  2.21832158E+01  9.03110144E-01  1.06400528E+00
 -2.46172590E+00  1.00000000E+00  2.34302980E+00 -3.10172490E+00  4.15317949E-01  2.21885291E+01  9.03855588E-01  1.06423367E+00
 -2.41213199E+00  1.00000000E+00  2.30746224E+00 -3.10533960E+00  4.15246340E-01  2.22094782E+01  9.04500988E-01  1.06524886E+00
 -2.36253808E+00  1.00000000E+00  2.27189468E+00 -3.10895808E+00  4.14995747E-01  2.22304474E+01  9.05147099E-01  1.06626501E+00
 -2.31294418E+00  1.00000000E+00  2.23589361E+00 -3.10529792E+00  4.14880987E-01  2.22145515E+01  9.04517829E-01  1.06550168E+00
 -2.26335027E+00  1.00000000E+00  2.19989254E+00 -3.10164086E+00  4.14910005E-01  2.21986677E+01  9.03889380E-01  1.06473892E+00
 -2.21375636E+00  1.00000000E+00  2.16363000E+00 -3.10055926E+00  4.14916067E-01  2.21905558E+01  9.03696002E-01  1.06434299E+00
 -2.16416245E+00  1.00000000E+00  2.12736746E+00 -3.09947804E+00  4.14976137E-01  2.21824469E+01  9.03502679E-01  1.06394721E+00
 -2.11456854E+00  1.00000000E+00  2.09172733E+00 -3.10177523E+00  4.15053462E-01  2.21991441E+01  9.03859631E-01  1.06476422E+00
 -2.06497463E+00  1.00000000E+00  2.05608721E+00 -3.10407412E+00  4.15036420E-01  2.22158539E+01  9.04216817E-01  1.06558185E+00
 -2.01538072E+00  1.00000000E+00  2.01978568E+00 -3.10226561E+00  4.14969589E-01  2.22073433E+01  9.03854306E-01  1.06517445E+00
 -1.96578682E+00  1.00000000E+00  1.98348415E+00 -3.10045794E+00  4.14966673E-01  2.21988362E+01  9.03491998E-01  1.06476721E+00
 -1.91619291E+00  1.00000000E+00  1.94774688E+00 -3.10251242E+00  4.15110349E-01  2.22118025E+01  9.03826179E-01  1.06539882E+00
 -1.86659900E+00  1.00000000E+00  1.91200960E+00 -3.10456816E+00  4.15123488E-01  2.22247765E+01  9.04160572E-01  1.06603079E+00
 -1.81700509E+00  1.00000000E+00  1.87564412E+00 -3.10219379E+00  4.15015875E-01  2.22115585E+01  9.03718952E-01  1.06539198E+00
 -1.76741118E+00  1.00000000E+00  1.83927863E+00 -3.09982101E+00  4.15004534E-01  2.21983484E+01  9.03277651E-01  1.06475354E+00
 -1.71781727E+00  1.00000000E+00  1.80344593E+00 -3.09820202E+00  4.15031815E-01  2.21931463E+01  9.02931837E-01  1.06451072E+00
 -1.66822336E+00  1.00000000E+00  1.76761323E+00 -3.09658354E+00  4.15043651E-01  2.21879455E+01  9.02586206E-01  1.06426797E+00
 -1.61862946E+00  1.00000000E+00  1.73128251E+00 -3.09775062E+00  4.15042473E-01  2.21784879E+01  9.03034540E-01  1.06377267E+00
 -1.56903555E+00  1.00000000E+00  1.69495179E+00 -3.09891671E+00  4.14973154E-01  2.21690358E+01  9.03483024E-01  1.06327764E+00
 -1.51944164E+00  1.00000000E+00  1.65967224E+00 -3.10653354E+00  4.14643811E-01  2.21871700E+01  9.05498784E-01  1.06408356E+00
 -1.46984773E+00  1.00000000E+00  1.62439269E+00 -3.11416105E+00  4.14046097E-01  2.22053261E+01  9.07519409E-01  1.06489033E+00
 -1.42025382E+00  1.00000000E+00  1.58816157E+00 -3.10751100E+00  4.13538452E-01  2.21714004E+01  9.06437897E-01  1.06324812E+00
 -1.37065991E+00  1.00000000E+00  1.55193045E+00 -3.10087250E+00  4.13298753E-01  2.21375278E+01  9.05358902E-01  1.06160844E+00
 -1.32106600E+00  1.00000000E+00  1.51554190E+00 -3.09719144E+00  4.13075863E-01  2.21187670E+01  9.04730823E-01  1.06070181E+00
 -1.27147210E+00  1.00000000E+00  1.47915334E+00 -3.09351396E+00  4.12896832E-01  2.21000225E+01  9.04103521E-01  1.05979595E+00
 -1.22187819E+00  1.00000000E+00  1.44314009E+00 -3.09175910E+00  4.12492949E-01  2.20615260E+01  9.04459085E-01  1.05785335E+00
 -1.17228428E+00  1.00000000E+00  1.40712684E+00 -3.09000460E+00  4.12084306E-01  2.20230995E+01  9.04814531E-01  1.05591425E+00
 -1.12269037E+00  1.00000000E+00  1.37117595E+00 -3.08878478E+00  4.11503021E-01  2.19781333E+01  9.05447090E-01  1.05363431E+00
 -1.07309646E+00  1.00000000E+00  1.33522507E+00 -3.08756313E+00  4.10820479E-01  2.19332646E+01  9.06079459E-01  1.05135926E+00
 -1.02350255E+00  1.00000000E+00  1.29983606E+00 -3.08576781E+00  4.09764437E-01  2.18717818E+01  9.07103971E-01  1.04823389E+00
 -9.73908645E-01  1.00000000E+00  1.26444706E+00 -3.08397067E+00  4.08638598E-01  2.18104815E+01  9.08128627E-01  1.04511764E+00
 -9.24314736E-01  1.00000000E+00  1.22922548E+00 -3.08129425E+00  4.07369065E-01  2.17419090E+01  9.09087692E-01  1.04164107E+00
 -8.74720828E-01  1.00000000E+00  1.19400391E+00 -3.07861814E+00  4.05908682E-01  2.16735627E+01  9.10046865E-01  1.03817579E+00
 -8.25312107E-01  1.00000000E+00  1.15980769E+00 -3.06497485E+00  4.03864965E-01  2.15385947E+01  9.09395654E-01  1.03145995E+00
 -7.75903387E-01  1.00000000E+00  1.12561148E+00 -3.05140004E+00  4.02253680E-01  2.14044716E+01  9.08750104E-01  1.02478607E+00
 -7.30665613E-01  1.00000000E+00  1.09460892E+00 -3.04273586E+00  4.01026852E-01  2.12886551E+01  9.09006693E-01  1.01898242E+00
 -6.85427839E-01  1.00000000E+00  1.06360635E+00 -3.03409973E+00  3.99579124E-01  2.11734772E+01  9.09264081E-01  1.01321066E+00
 -6.45465100E-01  1.00000000E+00  1.03781951E+00 -3.02903714E+00  3.97865212E-01  2.10593155E+01  9.10536777E-01  1.00743894E+00
 -6.05502361E-01  1.00000000E+00  1.01203267E+00 -3.02397722E+00  3.96073074E-01  2.09457971E+01  9.11808745E-01  1.00169942E+00
 -5.70199545E-01  1.00000000E+00  9.91395914E-01 -3.01493791E+00  3.94039442E-01  2.08150341E+01  9.12434905E-01  9.95129957E-01
 -5.34896729E-01  1.00000000E+00  9.70759154E-01 -3.00592913E+00  3.92131678E-01  2.06851067E+01  9.13061804E-01  9.88602245E-01
 -5.03710456E-01  1.00000000E+00  9.53682674E-01 -3.00018046E+00  3.90088820E-01  2.05562821E+01  9.14594496E-01  9.82084383E-01
 -4.72524184E-01  1.00000000E+00  9.36606194E-01 -2.99443571E+00  3.88169267E-01  2.04282969E+01  9.16126489E-01  9.75608521E-01
 -4.44974441E-01  1.00000000E+00  9.22700061E-01 -2.99080025E+00  3.87146457E-01  2.03617867E+01  9.16757578E-01  9.72251454E-01
 -4.17424698E-01  1.00000000E+00  9.08793927E-01 -2.98716868E+00  3.86064740E-01  2.02955010E+01  9.17388603E-01  9.68905618E-01
 -3.93087440E-01  1.00000000E+00  8.98671764E-01 -2.97378919E+00  3.84387547E-01  2.01761904E+01  9.16415095E-01  9.62988765E-01
 -3.68750182E-01  1.00000000E+00  8.88549600E-01 -2.96047593E+00  3.83476660E-01  2.00575833E+01  9.15447821E-01  9.57106775E-01
 -3.47250809E-01  1.00000000E+00  8.81275441E-01 -2.95294147E+00  3.83116983E-01  2.00050912E+01  9.14304308E-01  9.54539346E-01
 -3.25751437E-01  1.00000000E+00  8.74001283E-01 -2.94542618E+00  3.82856731E-01  1.99527365E+01  9.13163481E-01  9.51978651E-01
 -3.06759035E-01  1.00000000E+00  8.70216965E-01 -2.94858803E+00  3.82383315E-01  1.99169392E+01  9.14929724E-01  9.50100473E-01
 -2.87766633E-01  1.00000000E+00  8.66432647E-01 -2.95173958E+00  3.82050149E-01  1.98812246E+01  9.16697838E-01  9.48226337E-01
 -2.70988873E-01  1.00000000E+00  8.64468075E-01 -2.94730905E+00  3.82396808E-01  1.98835731E+01  9.15076268E-01  9.48424840E-01
 -2.54211113E-01  1.00000000E+00  8.62503503E-01 -2.94287989E+00  3.82755493E-01  1.98859279E+01  9.13457248E-01  9.48623535E-01
 -2.39389755E-01  1.00000000E+00  8.63407375E-01 -2.94528620E+00  3.82945897E-01  1.98920960E+01  9.14070726E-01  9.48901265E-01
 -2.24568396E-01  1.00000000E+00  8.64311246E-01 -2.94769365E+00  3.83113613E-01  1.98982667E+01  9.14684696E-01  9.49179099E-01
 -2.11472015E-01  1.00000000E+00  8.67773229E-01 -2.95431967E+00  3.83284663E-01  1.99197947E+01  9.16145604E-01  9.50182453E-01
 -1.98375634E-01  1.00000000E+00  8.71235211E-01 -2.96095520E+00  3.83285127E-01  1.99413497E+01  9.17609839E-01  9.51186993E-01
 -1.85977157E-01  1.00000000E+00  8.77208718E-01 -2.97250353E+00  3.83331959E-01  1.99681783E+01  9.20708005E-01  9.52373515E-01
 -1.73578680E-01  1.00000000E+00  8.83182226E-01 -2.98407723E+00  3.83075780E-01  1.99950598E+01  9.23818022E-01  9.53562088E-01
 -1.61180203E-01  1.00000000E+00  8.92522890E-01 -2.98886810E+00  3.82854789E-01  2.00016027E+01  9.25224129E-01  9.53818928E-01
 -1.48781726E-01  1.00000000E+00  9.01863555E-01 -2.99366230E+00  3.81697280E-01  2.00081519E+01  9.26632480E-01  9.54075969E-01
 -1.36383248E-01  1.00000000E+00  9.14522618E-01 -3.01582102E+00  3.77864427E-01  1.97280776E+01  9.42657013E-01  9.39271028E-01
 -1.23984771E-01  1.00000000E+00  9.27181682E-01 -3.03754744E+00  3.70817743E-01  1.94529463E+01  9.58846295E-01  9.24704998E-01
 -1.11586294E-01  1.00000000E+00  9.51486915E-01 -3.17153747E+00  3.57498675E-01  1.87215695E+01  1.02889339E+00  8.84633804E-01
 -9.91878171E-02  1.00000000E+00  9.75792148E-01 -3.30036154E+00  3.31451939E-01  1.80338807E+01  1.10234815E+00  8.46576626E-01
 -8.67893400E-02  1.00000000E+00  1.06141642E+00 -2.86290073E+00  2.76679746E-01  1.48129461E+01  1.08917280E+00  6.86188663E-01
 -7.43908628E-02  1.00000000E+00  1.14704069E+00 -2.49265889E+00  2.28477915E-01  1.21696993E+01  1.08663395E+00  5.54153268E-01
 -6.19923857E-02  1.00000000E+00  1.31204502E+00 -2.43666482E+00  1.69417713E-01  8.57486739E+00  1.35886277E+00  3.60800231E-01
 -4.95939085E-02  1.00000000E+00  1.47704934E+00 -2.39385888E+00  9.66150506E-02  6.17295573E+00  1.68297318E+00  2.24499128E-01
 -3.71954314E-02  1.00000000E+00  2.37384837E+00 -3.36090818E+00  2.13054545E-01  7.30446320E+00  2.08290098E+00  2.61078111E-01
 -2.47969543E-02  1.00000000E+00  3.27064739E+00 -4.50594410E+00  2.70304801E-01  8.82540795E+00  2.67411262E+00  3.07564766E-01
 -1.23984771E-02  1.00000000E+00  1.64935609E+00  2.05172284E+00  7.90037984E-01  5.03295040E+00  2.25852742E+00  1.38721149E-01
  0.00000000E+00  1.00000000E+00  2.80647975E-02  3.48587094E+01  1.54887041E+01  3.39055371E+01  3.62970142E+01 -1.19573851E-01
