# curve 5 (die wall), step =      700, time =   5.60000000E+02
# N1 = tau_xx - tau_yy = G ( c_xx - c_yy ),  G =  3.3333E-02  (polymer part only)
#              x               y        pressure            c_xy        gammadot            c_xx            c_yy              N1
 -3.00000000E+00  1.00000000E+00  2.62846224E+00 -1.20094203E+00  4.00009449E-01  3.88195771E+00  1.00018127E+00  9.60592146E-02
 -2.95108291E+00  1.00000000E+00  2.58925362E+00 -1.20114003E+00  4.00013086E-01  3.88233567E+00  1.00023060E+00  9.60701693E-02
 -2.90216582E+00  1.00000000E+00  2.55004500E+00 -1.20133806E+00  4.00015684E-01  3.88271368E+00  1.00027993E+00  9.60811250E-02
 -2.85324873E+00  1.00000000E+00  2.51092003E+00 -1.20121877E+00  4.00005549E-01  3.88207549E+00  1.00027598E+00  9.60599839E-02
 -2.80433164E+00  1.00000000E+00  2.47179506E+00 -1.20109950E+00  3.99990951E-01  3.88143741E+00  1.00027203E+00  9.60388463E-02
 -2.75541455E+00  1.00000000E+00  2.43265442E+00 -1.20088652E+00  4.00002240E-01  3.88134951E+00  1.00020483E+00  9.60381562E-02
 -2.70649746E+00  1.00000000E+00  2.39351377E+00 -1.20067353E+00  4.00001605E-01  3.88126164E+00  1.00013765E+00  9.60374665E-02
 -2.65758037E+00  1.00000000E+00  2.35438166E+00 -1.20078618E+00  4.00000066E-01  3.88154183E+00  1.00016575E+00  9.60458694E-02
 -2.60866328E+00  1.00000000E+00  2.31524954E+00 -1.20089884E+00  4.00002448E-01  3.88182204E+00  1.00019385E+00  9.60542729E-02
 -2.55974619E+00  1.00000000E+00  2.27612594E+00 -1.20087206E+00  3.99994309E-01  3.88219068E+00  1.00017324E+00  9.60672478E-02
 -2.51082911E+00  1.00000000E+00  2.23700234E+00 -1.20084526E+00  4.00004571E-01  3.88255936E+00  1.00015264E+00  9.60802242E-02
 -2.46191202E+00  1.00000000E+00  2.19784864E+00 -1.20071240E+00  3.99998497E-01  3.88172510E+00  1.00013720E+00  9.60529302E-02
 -2.41299493E+00  1.00000000E+00  2.15869493E+00 -1.20057956E+00  3.99992897E-01  3.88089103E+00  1.00012176E+00  9.60256423E-02
 -2.36407784E+00  1.00000000E+00  2.11957415E+00 -1.20055634E+00  3.99997985E-01  3.88128859E+00  1.00010665E+00  9.60393981E-02
 -2.31516075E+00  1.00000000E+00  2.08045338E+00 -1.20053312E+00  4.00000162E-01  3.88168621E+00  1.00009154E+00  9.60531556E-02
 -2.26624366E+00  1.00000000E+00  2.04131859E+00 -1.20087025E+00  3.99993687E-01  3.88232863E+00  1.00017219E+00  9.60718812E-02
 -2.21732657E+00  1.00000000E+00  2.00218381E+00 -1.20120743E+00  3.99994945E-01  3.88297118E+00  1.00025288E+00  9.60906097E-02
 -2.16840948E+00  1.00000000E+00  1.96304367E+00 -1.20107796E+00  3.99990799E-01  3.88234856E+00  1.00023162E+00  9.60705644E-02
 -2.11949239E+00  1.00000000E+00  1.92390353E+00 -1.20094850E+00  3.99980708E-01  3.88172604E+00  1.00021036E+00  9.60505224E-02
 -2.07057530E+00  1.00000000E+00  1.88478263E+00 -1.20140410E+00  3.99985347E-01  3.88320583E+00  1.00030454E+00  9.60967095E-02
 -2.02165821E+00  1.00000000E+00  1.84566173E+00 -1.20185985E+00  3.99989438E-01  3.88468618E+00  1.00039877E+00  9.61429139E-02
 -1.97274112E+00  1.00000000E+00  1.80651412E+00 -1.20154433E+00  3.99974695E-01  3.88344591E+00  1.00034031E+00  9.61035200E-02
 -1.92382403E+00  1.00000000E+00  1.76736650E+00 -1.20122890E+00  3.99962086E-01  3.88220604E+00  1.00028188E+00  9.60641386E-02
 -1.87490694E+00  1.00000000E+00  1.72824282E+00 -1.20094540E+00  3.99964681E-01  3.88171447E+00  1.00022154E+00  9.60497643E-02
 -1.82598985E+00  1.00000000E+00  1.68911915E+00 -1.20066193E+00  3.99961061E-01  3.88122298E+00  1.00016122E+00  9.60353919E-02
 -1.77707276E+00  1.00000000E+00  1.65000353E+00 -1.20112200E+00  3.99957942E-01  3.88233353E+00  1.00026629E+00  9.60689080E-02
 -1.72815567E+00  1.00000000E+00  1.61088791E+00 -1.20158221E+00  3.99951510E-01  3.88344441E+00  1.00037141E+00  9.61024334E-02
 -1.67923858E+00  1.00000000E+00  1.57174116E+00 -1.20137039E+00  3.99925790E-01  3.88304764E+00  1.00032405E+00  9.60907866E-02
 -1.63032150E+00  1.00000000E+00  1.53259441E+00 -1.20115859E+00  3.99920294E-01  3.88265093E+00  1.00027670E+00  9.60791410E-02
 -1.58140441E+00  1.00000000E+00  1.49351513E+00 -1.20104974E+00  3.99898561E-01  3.88183607E+00  1.00029624E+00  9.60513276E-02
 -1.53248732E+00  1.00000000E+00  1.45443585E+00 -1.20094090E+00  3.99881522E-01  3.88102138E+00  1.00031578E+00  9.60235201E-02
 -1.48357023E+00  1.00000000E+00  1.41531104E+00 -1.20070440E+00  3.99860812E-01  3.88022096E+00  1.00024728E+00  9.59991227E-02
 -1.43465314E+00  1.00000000E+00  1.37618624E+00 -1.20046794E+00  3.99841978E-01  3.87942070E+00  1.00017878E+00  9.59747304E-02
 -1.38573605E+00  1.00000000E+00  1.33711119E+00 -1.20031121E+00  3.99814307E-01  3.87912795E+00  1.00017650E+00  9.59650482E-02
 -1.33681896E+00  1.00000000E+00  1.29803613E+00 -1.20015448E+00  3.99793581E-01  3.87883523E+00  1.00017423E+00  9.59553666E-02
 -1.28790187E+00  1.00000000E+00  1.25897947E+00 -1.20000645E+00  3.99752762E-01  3.87802266E+00  1.00016750E+00  9.59285055E-02
 -1.23898478E+00  1.00000000E+00  1.21992280E+00 -1.19985843E+00  3.99709142E-01  3.87721027E+00  1.00016077E+00  9.59016500E-02
 -1.19006769E+00  1.00000000E+00  1.18094258E+00 -1.20010944E+00  3.99676753E-01  3.87774755E+00  1.00025324E+00  9.59164771E-02
 -1.14115060E+00  1.00000000E+00  1.14196236E+00 -1.20036049E+00  3.99646052E-01  3.87828491E+00  1.00034572E+00  9.59313063E-02
 -1.09223351E+00  1.00000000E+00  1.10304187E+00 -1.20007479E+00  3.99617230E-01  3.87715971E+00  1.00029011E+00  9.58956534E-02
 -1.04331642E+00  1.00000000E+00  1.06412138E+00 -1.19978917E+00  3.99590699E-01  3.87603483E+00  1.00023450E+00  9.58600108E-02
 -9.94399333E-01  1.00000000E+00  1.02532133E+00 -1.19959027E+00  3.99598670E-01  3.87584929E+00  1.00016685E+00  9.58560815E-02
 -9.45482243E-01  1.00000000E+00  9.86521278E-01 -1.19939138E+00  3.99614595E-01  3.87566378E+00  1.00009920E+00  9.58521526E-02
 -8.96565154E-01  1.00000000E+00  9.47908570E-01 -1.19990494E+00  3.99698816E-01  3.87746814E+00  1.00017617E+00  9.59097325E-02
 -8.47648064E-01  1.00000000E+00  9.09295862E-01 -1.20041872E+00  3.99799480E-01  3.87927334E+00  1.00025319E+00  9.59673382E-02
 -7.99501858E-01  1.00000000E+00  8.71579287E-01 -1.20100455E+00  3.99986125E-01  3.88210977E+00  1.00029069E+00  9.60606361E-02
 -7.51355652E-01  1.00000000E+00  8.33862712E-01 -1.20159072E+00  4.00251930E-01  3.88494829E+00  1.00032825E+00  9.61540016E-02
 -7.08111109E-01  1.00000000E+00  8.00261646E-01 -1.20262383E+00  4.00616117E-01  3.89077366E+00  1.00020277E+00  9.63523630E-02
 -6.64866566E-01  1.00000000E+00  7.66660579E-01 -1.20365816E+00  4.01161501E-01  3.89660791E+00  1.00007753E+00  9.65510123E-02
 -6.26599939E-01  1.00000000E+00  7.37290761E-01 -1.20622309E+00  4.01880142E-01  3.90720357E+00  1.00029472E+00  9.68969619E-02
 -5.88333313E-01  1.00000000E+00  7.07920942E-01 -1.20879399E+00  4.02691484E-01  3.91782800E+00  1.00051331E+00  9.72438230E-02
 -5.54471587E-01  1.00000000E+00  6.82330284E-01 -1.21082954E+00  4.03793382E-01  3.93280468E+00  9.99688473E-01  9.77705401E-02
 -5.20609860E-01  1.00000000E+00  6.56739625E-01 -1.21287094E+00  4.05026278E-01  3.94784086E+00  9.98865328E-01  9.82991843E-02
 -4.90645977E-01  1.00000000E+00  6.34411143E-01 -1.21912563E+00  4.06509711E-01  3.97191872E+00  9.99826900E-01  9.90697274E-02
 -4.60682095E-01  1.00000000E+00  6.12082661E-01 -1.22541380E+00  4.08124786E-01  3.99614298E+00  1.00079655E+00  9.98448808E-02
 -4.34167380E-01  1.00000000E+00  5.92907608E-01 -1.22941673E+00  4.10197030E-01  4.02371513E+00  9.99527426E-01  1.00806257E-01
 -4.07652666E-01  1.00000000E+00  5.73732556E-01 -1.23344062E+00  4.12468283E-01  4.05148385E+00  9.98263654E-01  1.01774006E-01
 -3.84190072E-01  1.00000000E+00  5.56997822E-01 -1.24272804E+00  4.14931441E-01  4.09194729E+00  9.99148123E-01  1.03093305E-01
 -3.60727478E-01  1.00000000E+00  5.40263089E-01 -1.25209377E+00  4.17588969E-01  4.13281490E+00  1.00004902E+00  1.04425529E-01
 -3.39965684E-01  1.00000000E+00  5.25997046E-01 -1.26036717E+00  4.20812884E-01  4.17867463E+00  9.99340513E-01  1.05977804E-01
 -3.19203889E-01  1.00000000E+00  5.11731003E-01 -1.26871310E+00  4.24232848E-01  4.22505066E+00  9.98646436E-01  1.07546807E-01
 -3.00831998E-01  1.00000000E+00  4.99567834E-01 -1.28172837E+00  4.28041841E-01  4.28688511E+00  9.99327078E-01  1.09585268E-01
 -2.82460107E-01  1.00000000E+00  4.87404665E-01 -1.29490073E+00  4.32085731E-01  4.34962812E+00  1.00003817E+00  1.11652998E-01
 -2.66203017E-01  1.00000000E+00  4.77131453E-01 -1.30612747E+00  4.36663578E-01  4.41639545E+00  9.98741252E-01  1.13921806E-01
 -2.49945927E-01  1.00000000E+00  4.66858242E-01 -1.31748802E+00  4.41529200E-01  4.48420735E+00  9.97470023E-01  1.16224578E-01
 -2.35560203E-01  1.00000000E+00  4.58272485E-01 -1.33553863E+00  4.46751813E-01  4.57472584E+00  9.98344671E-01  1.19212706E-01
 -2.21174479E-01  1.00000000E+00  4.49686727E-01 -1.35388569E+00  4.52275339E-01  4.66708348E+00  9.99271798E-01  1.22260389E-01
 -2.08421419E-01  1.00000000E+00  4.42630654E-01 -1.37317843E+00  4.58417618E-01  4.76804888E+00  9.99577184E-01  1.25615723E-01
 -1.95668358E-01  1.00000000E+00  4.35574581E-01 -1.39280867E+00  4.64903147E-01  4.87121671E+00  9.99943016E-01  1.29042456E-01
 -1.83439085E-01  1.00000000E+00  4.29688312E-01 -1.41034099E+00  4.72507032E-01  4.98755062E+00  9.97618991E-01  1.32997721E-01
 -1.71209813E-01  1.00000000E+00  4.23802042E-01 -1.42818642E+00  4.80564505E-01  5.10673568E+00  9.95347128E-01  1.37046285E-01
 -1.58980541E-01  1.00000000E+00  4.18334872E-01 -1.46269527E+00  4.90512999E-01  5.28896474E+00  9.97583027E-01  1.43046057E-01
 -1.46751268E-01  1.00000000E+00  4.12867701E-01 -1.49820095E+00  5.00820744E-01  5.47774554E+00  9.99978031E-01  1.49258917E-01
 -1.34521996E-01  1.00000000E+00  4.10428868E-01 -1.53286273E+00  5.14440076E-01  5.72020773E+00  9.96339729E-01  1.57462267E-01
 -1.22292724E-01  1.00000000E+00  4.07990035E-01 -1.56864463E+00  5.28903020E-01  5.97369948E+00  9.92857955E-01  1.66028051E-01
 -1.10063451E-01  1.00000000E+00  4.01451495E-01 -1.63651955E+00  5.49103756E-01  6.31276391E+00  1.00147138E+00  1.77043084E-01
 -9.78341789E-02  1.00000000E+00  3.94912956E-01 -1.70767162E+00  5.68679677E-01  6.67110491E+00  1.01064763E+00  1.88681909E-01
 -8.56049065E-02  1.00000000E+00  4.18474588E-01 -1.74804903E+00  5.98968956E-01  7.36153767E+00  9.77824800E-01  2.12790429E-01
 -7.33756342E-02  1.00000000E+00  4.42036221E-01 -1.78965682E+00  6.38011402E-01  8.13033374E+00  9.45633703E-01  2.39490001E-01
 -6.11463618E-02  1.00000000E+00  3.54576796E-01 -1.89734059E+00  6.99899500E-01  8.71932402E+00  9.62819260E-01  2.58550159E-01
 -4.89170895E-02  1.00000000E+00  2.67117371E-01 -2.01192924E+00  7.35807138E-01  9.35097782E+00  9.81102961E-01  2.78995829E-01
 -3.66878171E-02  1.00000000E+00  7.08627872E-01 -3.76237106E+00  8.22335068E-01  1.51553196E+01  1.43410786E+00  4.57373723E-01
 -2.44585447E-02  1.00000000E+00  1.15013837E+00 -6.71900397E+00  9.74997770E-01  2.47250787E+01  2.27905267E+00  7.48200868E-01
 -1.22292724E-02  1.00000000E+00 -1.98536194E-01  1.01534778E+00  1.62337876E+00  2.17351476E+01  5.59954317E-01  7.05839777E-01
  0.00000000E+00  1.00000000E+00 -1.54721076E+00  1.09076711E+01  3.17376077E+00  3.38515033E+01  3.84185130E+00  1.00032173E+00
