# curve 5 (die wall), step =      900, time =   7.20000000E+02
# N1 = tau_xx - tau_yy = G ( c_xx - c_yy ),  G =  2.2222E-02  (polymer part only)
#              x               y        pressure            c_xy        gammadot            c_xx            c_yy              N1
 -3.00000000E+00  1.00000000E+00  2.82909041E+00 -3.60148321E+00  4.00190377E-01  2.69553139E+01  9.99636868E-01  5.76792823E-01
 -2.95108291E+00  1.00000000E+00  2.78942586E+00 -3.60191035E+00  4.00197147E-01  2.69630845E+01  9.99614555E-01  5.76965999E-01
 -2.90216582E+00  1.00000000E+00  2.74976130E+00 -3.60233752E+00  4.00188116E-01  2.69708574E+01  9.99592237E-01  5.77139226E-01
 -2.85324873E+00  1.00000000E+00  2.71062681E+00 -3.60171199E+00  4.00086102E-01  2.69540393E+01  9.99740050E-01  5.76762205E-01
 -2.80433164E+00  1.00000000E+00  2.67149232E+00 -3.60108638E+00  3.99989252E-01  2.69372321E+01  9.99887832E-01  5.76385429E-01
 -2.75541455E+00  1.00000000E+00  2.63233097E+00 -3.60039692E+00  4.00084107E-01  2.69338802E+01  9.99733830E-01  5.76314364E-01
 -2.70649746E+00  1.00000000E+00  2.59316962E+00 -3.59970757E+00  4.00103955E-01  2.69305287E+01  9.99579855E-01  5.76243307E-01
 -2.65758037E+00  1.00000000E+00  2.55402447E+00 -3.60153297E+00  4.00111985E-01  2.69419323E+01  9.99880085E-01  5.76490049E-01
 -2.60866328E+00  1.00000000E+00  2.51487932E+00 -3.60335921E+00  4.00096763E-01  2.69533408E+01  1.00018046E+00  5.76736895E-01
 -2.55974619E+00  1.00000000E+00  2.47590317E+00 -3.60460229E+00  4.00030852E-01  2.69669349E+01  1.00036221E+00  5.77034948E-01
 -2.51082911E+00  1.00000000E+00  2.43692702E+00 -3.60584579E+00  4.00056804E-01  2.69805359E+01  1.00054398E+00  5.77333153E-01
 -2.46191202E+00  1.00000000E+00  2.39754915E+00 -3.60292530E+00  3.99996438E-01  2.69645598E+01  1.00003249E+00  5.76989495E-01
 -2.41299493E+00  1.00000000E+00  2.35817127E+00 -3.60000682E+00  3.99981096E-01  2.69485933E+01  9.99521408E-01  5.76646042E-01
 -2.36407784E+00  1.00000000E+00  2.31916846E+00 -3.60153475E+00  4.00005560E-01  2.69536117E+01  9.99878630E-01  5.76749624E-01
 -2.31516075E+00  1.00000000E+00  2.28016564E+00 -3.60306309E+00  3.99983354E-01  2.69586313E+01  1.00023600E+00  5.76853228E-01
 -2.26624366E+00  1.00000000E+00  2.24105170E+00 -3.60422550E+00  3.99943459E-01  2.69741422E+01  1.00027745E+00  5.77196995E-01
 -2.21732657E+00  1.00000000E+00  2.20193775E+00 -3.60538829E+00  3.99945756E-01  2.69896623E+01  1.00031890E+00  5.77540964E-01
 -2.16840948E+00  1.00000000E+00  2.16265651E+00 -3.60376426E+00  3.99936425E-01  2.69774264E+01  1.00006977E+00  5.77274591E-01
 -2.11949239E+00  1.00000000E+00  2.12337526E+00 -3.60214095E+00  3.99914837E-01  2.69651960E+01  9.99820728E-01  5.77008339E-01
 -2.07057530E+00  1.00000000E+00  2.08444811E+00 -3.60515186E+00  3.99955918E-01  2.69924249E+01  1.00017314E+00  5.77605595E-01
 -2.02165821E+00  1.00000000E+00  2.04552095E+00 -3.60816542E+00  3.99960054E-01  2.70196814E+01  1.00052580E+00  5.78203457E-01
 -1.97274112E+00  1.00000000E+00  2.00619463E+00 -3.60513406E+00  3.99885489E-01  2.69994552E+01  1.00005195E+00  5.77764517E-01
 -1.92382403E+00  1.00000000E+00  1.96686830E+00 -3.60210510E+00  3.99851065E-01  2.69792443E+01  9.99578487E-01  5.77325906E-01
 -1.87490694E+00  1.00000000E+00  1.92776890E+00 -3.60252807E+00  3.99913111E-01  2.69669854E+01  9.99905120E-01  5.77046227E-01
 -1.82598985E+00  1.00000000E+00  1.88866950E+00 -3.60295046E+00  3.99936455E-01  2.69547329E+01  1.00023178E+00  5.76766691E-01
 -1.77707276E+00  1.00000000E+00  1.84962527E+00 -3.60473870E+00  3.99977030E-01  2.69795538E+01  1.00027755E+00  5.77317251E-01
 -1.72815567E+00  1.00000000E+00  1.81058103E+00 -3.60652784E+00  3.99964186E-01  2.70043981E+01  1.00032331E+00  5.77868328E-01
 -1.67923858E+00  1.00000000E+00  1.77134590E+00 -3.60757522E+00  3.99829101E-01  2.70054649E+01  1.00061771E+00  5.77885492E-01
 -1.63032150E+00  1.00000000E+00  1.73211076E+00 -3.60862270E+00  3.99815527E-01  2.70065319E+01  1.00091221E+00  5.77902660E-01
 -1.58140441E+00  1.00000000E+00  1.69322544E+00 -3.60849958E+00  3.99697524E-01  2.69899430E+01  1.00123730E+00  5.77526794E-01
 -1.53248732E+00  1.00000000E+00  1.65434013E+00 -3.60837606E+00  3.99640593E-01  2.69733652E+01  1.00156241E+00  5.77151173E-01
 -1.48357023E+00  1.00000000E+00  1.61497513E+00 -3.60085319E+00  3.99591578E-01  2.69487671E+01  9.99874263E-01  5.76642064E-01
 -1.43465314E+00  1.00000000E+00  1.57561014E+00 -3.59334028E+00  3.99688584E-01  2.69241958E+01  9.98189576E-01  5.76133472E-01
 -1.38573605E+00  1.00000000E+00  1.53657619E+00 -3.59612444E+00  3.99666411E-01  2.69130186E+01  9.99205701E-01  5.75862508E-01
 -1.33681896E+00  1.00000000E+00  1.49754223E+00 -3.59890730E+00  3.99608783E-01  2.69018498E+01  1.00022263E+00  5.75591716E-01
 -1.28790187E+00  1.00000000E+00  1.45832182E+00 -3.59686577E+00  3.99453657E-01  2.68835830E+01  9.99992300E-01  5.75190904E-01
 -1.23898478E+00  1.00000000E+00  1.41910140E+00 -3.59482545E+00  3.99306145E-01  2.68653286E+01  9.99762092E-01  5.74790366E-01
 -1.19006769E+00  1.00000000E+00  1.38034640E+00 -3.59838592E+00  3.99192529E-01  2.68767201E+01  1.00053908E+00  5.75026244E-01
 -1.14115060E+00  1.00000000E+00  1.34159140E+00 -3.60194856E+00  3.99033160E-01  2.68881174E+01  1.00131684E+00  5.75262234E-01
 -1.09223351E+00  1.00000000E+00  1.30251905E+00 -3.59701536E+00  3.98744386E-01  2.68523137E+01  1.00071107E+00  5.74480059E-01
 -1.04331642E+00  1.00000000E+00  1.26344670E+00 -3.59208874E+00  3.98503141E-01  2.68165578E+01  1.00010623E+00  5.73698924E-01
 -9.94399333E-01  1.00000000E+00  1.22471453E+00 -3.59055638E+00  3.98334624E-01  2.67836151E+01  1.00029487E+00  5.72962673E-01
 -9.45482243E-01  1.00000000E+00  1.18598235E+00 -3.58902420E+00  3.98122563E-01  2.67507145E+01  1.00048339E+00  5.72227357E-01
 -8.96565154E-01  1.00000000E+00  1.14755304E+00 -3.58895185E+00  3.97865881E-01  2.67363692E+01  1.00082680E+00  5.71900942E-01
 -8.47648064E-01  1.00000000E+00  1.10912372E+00 -3.58887926E+00  3.97545265E-01  2.67220323E+01  1.00117026E+00  5.71574712E-01
 -7.99501858E-01  1.00000000E+00  1.07188883E+00 -3.58754044E+00  3.97134207E-01  2.66874443E+01  1.00152723E+00  5.70798158E-01
 -7.51355652E-01  1.00000000E+00  1.03465394E+00 -3.58620155E+00  3.96836377E-01  2.66529032E+01  1.00188412E+00  5.70022645E-01
 -7.08111109E-01  1.00000000E+00  1.00157730E+00 -3.58115365E+00  3.96460250E-01  2.66051076E+01  1.00138265E+00  5.68971666E-01
 -6.64866566E-01  1.00000000E+00  9.68500655E-01 -3.57611339E+00  3.96343254E-01  2.65573980E+01  1.00088181E+00  5.67922582E-01
 -6.26599939E-01  1.00000000E+00  9.40018639E-01 -3.57604607E+00  3.96319147E-01  2.65403184E+01  1.00112369E+00  5.67537661E-01
 -5.88333313E-01  1.00000000E+00  9.11536624E-01 -3.57597807E+00  3.96327962E-01  2.65232508E+01  1.00136553E+00  5.67153006E-01
 -5.54471587E-01  1.00000000E+00  8.87122596E-01 -3.57184568E+00  3.96634269E-01  2.65410898E+01  9.99756792E-01  5.67585179E-01
 -5.20609860E-01  1.00000000E+00  8.62708568E-01 -3.56771044E+00  3.97003776E-01  2.65589499E+01  9.98150001E-01  5.68017776E-01
 -4.90645977E-01  1.00000000E+00  8.41962403E-01 -3.57624145E+00  3.97489987E-01  2.65989246E+01  9.99640378E-01  5.68872983E-01
 -4.60682095E-01  1.00000000E+00  8.21216239E-01 -3.58478789E+00  3.98090498E-01  2.66389623E+01  1.00113448E+00  5.69729506E-01
 -4.34167380E-01  1.00000000E+00  8.03924344E-01 -3.58171818E+00  3.99141265E-01  2.67286897E+01  9.98299977E-01  5.71786439E-01
 -4.07652666E-01  1.00000000E+00  7.86632449E-01 -3.57862213E+00  4.00323908E-01  2.68187653E+01  9.95468706E-01  5.73851036E-01
 -3.84190072E-01  1.00000000E+00  7.72283116E-01 -3.59501223E+00  4.01677936E-01  2.69676444E+01  9.97030856E-01  5.77124744E-01
 -3.60727478E-01  1.00000000E+00  7.57933783E-01 -3.61148236E+00  4.03127086E-01  2.71173507E+01  9.98600570E-01  5.80416670E-01
 -3.39965684E-01  1.00000000E+00  7.46428426E-01 -3.61885457E+00  4.05040264E-01  2.73123852E+01  9.96675086E-01  5.84793558E-01
 -3.19203889E-01  1.00000000E+00  7.34923068E-01 -3.62622211E+00  4.07096579E-01  2.75088859E+01  9.94747061E-01  5.89203084E-01
 -3.00831998E-01  1.00000000E+00  7.26074322E-01 -3.65268535E+00  4.09523656E-01  2.78027788E+01  9.96342828E-01  5.95698577E-01
 -2.82460107E-01  1.00000000E+00  7.17225575E-01 -3.67936233E+00  4.11961410E-01  2.80998324E+01  9.97950765E-01  6.02264037E-01
 -2.66203017E-01  1.00000000E+00  7.10397244E-01 -3.68780075E+00  4.14913279E-01  2.84190450E+01  9.94121931E-01  6.09442735E-01
 -2.49945927E-01  1.00000000E+00  7.03568913E-01 -3.69617148E+00  4.18183180E-01  2.87420882E+01  9.90285952E-01  6.16706717E-01
 -2.35560203E-01  1.00000000E+00  6.99226537E-01 -3.74175548E+00  4.21884485E-01  2.92336135E+01  9.93489307E-01  6.27558316E-01
 -2.21174479E-01  1.00000000E+00  6.94884161E-01 -3.78795642E+00  4.25491511E-01  2.97335834E+01  9.96732985E-01  6.38596675E-01
 -2.08421419E-01  1.00000000E+00  6.92520124E-01 -3.83123535E+00  4.29465482E-01  3.02561624E+01  9.98572926E-01  6.50168655E-01
 -1.95668358E-01  1.00000000E+00  6.90156087E-01 -3.87506484E+00  4.33507413E-01  3.07880009E+01  1.00043919E+00  6.61945817E-01
 -1.83439085E-01  1.00000000E+00  6.90337463E-01 -3.89507909E+00  4.38527883E-01  3.13965288E+01  9.95050726E-01  6.75588402E-01
 -1.71209813E-01  1.00000000E+00  6.90518840E-01 -3.91497854E+00  4.44033644E-01  3.20176332E+01  9.89634998E-01  6.89511072E-01
 -1.58980541E-01  1.00000000E+00  6.89914372E-01 -3.98665119E+00  4.50794486E-01  3.29329487E+01  9.93494903E-01  7.09765640E-01
 -1.46751268E-01  1.00000000E+00  6.89309905E-01 -4.05974284E+00  4.57097594E-01  3.38746567E+01  9.97405419E-01  7.30605585E-01
 -1.34521996E-01  1.00000000E+00  7.02597523E-01 -4.22024972E+00  4.65566309E-01  3.52709634E+01  1.01336891E+00  7.61279878E-01
 -1.22292724E-01  1.00000000E+00  7.15885142E-01 -4.38715791E+00  4.73223579E-01  3.67248114E+01  1.03005508E+00  7.93216808E-01
 -1.10063451E-01  1.00000000E+00  7.14150760E-01 -4.22085405E+00  4.84392590E-01  3.76060109E+01  9.81130025E-01  8.13886241E-01
 -9.78341789E-02  1.00000000E+00  7.12416378E-01 -4.04804114E+00  4.99355956E-01  3.85212448E+01  9.34034909E-01  8.35271332E-01
 -8.56049065E-02  1.00000000E+00  7.34439529E-01 -4.19974302E+00  5.21258819E-01  4.02097251E+01  9.44099172E-01  8.72569466E-01
 -7.33756342E-02  1.00000000E+00  7.56462681E-01 -4.35745674E+00  5.34394293E-01  4.19722402E+01  9.54663676E-01  9.11501701E-01
 -6.11463618E-02  1.00000000E+00  7.68863871E-01 -4.67149593E+00  4.76582574E-01  3.62512412E+01  1.12832260E+00  7.80509302E-01
 -4.89170895E-02  1.00000000E+00  7.81265062E-01 -4.90692156E+00  3.66531456E-01  3.14362804E+01  1.31524590E+00  6.69356322E-01
 -3.66878171E-02  1.00000000E+00  1.77331431E+00 -1.70968196E+01  2.62133494E-01  3.98985775E+01  7.84497883E+00  7.12302192E-01
 -2.44585447E-02  1.00000000E+00  2.76536357E+00 -4.79450712E+01  2.63866024E-01  7.44725663E+01  3.12000604E+01  9.61611243E-01
 -1.22292724E-02  1.00000000E+00  7.03309645E-01  1.64728045E+00  1.05968817E+00  2.36246770E+01  1.38254592E+00  4.94269581E-01
  0.00000000E+00  1.00000000E+00 -1.35874428E+00  9.88254797E+01  4.18230613E+00  1.61943186E+02  6.05311941E+01  2.25359982E+00
