# curve 5 (die wall), step =      100, time =   8.00000000E+01
# N1 = tau_xx - tau_yy = G ( c_xx - c_yy ),  G =  2.2222E-02  (polymer part only)
#              x               y        pressure            c_xy        gammadot            c_xx            c_yy              N1
 -3.00000000E+00  1.00000000E+00  2.82887339E+00 -3.60135142E+00  4.00188222E-01  2.69300941E+01  9.99655539E-01  5.76231968E-01
 -2.95108291E+00  1.00000000E+00  2.78920933E+00 -3.60176773E+00  4.00194945E-01  2.69378346E+01  9.99630907E-01  5.76404527E-01
 -2.90216582E+00  1.00000000E+00  2.74954527E+00 -3.60218408E+00  4.00185956E-01  2.69455775E+01  9.99606269E-01  5.76577138E-01
 -2.85324873E+00  1.00000000E+00  2.71041135E+00 -3.60155796E+00  4.00083984E-01  2.69287690E+01  9.99754348E-01  5.76200326E-01
 -2.80433164E+00  1.00000000E+00  2.67127742E+00 -3.60093175E+00  3.99987107E-01  2.69119715E+01  9.99902397E-01  5.75823758E-01
 -2.75541455E+00  1.00000000E+00  2.63211615E+00 -3.60024313E+00  4.00082009E-01  2.69086300E+01  9.99748398E-01  5.75752924E-01
 -2.70649746E+00  1.00000000E+00  2.59295487E+00 -3.59955461E+00  4.00101896E-01  2.69052889E+01  9.99594426E-01  5.75682098E-01
 -2.65758037E+00  1.00000000E+00  2.55381031E+00 -3.60138786E+00  4.00110091E-01  2.69167036E+01  9.99896079E-01  5.75929056E-01
 -2.60866328E+00  1.00000000E+00  2.51466574E+00 -3.60322196E+00  4.00095007E-01  2.69281232E+01  1.00019788E+00  5.76176119E-01
 -2.55974619E+00  1.00000000E+00  2.47568976E+00 -3.60445942E+00  4.00028865E-01  2.69416734E+01  1.00037850E+00  5.76473219E-01
 -2.51082911E+00  1.00000000E+00  2.43671378E+00 -3.60569730E+00  4.00054883E-01  2.69552304E+01  1.00055915E+00  5.76770472E-01
 -2.46191202E+00  1.00000000E+00  2.39733673E+00 -3.60277157E+00  3.99994494E-01  2.69392000E+01  1.00004716E+00  5.76425619E-01
 -2.41299493E+00  1.00000000E+00  2.35795969E+00 -3.59984785E+00  3.99979115E-01  2.69231794E+01  9.99535586E-01  5.76080973E-01
 -2.36407784E+00  1.00000000E+00  2.31895696E+00 -3.60136636E+00  4.00003571E-01  2.69280961E+01  9.99891585E-01  5.76182322E-01
 -2.31516075E+00  1.00000000E+00  2.27995422E+00 -3.60288529E+00  3.99981544E-01  2.69330139E+01  1.00024773E+00  5.76283692E-01
 -2.26624366E+00  1.00000000E+00  2.24084073E+00 -3.60405337E+00  3.99941935E-01  2.69485161E+01  1.00029009E+00  5.76627244E-01
 -2.21732657E+00  1.00000000E+00  2.20172723E+00 -3.60522185E+00  3.99944362E-01  2.69640273E+01  1.00033245E+00  5.76970997E-01
 -2.16840948E+00  1.00000000E+00  2.16244661E+00 -3.60360256E+00  3.99935092E-01  2.69518216E+01  1.00008407E+00  5.76705279E-01
 -2.11949239E+00  1.00000000E+00  2.12316598E+00 -3.60198399E+00  3.99913512E-01  2.69396215E+01  9.99835790E-01  5.76439682E-01
 -2.07057530E+00  1.00000000E+00  2.08423925E+00 -3.60499604E+00  3.99954548E-01  2.69668477E+01  1.00018834E+00  5.77036874E-01
 -2.02165821E+00  1.00000000E+00  2.04531253E+00 -3.60801075E+00  3.99958629E-01  2.69941014E+01  1.00054114E+00  5.77634672E-01
 -1.97274112E+00  1.00000000E+00  2.00598690E+00 -3.60498108E+00  3.99883966E-01  2.69738950E+01  1.00006764E+00  5.77196164E-01
 -1.92382403E+00  1.00000000E+00  1.96666128E+00 -3.60195381E+00  3.99849408E-01  2.69537038E+01  9.99594507E-01  5.76757985E-01
 -1.87490694E+00  1.00000000E+00  1.92756230E+00 -3.60237164E+00  3.99911341E-01  2.69414519E+01  9.99920351E-01  5.76478478E-01
 -1.82598985E+00  1.00000000E+00  1.88846332E+00 -3.60278889E+00  3.99934617E-01  2.69292064E+01  1.00024622E+00  5.76199114E-01
 -1.77707276E+00  1.00000000E+00  1.84941940E+00 -3.60457672E+00  3.99975161E-01  2.69539952E+01  1.00029179E+00  5.76748964E-01
 -1.72815567E+00  1.00000000E+00  1.81037548E+00 -3.60636544E+00  3.99962343E-01  2.69788072E+01  1.00033736E+00  5.77299330E-01
 -1.67923858E+00  1.00000000E+00  1.77114075E+00 -3.60741411E+00  3.99827301E-01  2.69798744E+01  1.00063228E+00  5.77316492E-01
 -1.63032150E+00  1.00000000E+00  1.73190601E+00 -3.60846288E+00  3.99813737E-01  2.69809419E+01  1.00092728E+00  5.77333658E-01
 -1.58140441E+00  1.00000000E+00  1.69302133E+00 -3.60833437E+00  3.99695732E-01  2.69643521E+01  1.00125149E+00  5.76957792E-01
 -1.53248732E+00  1.00000000E+00  1.65413664E+00 -3.60820546E+00  3.99638815E-01  2.69477734E+01  1.00157570E+00  5.76582172E-01
 -1.48357023E+00  1.00000000E+00  1.61477192E+00 -3.60067779E+00  3.99589841E-01  2.69231458E+01  9.99885773E-01  5.76072444E-01
 -1.43465314E+00  1.00000000E+00  1.57540719E+00 -3.59316010E+00  3.99687054E-01  2.68985449E+01  9.98199310E-01  5.75563235E-01
 -1.38573605E+00  1.00000000E+00  1.53637311E+00 -3.59595429E+00  3.99665451E-01  2.68874526E+01  9.99217089E-01  5.75294121E-01
 -1.33681896E+00  1.00000000E+00  1.49733903E+00 -3.59874721E+00  3.99608121E-01  2.68763687E+01  1.00023567E+00  5.75025178E-01
 -1.28790187E+00  1.00000000E+00  1.45812000E+00 -3.59673017E+00  3.99453205E-01  2.68582940E+01  1.00000885E+00  5.74628560E-01
 -1.23898478E+00  1.00000000E+00  1.41890098E+00 -3.59471432E+00  3.99305609E-01  2.68402316E+01  9.99782150E-01  5.74232209E-01
 -1.19006769E+00  1.00000000E+00  1.38014583E+00 -3.59826146E+00  3.99191871E-01  2.68516562E+01  1.00055658E+00  5.74468881E-01
 -1.14115060E+00  1.00000000E+00  1.34139069E+00 -3.60181075E+00  3.99032697E-01  2.68630867E+01  1.00133178E+00  5.74705666E-01
 -1.09223351E+00  1.00000000E+00  1.30231972E+00 -3.59688404E+00  3.98743793E-01  2.68273449E+01  1.00072760E+00  5.73924829E-01
 -1.04331642E+00  1.00000000E+00  1.26324876E+00 -3.59196390E+00  3.98502253E-01  2.67916507E+01  1.00012433E+00  5.73145029E-01
 -9.94399333E-01  1.00000000E+00  1.22451686E+00 -3.59040450E+00  3.98333493E-01  2.67586617E+01  1.00030834E+00  5.72407853E-01
 -9.45482243E-01  1.00000000E+00  1.18578496E+00 -3.58884532E+00  3.98121462E-01  2.67257149E+01  1.00049223E+00  5.71671615E-01
 -8.96565154E-01  1.00000000E+00  1.14735576E+00 -3.58874474E+00  3.97865055E-01  2.67112409E+01  1.00083077E+00  5.71342447E-01
 -8.47648064E-01  1.00000000E+00  1.10892656E+00 -3.58864393E+00  3.97545271E-01  2.66967754E+01  1.00116937E+00  5.71013466E-01
 -7.99501858E-01  1.00000000E+00  1.07169139E+00 -3.58727227E+00  3.97135076E-01  2.66621265E+01  1.00151996E+00  5.70235700E-01
 -7.51355652E-01  1.00000000E+00  1.03445622E+00 -3.58590058E+00  3.96838382E-01  2.66275245E+01  1.00187048E+00  5.69458979E-01
 -7.08111109E-01  1.00000000E+00  1.00137877E+00 -3.58085246E+00  3.96464478E-01  2.65800093E+01  1.00136648E+00  5.68414284E-01
 -6.64866566E-01  1.00000000E+00  9.68301320E-01 -3.57581196E+00  3.96349080E-01  2.65325790E+01  1.00086313E+00  5.67371463E-01
 -6.26599939E-01  1.00000000E+00  9.39818119E-01 -3.57576021E+00  3.96326865E-01  2.65160010E+01  1.00110386E+00  5.66997713E-01
 -5.88333313E-01  1.00000000E+00  9.11334919E-01 -3.57570780E+00  3.96337277E-01  2.64994343E+01  1.00134454E+00  5.66624216E-01
 -5.54471587E-01  1.00000000E+00  8.86919469E-01 -3.57159127E+00  3.96644885E-01  2.65177742E+01  9.99733075E-01  5.67067581E-01
 -5.20609860E-01  1.00000000E+00  8.62504019E-01 -3.56747175E+00  3.97016283E-01  2.65361361E+01  9.98123548E-01  5.67511389E-01
 -4.90645977E-01  1.00000000E+00  8.41755404E-01 -3.57603533E+00  3.97506542E-01  2.65773387E+01  9.99611767E-01  5.68393931E-01
 -4.60682095E-01  1.00000000E+00  8.21006790E-01 -3.58461478E+00  3.98109209E-01  2.66186078E+01  1.00110370E+00  5.69277869E-01
 -4.34167380E-01  1.00000000E+00  8.03711903E-01 -3.58157201E+00  3.99160162E-01  2.67092321E+01  9.98264789E-01  5.71354830E-01
 -4.07652666E-01  1.00000000E+00  7.86417016E-01 -3.57850245E+00  4.00345288E-01  2.68002116E+01  9.95429065E-01  5.73439612E-01
 -3.84190072E-01  1.00000000E+00  7.72061981E-01 -3.59515502E+00  4.01706496E-01  2.69523247E+01  9.97024615E-01  5.76784446E-01
 -3.60727478E-01  1.00000000E+00  7.57706947E-01 -3.61189032E+00  4.03156327E-01  2.71053022E+01  9.98627862E-01  5.80148319E-01
 -3.39965684E-01  1.00000000E+00  7.46208705E-01 -3.61949066E+00  4.05066236E-01  2.73032591E+01  9.96729851E-01  5.84589540E-01
 -3.19203889E-01  1.00000000E+00  7.34710463E-01 -3.62708688E+00  4.07117992E-01  2.75027264E+01  9.94829071E-01  5.89064386E-01
 -3.00831998E-01  1.00000000E+00  7.25845347E-01 -3.65337727E+00  4.09543027E-01  2.77981377E+01  9.96376310E-01  5.95594698E-01
 -2.82460107E-01  1.00000000E+00  7.16980230E-01 -3.67987849E+00  4.11983923E-01  2.80967447E+01  9.97934973E-01  6.02195771E-01
 -2.66203017E-01  1.00000000E+00  7.10161538E-01 -3.68841568E+00  4.14933883E-01  2.84172883E+01  9.94130474E-01  6.09403507E-01
 -2.49945927E-01  1.00000000E+00  7.03342846E-01 -3.69688485E+00  4.18200810E-01  2.87416944E+01  9.90318503E-01  6.16697243E-01
 -2.35560203E-01  1.00000000E+00  6.98980479E-01 -3.74209596E+00  4.21903583E-01  2.92339401E+01  9.93437522E-01  6.27566723E-01
 -2.21174479E-01  1.00000000E+00  6.94618111E-01 -3.78791431E+00  4.25517616E-01  2.97346579E+01  9.96594993E-01  6.38623621E-01
 -2.08421419E-01  1.00000000E+00  6.92244738E-01 -3.83133453E+00  4.29497154E-01  3.02584634E+01  9.98464981E-01  6.50222186E-01
 -1.95668358E-01  1.00000000E+00  6.89871365E-01 -3.87530865E+00  4.33543526E-01  3.07915712E+01  1.00036145E+00  6.62026884E-01
 -1.83439085E-01  1.00000000E+00  6.90051168E-01 -3.89550912E+00  4.38567706E-01  3.14028833E+01  9.94992163E-01  6.75730915E-01
 -1.71209813E-01  1.00000000E+00  6.90230972E-01 -3.91559544E+00  4.44076152E-01  3.20268840E+01  9.89595092E-01  6.89717532E-01
 -1.58980541E-01  1.00000000E+00  6.89599567E-01 -3.98759273E+00  4.50848703E-01  3.29485649E+01  9.93478880E-01  7.10113022E-01
 -1.46751268E-01  1.00000000E+00  6.88968162E-01 -4.06102000E+00  4.57154860E-01  3.38970014E+01  9.97412714E-01  7.31101970E-01
 -1.34521996E-01  1.00000000E+00  7.02280813E-01 -4.22221429E+00  4.65612704E-01  3.52999640E+01  1.01348947E+00  7.61921655E-01
 -1.22292724E-01  1.00000000E+00  7.15593465E-01 -4.38986325E+00  4.73248379E-01  3.67609795E+01  1.03029402E+00  7.94015232E-01
 -1.10063451E-01  1.00000000E+00  7.13802235E-01 -4.22121285E+00  4.84411993E-01  3.76400479E+01  9.80933413E-01  8.14646989E-01
 -9.78341789E-02  1.00000000E+00  7.12011006E-01 -4.04600367E+00  4.99412076E-01  3.85532212E+01  9.33446073E-01  8.35995003E-01
 -8.56049065E-02  1.00000000E+00  7.33917132E-01 -4.19929550E+00  5.21325858E-01  4.02498731E+01  9.43804789E-01  8.73468185E-01
 -7.33756342E-02  1.00000000E+00  7.55823259E-01 -4.35871281E+00  5.34439003E-01  4.20212109E+01  9.54677846E-01  9.12589623E-01
 -6.11463618E-02  1.00000000E+00  7.68441553E-01 -4.68614036E+00  4.76534140E-01  3.63397866E+01  1.13092039E+00  7.82419250E-01
 -4.89170895E-02  1.00000000E+00  7.81059848E-01 -4.93397639E+00  3.66287641E-01  3.15552378E+01  1.32106651E+00  6.71870474E-01
 -3.66878171E-02  1.00000000E+00  1.77313307E+00 -1.71667763E+01  2.61721077E-01  4.00620585E+01  7.87575388E+00  7.15251215E-01
 -2.44585447E-02  1.00000000E+00  2.76520630E+00 -4.81310675E+01  2.63437600E-01  7.47704109E+01  3.13171508E+01  9.65628001E-01
 -1.22292724E-02  1.00000000E+00  7.03047842E-01  1.64991066E+00  1.05912870E+00  2.36997203E+01  1.38342867E+00  4.95917591E-01
  0.00000000E+00  1.00000000E+00 -1.35911061E+00  9.89043004E+01  4.18057790E+00  1.62169490E+02  6.05429599E+01  2.25836734E+00
