# curve 5 (die wall), step =      200, time =   1.60000000E+02
# N1 = tau_xx - tau_yy = G ( c_xx - c_yy ),  G =  2.2222E-02  (polymer part only)
#              x               y        pressure            c_xy        gammadot            c_xx            c_yy              N1
 -3.00000000E+00  1.00000000E+00  2.82909040E+00 -3.60148324E+00  4.00190380E-01  2.69553101E+01  9.99636871E-01  5.76792738E-01
 -2.95108291E+00  1.00000000E+00  2.78942585E+00 -3.60191035E+00  4.00197150E-01  2.69630806E+01  9.99614553E-01  5.76965913E-01
 -2.90216582E+00  1.00000000E+00  2.74976130E+00 -3.60233749E+00  4.00188119E-01  2.69708535E+01  9.99592229E-01  5.77139140E-01
 -2.85324873E+00  1.00000000E+00  2.71062681E+00 -3.60171199E+00  4.00086105E-01  2.69540356E+01  9.99740049E-01  5.76762124E-01
 -2.80433164E+00  1.00000000E+00  2.67149232E+00 -3.60108642E+00  3.99989255E-01  2.69372287E+01  9.99887839E-01  5.76385353E-01
 -2.75541455E+00  1.00000000E+00  2.63233097E+00 -3.60039698E+00  4.00084109E-01  2.69338770E+01  9.99733840E-01  5.76314293E-01
 -2.70649746E+00  1.00000000E+00  2.59316962E+00 -3.59970765E+00  4.00103955E-01  2.69305258E+01  9.99579868E-01  5.76243243E-01
 -2.65758037E+00  1.00000000E+00  2.55402447E+00 -3.60153302E+00  4.00111984E-01  2.69419294E+01  9.99880092E-01  5.76489985E-01
 -2.60866328E+00  1.00000000E+00  2.51487932E+00 -3.60335923E+00  4.00096760E-01  2.69533379E+01  1.00018046E+00  5.76736831E-01
 -2.55974619E+00  1.00000000E+00  2.47590317E+00 -3.60460231E+00  4.00030849E-01  2.69669319E+01  1.00036221E+00  5.77034883E-01
 -2.51082911E+00  1.00000000E+00  2.43692701E+00 -3.60584581E+00  4.00056800E-01  2.69805329E+01  1.00054398E+00  5.77333087E-01
 -2.46191202E+00  1.00000000E+00  2.39754914E+00 -3.60292534E+00  3.99996435E-01  2.69645568E+01  1.00003250E+00  5.76989429E-01
 -2.41299493E+00  1.00000000E+00  2.35817127E+00 -3.60000687E+00  3.99981092E-01  2.69485904E+01  9.99521413E-01  5.76645977E-01
 -2.36407784E+00  1.00000000E+00  2.31916845E+00 -3.60153477E+00  4.00005557E-01  2.69536086E+01  9.99878630E-01  5.76749554E-01
 -2.31516075E+00  1.00000000E+00  2.28016563E+00 -3.60306310E+00  3.99983352E-01  2.69586279E+01  1.00023599E+00  5.76853153E-01
 -2.26624366E+00  1.00000000E+00  2.24105169E+00 -3.60422555E+00  3.99943458E-01  2.69741389E+01  1.00027745E+00  5.77196922E-01
 -2.21732657E+00  1.00000000E+00  2.20193775E+00 -3.60538839E+00  3.99945756E-01  2.69896590E+01  1.00031891E+00  5.77540892E-01
 -2.16840948E+00  1.00000000E+00  2.16265650E+00 -3.60376435E+00  3.99936425E-01  2.69774231E+01  1.00006978E+00  5.77274518E-01
 -2.11949239E+00  1.00000000E+00  2.12337525E+00 -3.60214104E+00  3.99914837E-01  2.69651927E+01  9.99820738E-01  5.77008266E-01
 -2.07057530E+00  1.00000000E+00  2.08444810E+00 -3.60515194E+00  3.99955918E-01  2.69924215E+01  1.00017315E+00  5.77605519E-01
 -2.02165821E+00  1.00000000E+00  2.04552095E+00 -3.60816550E+00  3.99960054E-01  2.70196779E+01  1.00052581E+00  5.78203379E-01
 -1.97274112E+00  1.00000000E+00  2.00619462E+00 -3.60513409E+00  3.99885489E-01  2.69994515E+01  1.00005196E+00  5.77764433E-01
 -1.92382403E+00  1.00000000E+00  1.96686829E+00 -3.60210507E+00  3.99851065E-01  2.69792402E+01  9.99578481E-01  5.77325816E-01
 -1.87490694E+00  1.00000000E+00  1.92776889E+00 -3.60252800E+00  3.99913112E-01  2.69669809E+01  9.99905111E-01  5.77046128E-01
 -1.82598985E+00  1.00000000E+00  1.88866949E+00 -3.60295035E+00  3.99936455E-01  2.69547280E+01  1.00023177E+00  5.76766582E-01
 -1.77707276E+00  1.00000000E+00  1.84962526E+00 -3.60473859E+00  3.99977031E-01  2.69795490E+01  1.00027753E+00  5.77317143E-01
 -1.72815567E+00  1.00000000E+00  1.81058103E+00 -3.60652774E+00  3.99964186E-01  2.70043932E+01  1.00032329E+00  5.77868221E-01
 -1.67923858E+00  1.00000000E+00  1.77134589E+00 -3.60757513E+00  3.99829102E-01  2.70054602E+01  1.00061770E+00  5.77885390E-01
 -1.63032150E+00  1.00000000E+00  1.73211076E+00 -3.60862264E+00  3.99815529E-01  2.70065275E+01  1.00091220E+00  5.77902561E-01
 -1.58140441E+00  1.00000000E+00  1.69322544E+00 -3.60849958E+00  3.99697526E-01  2.69899390E+01  1.00123730E+00  5.77526705E-01
 -1.53248732E+00  1.00000000E+00  1.65434012E+00 -3.60837613E+00  3.99640595E-01  2.69733617E+01  1.00156242E+00  5.77151094E-01
 -1.48357023E+00  1.00000000E+00  1.61497513E+00 -3.60085328E+00  3.99591578E-01  2.69487640E+01  9.99874278E-01  5.76641993E-01
 -1.43465314E+00  1.00000000E+00  1.57561014E+00 -3.59334039E+00  3.99688582E-01  2.69241930E+01  9.98189594E-01  5.76133408E-01
 -1.38573605E+00  1.00000000E+00  1.53657619E+00 -3.59612449E+00  3.99666407E-01  2.69130156E+01  9.99205708E-01  5.75862442E-01
 -1.33681896E+00  1.00000000E+00  1.49754223E+00 -3.59890731E+00  3.99608779E-01  2.69018468E+01  1.00022262E+00  5.75591648E-01
 -1.28790187E+00  1.00000000E+00  1.45832181E+00 -3.59686581E+00  3.99453654E-01  2.68835800E+01  9.99992302E-01  5.75190837E-01
 -1.23898478E+00  1.00000000E+00  1.41910139E+00 -3.59482553E+00  3.99306142E-01  2.68653256E+01  9.99762100E-01  5.74790301E-01
 -1.19006769E+00  1.00000000E+00  1.38034639E+00 -3.59838602E+00  3.99192527E-01  2.68767171E+01  1.00053909E+00  5.75026178E-01
 -1.14115060E+00  1.00000000E+00  1.34159140E+00 -3.60194867E+00  3.99033159E-01  2.68881144E+01  1.00131685E+00  5.75262168E-01
 -1.09223351E+00  1.00000000E+00  1.30251904E+00 -3.59701542E+00  3.98744385E-01  2.68523105E+01  1.00071108E+00  5.74479988E-01
 -1.04331642E+00  1.00000000E+00  1.26344669E+00 -3.59208876E+00  3.98503141E-01  2.68165544E+01  1.00010622E+00  5.73698848E-01
 -9.94399333E-01  1.00000000E+00  1.22471452E+00 -3.59055637E+00  3.98334625E-01  2.67836114E+01  1.00029486E+00  5.72962590E-01
 -9.45482243E-01  1.00000000E+00  1.18598234E+00 -3.58902416E+00  3.98122566E-01  2.67507104E+01  1.00048338E+00  5.72227267E-01
 -8.96565154E-01  1.00000000E+00  1.14755302E+00 -3.58895185E+00  3.97865885E-01  2.67363653E+01  1.00082680E+00  5.71900856E-01
 -8.47648064E-01  1.00000000E+00  1.10912371E+00 -3.58887928E+00  3.97545269E-01  2.67220285E+01  1.00117026E+00  5.71574628E-01
 -7.99501858E-01  1.00000000E+00  1.07188882E+00 -3.58754050E+00  3.97134210E-01  2.66874408E+01  1.00152724E+00  5.70798079E-01
 -7.51355652E-01  1.00000000E+00  1.03465393E+00 -3.58620164E+00  3.96836380E-01  2.66528998E+01  1.00188414E+00  5.70022570E-01
 -7.08111109E-01  1.00000000E+00  1.00157729E+00 -3.58115377E+00  3.96460251E-01  2.66051044E+01  1.00138267E+00  5.68971593E-01
 -6.64866566E-01  1.00000000E+00  9.68500650E-01 -3.57611353E+00  3.96343253E-01  2.65573948E+01  1.00088183E+00  5.67922511E-01
 -6.26599939E-01  1.00000000E+00  9.40018636E-01 -3.57604620E+00  3.96319143E-01  2.65403149E+01  1.00112372E+00  5.67537582E-01
 -5.88333313E-01  1.00000000E+00  9.11536623E-01 -3.57597818E+00  3.96327954E-01  2.65232469E+01  1.00136557E+00  5.67152919E-01
 -5.54471587E-01  1.00000000E+00  8.87122597E-01 -3.57184570E+00  3.96634259E-01  2.65410851E+01  9.99756816E-01  5.67585072E-01
 -5.20609860E-01  1.00000000E+00  8.62708571E-01 -3.56771036E+00  3.97003762E-01  2.65589443E+01  9.98150013E-01  5.68017650E-01
 -4.90645977E-01  1.00000000E+00  8.41962405E-01 -3.57624111E+00  3.97489967E-01  2.65989165E+01  9.99640354E-01  5.68872803E-01
 -4.60682095E-01  1.00000000E+00  8.21216240E-01 -3.58478731E+00  3.98090479E-01  2.66389516E+01  1.00113442E+00  5.69729271E-01
 -4.34167380E-01  1.00000000E+00  8.03924339E-01 -3.58171743E+00  3.99141251E-01  2.67286775E+01  9.98299894E-01  5.71786168E-01
 -4.07652666E-01  1.00000000E+00  7.86632438E-01 -3.57862123E+00  4.00323898E-01  2.68187515E+01  9.95468600E-01  5.73850730E-01
 -3.84190072E-01  1.00000000E+00  7.72283097E-01 -3.59501124E+00  4.01677934E-01  2.69676292E+01  9.97030727E-01  5.77124411E-01
 -3.60727478E-01  1.00000000E+00  7.57933755E-01 -3.61148127E+00  4.03127092E-01  2.71173343E+01  9.98600417E-01  5.80416308E-01
 -3.39965684E-01  1.00000000E+00  7.46428393E-01 -3.61885369E+00  4.05040282E-01  2.73123700E+01  9.96674961E-01  5.84793222E-01
 -3.19203889E-01  1.00000000E+00  7.34923030E-01 -3.62622144E+00  4.07096605E-01  2.75088718E+01  9.94746965E-01  5.89202774E-01
 -3.00831998E-01  1.00000000E+00  7.26074286E-01 -3.65268509E+00  4.09523692E-01  2.78027689E+01  9.96342786E-01  5.95698358E-01
 -2.82460107E-01  1.00000000E+00  7.17225541E-01 -3.67936249E+00  4.11961447E-01  2.80998268E+01  9.97950777E-01  6.02263911E-01
 -2.66203017E-01  1.00000000E+00  7.10397215E-01 -3.68780121E+00  4.14913312E-01  2.84190431E+01  9.94121978E-01  6.09442693E-01
 -2.49945927E-01  1.00000000E+00  7.03568890E-01 -3.69617225E+00  4.18183209E-01  2.87420903E+01  9.90286035E-01  6.16706761E-01
 -2.35560203E-01  1.00000000E+00  6.99226509E-01 -3.74175637E+00  4.21884516E-01  2.92336209E+01  9.93489379E-01  6.27558478E-01
 -2.21174479E-01  1.00000000E+00  6.94884129E-01 -3.78795743E+00  4.25491542E-01  2.97335962E+01  9.96733043E-01  6.38596959E-01
 -2.08421419E-01  1.00000000E+00  6.92520089E-01 -3.83123670E+00  4.29465503E-01  3.02561778E+01  9.98573057E-01  6.50168995E-01
 -1.95668358E-01  1.00000000E+00  6.90156048E-01 -3.87506654E+00  4.33507423E-01  3.07880190E+01  1.00043939E+00  6.61946215E-01
 -1.83439085E-01  1.00000000E+00  6.90337446E-01 -3.89508112E+00  4.38527876E-01  3.13965491E+01  9.95051002E-01  6.75588846E-01
 -1.71209813E-01  1.00000000E+00  6.90518844E-01 -3.91498089E+00  4.44033611E-01  3.20176558E+01  9.89635345E-01  6.89511565E-01
 -1.58980541E-01  1.00000000E+00  6.89914379E-01 -3.98665255E+00  4.50794418E-01  3.29329655E+01  9.93495114E-01  7.09766008E-01
 -1.46751268E-01  1.00000000E+00  6.89309914E-01 -4.05974318E+00  4.57097513E-01  3.38746674E+01  9.97405489E-01  7.30605820E-01
 -1.34521996E-01  1.00000000E+00  7.02597505E-01 -4.22024913E+00  4.65566215E-01  3.52709632E+01  1.01336890E+00  7.61279873E-01
 -1.22292724E-01  1.00000000E+00  7.15885097E-01 -4.38715633E+00  4.73223483E-01  3.67247994E+01  1.03005499E+00  7.93216542E-01
 -1.10063451E-01  1.00000000E+00  7.14150765E-01 -4.22084994E+00  4.84392490E-01  3.76059852E+01  9.81129522E-01  8.13885681E-01
 -9.78341789E-02  1.00000000E+00  7.12416432E-01 -4.04803456E+00  4.99355878E-01  3.85212049E+01  9.34034044E-01  8.35270463E-01
 -8.56049065E-02  1.00000000E+00  7.34439242E-01 -4.19973629E+00  5.21258775E-01  4.02096759E+01  9.44098337E-01  8.72568390E-01
 -7.33756342E-02  1.00000000E+00  7.56462052E-01 -4.35744985E+00  5.34394283E-01  4.19721809E+01  9.54662875E-01  9.11500401E-01
 -6.11463618E-02  1.00000000E+00  7.68863897E-01 -4.67151124E+00  4.76582487E-01  3.62512584E+01  1.12832614E+00  7.80509607E-01
 -4.89170895E-02  1.00000000E+00  7.81265742E-01 -4.90695728E+00  3.66531004E-01  3.14363588E+01  1.31525484E+00  6.69357865E-01
 -3.66878171E-02  1.00000000E+00  1.77331534E+00 -1.70968895E+01  2.62132704E-01  3.98986795E+01  7.84502033E+00  7.12303538E-01
 -2.44585447E-02  1.00000000E+00  2.76536495E+00 -4.79452479E+01  2.63865300E-01  7.44727546E+01  3.12002105E+01  9.61612091E-01
 -1.22292724E-02  1.00000000E+00  7.03310167E-01  1.64727524E+00  1.05968744E+00  2.36246826E+01  1.38254801E+00  4.94269657E-01
  0.00000000E+00  1.00000000E+00 -1.35874461E+00  9.88255781E+01  4.18230592E+00  1.61943364E+02  6.05312476E+01  2.25360260E+00
