# curve 5 (die wall), step =      800, time =   6.40000000E+02
# N1 = tau_xx - tau_yy = G ( c_xx - c_yy ),  G =  1.3333E-01  (polymer part only)
#              x               y        pressure            c_xy        gammadot            c_xx            c_yy              N1
 -3.00000000E+00  1.00000000E+00  2.59462192E+00 -3.00039552E-01  3.99990862E-01  1.17986061E+00  1.00005188E+00  2.39744969E-02
 -2.95108291E+00  1.00000000E+00  2.55549422E+00 -3.00045413E-01  3.99995154E-01  1.17986297E+00  1.00005264E+00  2.39747117E-02
 -2.90216582E+00  1.00000000E+00  2.51636651E+00 -3.00051274E-01  3.99999177E-01  1.17986534E+00  1.00005340E+00  2.39749264E-02
 -2.85324873E+00  1.00000000E+00  2.47723161E+00 -3.00056618E-01  3.99999733E-01  1.17983253E+00  1.00006431E+00  2.39690960E-02
 -2.80433164E+00  1.00000000E+00  2.43809671E+00 -3.00061962E-01  3.99998154E-01  1.17979971E+00  1.00007522E+00  2.39632658E-02
 -2.75541455E+00  1.00000000E+00  2.39896179E+00 -3.00045766E-01  3.99999691E-01  1.17986121E+00  1.00005306E+00  2.39744193E-02
 -2.70649746E+00  1.00000000E+00  2.35982687E+00 -3.00029569E-01  3.99999835E-01  1.17992270E+00  1.00003090E+00  2.39855733E-02
 -2.65758037E+00  1.00000000E+00  2.32069401E+00 -3.00035361E-01  3.99999450E-01  1.17990034E+00  1.00003910E+00  2.39814975E-02
 -2.60866328E+00  1.00000000E+00  2.28156114E+00 -3.00041153E-01  3.99999867E-01  1.17987797E+00  1.00004730E+00  2.39774218E-02
 -2.55974619E+00  1.00000000E+00  2.24242664E+00 -3.00032704E-01  3.99999143E-01  1.17991008E+00  1.00003563E+00  2.39832604E-02
 -2.51082911E+00  1.00000000E+00  2.20329213E+00 -3.00024255E-01  4.00000881E-01  1.17994219E+00  1.00002395E+00  2.39890991E-02
 -2.46191202E+00  1.00000000E+00  2.16415883E+00 -3.00031273E-01  3.99999286E-01  1.17990922E+00  1.00003517E+00  2.39832068E-02
 -2.41299493E+00  1.00000000E+00  2.12502553E+00 -3.00038291E-01  3.99997250E-01  1.17987626E+00  1.00004640E+00  2.39773146E-02
 -2.36407784E+00  1.00000000E+00  2.08589109E+00 -3.00026946E-01  3.99997600E-01  1.17991440E+00  1.00003217E+00  2.39842973E-02
 -2.31516075E+00  1.00000000E+00  2.04675665E+00 -3.00015601E-01  3.99998213E-01  1.17995255E+00  1.00001795E+00  2.39912802E-02
 -2.26624366E+00  1.00000000E+00  2.00762301E+00 -3.00029565E-01  3.99996941E-01  1.17991086E+00  1.00003422E+00  2.39835524E-02
 -2.21732657E+00  1.00000000E+00  1.96848937E+00 -3.00043529E-01  3.99996466E-01  1.17986918E+00  1.00005049E+00  2.39758248E-02
 -2.16840948E+00  1.00000000E+00  1.92935715E+00 -3.00044571E-01  3.99994338E-01  1.17985340E+00  1.00005513E+00  2.39731025E-02
 -2.11949239E+00  1.00000000E+00  1.89022493E+00 -3.00045613E-01  3.99990690E-01  1.17983762E+00  1.00005977E+00  2.39703802E-02
 -2.07057530E+00  1.00000000E+00  1.85109035E+00 -3.00046354E-01  3.99989596E-01  1.17983830E+00  1.00006025E+00  2.39704072E-02
 -2.02165821E+00  1.00000000E+00  1.81195577E+00 -3.00047094E-01  3.99988881E-01  1.17983899E+00  1.00006073E+00  2.39704341E-02
 -1.97274112E+00  1.00000000E+00  1.77282525E+00 -3.00049712E-01  3.99984167E-01  1.17980618E+00  1.00007033E+00  2.39647796E-02
 -1.92382403E+00  1.00000000E+00  1.73369474E+00 -3.00052330E-01  3.99977722E-01  1.17977337E+00  1.00007993E+00  2.39591251E-02
 -1.87490694E+00  1.00000000E+00  1.69456343E+00 -3.00030564E-01  3.99972948E-01  1.17982642E+00  1.00005822E+00  2.39690929E-02
 -1.82598985E+00  1.00000000E+00  1.65543213E+00 -3.00008798E-01  3.99967504E-01  1.17987948E+00  1.00003652E+00  2.39790611E-02
 -1.77707276E+00  1.00000000E+00  1.61630628E+00 -3.00017413E-01  3.99961020E-01  1.17983183E+00  1.00005288E+00  2.39705266E-02
 -1.72815567E+00  1.00000000E+00  1.57718043E+00 -3.00026028E-01  3.99953006E-01  1.17978418E+00  1.00006924E+00  2.39619923E-02
 -1.67923858E+00  1.00000000E+00  1.53805555E+00 -3.00008522E-01  3.99939953E-01  1.17979990E+00  1.00005878E+00  2.39654826E-02
 -1.63032150E+00  1.00000000E+00  1.49893067E+00 -2.99991016E-01  3.99929349E-01  1.17981562E+00  1.00004832E+00  2.39689731E-02
 -1.58140441E+00  1.00000000E+00  1.45981975E+00 -2.99986295E-01  3.99913943E-01  1.17978069E+00  1.00005685E+00  2.39631784E-02
 -1.53248732E+00  1.00000000E+00  1.42070884E+00 -2.99981574E-01  3.99899028E-01  1.17974576E+00  1.00006538E+00  2.39573839E-02
 -1.48357023E+00  1.00000000E+00  1.38160812E+00 -2.99965131E-01  3.99881051E-01  1.17973111E+00  1.00006485E+00  2.39555002E-02
 -1.43465314E+00  1.00000000E+00  1.34250740E+00 -2.99948688E-01  3.99857989E-01  1.17971645E+00  1.00006433E+00  2.39536165E-02
 -1.38573605E+00  1.00000000E+00  1.30342570E+00 -2.99918887E-01  3.99832323E-01  1.17972943E+00  1.00005088E+00  2.39571400E-02
 -1.33681896E+00  1.00000000E+00  1.26434401E+00 -2.99889085E-01  3.99811107E-01  1.17974240E+00  1.00003743E+00  2.39606636E-02
 -1.28790187E+00  1.00000000E+00  1.22529745E+00 -2.99876146E-01  3.99785900E-01  1.17970918E+00  1.00004146E+00  2.39556954E-02
 -1.23898478E+00  1.00000000E+00  1.18625089E+00 -2.99863206E-01  3.99759770E-01  1.17967595E+00  1.00004549E+00  2.39507274E-02
 -1.19006769E+00  1.00000000E+00  1.14725312E+00 -2.99849353E-01  3.99736860E-01  1.17964272E+00  1.00005496E+00  2.39450335E-02
 -1.14115060E+00  1.00000000E+00  1.10825535E+00 -2.99835499E-01  3.99712861E-01  1.17960948E+00  1.00006444E+00  2.39393397E-02
 -1.09223351E+00  1.00000000E+00  1.06933926E+00 -2.99839235E-01  3.99710284E-01  1.17959227E+00  1.00006796E+00  2.39365749E-02
 -1.04331642E+00  1.00000000E+00  1.03042316E+00 -2.99842972E-01  3.99709432E-01  1.17957507E+00  1.00007149E+00  2.39338101E-02
 -9.94399333E-01  1.00000000E+00  9.91601619E-01 -2.99850107E-01  3.99734884E-01  1.17964768E+00  1.00005178E+00  2.39461198E-02
 -9.45482243E-01  1.00000000E+00  9.52780079E-01 -2.99857242E-01  3.99774872E-01  1.17972030E+00  1.00003208E+00  2.39584300E-02
 -8.96565154E-01  1.00000000E+00  9.14133140E-01 -2.99963872E-01  3.99891667E-01  1.17980965E+00  1.00004863E+00  2.39681362E-02
 -8.47648064E-01  1.00000000E+00  8.75486202E-01 -3.00070509E-01  4.00037050E-01  1.17989902E+00  1.00006519E+00  2.39778431E-02
 -7.99501858E-01  1.00000000E+00  8.37695370E-01 -3.00281854E-01  4.00283363E-01  1.18015248E+00  1.00008106E+00  2.40095217E-02
 -7.51355652E-01  1.00000000E+00  7.99904539E-01 -3.00493236E-01  4.00604639E-01  1.18040602E+00  1.00009697E+00  2.40412059E-02
 -7.08111109E-01  1.00000000E+00  7.66216905E-01 -3.00871113E-01  4.01035785E-01  1.18091102E+00  1.00007049E+00  2.41120711E-02
 -6.64866566E-01  1.00000000E+00  7.32529270E-01 -3.01249111E-01  4.01647694E-01  1.18141632E+00  1.00004413E+00  2.41829582E-02
 -6.26599939E-01  1.00000000E+00  7.03017972E-01 -3.01915355E-01  4.02443336E-01  1.18214121E+00  1.00010245E+00  2.42718341E-02
 -5.88333313E-01  1.00000000E+00  6.73506673E-01 -3.02581942E-01  4.03341952E-01  1.18286681E+00  1.00016114E+00  2.43607547E-02
 -5.54471587E-01  1.00000000E+00  6.47760893E-01 -3.03460136E-01  4.04519414E-01  1.18410580E+00  1.00002288E+00  2.45443902E-02
 -5.20609860E-01  1.00000000E+00  6.22015114E-01 -3.04338978E-01  4.05833139E-01  1.18534649E+00  9.99885333E-01  2.47281539E-02
 -4.90645977E-01  1.00000000E+00  5.99420807E-01 -3.05682658E-01  4.07409532E-01  1.18679046E+00  1.00006170E+00  2.48971681E-02
 -4.60682095E-01  1.00000000E+00  5.76826500E-01 -3.07027772E-01  4.09140446E-01  1.18823727E+00  1.00023957E+00  2.50663594E-02
 -4.34167380E-01  1.00000000E+00  5.57409419E-01 -3.08604355E-01  4.11317402E-01  1.19041945E+00  1.00003053E+00  2.53851891E-02
 -4.07652666E-01  1.00000000E+00  5.37992337E-01 -3.10183003E-01  4.13690044E-01  1.19260691E+00  9.99823795E-01  2.57044152E-02
 -3.84190072E-01  1.00000000E+00  5.20886191E-01 -3.12266081E-01  4.16242618E-01  1.19505344E+00  9.99965691E-01  2.60117003E-02
 -3.60727478E-01  1.00000000E+00  5.03780045E-01 -3.14352702E-01  4.19036539E-01  1.19750743E+00  1.00011122E+00  2.63194946E-02
 -3.39965684E-01  1.00000000E+00  4.89122121E-01 -3.16832929E-01  4.22392125E-01  1.20078350E+00  9.99982402E-01  2.67734803E-02
 -3.19203889E-01  1.00000000E+00  4.74464197E-01 -3.19318282E-01  4.25937243E-01  1.20407172E+00  9.99858972E-01  2.72283669E-02
 -3.00831998E-01  1.00000000E+00  4.61838992E-01 -3.22485695E-01  4.29865153E-01  1.20796345E+00  1.00001654E+00  2.77262547E-02
 -2.82460107E-01  1.00000000E+00  4.49213787E-01 -3.25661469E-01  4.34083922E-01  1.21187312E+00  1.00018246E+00  2.82254218E-02
 -2.66203017E-01  1.00000000E+00  4.38454703E-01 -3.29153326E-01  4.38784046E-01  1.21672539E+00  9.99954553E-01  2.89027786E-02
 -2.49945927E-01  1.00000000E+00  4.27695619E-01 -3.32655715E-01  4.43758100E-01  1.22160302E+00  9.99737284E-01  2.95820975E-02
 -2.35560203E-01  1.00000000E+00  4.18474835E-01 -3.36854266E-01  4.49084293E-01  1.22712064E+00  9.99859936E-01  3.03014273E-02
 -2.21174479E-01  1.00000000E+00  4.09254051E-01 -3.41068113E-01  4.54807615E-01  1.23267197E+00  9.99997168E-01  3.10233074E-02
 -2.08421419E-01  1.00000000E+00  4.01515116E-01 -3.46054410E-01  4.61106433E-01  1.23942422E+00  1.00005859E+00  3.19154181E-02
 -1.95668358E-01  1.00000000E+00  3.93776182E-01 -3.51062454E-01  4.67795317E-01  1.24622538E+00  1.00014056E+00  3.28113095E-02
 -1.83439085E-01  1.00000000E+00  3.87125699E-01 -3.56703440E-01  4.75542617E-01  1.25471256E+00  9.99771443E-01  3.39921491E-02
 -1.71209813E-01  1.00000000E+00  3.80475217E-01 -3.62373693E-01  4.83699343E-01  1.26327116E+00  9.99429406E-01  3.51789009E-02
 -1.58980541E-01  1.00000000E+00  3.74189637E-01 -3.70385168E-01  4.93735033E-01  1.27451506E+00  9.99854466E-01  3.66214122E-02
 -1.46751268E-01  1.00000000E+00  3.67904057E-01 -3.78455349E-01  5.04396770E-01  1.28588755E+00  1.00033044E+00  3.80742825E-02
 -1.34521996E-01  1.00000000E+00  3.63112970E-01 -3.88531846E-01  5.18205661E-01  1.30269998E+00  9.99436617E-01  4.04351154E-02
 -1.22292724E-01  1.00000000E+00  3.58321883E-01 -3.98708794E-01  5.32664764E-01  1.31976850E+00  9.98628000E-01  4.28187337E-02
 -1.10063451E-01  1.00000000E+00  3.53406806E-01 -4.15286461E-01  5.53237891E-01  1.34254424E+00  1.00128565E+00  4.55011447E-02
 -9.78341789E-02  1.00000000E+00  3.48491730E-01 -4.32117592E-01  5.74003420E-01  1.36582901E+00  1.00414706E+00  4.82242607E-02
 -8.56049065E-02  1.00000000E+00  3.58033512E-01 -4.51663875E-01  6.03174304E-01  1.41639224E+00  9.95295180E-01  5.61462744E-02
 -7.33756342E-02  1.00000000E+00  3.67575295E-01 -4.71728269E-01  6.38558075E-01  1.46886485E+00  9.86875710E-01  6.42652183E-02
 -6.11463618E-02  1.00000000E+00  3.14460483E-01 -5.10317074E-01  7.02063782E-01  1.52387463E+00  9.97155995E-01  7.02291520E-02
 -4.89170895E-02  1.00000000E+00  2.61345671E-01 -5.50286740E-01  7.45879038E-01  1.58148650E+00  1.00843603E+00  7.64067287E-02
 -3.66878171E-02  1.00000000E+00  5.69152648E-01 -7.23529023E-01  8.42424793E-01  1.87949687E+00  1.05033321E+00  1.10555154E-01
 -2.44585447E-02  1.00000000E+00  8.76959626E-01 -9.26823444E-01  1.05646560E+00  2.24055109E+00  1.11029084E+00  1.50701367E-01
 -1.22292724E-02  1.00000000E+00 -3.58970494E-01 -3.60162378E-01  1.71993960E+00  3.11923857E+00  6.51003754E-01  3.29097975E-01
  0.00000000E+00  1.00000000E+00 -1.59490061E+00  3.61881121E-01  3.06126940E+00  4.97860934E+00  4.71948402E-01  6.00888125E-01
