# curve 5 (die wall), step =      600, time =   4.80000000E+02
# N1 = tau_xx - tau_yy = G ( c_xx - c_yy ),  G =  1.8400E-01  (polymer part only)
#              x               y        pressure            c_xy        gammadot            c_xx            c_yy              N1
 -3.00000000E+00  1.00000000E+00  3.06495092E+00 -2.00150964E+00  4.00358511E-01  9.01399127E+00  9.99726939E-01  1.47462464E+00
 -2.95108291E+00  1.00000000E+00  3.02467188E+00 -2.00193047E+00  4.00401233E-01  9.01627225E+00  9.99791618E-01  1.47503244E+00
 -2.90216582E+00  1.00000000E+00  2.98439285E+00 -2.00235140E+00  4.00457428E-01  9.01855381E+00  9.99856313E-01  1.47544034E+00
 -2.85324873E+00  1.00000000E+00  2.94546044E+00 -2.00235389E+00  4.00215960E-01  9.01351590E+00  1.00016272E+00  1.47445698E+00
 -2.80433164E+00  1.00000000E+00  2.90652803E+00 -2.00235627E+00  3.99974000E-01  9.00848125E+00  1.00046918E+00  1.47347422E+00
 -2.75541455E+00  1.00000000E+00  2.86729331E+00 -2.00151159E+00  4.00171885E-01  9.00895374E+00  1.00003252E+00  1.47364150E+00
 -2.70649746E+00  1.00000000E+00  2.82805859E+00 -2.00066698E+00  4.00243452E-01  9.00942663E+00  9.99596038E-01  1.47380883E+00
 -2.65758037E+00  1.00000000E+00  2.78899955E+00 -2.00180858E+00  4.00270668E-01  9.01117707E+00  1.00003764E+00  1.47404966E+00
 -2.60866328E+00  1.00000000E+00  2.74994052E+00 -2.00295055E+00  4.00235008E-01  9.01292812E+00  1.00047947E+00  1.47429055E+00
 -2.55974619E+00  1.00000000E+00  2.71104279E+00 -2.00248334E+00  4.00080228E-01  9.01446625E+00  1.00024250E+00  1.47461717E+00
 -2.51082911E+00  1.00000000E+00  2.67214505E+00 -2.00201602E+00  4.00238306E-01  9.01600492E+00  1.00000558E+00  1.47494388E+00
 -2.46191202E+00  1.00000000E+00  2.63250089E+00 -2.00174764E+00  4.00197708E-01  9.01306757E+00  1.00000049E+00  1.47440434E+00
 -2.41299493E+00  1.00000000E+00  2.59285673E+00 -2.00147928E+00  4.00137113E-01  9.01013123E+00  9.99995404E-01  1.47386499E+00
 -2.36407784E+00  1.00000000E+00  2.55408428E+00 -2.00171710E+00  4.00108130E-01  9.01060675E+00  1.00015487E+00  1.47392315E+00
 -2.31516075E+00  1.00000000E+00  2.51531183E+00 -2.00195495E+00  4.00054619E-01  9.01108229E+00  1.00031436E+00  1.47398130E+00
 -2.26624366E+00  1.00000000E+00  2.47605993E+00 -2.00188454E+00  3.99988775E-01  9.01288618E+00  1.00015265E+00  1.47434297E+00
 -2.21732657E+00  1.00000000E+00  2.43680802E+00 -2.00181412E+00  4.00050258E-01  9.01469052E+00  9.99990964E-01  1.47470472E+00
 -2.16840948E+00  1.00000000E+00  2.39746252E+00 -2.00221482E+00  4.00107902E-01  9.01348377E+00  1.00017797E+00  1.47444827E+00
 -2.11949239E+00  1.00000000E+00  2.35811703E+00 -2.00261543E+00  4.00065990E-01  9.01227738E+00  1.00036501E+00  1.47419188E+00
 -2.07057530E+00  1.00000000E+00  2.31925116E+00 -2.00301020E+00  4.00112190E-01  9.01748127E+00  1.00032034E+00  1.47515761E+00
 -2.02165821E+00  1.00000000E+00  2.28038530E+00 -2.00340501E+00  4.00132710E-01  9.02268836E+00  1.00027565E+00  1.47612394E+00
 -1.97274112E+00  1.00000000E+00  2.24078507E+00 -2.00264199E+00  4.00039412E-01  9.01833163E+00  1.00010655E+00  1.47535341E+00
 -1.92382403E+00  1.00000000E+00  2.20118484E+00 -2.00187928E+00  3.99990849E-01  9.01397701E+00  9.99937503E-01  1.47458327E+00
 -1.87490694E+00  1.00000000E+00  2.16204431E+00 -2.00226622E+00  4.00002078E-01  9.01084156E+00  1.00033702E+00  1.47393284E+00
 -1.82598985E+00  1.00000000E+00  2.12290379E+00 -2.00265304E+00  3.99909904E-01  9.00770765E+00  1.00073666E+00  1.47328266E+00
 -1.77707276E+00  1.00000000E+00  2.08383350E+00 -2.00318947E+00  3.99828887E-01  9.00941269E+00  1.00093674E+00  1.47355958E+00
 -1.72815567E+00  1.00000000E+00  2.04476322E+00 -2.00372602E+00  3.99718468E-01  9.01111807E+00  1.00113686E+00  1.47383654E+00
 -1.67923858E+00  1.00000000E+00  2.00551972E+00 -2.00215960E+00  3.99273906E-01  9.00497471E+00  1.00080576E+00  1.47276709E+00
 -1.63032150E+00  1.00000000E+00  1.96627623E+00 -2.00059427E+00  3.99197292E-01  8.99883557E+00  1.00047494E+00  1.47169836E+00
 -1.58140441E+00  1.00000000E+00  1.92699572E+00 -1.99969661E+00  3.98911208E-01  8.98602676E+00  1.00087423E+00  1.46926807E+00
 -1.53248732E+00  1.00000000E+00  1.88771522E+00 -1.99879951E+00  3.98704529E-01  8.97323737E+00  1.00127363E+00  1.46684133E+00
 -1.48357023E+00  1.00000000E+00  1.84791616E+00 -1.99596172E+00  3.98485326E-01  8.96336055E+00  1.00037848E+00  1.46518870E+00
 -1.43465314E+00  1.00000000E+00  1.80811710E+00 -1.99312744E+00  3.98400597E-01  8.95349488E+00  9.99484448E-01  1.46353792E+00
 -1.38573605E+00  1.00000000E+00  1.76906112E+00 -1.99090961E+00  3.97762442E-01  8.92958681E+00  9.99998444E-01  1.45904426E+00
 -1.33681896E+00  1.00000000E+00  1.73000514E+00 -1.98869534E+00  3.97240383E-01  8.90574541E+00  1.00051289E+00  1.45456278E+00
 -1.28790187E+00  1.00000000E+00  1.69059560E+00 -1.98654210E+00  3.96391626E-01  8.87955568E+00  1.00109397E+00  1.44963696E+00
 -1.23898478E+00  1.00000000E+00  1.65118607E+00 -1.98439194E+00  3.95447891E-01  8.85344724E+00  1.00167527E+00  1.44472604E+00
 -1.19006769E+00  1.00000000E+00  1.61305693E+00 -1.97912001E+00  3.94286272E-01  8.82204912E+00  1.00122320E+00  1.43903197E+00
 -1.14115060E+00  1.00000000E+00  1.57492779E+00 -1.97386394E+00  3.93332194E-01  8.79076269E+00  1.00077350E+00  1.43335801E+00
 -1.09223351E+00  1.00000000E+00  1.53469709E+00 -1.96782136E+00  3.92432746E-01  8.74783757E+00  1.00046529E+00  1.42551650E+00
 -1.04331642E+00  1.00000000E+00  1.49446639E+00 -1.96180107E+00  3.91544379E-01  8.70512507E+00  1.00015923E+00  1.41771371E+00
 -9.94399333E-01  1.00000000E+00  1.45690329E+00 -1.95745460E+00  3.90192965E-01  8.65349224E+00  1.00122569E+00  1.40801705E+00
 -9.45482243E-01  1.00000000E+00  1.41934020E+00 -1.95312059E+00  3.88632142E-01  8.60218250E+00  1.00229277E+00  1.39837971E+00
 -8.96565154E-01  1.00000000E+00  1.38159007E+00 -1.94460769E+00  3.86647021E-01  8.54443290E+00  1.00208866E+00  1.38779134E+00
 -8.47648064E-01  1.00000000E+00  1.34383995E+00 -1.93614007E+00  3.84951861E-01  8.48707525E+00  1.00189039E+00  1.37727402E+00
 -7.99501858E-01  1.00000000E+00  1.30839447E+00 -1.92768480E+00  3.82973901E-01  8.41686465E+00  1.00214850E+00  1.36430777E+00
 -7.51355652E-01  1.00000000E+00  1.27294899E+00 -1.91927664E+00  3.81328494E-01  8.34725086E+00  1.00240984E+00  1.35145075E+00
 -7.08111109E-01  1.00000000E+00  1.24152170E+00 -1.90810531E+00  3.79765578E-01  8.27715804E+00  1.00121072E+00  1.33877431E+00
 -6.64866566E-01  1.00000000E+00  1.21009441E+00 -1.89700890E+00  3.78705872E-01  8.20765866E+00  1.00002031E+00  1.32620546E+00
 -6.26599939E-01  1.00000000E+00  1.18345666E+00 -1.89147578E+00  3.77993506E-01  8.16333254E+00  9.99992570E-01  1.31805456E+00
 -5.88333313E-01  1.00000000E+00  1.15681891E+00 -1.88596273E+00  3.77022057E-01  8.11925215E+00  9.99966001E-01  1.30994865E+00
 -5.54471587E-01  1.00000000E+00  1.13522241E+00 -1.88214363E+00  3.76532432E-01  8.09531757E+00  9.99546022E-01  1.30562196E+00
 -5.20609860E-01  1.00000000E+00  1.11362590E+00 -1.87833345E+00  3.76028841E-01  8.07145417E+00  9.99127058E-01  1.30130819E+00
 -4.90645977E-01  1.00000000E+00  1.09611213E+00 -1.87841121E+00  3.75708408E-01  8.05775134E+00  9.99963186E-01  1.29863302E+00
 -4.60682095E-01  1.00000000E+00  1.07859836E+00 -1.87848760E+00  3.75488241E-01  8.04407591E+00  1.00079956E+00  1.29596285E+00
 -4.34167380E-01  1.00000000E+00  1.06433781E+00 -1.87706091E+00  3.75867304E-01  8.05169248E+00  9.99428744E-01  1.29761653E+00
 -4.07652666E-01  1.00000000E+00  1.05007727E+00 -1.87563351E+00  3.76341581E-01  8.05932040E+00  9.98059393E-01  1.29927202E+00
 -3.84190072E-01  1.00000000E+00  1.03889079E+00 -1.88129134E+00  3.77268545E-01  8.08858289E+00  9.98874593E-01  1.30450633E+00
 -3.60727478E-01  1.00000000E+00  1.02770432E+00 -1.88696740E+00  3.78183554E-01  8.11795159E+00  9.99692955E-01  1.30975959E+00
 -3.39965684E-01  1.00000000E+00  1.01918840E+00 -1.89175186E+00  3.79414664E-01  8.16037411E+00  9.99175487E-01  1.31766055E+00
 -3.19203889E-01  1.00000000E+00  1.01067249E+00 -1.89655279E+00  3.80628901E-01  8.20302580E+00  9.98659488E-01  1.32560340E+00
 -3.00831998E-01  1.00000000E+00  1.00438099E+00 -1.90532065E+00  3.82014622E-01  8.26124760E+00  9.99331481E-01  1.33619257E+00
 -2.82460107E-01  1.00000000E+00  9.98089487E-01 -1.91413658E+00  3.83434971E-01  8.31988761E+00  1.00000851E+00  1.34685775E+00
 -2.66203017E-01  1.00000000E+00  9.93344639E-01 -1.92178763E+00  3.85133538E-01  8.38343043E+00  9.99606646E-01  1.35862358E+00
 -2.49945927E-01  1.00000000E+00  9.88599792E-01 -1.92947862E+00  3.86809075E-01  8.44747202E+00  9.99208098E-01  1.37048056E+00
 -2.35560203E-01  1.00000000E+00  9.85902658E-01 -1.93925564E+00  3.88099527E-01  8.51183483E+00  1.00016170E+00  1.38214785E+00
 -2.21174479E-01  1.00000000E+00  9.83205524E-01 -1.94909045E+00  3.89428727E-01  8.57669340E+00  1.00112127E+00  1.39390527E+00
 -2.08421419E-01  1.00000000E+00  9.80422675E-01 -1.95813921E+00  3.90486448E-01  8.62425604E+00  1.00266708E+00  1.40237237E+00
 -1.95668358E-01  1.00000000E+00  9.77639826E-01 -1.96723255E+00  3.91312140E-01  8.67208240E+00  1.00422026E+00  1.41088663E+00
 -1.83439085E-01  1.00000000E+00  9.75370027E-01 -1.97181487E+00  3.91240233E-01  8.69521493E+00  1.00547098E+00  1.41491289E+00
 -1.71209813E-01  1.00000000E+00  9.73100229E-01 -1.97640821E+00  3.90239601E-01  8.71840918E+00  1.00672385E+00  1.41895010E+00
 -1.58980541E-01  1.00000000E+00  9.59736720E-01 -1.95151440E+00  3.84970720E-01  8.50324880E+00  1.00926211E+00  1.37889355E+00
 -1.46751268E-01  1.00000000E+00  9.46373211E-01 -1.92704673E+00  3.77714889E-01  8.29355175E+00  1.01184709E+00  1.33983366E+00
 -1.34521996E-01  1.00000000E+00  9.25094220E-01 -1.88308362E+00  3.59645895E-01  7.61695594E+00  1.04193638E+00  1.20980360E+00
 -1.22292724E-01  1.00000000E+00  9.03815230E-01 -1.84086575E+00  3.25623679E-01  6.99974874E+00  1.07274823E+00  1.09056809E+00
 -1.10063451E-01  1.00000000E+00  9.56726470E-01 -1.45666934E+00  2.36051447E-01  4.47737764E+00  1.13647954E+00  6.14725250E-01
 -9.78341789E-02  1.00000000E+00  1.00963771E+00 -1.18391326E+00  1.61703489E-01  2.88299079E+00  1.22705858E+00  3.04691527E-01
 -8.56049065E-02  1.00000000E+00  1.28079777E+00 -5.22575953E-01  6.25328475E-02  1.52000632E+00  1.08619783E+00  7.98207620E-02
 -7.33756342E-02  1.00000000E+00  1.55195783E+00 -1.36187797E-01  3.45778061E-02  8.25767135E-01  1.09895932E+00 -5.02673628E-02
 -6.11463618E-02  1.00000000E+00  1.94646138E+00  2.10596524E-01  5.50583381E-02  6.27045670E-01  1.35579485E+00 -1.34089848E-01
 -4.89170895E-02  1.00000000E+00  2.34096493E+00  5.77986131E-01  1.47415805E-01  5.83498551E-01  1.82433324E+00 -2.28313582E-01
 -3.66878171E-02  1.00000000E+00  3.19452586E+00  4.97173726E-01  2.79845391E-01  8.47402065E-01  1.41132655E+00 -1.03762106E-01
 -2.44585447E-02  1.00000000E+00  4.04808678E+00  4.24128085E-01  3.45443259E-01  1.29616803E+00  1.08958763E+00  3.80107938E-02
 -1.22292724E-02  1.00000000E+00  1.96190197E+00  2.74950044E+00  6.65999520E-01  3.09284155E+00  3.37163634E+00 -5.12982415E-02
  0.00000000E+00  1.00000000E+00 -1.24282853E-01  1.09951635E+01  1.59300313E+01  1.02311510E+01  1.24686627E+01 -4.11702149E-01
