# curve 5 (die wall), step =        1, time =   8.00000000E-01
# N1 = tau_xx - tau_yy = G ( c_xx - c_yy ),  G =  1.8400E-01  (polymer part only)
#              x               y        pressure            c_xy        gammadot            c_xx            c_yy              N1
 -3.00000000E+00  1.00000000E+00  5.31304742E-01  0.00000000E+00  3.99994468E-01  1.00000000E+00  1.00000000E+00  0.00000000E+00
 -2.95108291E+00  1.00000000E+00  5.23211294E-01  0.00000000E+00  3.99996410E-01  1.00000000E+00  1.00000000E+00  0.00000000E+00
 -2.90216582E+00  1.00000000E+00  5.15117847E-01  0.00000000E+00  3.99998621E-01  1.00000000E+00  1.00000000E+00  0.00000000E+00
 -2.85324873E+00  1.00000000E+00  5.07020021E-01  0.00000000E+00  3.99999645E-01  1.00000000E+00  1.00000000E+00  0.00000000E+00
 -2.80433164E+00  1.00000000E+00  4.98922195E-01  0.00000000E+00  3.99999887E-01  1.00000000E+00  1.00000000E+00  0.00000000E+00
 -2.75541455E+00  1.00000000E+00  4.90825915E-01  0.00000000E+00  3.99999910E-01  1.00000000E+00  1.00000000E+00  0.00000000E+00
 -2.70649746E+00  1.00000000E+00  4.82729634E-01  0.00000000E+00  3.99999942E-01  1.00000000E+00  1.00000000E+00  0.00000000E+00
 -2.65758037E+00  1.00000000E+00  4.74632843E-01  0.00000000E+00  3.99999859E-01  1.00000000E+00  1.00000000E+00  0.00000000E+00
 -2.60866328E+00  1.00000000E+00  4.66536052E-01  0.00000000E+00  3.99999692E-01  1.00000000E+00  1.00000000E+00  0.00000000E+00
 -2.55974619E+00  1.00000000E+00  4.58439434E-01  0.00000000E+00  3.99999424E-01  1.00000000E+00  1.00000000E+00  0.00000000E+00
 -2.51082911E+00  1.00000000E+00  4.50342815E-01  0.00000000E+00  3.99999122E-01  1.00000000E+00  1.00000000E+00  0.00000000E+00
 -2.46191202E+00  1.00000000E+00  4.42246141E-01  0.00000000E+00  3.99998729E-01  1.00000000E+00  1.00000000E+00  0.00000000E+00
 -2.41299493E+00  1.00000000E+00  4.34149467E-01  0.00000000E+00  3.99998297E-01  1.00000000E+00  1.00000000E+00  0.00000000E+00
 -2.36407784E+00  1.00000000E+00  4.26052847E-01  0.00000000E+00  3.99997676E-01  1.00000000E+00  1.00000000E+00  0.00000000E+00
 -2.31516075E+00  1.00000000E+00  4.17956228E-01  0.00000000E+00  3.99996964E-01  1.00000000E+00  1.00000000E+00  0.00000000E+00
 -2.26624366E+00  1.00000000E+00  4.09859647E-01  0.00000000E+00  3.99995973E-01  1.00000000E+00  1.00000000E+00  0.00000000E+00
 -2.21732657E+00  1.00000000E+00  4.01763067E-01  0.00000000E+00  3.99994824E-01  1.00000000E+00  1.00000000E+00  0.00000000E+00
 -2.16840948E+00  1.00000000E+00  3.93666433E-01  0.00000000E+00  3.99993289E-01  1.00000000E+00  1.00000000E+00  0.00000000E+00
 -2.11949239E+00  1.00000000E+00  3.85569800E-01  0.00000000E+00  3.99991555E-01  1.00000000E+00  1.00000000E+00  0.00000000E+00
 -2.07057530E+00  1.00000000E+00  3.77473501E-01  0.00000000E+00  3.99989041E-01  1.00000000E+00  1.00000000E+00  0.00000000E+00
 -2.02165821E+00  1.00000000E+00  3.69377203E-01  0.00000000E+00  3.99986280E-01  1.00000000E+00  1.00000000E+00  0.00000000E+00
 -1.97274112E+00  1.00000000E+00  3.61280785E-01  0.00000000E+00  3.99983105E-01  1.00000000E+00  1.00000000E+00  0.00000000E+00
 -1.92382403E+00  1.00000000E+00  3.53184368E-01  0.00000000E+00  3.99979291E-01  1.00000000E+00  1.00000000E+00  0.00000000E+00
 -1.87490694E+00  1.00000000E+00  3.45088532E-01  0.00000000E+00  3.99974176E-01  1.00000000E+00  1.00000000E+00  0.00000000E+00
 -1.82598985E+00  1.00000000E+00  3.36992697E-01  0.00000000E+00  3.99968408E-01  1.00000000E+00  1.00000000E+00  0.00000000E+00
 -1.77707276E+00  1.00000000E+00  3.28897471E-01  0.00000000E+00  3.99961050E-01  1.00000000E+00  1.00000000E+00  0.00000000E+00
 -1.72815567E+00  1.00000000E+00  3.20802245E-01  0.00000000E+00  3.99952314E-01  1.00000000E+00  1.00000000E+00  0.00000000E+00
 -1.67923858E+00  1.00000000E+00  3.12708421E-01  0.00000000E+00  3.99940937E-01  1.00000000E+00  1.00000000E+00  0.00000000E+00
 -1.63032150E+00  1.00000000E+00  3.04614597E-01  0.00000000E+00  3.99928981E-01  1.00000000E+00  1.00000000E+00  0.00000000E+00
 -1.58140441E+00  1.00000000E+00  2.96521008E-01  0.00000000E+00  3.99915066E-01  1.00000000E+00  1.00000000E+00  0.00000000E+00
 -1.53248732E+00  1.00000000E+00  2.88427419E-01  0.00000000E+00  3.99900869E-01  1.00000000E+00  1.00000000E+00  0.00000000E+00
 -1.48357023E+00  1.00000000E+00  2.80337614E-01  0.00000000E+00  3.99884009E-01  1.00000000E+00  1.00000000E+00  0.00000000E+00
 -1.43465314E+00  1.00000000E+00  2.72247809E-01  0.00000000E+00  3.99864103E-01  1.00000000E+00  1.00000000E+00  0.00000000E+00
 -1.38573605E+00  1.00000000E+00  2.64164224E-01  0.00000000E+00  3.99838832E-01  1.00000000E+00  1.00000000E+00  0.00000000E+00
 -1.33681896E+00  1.00000000E+00  2.56080639E-01  0.00000000E+00  3.99816036E-01  1.00000000E+00  1.00000000E+00  0.00000000E+00
 -1.28790187E+00  1.00000000E+00  2.47999455E-01  0.00000000E+00  3.99793915E-01  1.00000000E+00  1.00000000E+00  0.00000000E+00
 -1.23898478E+00  1.00000000E+00  2.39918272E-01  0.00000000E+00  3.99770852E-01  1.00000000E+00  1.00000000E+00  0.00000000E+00
 -1.19006769E+00  1.00000000E+00  2.31848579E-01  0.00000000E+00  3.99749557E-01  1.00000000E+00  1.00000000E+00  0.00000000E+00
 -1.14115060E+00  1.00000000E+00  2.23778886E-01  0.00000000E+00  3.99730325E-01  1.00000000E+00  1.00000000E+00  0.00000000E+00
 -1.09223351E+00  1.00000000E+00  2.15730515E-01  0.00000000E+00  3.99733678E-01  1.00000000E+00  1.00000000E+00  0.00000000E+00
 -1.04331642E+00  1.00000000E+00  2.07682143E-01  0.00000000E+00  3.99742063E-01  1.00000000E+00  1.00000000E+00  0.00000000E+00
 -9.94399333E-01  1.00000000E+00  1.99646765E-01  0.00000000E+00  3.99775775E-01  1.00000000E+00  1.00000000E+00  0.00000000E+00
 -9.45482243E-01  1.00000000E+00  1.91611387E-01  0.00000000E+00  3.99824532E-01  1.00000000E+00  1.00000000E+00  0.00000000E+00
 -8.96565154E-01  1.00000000E+00  1.83607617E-01  0.00000000E+00  3.99946109E-01  1.00000000E+00  1.00000000E+00  0.00000000E+00
 -8.47648064E-01  1.00000000E+00  1.75603847E-01  0.00000000E+00  4.00092261E-01  1.00000000E+00  1.00000000E+00  0.00000000E+00
 -7.99501858E-01  1.00000000E+00  1.67783056E-01  0.00000000E+00  4.00365475E-01  1.00000000E+00  1.00000000E+00  0.00000000E+00
 -7.51355652E-01  1.00000000E+00  1.59962265E-01  0.00000000E+00  4.00692576E-01  1.00000000E+00  1.00000000E+00  0.00000000E+00
 -7.08111109E-01  1.00000000E+00  1.52992352E-01  0.00000000E+00  4.01165451E-01  1.00000000E+00  1.00000000E+00  0.00000000E+00
 -6.64866566E-01  1.00000000E+00  1.46022439E-01  0.00000000E+00  4.01771439E-01  1.00000000E+00  1.00000000E+00  0.00000000E+00
 -6.26599939E-01  1.00000000E+00  1.39868675E-01  0.00000000E+00  4.02574675E-01  1.00000000E+00  1.00000000E+00  0.00000000E+00
 -5.88333313E-01  1.00000000E+00  1.33714911E-01  0.00000000E+00  4.03505422E-01  1.00000000E+00  1.00000000E+00  0.00000000E+00
 -5.54471587E-01  1.00000000E+00  1.28433251E-01  0.00000000E+00  4.04739846E-01  1.00000000E+00  1.00000000E+00  0.00000000E+00
 -5.20609860E-01  1.00000000E+00  1.23151591E-01  0.00000000E+00  4.06101316E-01  1.00000000E+00  1.00000000E+00  0.00000000E+00
 -4.90645977E-01  1.00000000E+00  1.18333175E-01  0.00000000E+00  4.07689897E-01  1.00000000E+00  1.00000000E+00  0.00000000E+00
 -4.60682095E-01  1.00000000E+00  1.13514759E-01  0.00000000E+00  4.09414520E-01  1.00000000E+00  1.00000000E+00  0.00000000E+00
 -4.34167380E-01  1.00000000E+00  1.09647564E-01  0.00000000E+00  4.11611192E-01  1.00000000E+00  1.00000000E+00  0.00000000E+00
 -4.07652666E-01  1.00000000E+00  1.05780370E-01  0.00000000E+00  4.14027406E-01  1.00000000E+00  1.00000000E+00  0.00000000E+00
 -3.84190072E-01  1.00000000E+00  1.02105889E-01  0.00000000E+00  4.16572558E-01  1.00000000E+00  1.00000000E+00  0.00000000E+00
 -3.60727478E-01  1.00000000E+00  9.84314083E-02  0.00000000E+00  4.19303084E-01  1.00000000E+00  1.00000000E+00  0.00000000E+00
 -3.39965684E-01  1.00000000E+00  9.53647096E-02  0.00000000E+00  4.22596638E-01  1.00000000E+00  1.00000000E+00  0.00000000E+00
 -3.19203889E-01  1.00000000E+00  9.22980108E-02  0.00000000E+00  4.26050928E-01  1.00000000E+00  1.00000000E+00  0.00000000E+00
 -3.00831998E-01  1.00000000E+00  8.96097753E-02  0.00000000E+00  4.29866621E-01  1.00000000E+00  1.00000000E+00  0.00000000E+00
 -2.82460107E-01  1.00000000E+00  8.69215397E-02  0.00000000E+00  4.34102567E-01  1.00000000E+00  1.00000000E+00  0.00000000E+00
 -2.66203017E-01  1.00000000E+00  8.47112496E-02  0.00000000E+00  4.38818189E-01  1.00000000E+00  1.00000000E+00  0.00000000E+00
 -2.49945927E-01  1.00000000E+00  8.25009594E-02  0.00000000E+00  4.43717479E-01  1.00000000E+00  1.00000000E+00  0.00000000E+00
 -2.35560203E-01  1.00000000E+00  8.04821348E-02  0.00000000E+00  4.48835223E-01  1.00000000E+00  1.00000000E+00  0.00000000E+00
 -2.21174479E-01  1.00000000E+00  7.84633101E-02  0.00000000E+00  4.54416216E-01  1.00000000E+00  1.00000000E+00  0.00000000E+00
 -2.08421419E-01  1.00000000E+00  7.66259930E-02  0.00000000E+00  4.60564025E-01  1.00000000E+00  1.00000000E+00  0.00000000E+00
 -1.95668358E-01  1.00000000E+00  7.47886760E-02  0.00000000E+00  4.67119383E-01  1.00000000E+00  1.00000000E+00  0.00000000E+00
 -1.83439085E-01  1.00000000E+00  7.34942980E-02  0.00000000E+00  4.74608119E-01  1.00000000E+00  1.00000000E+00  0.00000000E+00
 -1.71209813E-01  1.00000000E+00  7.21999200E-02  0.00000000E+00  4.82413087E-01  1.00000000E+00  1.00000000E+00  0.00000000E+00
 -1.58980541E-01  1.00000000E+00  7.07679608E-02  0.00000000E+00  4.91948715E-01  1.00000000E+00  1.00000000E+00  0.00000000E+00
 -1.46751268E-01  1.00000000E+00  6.93360016E-02  0.00000000E+00  5.02260131E-01  1.00000000E+00  1.00000000E+00  0.00000000E+00
 -1.34521996E-01  1.00000000E+00  6.78522468E-02  0.00000000E+00  5.15027751E-01  1.00000000E+00  1.00000000E+00  0.00000000E+00
 -1.22292724E-01  1.00000000E+00  6.63684921E-02  0.00000000E+00  5.28150600E-01  1.00000000E+00  1.00000000E+00  0.00000000E+00
 -1.10063451E-01  1.00000000E+00  6.42328209E-02  0.00000000E+00  5.47672199E-01  1.00000000E+00  1.00000000E+00  0.00000000E+00
 -9.78341789E-02  1.00000000E+00  6.20971497E-02  0.00000000E+00  5.68208891E-01  1.00000000E+00  1.00000000E+00  0.00000000E+00
 -8.56049065E-02  1.00000000E+00  6.65245626E-02  0.00000000E+00  5.94478341E-01  1.00000000E+00  1.00000000E+00  0.00000000E+00
 -7.33756342E-02  1.00000000E+00  7.09519756E-02  0.00000000E+00  6.24388426E-01  1.00000000E+00  1.00000000E+00  0.00000000E+00
 -6.11463618E-02  1.00000000E+00  4.70780690E-02  0.00000000E+00  6.76593739E-01  1.00000000E+00  1.00000000E+00  0.00000000E+00
 -4.89170895E-02  1.00000000E+00  2.32041624E-02  0.00000000E+00  7.31211936E-01  1.00000000E+00  1.00000000E+00  0.00000000E+00
 -3.66878171E-02  1.00000000E+00  8.51858050E-02  0.00000000E+00  8.23025855E-01  1.00000000E+00  1.00000000E+00  0.00000000E+00
 -2.44585447E-02  1.00000000E+00  1.47167448E-01  0.00000000E+00  9.35417426E-01  1.00000000E+00  1.00000000E+00  0.00000000E+00
 -1.22292724E-02  1.00000000E+00  1.21374259E-02  0.00000000E+00  1.28798951E+00  1.00000000E+00  1.00000000E+00  0.00000000E+00
  0.00000000E+00  1.00000000E+00 -1.22892596E-01  0.00000000E+00  1.95089416E+00  1.00000000E+00  1.00000000E+00  0.00000000E+00
