# curve 5 (die wall), step =      500, time =   4.00000000E+02
# N1 = tau_xx - tau_yy = G ( c_xx - c_yy ),  G =  1.2667E+00  (polymer part only)
#              x               y        pressure            c_xy        gammadot            c_xx            c_yy              N1
 -3.00000000E+00  1.00000000E+00  2.67028370E+00 -3.00037365E-01  4.00001812E-01  1.17986086E+00  1.00004966E+00  2.27760849E-01
 -2.95108291E+00  1.00000000E+00  2.63110249E+00 -3.00047583E-01  4.00005077E-01  1.17986393E+00  1.00005367E+00  2.27759664E-01
 -2.90216582E+00  1.00000000E+00  2.59192127E+00 -3.00057802E-01  4.00010236E-01  1.17986701E+00  1.00005768E+00  2.27758478E-01
 -2.85324873E+00  1.00000000E+00  2.55279697E+00 -3.00057310E-01  4.00000140E-01  1.17982642E+00  1.00006975E+00  2.27691784E-01
 -2.80433164E+00  1.00000000E+00  2.51367266E+00 -3.00056819E-01  3.99982802E-01  1.17978584E+00  1.00008182E+00  2.27625093E-01
 -2.75541455E+00  1.00000000E+00  2.47452513E+00 -3.00041126E-01  3.99994309E-01  1.17985307E+00  1.00005531E+00  2.27743828E-01
 -2.70649746E+00  1.00000000E+00  2.43537759E+00 -3.00025433E-01  3.99996831E-01  1.17992031E+00  1.00002881E+00  2.27862569E-01
 -2.65758037E+00  1.00000000E+00  2.39625465E+00 -3.00032153E-01  3.99995312E-01  1.17989624E+00  1.00003921E+00  2.27818910E-01
 -2.60866328E+00  1.00000000E+00  2.35713171E+00 -3.00038873E-01  4.00000183E-01  1.17987217E+00  1.00004961E+00  2.27775252E-01
 -2.55974619E+00  1.00000000E+00  2.31798966E+00 -3.00031092E-01  3.99995687E-01  1.17990819E+00  1.00003554E+00  2.27838686E-01
 -2.51082911E+00  1.00000000E+00  2.27884760E+00 -3.00023312E-01  4.00011644E-01  1.17994420E+00  1.00002147E+00  2.27902121E-01
 -2.46191202E+00  1.00000000E+00  2.23971974E+00 -3.00029432E-01  4.00000275E-01  1.17990701E+00  1.00003541E+00  2.27837357E-01
 -2.41299493E+00  1.00000000E+00  2.20059187E+00 -3.00035553E-01  3.99988255E-01  1.17986981E+00  1.00004934E+00  2.27772595E-01
 -2.36407784E+00  1.00000000E+00  2.16145226E+00 -3.00025124E-01  3.99996739E-01  1.17991343E+00  1.00003135E+00  2.27850632E-01
 -2.31516075E+00  1.00000000E+00  2.12231264E+00 -3.00014695E-01  4.00006039E-01  1.17995705E+00  1.00001336E+00  2.27928670E-01
 -2.26624366E+00  1.00000000E+00  2.08317600E+00 -3.00030578E-01  4.00002828E-01  1.17991267E+00  1.00003343E+00  2.27847037E-01
 -2.21732657E+00  1.00000000E+00  2.04403935E+00 -3.00046461E-01  4.00005903E-01  1.17986829E+00  1.00005350E+00  2.27765406E-01
 -2.16840948E+00  1.00000000E+00  2.00492068E+00 -3.00045038E-01  3.99998413E-01  1.17985019E+00  1.00005800E+00  2.27736772E-01
 -2.11949239E+00  1.00000000E+00  1.96580201E+00 -3.00043615E-01  3.99983113E-01  1.17983209E+00  1.00006250E+00  2.27708139E-01
 -2.07057530E+00  1.00000000E+00  1.92664757E+00 -3.00045080E-01  3.99990291E-01  1.17983404E+00  1.00006239E+00  2.27710760E-01
 -2.02165821E+00  1.00000000E+00  1.88749313E+00 -3.00046545E-01  4.00000305E-01  1.17983600E+00  1.00006228E+00  2.27713380E-01
 -1.97274112E+00  1.00000000E+00  1.84837949E+00 -3.00045587E-01  3.99982460E-01  1.17979663E+00  1.00007401E+00  2.27648658E-01
 -1.92382403E+00  1.00000000E+00  1.80926584E+00 -3.00044629E-01  3.99960416E-01  1.17975726E+00  1.00008574E+00  2.27583937E-01
 -1.87490694E+00  1.00000000E+00  1.77012200E+00 -3.00022371E-01  3.99959966E-01  1.17981304E+00  1.00006115E+00  2.27685726E-01
 -1.82598985E+00  1.00000000E+00  1.73097816E+00 -3.00000112E-01  3.99955591E-01  1.17986881E+00  1.00003656E+00  2.27787519E-01
 -1.77707276E+00  1.00000000E+00  1.69185899E+00 -3.00009673E-01  3.99953371E-01  1.17982165E+00  1.00005350E+00  2.27706317E-01
 -1.72815567E+00  1.00000000E+00  1.65273981E+00 -3.00019234E-01  3.99954300E-01  1.17977448E+00  1.00007044E+00  2.27625117E-01
 -1.67923858E+00  1.00000000E+00  1.61359158E+00 -2.99999843E-01  3.99927748E-01  1.17979091E+00  1.00005753E+00  2.27662281E-01
 -1.63032150E+00  1.00000000E+00  1.57444335E+00 -2.99980453E-01  3.99923896E-01  1.17980735E+00  1.00004463E+00  2.27699445E-01
 -1.58140441E+00  1.00000000E+00  1.53536205E+00 -2.99971666E-01  3.99895582E-01  1.17976130E+00  1.00005799E+00  2.27624193E-01
 -1.53248732E+00  1.00000000E+00  1.49628076E+00 -2.99962879E-01  3.99873571E-01  1.17971526E+00  1.00007135E+00  2.27548944E-01
 -1.48357023E+00  1.00000000E+00  1.45716434E+00 -2.99941570E-01  3.99848668E-01  1.17969487E+00  1.00007127E+00  2.27523219E-01
 -1.43465314E+00  1.00000000E+00  1.41804793E+00 -2.99920261E-01  3.99817877E-01  1.17967448E+00  1.00007119E+00  2.27497494E-01
 -1.38573605E+00  1.00000000E+00  1.37894836E+00 -2.99881374E-01  3.99778413E-01  1.17968187E+00  1.00005314E+00  2.27529731E-01
 -1.33681896E+00  1.00000000E+00  1.33984880E+00 -2.99842487E-01  3.99757194E-01  1.17968927E+00  1.00003508E+00  2.27561968E-01
 -1.28790187E+00  1.00000000E+00  1.30080754E+00 -2.99820230E-01  3.99713719E-01  1.17964298E+00  1.00004075E+00  2.27496162E-01
 -1.23898478E+00  1.00000000E+00  1.26176628E+00 -2.99797974E-01  3.99668467E-01  1.17959670E+00  1.00004642E+00  2.27430357E-01
 -1.19006769E+00  1.00000000E+00  1.22276715E+00 -2.99769084E-01  3.99630045E-01  1.17954689E+00  1.00005439E+00  2.27357166E-01
 -1.14115060E+00  1.00000000E+00  1.18376802E+00 -2.99740195E-01  3.99595058E-01  1.17949708E+00  1.00006237E+00  2.27283978E-01
 -1.09223351E+00  1.00000000E+00  1.14486828E+00 -2.99723090E-01  3.99557056E-01  1.17944837E+00  1.00007169E+00  2.27210457E-01
 -1.04331642E+00  1.00000000E+00  1.10596855E+00 -2.99705986E-01  3.99516465E-01  1.17939966E+00  1.00008102E+00  2.27136939E-01
 -9.94399333E-01  1.00000000E+00  1.06717434E+00 -2.99682284E-01  3.99505736E-01  1.17944124E+00  1.00005633E+00  2.27220891E-01
 -9.45482243E-01  1.00000000E+00  1.02838014E+00 -2.99658581E-01  3.99509431E-01  1.17948283E+00  1.00003164E+00  2.27304844E-01
 -8.96565154E-01  1.00000000E+00  9.89787659E-01 -2.99726306E-01  3.99578747E-01  1.17952468E+00  1.00004881E+00  2.27336100E-01
 -8.47648064E-01  1.00000000E+00  9.51195183E-01 -2.99794033E-01  3.99675227E-01  1.17956653E+00  1.00006599E+00  2.27367358E-01
 -7.99501858E-01  1.00000000E+00  9.13520467E-01 -2.99954613E-01  3.99840930E-01  1.17975940E+00  1.00008093E+00  2.27592728E-01
 -7.51355652E-01  1.00000000E+00  8.75845751E-01 -3.00115217E-01  4.00107037E-01  1.17995231E+00  1.00009589E+00  2.27818129E-01
 -7.08111109E-01  1.00000000E+00  8.42356056E-01 -3.00433025E-01  4.00443187E-01  1.18037930E+00  1.00007379E+00  2.28386985E-01
 -6.64866566E-01  1.00000000E+00  8.08866361E-01 -3.00750920E-01  4.00980051E-01  1.18080650E+00  1.00005177E+00  2.28955990E-01
 -6.26599939E-01  1.00000000E+00  7.79576858E-01 -3.01338203E-01  4.01669577E-01  1.18145495E+00  1.00009472E+00  2.29722954E-01
 -5.88333313E-01  1.00000000E+00  7.50287355E-01 -3.01925753E-01  4.02465482E-01  1.18210396E+00  1.00013797E+00  2.30490257E-01
 -5.54471587E-01  1.00000000E+00  7.24888267E-01 -3.02748555E-01  4.03575933E-01  1.18324034E+00  1.00002363E+00  2.32074495E-01
 -5.20609860E-01  1.00000000E+00  6.99489179E-01 -3.03571920E-01  4.04795753E-01  1.18437816E+00  9.99909928E-01  2.33659759E-01
 -4.90645977E-01  1.00000000E+00  6.77355127E-01 -3.04803614E-01  4.06214075E-01  1.18572011E+00  1.00005801E+00  2.35172000E-01
 -4.60682095E-01  1.00000000E+00  6.55221076E-01 -3.06036521E-01  4.07819444E-01  1.18706448E+00  1.00020735E+00  2.36685698E-01
 -4.34167380E-01  1.00000000E+00  6.36349736E-01 -3.07542934E-01  4.09916893E-01  1.18912255E+00  1.00002029E+00  2.39529526E-01
 -4.07652666E-01  1.00000000E+00  6.17478396E-01 -3.09051218E-01  4.12182191E-01  1.19118535E+00  9.99835320E-01  2.42376704E-01
 -3.84190072E-01  1.00000000E+00  6.01080926E-01 -3.11030073E-01  4.14575011E-01  1.19350224E+00  9.99971406E-01  2.45139057E-01
 -3.60727478E-01  1.00000000E+00  5.84683455E-01 -3.13012121E-01  4.17220036E-01  1.19582584E+00  1.00011077E+00  2.47905753E-01
 -3.39965684E-01  1.00000000E+00  5.70846311E-01 -3.15361484E-01  4.20437974E-01  1.19892973E+00  9.99976323E-01  2.52007654E-01
 -3.19203889E-01  1.00000000E+00  5.57009166E-01 -3.17715436E-01  4.23822723E-01  1.20204455E+00  9.99846725E-01  2.56117239E-01
 -3.00831998E-01  1.00000000E+00  5.45406650E-01 -3.20741191E-01  4.27540498E-01  1.20575005E+00  9.99994418E-01  2.60623806E-01
 -2.82460107E-01  1.00000000E+00  5.33804133E-01 -3.23774559E-01  4.31541431E-01  1.20947192E+00  1.00014976E+00  2.65141406E-01
 -2.66203017E-01  1.00000000E+00  5.24003009E-01 -3.27129877E-01  4.36126915E-01  1.21409617E+00  9.99934826E-01  2.71271036E-01
 -2.49945927E-01  1.00000000E+00  5.14201885E-01 -3.30494855E-01  4.40912797E-01  1.21874363E+00  9.99729731E-01  2.77417607E-01
 -2.35560203E-01  1.00000000E+00  5.06505594E-01 -3.34519327E-01  4.45961238E-01  1.22397945E+00  9.99862017E-01  2.83882080E-01
 -2.21174479E-01  1.00000000E+00  4.98809304E-01 -3.38557776E-01  4.51406202E-01  1.22924592E+00  1.00000771E+00  2.90368405E-01
 -2.08421419E-01  1.00000000E+00  4.92261891E-01 -3.43328380E-01  4.57498840E-01  1.23569745E+00  1.00003702E+00  2.98503219E-01
 -1.95668358E-01  1.00000000E+00  4.85714479E-01 -3.48118827E-01  4.63895310E-01  1.24219383E+00  1.00008524E+00  3.06670877E-01
 -1.83439085E-01  1.00000000E+00  4.80931253E-01 -3.53591706E-01  4.71448528E-01  1.25037837E+00  9.99708890E-01  3.17514679E-01
 -1.71209813E-01  1.00000000E+00  4.76148026E-01 -3.59091967E-01  4.79409375E-01  1.25862984E+00  9.99358161E-01  3.28410789E-01
 -1.58980541E-01  1.00000000E+00  4.71548332E-01 -3.66840198E-01  4.89080216E-01  1.26925028E+00  9.99859843E-01  3.41227883E-01
 -1.46751268E-01  1.00000000E+00  4.66948637E-01 -3.74642638E-01  4.99136437E-01  1.27998776E+00  1.00040916E+00  3.54132894E-01
 -1.34521996E-01  1.00000000E+00  4.67256207E-01 -3.84324446E-01  5.12502663E-01  1.29625628E+00  9.99404601E-01  3.76012123E-01
 -1.22292724E-01  1.00000000E+00  4.67563777E-01 -3.94099380E-01  5.26923027E-01  1.31276506E+00  9.98479766E-01  3.98094700E-01
 -1.10063451E-01  1.00000000E+00  4.59492285E-01 -4.10270007E-01  5.46372914E-01  1.33490644E+00  1.00083492E+00  4.23157267E-01
 -9.78341789E-02  1.00000000E+00  4.51420792E-01 -4.26679657E-01  5.65000300E-01  1.35753313E+00  1.00338565E+00  4.48586816E-01
 -8.56049065E-02  1.00000000E+00  4.83856523E-01 -4.44181059E-01  5.94039865E-01  1.40243479E+00  9.95536413E-01  5.15404605E-01
 -7.33756342E-02  1.00000000E+00  5.16292253E-01 -4.62096651E-01  6.28807187E-01  1.44885405E+00  9.88032849E-01  5.83706857E-01
 -6.11463618E-02  1.00000000E+00  4.36270466E-01 -4.98877928E-01  6.70275478E-01  1.48575573E+00  1.00425500E+00  6.09900926E-01
 -4.89170895E-02  1.00000000E+00  3.56248678E-01 -5.36741081E-01  6.92911566E-01  1.52427834E+00  1.02148524E+00  6.36871256E-01
 -3.66878171E-02  1.00000000E+00  8.17979396E-01 -6.56727247E-01  7.74955168E-01  1.74365625E+00  1.03954398E+00  8.91875543E-01
 -2.44585447E-02  1.00000000E+00  1.27971011E+00 -7.91719603E-01  9.27285758E-01  1.99748183E+00  1.06657746E+00  1.17914553E+00
 -1.22292724E-02  1.00000000E+00  4.55496436E-01 -3.90534678E-01  1.68710228E+00  2.90565325E+00  6.70170389E-01  2.83161163E+00
  0.00000000E+00  1.00000000E+00 -3.68717241E-01  1.29012562E-01  2.90353082E+00  4.64482492E+00  4.64794262E-01  5.29470549E+00
