# curve 5 (die wall), step =      700, time =   5.60000000E+02
# N1 = tau_xx - tau_yy = G ( c_xx - c_yy ),  G =  1.2267E+00  (polymer part only)
#              x               y        pressure            c_xy        gammadot            c_xx            c_yy              N1
 -3.00000000E+00  1.00000000E+00  2.66763343E+00 -3.00037431E-01  4.00001452E-01  1.17986083E+00  1.00004975E+00  2.20568251E-01
 -2.95108291E+00  1.00000000E+00  2.62845413E+00 -3.00047482E-01  4.00004736E-01  1.17986388E+00  1.00005363E+00  2.20567239E-01
 -2.90216582E+00  1.00000000E+00  2.58927483E+00 -3.00057533E-01  4.00009812E-01  1.17986693E+00  1.00005750E+00  2.20566227E-01
 -2.85324873E+00  1.00000000E+00  2.55015009E+00 -3.00057253E-01  4.00000111E-01  1.17982663E+00  1.00006954E+00  2.20502032E-01
 -2.80433164E+00  1.00000000E+00  2.51102536E+00 -3.00056972E-01  3.99983317E-01  1.17978633E+00  1.00008157E+00  2.20437839E-01
 -2.75541455E+00  1.00000000E+00  2.47187825E+00 -3.00041304E-01  3.99994566E-01  1.17985337E+00  1.00005523E+00  2.20552382E-01
 -2.70649746E+00  1.00000000E+00  2.43273113E+00 -3.00025636E-01  3.99996977E-01  1.17992042E+00  1.00002890E+00  2.20666930E-01
 -2.65758037E+00  1.00000000E+00  2.39360784E+00 -3.00032288E-01  3.99995441E-01  1.17989638E+00  1.00003922E+00  2.20624781E-01
 -2.60866328E+00  1.00000000E+00  2.35448455E+00 -3.00038940E-01  4.00000155E-01  1.17987234E+00  1.00004955E+00  2.20582633E-01
 -2.55974619E+00  1.00000000E+00  2.31534283E+00 -3.00031139E-01  3.99995805E-01  1.17990825E+00  1.00003554E+00  2.20643861E-01
 -2.51082911E+00  1.00000000E+00  2.27620112E+00 -3.00023338E-01  4.00011352E-01  1.17994416E+00  1.00002153E+00  2.20705090E-01
 -2.46191202E+00  1.00000000E+00  2.23707299E+00 -3.00029503E-01  4.00000319E-01  1.17990709E+00  1.00003540E+00  2.20642604E-01
 -2.41299493E+00  1.00000000E+00  2.19794487E+00 -3.00035667E-01  3.99988568E-01  1.17987003E+00  1.00004928E+00  2.20580120E-01
 -2.36407784E+00  1.00000000E+00  2.15880543E+00 -3.00025191E-01  3.99996752E-01  1.17991345E+00  1.00003140E+00  2.20655313E-01
 -2.31516075E+00  1.00000000E+00  2.11966600E+00 -3.00014714E-01  4.00005790E-01  1.17995687E+00  1.00001353E+00  2.20730507E-01
 -2.26624366E+00  1.00000000E+00  2.08052955E+00 -3.00030545E-01  4.00002639E-01  1.17991260E+00  1.00003346E+00  2.20651744E-01
 -2.21732657E+00  1.00000000E+00  2.04139310E+00 -3.00046376E-01  4.00005658E-01  1.17986833E+00  1.00005340E+00  2.20572983E-01
 -2.16840948E+00  1.00000000E+00  2.00227385E+00 -3.00045007E-01  3.99998308E-01  1.17985027E+00  1.00005792E+00  2.20545275E-01
 -2.11949239E+00  1.00000000E+00  1.96315461E+00 -3.00043637E-01  3.99983313E-01  1.17983220E+00  1.00006244E+00  2.20517568E-01
 -2.07057530E+00  1.00000000E+00  1.92400099E+00 -3.00045147E-01  3.99990332E-01  1.17983422E+00  1.00006231E+00  2.20520207E-01
 -2.02165821E+00  1.00000000E+00  1.88484738E+00 -3.00046656E-01  4.00000158E-01  1.17983624E+00  1.00006218E+00  2.20522846E-01
 -1.97274112E+00  1.00000000E+00  1.84573297E+00 -3.00045816E-01  3.99982732E-01  1.17979705E+00  1.00007389E+00  2.20460405E-01
 -1.92382403E+00  1.00000000E+00  1.80661857E+00 -3.00044976E-01  3.99961109E-01  1.17975785E+00  1.00008560E+00  2.20397965E-01
 -1.87490694E+00  1.00000000E+00  1.76747534E+00 -3.00022714E-01  3.99960473E-01  1.17981353E+00  1.00006109E+00  2.20496328E-01
 -1.82598985E+00  1.00000000E+00  1.72833210E+00 -3.00000451E-01  3.99956051E-01  1.17986921E+00  1.00003658E+00  2.20594694E-01
 -1.77707276E+00  1.00000000E+00  1.68921268E+00 -3.00010016E-01  3.99953740E-01  1.17982208E+00  1.00005349E+00  2.20516132E-01
 -1.72815567E+00  1.00000000E+00  1.65009325E+00 -3.00019580E-01  3.99954426E-01  1.17977495E+00  1.00007040E+00  2.20437573E-01
 -1.67923858E+00  1.00000000E+00  1.61094583E+00 -3.00000284E-01  3.99928386E-01  1.17979142E+00  1.00005756E+00  2.20473539E-01
 -1.63032150E+00  1.00000000E+00  1.57179841E+00 -2.99980988E-01  3.99924379E-01  1.17980789E+00  1.00004471E+00  2.20509507E-01
 -1.58140441E+00  1.00000000E+00  1.53271607E+00 -2.99972405E-01  3.99896581E-01  1.17976226E+00  1.00005794E+00  2.20437296E-01
 -1.53248732E+00  1.00000000E+00  1.49363372E+00 -2.99963823E-01  3.99874847E-01  1.17971663E+00  1.00007118E+00  2.20365087E-01
 -1.48357023E+00  1.00000000E+00  1.45451800E+00 -2.99942690E-01  3.99850201E-01  1.17969649E+00  1.00007105E+00  2.20340547E-01
 -1.43465314E+00  1.00000000E+00  1.41540227E+00 -2.99921557E-01  3.99819743E-01  1.17967635E+00  1.00007091E+00  2.20316007E-01
 -1.38573605E+00  1.00000000E+00  1.37630332E+00 -2.99883148E-01  3.99780996E-01  1.17968410E+00  1.00005305E+00  2.20347426E-01
 -1.33681896E+00  1.00000000E+00  1.33720437E+00 -2.99844739E-01  3.99759939E-01  1.17969185E+00  1.00003518E+00  2.20378844E-01
 -1.28790187E+00  1.00000000E+00  1.29816289E+00 -2.99822884E-01  3.99717193E-01  1.17964612E+00  1.00004079E+00  2.20315870E-01
 -1.23898478E+00  1.00000000E+00  1.25912141E+00 -2.99801029E-01  3.99672694E-01  1.17960039E+00  1.00004640E+00  2.20252896E-01
 -1.19006769E+00  1.00000000E+00  1.22012237E+00 -2.99772853E-01  3.99635036E-01  1.17955142E+00  1.00005439E+00  2.20183021E-01
 -1.14115060E+00  1.00000000E+00  1.18112333E+00 -2.99744677E-01  3.99600762E-01  1.17950245E+00  1.00006239E+00  2.20113147E-01
 -1.09223351E+00  1.00000000E+00  1.14222296E+00 -2.99728510E-01  3.99564277E-01  1.17945508E+00  1.00007152E+00  2.20043827E-01
 -1.04331642E+00  1.00000000E+00  1.10332259E+00 -2.99712343E-01  3.99525366E-01  1.17940770E+00  1.00008066E+00  2.19974510E-01
 -9.94399333E-01  1.00000000E+00  1.06452735E+00 -2.99689992E-01  3.99516233E-01  1.17945070E+00  1.00005614E+00  2.20057322E-01
 -9.45482243E-01  1.00000000E+00  1.02573211E+00 -2.99667641E-01  3.99521544E-01  1.17949370E+00  1.00003163E+00  2.20140137E-01
 -8.96565154E-01  1.00000000E+00  9.87137546E-01 -2.99737072E-01  3.99592978E-01  1.17953760E+00  1.00004879E+00  2.20172937E-01
 -8.47648064E-01  1.00000000E+00  9.48542986E-01 -2.99806506E-01  3.99691638E-01  1.17958151E+00  1.00006596E+00  2.20205739E-01
 -7.99501858E-01  1.00000000E+00  9.10864022E-01 -2.99969217E-01  3.99860555E-01  1.17977699E+00  1.00008088E+00  2.20427218E-01
 -7.51355652E-01  1.00000000E+00  8.73185058E-01 -3.00131952E-01  4.00129232E-01  1.17997251E+00  1.00009583E+00  2.20648728E-01
 -7.08111109E-01  1.00000000E+00  8.39688169E-01 -3.00452389E-01  4.00469346E-01  1.18040275E+00  1.00007365E+00  2.21203695E-01
 -6.64866566E-01  1.00000000E+00  8.06191281E-01 -3.00772914E-01  4.01009467E-01  1.18083321E+00  1.00005157E+00  2.21758808E-01
 -6.26599939E-01  1.00000000E+00  7.76893594E-01 -3.01363288E-01  4.01703098E-01  1.18148482E+00  1.00009501E+00  2.22504826E-01
 -5.88333313E-01  1.00000000E+00  7.47595908E-01 -3.01953933E-01  4.02503027E-01  1.18213699E+00  1.00013874E+00  2.23251176E-01
 -5.54471587E-01  1.00000000E+00  7.22184323E-01 -3.02779140E-01  4.03616554E-01  1.18327753E+00  1.00002355E+00  2.24791551E-01
 -5.20609860E-01  1.00000000E+00  6.96772737E-01 -3.03604914E-01  4.04840479E-01  1.18441952E+00  9.99908981E-01  2.26332926E-01
 -4.90645977E-01  1.00000000E+00  6.74622240E-01 -3.04841027E-01  4.06264742E-01  1.18576564E+00  1.00005811E+00  2.27801238E-01
 -4.60682095E-01  1.00000000E+00  6.52471743E-01 -3.06078360E-01  4.07874939E-01  1.18711419E+00  1.00020851E+00  2.29270970E-01
 -4.34167380E-01  1.00000000E+00  6.33581278E-01 -3.07587751E-01  4.09976007E-01  1.18917728E+00  1.00002064E+00  2.32032150E-01
 -4.07652666E-01  1.00000000E+00  6.14690814E-01 -3.09099021E-01  4.12246239E-01  1.19124513E+00  9.99834861E-01  2.34796591E-01
 -3.84190072E-01  1.00000000E+00  5.98268084E-01 -3.11082291E-01  4.14645344E-01  1.19356752E+00  9.99971219E-01  2.37478129E-01
 -3.60727478E-01  1.00000000E+00  5.81845354E-01 -3.13068768E-01  4.17296235E-01  1.19589665E+00  1.00011087E+00  2.40163893E-01
 -3.39965684E-01  1.00000000E+00  5.67979335E-01 -3.15422854E-01  4.20519240E-01  1.19900680E+00  9.99976634E-01  2.44143673E-01
 -3.19203889E-01  1.00000000E+00  5.54113317E-01 -3.17781548E-01  4.23910079E-01  1.20212791E+00  9.99847266E-01  2.48130924E-01
 -3.00831998E-01  1.00000000E+00  5.42475360E-01 -3.20812934E-01  4.27636221E-01  1.20584121E+00  9.99995067E-01  2.52504598E-01
 -2.82460107E-01  1.00000000E+00  5.30837403E-01 -3.23851962E-01  4.31645721E-01  1.20957092E+00  1.00015054E+00  2.56889001E-01
 -2.66203017E-01  1.00000000E+00  5.21001626E-01 -3.27212868E-01  4.36236404E-01  1.21420405E+00  9.99935377E-01  2.62836237E-01
 -2.49945927E-01  1.00000000E+00  5.11165850E-01 -3.30583468E-01  4.41029640E-01  1.21886047E+00  9.99730080E-01  2.68799942E-01
 -2.35560203E-01  1.00000000E+00  5.03416787E-01 -3.34614897E-01  4.46088812E-01  1.22410721E+00  9.99862142E-01  2.75073951E-01
 -2.21174479E-01  1.00000000E+00  4.95667725E-01 -3.38660354E-01  4.51544588E-01  1.22938473E+00  1.00000766E+00  2.81369211E-01
 -2.08421419E-01  1.00000000E+00  4.89080887E-01 -3.43439013E-01  4.57645426E-01  1.23584798E+00  1.00003797E+00  2.89260274E-01
 -1.95668358E-01  1.00000000E+00  4.82494049E-01 -3.48237585E-01  4.64052450E-01  1.24235622E+00  1.00008726E+00  2.97183258E-01
 -1.83439085E-01  1.00000000E+00  4.77642895E-01 -3.53717200E-01  4.71613892E-01  1.25055302E+00  9.99710952E-01  3.07699605E-01
 -1.71209813E-01  1.00000000E+00  4.72791741E-01 -3.59224272E-01  4.79583424E-01  1.25881692E+00  9.99360322E-01  3.18266757E-01
 -1.58980541E-01  1.00000000E+00  4.68139278E-01 -3.66982277E-01  4.89267546E-01  1.26945878E+00  9.99860549E-01  3.30707169E-01
 -1.46751268E-01  1.00000000E+00  4.63486815E-01 -3.74794652E-01  4.99343228E-01  1.28021809E+00  1.00040853E+00  3.43233060E-01
 -1.34521996E-01  1.00000000E+00  4.63616120E-01 -3.84488610E-01  5.12722736E-01  1.29650562E+00  9.99406638E-01  3.64441421E-01
 -1.22292724E-01  1.00000000E+00  4.63745425E-01 -3.94275922E-01  5.27146747E-01  1.31303394E+00  9.98484640E-01  3.85847145E-01
 -1.10063451E-01  1.00000000E+00  4.55790631E-01 -4.10462443E-01  5.46628570E-01  1.33519876E+00  1.00085170E+00  4.10132400E-01
 -9.78341789E-02  1.00000000E+00  4.47835837E-01 -4.26888532E-01  5.65319442E-01  1.35784976E+00  1.00341465E+00  4.34773742E-01
 -8.56049065E-02  1.00000000E+00  4.79619657E-01 -4.44502244E-01  5.94451120E-01  1.40313452E+00  9.95466188E-01  5.00073154E-01
 -7.33756342E-02  1.00000000E+00  5.11403477E-01 -4.62536118E-01  6.29472056E-01  1.44996204E+00  9.87868946E-01  5.66834194E-01
 -6.11463618E-02  1.00000000E+00  4.31558783E-01 -4.99680939E-01  6.71908027E-01  1.48766225E+00  1.00406886E+00  5.93207896E-01
 -4.89170895E-02  1.00000000E+00  3.51714089E-01 -5.37933454E-01  6.95132614E-01  1.52703164E+00  1.02129261E+00  6.20373201E-01
 -3.66878171E-02  1.00000000E+00  8.09450636E-01 -6.58864485E-01  7.77123961E-01  1.74704575E+00  1.04022722E+00  8.67030725E-01
 -2.44585447E-02  1.00000000E+00  1.26718718E+00 -7.94984159E-01  9.29713747E-01  2.00170737E+00  1.06825400E+00  1.14503613E+00
 -1.22292724E-02  1.00000000E+00  4.31468193E-01 -3.90085069E-01  1.68685841E+00  2.91223106E+00  6.69693459E-01  2.75084612E+00
  0.00000000E+00  1.00000000E+00 -4.04250797E-01  1.34609217E-01  2.90783244E+00  4.66097991E+00  4.64405910E-01  5.14779745E+00
