# curve 5 (die wall), step =      400, time =   1.60000000E+02
# N1 = tau_xx - tau_yy = G ( c_xx - c_yy ),  G =  4.0000E-01  (polymer part only)
#              x               y        pressure            c_xy        gammadot            c_xx            c_yy              N1
 -1.00000000E+01  1.00000000E+00  8.06609579E+00 -4.74177526E-01  4.03971008E-01  1.43705051E+00  9.77611901E-01  1.83775444E-01
 -9.95040609E+00  1.00000000E+00  8.02721678E+00 -4.74105527E-01  4.03985206E-01  1.43709868E+00  9.77560824E-01  1.83815144E-01
 -9.90081218E+00  1.00000000E+00  7.98833776E+00 -4.74033527E-01  4.03995354E-01  1.43714687E+00  9.77509752E-01  1.83854845E-01
 -9.85121827E+00  1.00000000E+00  7.94952017E+00 -4.74076099E-01  4.03998843E-01  1.43713803E+00  9.77534592E-01  1.83841375E-01
 -9.80162437E+00  1.00000000E+00  7.91070259E+00 -4.74118671E-01  4.04005041E-01  1.43712920E+00  9.77559434E-01  1.83827905E-01
 -9.75203046E+00  1.00000000E+00  7.87185523E+00 -4.74139608E-01  4.03988888E-01  1.43708318E+00  9.77583510E-01  1.83799869E-01
 -9.70243655E+00  1.00000000E+00  7.83300788E+00 -4.74160544E-01  4.03973767E-01  1.43703717E+00  9.77607587E-01  1.83771834E-01
 -9.65284264E+00  1.00000000E+00  7.79416756E+00 -4.74166072E-01  4.03980836E-01  1.43704531E+00  9.77611872E-01  1.83773375E-01
 -9.60324873E+00  1.00000000E+00  7.75532724E+00 -4.74171599E-01  4.03973583E-01  1.43705345E+00  9.77616158E-01  1.83774917E-01
 -9.55365482E+00  1.00000000E+00  7.71650250E+00 -4.74209727E-01  4.03967580E-01  1.43703730E+00  9.77640311E-01  1.83758795E-01
 -9.50406091E+00  1.00000000E+00  7.67767775E+00 -4.74247855E-01  4.03972466E-01  1.43702115E+00  9.77664465E-01  1.83742674E-01
 -9.45446701E+00  1.00000000E+00  7.63879800E+00 -4.74171372E-01  4.03955844E-01  1.43704213E+00  9.77618063E-01  1.83769629E-01
 -9.40487310E+00  1.00000000E+00  7.59991825E+00 -4.74094889E-01  4.03958028E-01  1.43706313E+00  9.77571665E-01  1.83796584E-01
 -9.35527919E+00  1.00000000E+00  7.56111145E+00 -4.74226907E-01  4.03957721E-01  1.43699873E+00  9.77657491E-01  1.83736495E-01
 -9.30568528E+00  1.00000000E+00  7.52230465E+00 -4.74358924E-01  4.03944390E-01  1.43693436E+00  9.77743334E-01  1.83676409E-01
 -9.25609137E+00  1.00000000E+00  7.48343563E+00 -4.74253996E-01  4.03954568E-01  1.43701692E+00  9.77662193E-01  1.83741892E-01
 -9.20649746E+00  1.00000000E+00  7.44456660E+00 -4.74149067E-01  4.03976996E-01  1.43709951E+00  9.77581064E-01  1.83807379E-01
 -9.15690355E+00  1.00000000E+00  7.40572768E+00 -4.74173973E-01  4.03965763E-01  1.43704885E+00  9.77609473E-01  1.83775751E-01
 -9.10730965E+00  1.00000000E+00  7.36688876E+00 -4.74198878E-01  4.03959902E-01  1.43699819E+00  9.77637884E-01  1.83744124E-01
 -9.05771574E+00  1.00000000E+00  7.32805182E+00 -4.74191162E-01  4.03974240E-01  1.43704571E+00  9.77618985E-01  1.83770688E-01
 -9.00812183E+00  1.00000000E+00  7.28921488E+00 -4.74183446E-01  4.03985604E-01  1.43709322E+00  9.77600087E-01  1.83797254E-01
 -8.95852792E+00  1.00000000E+00  7.25037357E+00 -4.74201240E-01  4.03973557E-01  1.43704645E+00  9.77624011E-01  1.83768977E-01
 -8.90893401E+00  1.00000000E+00  7.21153226E+00 -4.74219034E-01  4.03961470E-01  1.43699969E+00  9.77647936E-01  1.83740700E-01
 -8.85934010E+00  1.00000000E+00  7.17268128E+00 -4.74189794E-01  4.03976317E-01  1.43704678E+00  9.77620751E-01  1.83770413E-01
 -8.80974619E+00  1.00000000E+00  7.13383029E+00 -4.74160553E-01  4.03985975E-01  1.43709389E+00  9.77593568E-01  1.83800127E-01
 -8.76015229E+00  1.00000000E+00  7.09498556E+00 -4.74176122E-01  4.03969262E-01  1.43705207E+00  9.77609312E-01  1.83777104E-01
 -8.71055838E+00  1.00000000E+00  7.05614083E+00 -4.74191690E-01  4.03962290E-01  1.43701026E+00  9.77625056E-01  1.83754080E-01
 -8.66096447E+00  1.00000000E+00  7.01729734E+00 -4.74138527E-01  4.03981447E-01  1.43707338E+00  9.77582878E-01  1.83796201E-01
 -8.61137056E+00  1.00000000E+00  6.97845385E+00 -4.74085364E-01  4.03996877E-01  1.43713651E+00  9.77540703E-01  1.83838324E-01
 -8.56177665E+00  1.00000000E+00  6.93961780E+00 -4.74113834E-01  4.03987205E-01  1.43710510E+00  9.77563809E-01  1.83816518E-01
 -8.51218274E+00  1.00000000E+00  6.90078175E+00 -4.74142304E-01  4.03979276E-01  1.43707370E+00  9.77586917E-01  1.83794711E-01
 -8.46258884E+00  1.00000000E+00  6.86194587E+00 -4.74216562E-01  4.03978738E-01  1.43702844E+00  9.77640451E-01  1.83755194E-01
 -8.41299493E+00  1.00000000E+00  6.82311000E+00 -4.74290820E-01  4.03961820E-01  1.43698319E+00  9.77693991E-01  1.83715678E-01
 -8.36340102E+00  1.00000000E+00  6.78423696E+00 -4.74168641E-01  4.03966745E-01  1.43706337E+00  9.77605061E-01  1.83783325E-01
 -8.31380711E+00  1.00000000E+00  6.74536393E+00 -4.74046460E-01  4.03989260E-01  1.43714358E+00  9.77516146E-01  1.83850975E-01
 -8.26421320E+00  1.00000000E+00  6.70655117E+00 -4.74104470E-01  4.03982292E-01  1.43709579E+00  9.77561585E-01  1.83813683E-01
 -8.21461929E+00  1.00000000E+00  6.66773841E+00 -4.74162479E-01  4.03973540E-01  1.43704801E+00  9.77607027E-01  1.83776391E-01
 -8.16502538E+00  1.00000000E+00  6.62889971E+00 -4.74227528E-01  4.03974145E-01  1.43701408E+00  9.77651202E-01  1.83745152E-01
 -8.11543148E+00  1.00000000E+00  6.59006101E+00 -4.74292576E-01  4.03956237E-01  1.43698016E+00  9.77695380E-01  1.83713914E-01
 -8.06583757E+00  1.00000000E+00  6.55119066E+00 -4.74189502E-01  4.03966776E-01  1.43705345E+00  9.77619107E-01  1.83773739E-01
 -8.01624366E+00  1.00000000E+00  6.51232032E+00 -4.74086427E-01  4.03988671E-01  1.43712676E+00  9.77542844E-01  1.83833567E-01
 -7.96664975E+00  1.00000000E+00  6.47349430E+00 -4.74120319E-01  4.03978223E-01  1.43708987E+00  9.77572102E-01  1.83807109E-01
 -7.91705584E+00  1.00000000E+00  6.43466827E+00 -4.74154211E-01  4.03973099E-01  1.43705299E+00  9.77601360E-01  1.83780652E-01
 -7.86746193E+00  1.00000000E+00  6.39583596E+00 -4.74227658E-01  4.03973292E-01  1.43701684E+00  9.77648576E-01  1.83747308E-01
 -7.81786802E+00  1.00000000E+00  6.35700365E+00 -4.74301105E-01  4.03961606E-01  1.43698071E+00  9.77695796E-01  1.83713964E-01
 -7.76827412E+00  1.00000000E+00  6.31812917E+00 -4.74177208E-01  4.03970230E-01  1.43706386E+00  9.77607915E-01  1.83782378E-01
 -7.71868021E+00  1.00000000E+00  6.27925470E+00 -4.74053308E-01  4.03990656E-01  1.43714704E+00  9.77520049E-01  1.83850796E-01
 -7.66908630E+00  1.00000000E+00  6.24043727E+00 -4.74108185E-01  4.03981632E-01  1.43709335E+00  9.77564615E-01  1.83811492E-01
 -7.61949239E+00  1.00000000E+00  6.20161983E+00 -4.74163061E-01  4.03970750E-01  1.43703966E+00  9.77609185E-01  1.83772190E-01
 -7.56989848E+00  1.00000000E+00  6.16278369E+00 -4.74228324E-01  4.03972409E-01  1.43701186E+00  9.77652042E-01  1.83743926E-01
 -7.52030457E+00  1.00000000E+00  6.12394755E+00 -4.74293587E-01  4.03956140E-01  1.43698406E+00  9.77694903E-01  1.83715662E-01
 -7.47071066E+00  1.00000000E+00  6.08507651E+00 -4.74189203E-01  4.03966386E-01  1.43705504E+00  9.77618688E-01  1.83774543E-01
 -7.42111676E+00  1.00000000E+00  6.04620546E+00 -4.74084817E-01  4.03988630E-01  1.43712605E+00  9.77542483E-01  1.83833426E-01
 -7.37152285E+00  1.00000000E+00  6.00738008E+00 -4.74118795E-01  4.03978313E-01  1.43709106E+00  9.77570871E-01  1.83808077E-01
 -7.32192894E+00  1.00000000E+00  5.96855471E+00 -4.74152774E-01  4.03973403E-01  1.43705608E+00  9.77599260E-01  1.83782728E-01
 -7.27233503E+00  1.00000000E+00  5.92972191E+00 -4.74227725E-01  4.03974286E-01  1.43701828E+00  9.77648302E-01  1.83747990E-01
 -7.22274112E+00  1.00000000E+00  5.89088910E+00 -4.74302676E-01  4.03962393E-01  1.43698048E+00  9.77697350E-01  1.83713253E-01
 -7.17314721E+00  1.00000000E+00  5.85201353E+00 -4.74177760E-01  4.03969863E-01  1.43706339E+00  9.77608720E-01  1.83781867E-01
 -7.12355330E+00  1.00000000E+00  5.81313795E+00 -4.74052843E-01  4.03990097E-01  1.43714632E+00  9.77520106E-01  1.83850485E-01
 -7.07395940E+00  1.00000000E+00  5.77432175E+00 -4.74107923E-01  4.03981109E-01  1.43709278E+00  9.77564702E-01  1.83811231E-01
 -7.02436549E+00  1.00000000E+00  5.73550556E+00 -4.74163003E-01  4.03970519E-01  1.43703925E+00  9.77609301E-01  1.83771978E-01
 -6.97477158E+00  1.00000000E+00  5.69666916E+00 -4.74228374E-01  4.03972501E-01  1.43701196E+00  9.77651980E-01  1.83743990E-01
 -6.92517767E+00  1.00000000E+00  5.65783277E+00 -4.74293745E-01  4.03956428E-01  1.43698467E+00  9.77694663E-01  1.83716004E-01
 -6.87558376E+00  1.00000000E+00  5.61896146E+00 -4.74190052E-01  4.03966771E-01  1.43705565E+00  9.77619091E-01  1.83774624E-01
 -6.82598985E+00  1.00000000E+00  5.58009016E+00 -4.74086358E-01  4.03988954E-01  1.43712665E+00  9.77543530E-01  1.83833247E-01
 -6.77639594E+00  1.00000000E+00  5.54126525E+00 -4.74119470E-01  4.03977781E-01  1.43708986E+00  9.77571882E-01  1.83807191E-01
 -6.72680204E+00  1.00000000E+00  5.50244035E+00 -4.74152581E-01  4.03972339E-01  1.43705308E+00  9.77600236E-01  1.83781137E-01
 -6.67720813E+00  1.00000000E+00  5.46360792E+00 -4.74227818E-01  4.03973704E-01  1.43701677E+00  9.77648637E-01  1.83747252E-01
 -6.62761422E+00  1.00000000E+00  5.42477550E+00 -4.74303054E-01  4.03962737E-01  1.43698047E+00  9.77697044E-01  1.83713368E-01
 -6.57802031E+00  1.00000000E+00  5.38589938E+00 -4.74178327E-01  4.03970115E-01  1.43706287E+00  9.77609051E-01  1.83781528E-01
 -6.52842640E+00  1.00000000E+00  5.34702326E+00 -4.74053598E-01  4.03989924E-01  1.43714530E+00  9.77521073E-01  1.83849690E-01
 -6.47883249E+00  1.00000000E+00  5.30820675E+00 -4.74108177E-01  4.03980606E-01  1.43709116E+00  9.77565494E-01  1.83810266E-01
 -6.42923858E+00  1.00000000E+00  5.26939023E+00 -4.74162755E-01  4.03969818E-01  1.43703703E+00  9.77609918E-01  1.83770843E-01
 -6.37964468E+00  1.00000000E+00  5.23055410E+00 -4.74227885E-01  4.03971777E-01  1.43701080E+00  9.77652059E-01  1.83743497E-01
 -6.33005077E+00  1.00000000E+00  5.19171797E+00 -4.74293016E-01  4.03955949E-01  1.43698458E+00  9.77694203E-01  1.83716150E-01
 -6.28045686E+00  1.00000000E+00  5.15284703E+00 -4.74188860E-01  4.03966472E-01  1.43705538E+00  9.77618265E-01  1.83774847E-01
 -6.23086295E+00  1.00000000E+00  5.11397610E+00 -4.74084703E-01  4.03988810E-01  1.43712621E+00  9.77542339E-01  1.83833547E-01
 -6.18126904E+00  1.00000000E+00  5.07515037E+00 -4.74118939E-01  4.03978552E-01  1.43709147E+00  9.77570755E-01  1.83808287E-01
 -6.13167513E+00  1.00000000E+00  5.03632464E+00 -4.74153175E-01  4.03973580E-01  1.43705674E+00  9.77599173E-01  1.83783027E-01
 -6.08208123E+00  1.00000000E+00  4.99749175E+00 -4.74227128E-01  4.03974259E-01  1.43701775E+00  9.77648161E-01  1.83747834E-01
 -6.03248732E+00  1.00000000E+00  4.95865886E+00 -4.74301081E-01  4.03961839E-01  1.43697876E+00  9.77697155E-01  1.83712642E-01
 -5.98289341E+00  1.00000000E+00  4.91978431E+00 -4.74177430E-01  4.03969732E-01  1.43706296E+00  9.77608646E-01  1.83781725E-01
 -5.93329950E+00  1.00000000E+00  4.88090975E+00 -4.74053778E-01  4.03990608E-01  1.43714718E+00  9.77520153E-01  1.83850812E-01
 -5.88370559E+00  1.00000000E+00  4.84209168E+00 -4.74109099E-01  4.03981965E-01  1.43709384E+00  9.77565067E-01  1.83811511E-01
 -5.83411168E+00  1.00000000E+00  4.80327362E+00 -4.74164419E-01  4.03971316E-01  1.43704051E+00  9.77609984E-01  1.83772210E-01
 -5.78451777E+00  1.00000000E+00  4.76443739E+00 -4.74228166E-01  4.03971970E-01  1.43701066E+00  9.77652466E-01  1.83743277E-01
 -5.73492387E+00  1.00000000E+00  4.72560117E+00 -4.74291913E-01  4.03954416E-01  1.43698081E+00  9.77694953E-01  1.83714344E-01
 -5.68532996E+00  1.00000000E+00  4.68673033E+00 -4.74182866E-01  4.03965978E-01  1.43705640E+00  9.77614594E-01  1.83776721E-01
 -5.63573605E+00  1.00000000E+00  4.64785949E+00 -4.74073819E-01  4.03989794E-01  1.43713200E+00  9.77534249E-01  1.83839102E-01
 -5.58614214E+00  1.00000000E+00  4.60903413E+00 -4.74106984E-01  4.03981263E-01  1.43710485E+00  9.77558923E-01  1.83818371E-01
 -5.53654823E+00  1.00000000E+00  4.57020876E+00 -4.74140149E-01  4.03978131E-01  1.43707770E+00  9.77583599E-01  1.83797640E-01
 -5.48695432E+00  1.00000000E+00  4.53137236E+00 -4.74214940E-01  4.03979560E-01  1.43703155E+00  9.77637983E-01  1.83757428E-01
 -5.43736041E+00  1.00000000E+00  4.49253595E+00 -4.74289729E-01  4.03962786E-01  1.43698542E+00  9.77692373E-01  1.83717217E-01
 -5.38776651E+00  1.00000000E+00  4.45366288E+00 -4.74168411E-01  4.03967661E-01  1.43706477E+00  9.77604279E-01  1.83784194E-01
 -5.33817260E+00  1.00000000E+00  4.41478981E+00 -4.74047091E-01  4.03989819E-01  1.43714414E+00  9.77516200E-01  1.83851175E-01
 -5.28857869E+00  1.00000000E+00  4.37597686E+00 -4.74104550E-01  4.03982581E-01  1.43709592E+00  9.77561560E-01  1.83813743E-01
 -5.23898478E+00  1.00000000E+00  4.33716391E+00 -4.74162009E-01  4.03973524E-01  1.43704770E+00  9.77606923E-01  1.83776312E-01
 -5.18939087E+00  1.00000000E+00  4.29832554E+00 -4.74226708E-01  4.03974143E-01  1.43701505E+00  9.77650127E-01  1.83745970E-01
 -5.13979696E+00  1.00000000E+00  4.25948717E+00 -4.74291408E-01  4.03957029E-01  1.43698241E+00  9.77693334E-01  1.83715628E-01
 -5.09020305E+00  1.00000000E+00  4.22061169E+00 -4.74182390E-01  4.03969496E-01  1.43705812E+00  9.77612745E-01  1.83778149E-01
 -5.04060915E+00  1.00000000E+00  4.18173621E+00 -4.74073371E-01  4.03991401E-01  1.43713385E+00  9.77532168E-01  1.83840672E-01
 -4.99101524E+00  1.00000000E+00  4.14291544E+00 -4.74109388E-01  4.03983717E-01  1.43710742E+00  9.77559636E-01  1.83819113E-01
 -4.94142133E+00  1.00000000E+00  4.10409467E+00 -4.74145404E-01  4.03982792E-01  1.43708099E+00  9.77587105E-01  1.83797554E-01
 -4.89182742E+00  1.00000000E+00  4.06525974E+00 -4.74198649E-01  4.03979996E-01  1.43704682E+00  9.77624801E-01  1.83768807E-01
 -4.84223351E+00  1.00000000E+00  4.02642481E+00 -4.74251894E-01  4.03971082E-01  1.43701265E+00  9.77662500E-01  1.83740061E-01
 -4.79263960E+00  1.00000000E+00  3.98755349E+00 -4.74164851E-01  4.03972999E-01  1.43707032E+00  9.77601072E-01  1.83787699E-01
 -4.74304569E+00  1.00000000E+00  3.94868216E+00 -4.74077808E-01  4.03986096E-01  1.43712800E+00  9.77539652E-01  1.83835340E-01
 -4.69345179E+00  1.00000000E+00  3.90986085E+00 -4.74119850E-01  4.03977820E-01  1.43708360E+00  9.77574732E-01  1.83803548E-01
 -4.64385788E+00  1.00000000E+00  3.87103954E+00 -4.74161892E-01  4.03966530E-01  1.43703921E+00  9.77609815E-01  1.83771757E-01
 -4.59426397E+00  1.00000000E+00  3.83221555E+00 -4.74238078E-01  4.03967511E-01  1.43700156E+00  9.77663301E-01  1.83735304E-01
 -4.54467006E+00  1.00000000E+00  3.79339155E+00 -4.74314263E-01  4.03950948E-01  1.43696392E+00  9.77716792E-01  1.83698852E-01
 -4.49507615E+00  1.00000000E+00  3.75454504E+00 -4.74334703E-01  4.03945295E-01  1.43695442E+00  9.77728442E-01  1.83690392E-01
 -4.44548224E+00  1.00000000E+00  3.71569853E+00 -4.74355142E-01  4.03944680E-01  1.43694492E+00  9.77740092E-01  1.83681932E-01
 -4.39588833E+00  1.00000000E+00  3.67681462E+00 -4.74185895E-01  4.03949506E-01  1.43703253E+00  9.77624660E-01  1.83763147E-01
 -4.34629443E+00  1.00000000E+00  3.63793070E+00 -4.74016646E-01  4.03964503E-01  1.43712017E+00  9.77509256E-01  1.83844366E-01
 -4.29670052E+00  1.00000000E+00  3.59912132E+00 -4.74140234E-01  4.03970971E-01  1.43706594E+00  9.77590780E-01  1.83790065E-01
 -4.24710661E+00  1.00000000E+00  3.56031194E+00 -4.74263821E-01  4.03972997E-01  1.43701173E+00  9.77672318E-01  1.83735766E-01
 -4.19751270E+00  1.00000000E+00  3.52143700E+00 -4.74144255E-01  4.03972738E-01  1.43708951E+00  9.77583388E-01  1.83802448E-01
 -4.14791879E+00  1.00000000E+00  3.48256205E+00 -4.74024688E-01  4.03996287E-01  1.43716731E+00  9.77494474E-01  1.83869133E-01
 -4.09832488E+00  1.00000000E+00  3.44374376E+00 -4.74079424E-01  4.03994712E-01  1.43713072E+00  9.77537989E-01  1.83837094E-01
 -4.04873097E+00  1.00000000E+00  3.40492546E+00 -4.74134160E-01  4.03994105E-01  1.43709415E+00  9.77581507E-01  1.83805056E-01
 -3.99913707E+00  1.00000000E+00  3.36607822E+00 -4.74149214E-01  4.03977766E-01  1.43705780E+00  9.77601148E-01  1.83782661E-01
 -3.94954316E+00  1.00000000E+00  3.32723098E+00 -4.74164268E-01  4.03956074E-01  1.43702145E+00  9.77620790E-01  1.83760266E-01
 -3.89994925E+00  1.00000000E+00  3.28841496E+00 -4.74255556E-01  4.03961408E-01  1.43699374E+00  9.77676505E-01  1.83726894E-01
 -3.85035534E+00  1.00000000E+00  3.24959895E+00 -4.74346845E-01  4.03949362E-01  1.43696604E+00  9.77732229E-01  1.83693523E-01
 -3.80076143E+00  1.00000000E+00  3.21071279E+00 -4.74235531E-01  4.03955494E-01  1.43703903E+00  9.77648460E-01  1.83756227E-01
 -3.75116752E+00  1.00000000E+00  3.17182663E+00 -4.74124217E-01  4.03979071E-01  1.43711204E+00  9.77564704E-01  1.83818934E-01
 -3.70157361E+00  1.00000000E+00  3.13300192E+00 -4.74203063E-01  4.03968224E-01  1.43704907E+00  9.77623483E-01  1.83770234E-01
 -3.65197971E+00  1.00000000E+00  3.09417721E+00 -4.74281908E-01  4.03964463E-01  1.43698611E+00  9.77682269E-01  1.83721536E-01
 -3.60238580E+00  1.00000000E+00  3.05533459E+00 -4.74267578E-01  4.03953947E-01  1.43697650E+00  9.77677475E-01  1.83719610E-01
 -3.55279189E+00  1.00000000E+00  3.01649198E+00 -4.74253248E-01  4.03943940E-01  1.43696689E+00  9.77672683E-01  1.83717683E-01
 -3.50319798E+00  1.00000000E+00  2.97764231E+00 -4.74195602E-01  4.03961793E-01  1.43702845E+00  9.77625499E-01  1.83761181E-01
 -3.45360407E+00  1.00000000E+00  2.93879265E+00 -4.74137954E-01  4.03973638E-01  1.43709002E+00  9.77578319E-01  1.83804680E-01
 -3.40401016E+00  1.00000000E+00  2.89997804E+00 -4.74239097E-01  4.03968152E-01  1.43702410E+00  9.77653566E-01  1.83748214E-01
 -3.35441626E+00  1.00000000E+00  2.86116343E+00 -4.74340240E-01  4.03954805E-01  1.43695820E+00  9.77728824E-01  1.83691751E-01
 -3.30482235E+00  1.00000000E+00  2.82228202E+00 -4.74209751E-01  4.03963895E-01  1.43704106E+00  9.77634612E-01  1.83762578E-01
 -3.25522844E+00  1.00000000E+00  2.78340061E+00 -4.74079261E-01  4.03984918E-01  1.43712394E+00  9.77540418E-01  1.83833408E-01
 -3.20563453E+00  1.00000000E+00  2.74456178E+00 -4.74107361E-01  4.03973991E-01  1.43708455E+00  9.77563305E-01  1.83808497E-01
 -3.15604062E+00  1.00000000E+00  2.70572294E+00 -4.74135461E-01  4.03972206E-01  1.43704516E+00  9.77586193E-01  1.83783587E-01
 -3.10644671E+00  1.00000000E+00  2.66688700E+00 -4.74105308E-01  4.03984089E-01  1.43708859E+00  9.77563000E-01  1.83810238E-01
 -3.05685280E+00  1.00000000E+00  2.62805106E+00 -4.74075155E-01  4.03987397E-01  1.43713203E+00  9.77539808E-01  1.83836889E-01
 -3.00725890E+00  1.00000000E+00  2.58923334E+00 -4.74183951E-01  4.03979844E-01  1.43705651E+00  9.77620970E-01  1.83774216E-01
 -2.95766499E+00  1.00000000E+00  2.55041563E+00 -4.74292745E-01  4.03959796E-01  1.43698101E+00  9.77702144E-01  1.83711545E-01
 -2.90807108E+00  1.00000000E+00  2.51153742E+00 -4.74176278E-01  4.03961085E-01  1.43705380E+00  9.77617615E-01  1.83774473E-01
 -2.85847717E+00  1.00000000E+00  2.47265920E+00 -4.74059809E-01  4.03974616E-01  1.43712661E+00  9.77533100E-01  1.83837405E-01
 -2.80888326E+00  1.00000000E+00  2.43386022E+00 -4.74231374E-01  4.03965797E-01  1.43702190E+00  9.77654249E-01  1.83747062E-01
 -2.75928935E+00  1.00000000E+00  2.39506123E+00 -4.74402936E-01  4.03944469E-01  1.43691724E+00  9.77775429E-01  1.83656725E-01
 -2.70969544E+00  1.00000000E+00  2.35618802E+00 -4.74322709E-01  4.03943165E-01  1.43695946E+00  9.77717017E-01  1.83696978E-01
 -2.66010154E+00  1.00000000E+00  2.31731480E+00 -4.74242481E-01  4.03953845E-01  1.43700169E+00  9.77658612E-01  1.83737232E-01
 -2.61050763E+00  1.00000000E+00  2.27846511E+00 -4.74167815E-01  4.03958802E-01  1.43704551E+00  9.77607552E-01  1.83775183E-01
 -2.56091372E+00  1.00000000E+00  2.23961542E+00 -4.74093149E-01  4.03977610E-01  1.43708934E+00  9.77556499E-01  1.83813135E-01
 -2.51131981E+00  1.00000000E+00  2.20076990E+00 -4.74109749E-01  4.03976131E-01  1.43708131E+00  9.77566393E-01  1.83805969E-01
 -2.46172590E+00  1.00000000E+00  2.16192437E+00 -4.74126349E-01  4.03974052E-01  1.43707329E+00  9.77576287E-01  1.83798803E-01
 -2.41213199E+00  1.00000000E+00  2.12310297E+00 -4.74211819E-01  4.03975676E-01  1.43702937E+00  9.77637619E-01  1.83756702E-01
 -2.36253808E+00  1.00000000E+00  2.08428157E+00 -4.74297289E-01  4.03959680E-01  1.43698547E+00  9.77698958E-01  1.83714603E-01
 -2.31294418E+00  1.00000000E+00  2.04541516E+00 -4.74178000E-01  4.03962841E-01  1.43705447E+00  9.77611717E-01  1.83777102E-01
 -2.26335027E+00  1.00000000E+00  2.00654875E+00 -4.74058710E-01  4.03983297E-01  1.43712350E+00  9.77524491E-01  1.83839603E-01
 -2.21375636E+00  1.00000000E+00  1.96770600E+00 -4.74092100E-01  4.03982272E-01  1.43710155E+00  9.77549885E-01  1.83820666E-01
 -2.16416245E+00  1.00000000E+00  1.92886325E+00 -4.74125490E-01  4.03979520E-01  1.43707961E+00  9.77575280E-01  1.83801730E-01
 -2.11456854E+00  1.00000000E+00  1.89003613E+00 -4.74147931E-01  4.03977412E-01  1.43706371E+00  9.77593741E-01  1.83787988E-01
 -2.06497463E+00  1.00000000E+00  1.85120902E+00 -4.74170372E-01  4.03973142E-01  1.43704782E+00  9.77612202E-01  1.83774247E-01
 -2.01538072E+00  1.00000000E+00  1.81236369E+00 -4.74179145E-01  4.03953867E-01  1.43700289E+00  9.77630805E-01  1.83748833E-01
 -1.96578682E+00  1.00000000E+00  1.77351835E+00 -4.74187919E-01  4.03934294E-01  1.43695796E+00  9.77649407E-01  1.83723419E-01
 -1.91619291E+00  1.00000000E+00  1.73467792E+00 -4.74162260E-01  4.03945556E-01  1.43699207E+00  9.77625556E-01  1.83746606E-01
 -1.86659900E+00  1.00000000E+00  1.69583750E+00 -4.74136601E-01  4.03953236E-01  1.43702619E+00  9.77601706E-01  1.83769793E-01
 -1.81700509E+00  1.00000000E+00  1.65699045E+00 -4.74150655E-01  4.03928567E-01  1.43696529E+00  9.77625088E-01  1.83736081E-01
 -1.76741118E+00  1.00000000E+00  1.61814340E+00 -4.74164708E-01  4.03910840E-01  1.43690440E+00  9.77648471E-01  1.83702370E-01
 -1.71781727E+00  1.00000000E+00  1.57931068E+00 -4.74109217E-01  4.03915056E-01  1.43693112E+00  9.77613750E-01  1.83726949E-01
 -1.66822336E+00  1.00000000E+00  1.54047795E+00 -4.74053725E-01  4.03912316E-01  1.43695786E+00  9.77579032E-01  1.83751530E-01
 -1.61862946E+00  1.00000000E+00  1.50164916E+00 -4.74064698E-01  4.03884167E-01  1.43688706E+00  9.77606323E-01  1.83712296E-01
 -1.56903555E+00  1.00000000E+00  1.46282036E+00 -4.74075671E-01  4.03855343E-01  1.43681627E+00  9.77633615E-01  1.83673063E-01
 -1.51944164E+00  1.00000000E+00  1.42403108E+00 -4.74091165E-01  4.03839608E-01  1.43675369E+00  9.77668079E-01  1.83634246E-01
 -1.46984773E+00  1.00000000E+00  1.38524180E+00 -4.74106659E-01  4.03806169E-01  1.43669112E+00  9.77702544E-01  1.83595431E-01
 -1.42025382E+00  1.00000000E+00  1.34639494E+00 -4.73965972E-01  4.03765902E-01  1.43669461E+00  9.77625428E-01  1.83627675E-01
 -1.37065991E+00  1.00000000E+00  1.30754809E+00 -4.73825288E-01  4.03757401E-01  1.43669813E+00  9.77548330E-01  1.83659920E-01
 -1.32106600E+00  1.00000000E+00  1.26882631E+00 -4.73897762E-01  4.03727093E-01  1.43655964E+00  9.77632097E-01  1.83571016E-01
 -1.27147210E+00  1.00000000E+00  1.23010454E+00 -4.73970232E-01  4.03675243E-01  1.43642117E+00  9.77715874E-01  1.83482119E-01
 -1.22187819E+00  1.00000000E+00  1.19137332E+00 -4.73900028E-01  4.03633072E-01  1.43636538E+00  9.77698839E-01  1.83466616E-01
 -1.17228428E+00  1.00000000E+00  1.15264210E+00 -4.73829827E-01  4.03602076E-01  1.43630959E+00  9.77681807E-01  1.83451114E-01
 -1.12269037E+00  1.00000000E+00  1.11400803E+00 -4.73802380E-01  4.03564464E-01  1.43624234E+00  9.77688250E-01  1.83421637E-01
 -1.07309646E+00  1.00000000E+00  1.07537396E+00 -4.73774934E-01  4.03528407E-01  1.43617510E+00  9.77694694E-01  1.83392162E-01
 -1.02350255E+00  1.00000000E+00  1.03685283E+00 -4.73750230E-01  4.03525343E-01  1.43618057E+00  9.77693757E-01  1.83394727E-01
 -9.73908645E-01  1.00000000E+00  9.98331699E-01 -4.73725525E-01  4.03542919E-01  1.43618605E+00  9.77692821E-01  1.83397292E-01
 -9.24314736E-01  1.00000000E+00  9.59974229E-01 -4.73787720E-01  4.03603203E-01  1.43635844E+00  9.77648311E-01  1.83484053E-01
 -8.74720828E-01  1.00000000E+00  9.21616759E-01 -4.73849919E-01  4.03675890E-01  1.43653085E+00  9.77603806E-01  1.83570819E-01
 -8.25312107E-01  1.00000000E+00  8.83654947E-01 -4.74057831E-01  4.03873881E-01  1.43698648E+00  9.77588443E-01  1.83759214E-01
 -7.75903387E-01  1.00000000E+00  8.45693135E-01 -4.74265796E-01  4.04128294E-01  1.43744225E+00  9.77573112E-01  1.83947655E-01
 -7.30665613E-01  1.00000000E+00  8.11279013E-01 -4.74798053E-01  4.04587096E-01  1.43832483E+00  9.77555586E-01  1.84307699E-01
 -6.85427839E-01  1.00000000E+00  7.76864891E-01 -4.75330560E-01  4.05091488E-01  1.43920804E+00  9.77538278E-01  1.84667907E-01
 -6.45465100E-01  1.00000000E+00  7.46875246E-01 -4.76073289E-01  4.05841403E-01  1.44075125E+00  9.77398783E-01  1.85340986E-01
 -6.05502361E-01  1.00000000E+00  7.16885601E-01 -4.76816609E-01  4.06690258E-01  1.44229621E+00  9.77259763E-01  1.86014579E-01
 -5.70199545E-01  1.00000000E+00  6.90758536E-01 -4.77975831E-01  4.07778111E-01  1.44460733E+00  9.77128959E-01  1.86991349E-01
 -5.34896729E-01  1.00000000E+00  6.64631471E-01 -4.79136475E-01  4.09024047E-01  1.44692243E+00  9.76999225E-01  1.87969283E-01
 -5.03710456E-01  1.00000000E+00  6.41865756E-01 -4.80855996E-01  4.10561965E-01  1.45023006E+00  9.76827575E-01  1.89360992E-01
 -4.72524184E-01  1.00000000E+00  6.19100041E-01 -4.82578517E-01  4.12297153E-01  1.45354591E+00  9.76658269E-01  1.90755056E-01
 -4.44974441E-01  1.00000000E+00  5.99663140E-01 -4.85014193E-01  4.14438952E-01  1.45812120E+00  9.76476268E-01  1.92657973E-01
 -4.17424698E-01  1.00000000E+00  5.80226238E-01 -4.87455772E-01  4.16876723E-01  1.46271230E+00  9.76298866E-01  1.94565373E-01
 -3.93087440E-01  1.00000000E+00  5.63447683E-01 -4.90306126E-01  4.19371419E-01  1.46802322E+00  9.76207363E-01  1.96726344E-01
 -3.68750182E-01  1.00000000E+00  5.46669127E-01 -4.93164645E-01  4.22324590E-01  1.47335535E+00  9.76121890E-01  1.98893384E-01
 -3.47250809E-01  1.00000000E+00  5.32283082E-01 -4.96533972E-01  4.25709938E-01  1.48061672E+00  9.75429190E-01  2.02075013E-01
 -3.25751437E-01  1.00000000E+00  5.17897038E-01 -4.99915615E-01  4.29480110E-01  1.48791574E+00  9.74746312E-01  2.05267771E-01
 -3.06759035E-01  1.00000000E+00  5.05720286E-01 -5.04414264E-01  4.33470914E-01  1.49658153E+00  9.74537822E-01  2.08817482E-01
 -2.87766633E-01  1.00000000E+00  4.93543534E-01 -5.08933515E-01  4.37863564E-01  1.50530213E+00  9.74344314E-01  2.12383127E-01
 -2.70988873E-01  1.00000000E+00  4.83330092E-01 -5.13777786E-01  4.42780038E-01  1.51573858E+00  9.73539426E-01  2.16879661E-01
 -2.54211113E-01  1.00000000E+00  4.73116649E-01 -5.18647426E-01  4.48036806E-01  1.52625106E+00  9.72753738E-01  2.21398927E-01
 -2.39389755E-01  1.00000000E+00  4.64759843E-01 -5.24470938E-01  4.53684250E-01  1.53846377E+00  9.72170529E-01  2.26517295E-01
 -2.24568396E-01  1.00000000E+00  4.56403038E-01 -5.30330606E-01  4.59714714E-01  1.55077980E+00  9.71613015E-01  2.31666714E-01
 -2.11472015E-01  1.00000000E+00  4.49542788E-01 -5.36927992E-01  4.66185847E-01  1.56515152E+00  9.70848019E-01  2.37721401E-01
 -1.98375634E-01  1.00000000E+00  4.42682538E-01 -5.43572801E-01  4.73075101E-01  1.57966261E+00  9.70116030E-01  2.43818633E-01
 -1.85977157E-01  1.00000000E+00  4.37132562E-01 -5.52086575E-01  4.81149949E-01  1.59805495E+00  9.69439320E-01  2.51446253E-01
 -1.73578680E-01  1.00000000E+00  4.31582587E-01 -5.60678415E-01  4.89759568E-01  1.61667169E+00  9.68814984E-01  2.59142681E-01
 -1.61180203E-01  1.00000000E+00  4.26729089E-01 -5.70526458E-01  5.00489539E-01  1.64050879E+00  9.67048270E-01  2.69384207E-01
 -1.48781726E-01  1.00000000E+00  4.21875592E-01 -5.80486404E-01  5.11972123E-01  1.66470536E+00  9.65357610E-01  2.79739099E-01
 -1.36383248E-01  1.00000000E+00  4.20062946E-01 -5.95005397E-01  5.26314767E-01  1.70005395E+00  9.63622219E-01  2.94572692E-01
 -1.23984771E-01  1.00000000E+00  4.18250300E-01 -6.09768167E-01  5.42158156E-01  1.73616893E+00  9.62037181E-01  3.09652699E-01
 -1.11586294E-01  1.00000000E+00  4.12796056E-01 -6.28679695E-01  5.63413421E-01  1.78272231E+00  9.60157591E-01  3.29025889E-01
 -9.91878171E-02  1.00000000E+00  4.07341811E-01 -6.47995746E-01  5.85736182E-01  1.83054739E+00  9.58521471E-01  3.48810369E-01
 -8.67893400E-02  1.00000000E+00  4.30714600E-01 -6.73706600E-01  6.18570010E-01  1.93206277E+00  9.44360037E-01  3.95081094E-01
 -7.43908628E-02  1.00000000E+00  4.54087388E-01 -7.00542404E-01  6.60578355E-01  2.03916825E+00  9.30954409E-01  4.43285535E-01
 -6.19923857E-02  1.00000000E+00  3.98528265E-01 -7.26035242E-01  7.12822329E-01  2.11106531E+00  9.28805880E-01  4.72903772E-01
 -4.95939085E-02  1.00000000E+00  3.42969142E-01 -7.52266016E-01  7.56876770E-01  2.18550774E+00  9.27042193E-01  5.03386221E-01
 -3.71954314E-02  1.00000000E+00  6.90808289E-01 -9.09637615E-01  8.71385515E-01  2.67706791E+00  9.20903445E-01  7.02465787E-01
 -2.47969543E-02  1.00000000E+00  1.03864744E+00 -1.09674548E+00  1.08577535E+00  3.27870568E+00  9.27222714E-01  9.40593185E-01
 -1.23984771E-02  1.00000000E+00  1.90696060E-01 -3.03677803E-01  1.80950174E+00  4.17969981E+00  5.13274781E-01  1.46657001E+00
  0.00000000E+00  1.00000000E+00 -6.57255316E-01  6.98437026E-01  3.22583417E+00  6.23077356E+00  4.46520524E-01  2.31370122E+00
