# curve 5 (die wall), step =      700, time =   5.60000000E+02
# N1 = tau_xx - tau_yy = G ( c_xx - c_yy ),  G =  4.0000E-01  (polymer part only)
#              x               y        pressure            c_xy        gammadot            c_xx            c_yy              N1
 -3.00000000E+00  1.00000000E+00  2.63466950E+00 -4.00090420E-01  3.99998582E-01  1.31980701E+00  1.00008101E+00  1.27890398E-01
 -2.95108291E+00  1.00000000E+00  2.59550209E+00 -4.00106293E-01  4.00001660E-01  1.31980943E+00  1.00008761E+00  1.27888726E-01
 -2.90216582E+00  1.00000000E+00  2.55633468E+00 -4.00122165E-01  4.00005841E-01  1.31981185E+00  1.00009421E+00  1.27887054E-01
 -2.85324873E+00  1.00000000E+00  2.51720694E+00 -4.00125052E-01  4.00000150E-01  1.31975976E+00  1.00010844E+00  1.27860530E-01
 -2.80433164E+00  1.00000000E+00  2.47807920E+00 -4.00127939E-01  3.99988582E-01  1.31970768E+00  1.00012266E+00  1.27834006E-01
 -2.75541455E+00  1.00000000E+00  2.43893672E+00 -4.00095735E-01  3.99997003E-01  1.31979898E+00  1.00008635E+00  1.27885054E-01
 -2.70649746E+00  1.00000000E+00  2.39979425E+00 -4.00063530E-01  3.99998063E-01  1.31989030E+00  1.00005004E+00  1.27936105E-01
 -2.65758037E+00  1.00000000E+00  2.36066701E+00 -4.00076015E-01  3.99996787E-01  1.31985796E+00  1.00006414E+00  1.27917532E-01
 -2.60866328E+00  1.00000000E+00  2.32153977E+00 -4.00088500E-01  4.00000072E-01  1.31982563E+00  1.00007823E+00  1.27898959E-01
 -2.55974619E+00  1.00000000E+00  2.28240248E+00 -4.00072067E-01  3.99996521E-01  1.31987609E+00  1.00005821E+00  1.27927153E-01
 -2.51082911E+00  1.00000000E+00  2.24326519E+00 -4.00055634E-01  4.00008276E-01  1.31992657E+00  1.00003820E+00  1.27955348E-01
 -2.46191202E+00  1.00000000E+00  2.20413297E+00 -4.00067575E-01  4.00001004E-01  1.31987396E+00  1.00005651E+00  1.27926978E-01
 -2.41299493E+00  1.00000000E+00  2.16500075E+00 -4.00079515E-01  3.99991735E-01  1.31982135E+00  1.00007483E+00  1.27898609E-01
 -2.36407784E+00  1.00000000E+00  2.12586397E+00 -4.00057807E-01  3.99997072E-01  1.31988206E+00  1.00005016E+00  1.27932763E-01
 -2.31516075E+00  1.00000000E+00  2.08672719E+00 -4.00036100E-01  4.00003934E-01  1.31994278E+00  1.00002549E+00  1.27966917E-01
 -2.26624366E+00  1.00000000E+00  2.04759316E+00 -4.00069158E-01  4.00000894E-01  1.31988126E+00  1.00005539E+00  1.27930346E-01
 -2.21732657E+00  1.00000000E+00  2.00845912E+00 -4.00102215E-01  4.00003212E-01  1.31981974E+00  1.00008530E+00  1.27893776E-01
 -2.16840948E+00  1.00000000E+00  1.96933302E+00 -4.00101050E-01  3.99997359E-01  1.31979257E+00  1.00009117E+00  1.27880561E-01
 -2.11949239E+00  1.00000000E+00  1.93020691E+00 -4.00099884E-01  3.99984754E-01  1.31976540E+00  1.00009704E+00  1.27867346E-01
 -2.07057530E+00  1.00000000E+00  1.89106278E+00 -4.00109466E-01  3.99989905E-01  1.31977016E+00  1.00010031E+00  1.27867937E-01
 -2.02165821E+00  1.00000000E+00  1.85191865E+00 -4.00119048E-01  3.99998246E-01  1.31977491E+00  1.00010359E+00  1.27868527E-01
 -1.97274112E+00  1.00000000E+00  1.81279575E+00 -4.00118677E-01  3.99984911E-01  1.31971851E+00  1.00011730E+00  1.27840481E-01
 -1.92382403E+00  1.00000000E+00  1.77367284E+00 -4.00118306E-01  3.99967548E-01  1.31966211E+00  1.00013102E+00  1.27812437E-01
 -1.87490694E+00  1.00000000E+00  1.73453572E+00 -4.00075901E-01  3.99965237E-01  1.31973748E+00  1.00009513E+00  1.27856940E-01
 -1.82598985E+00  1.00000000E+00  1.69539860E+00 -4.00033494E-01  3.99960176E-01  1.31981286E+00  1.00005925E+00  1.27901445E-01
 -1.77707276E+00  1.00000000E+00  1.65627784E+00 -4.00059944E-01  3.99956894E-01  1.31974459E+00  1.00008721E+00  1.27862953E-01
 -1.72815567E+00  1.00000000E+00  1.61715709E+00 -4.00086393E-01  3.99955002E-01  1.31967633E+00  1.00011517E+00  1.27824463E-01
 -1.67923858E+00  1.00000000E+00  1.57801710E+00 -4.00055244E-01  3.99933738E-01  1.31969635E+00  1.00009619E+00  1.27840064E-01
 -1.63032150E+00  1.00000000E+00  1.53887710E+00 -4.00024095E-01  3.99928424E-01  1.31971637E+00  1.00007721E+00  1.27855666E-01
 -1.58140441E+00  1.00000000E+00  1.49978606E+00 -4.00016843E-01  3.99905975E-01  1.31965178E+00  1.00009322E+00  1.27823424E-01
 -1.53248732E+00  1.00000000E+00  1.46069502E+00 -4.00009590E-01  3.99886825E-01  1.31958720E+00  1.00010924E+00  1.27791184E-01
 -1.48357023E+00  1.00000000E+00  1.42158373E+00 -3.99983370E-01  3.99864664E-01  1.31955471E+00  1.00010757E+00  1.27778855E-01
 -1.43465314E+00  1.00000000E+00  1.38247243E+00 -3.99957150E-01  3.99837170E-01  1.31952221E+00  1.00010590E+00  1.27766526E-01
 -1.38573605E+00  1.00000000E+00  1.34338282E+00 -3.99903642E-01  3.99805440E-01  1.31952784E+00  1.00008194E+00  1.27778361E-01
 -1.33681896E+00  1.00000000E+00  1.30429321E+00 -3.99850133E-01  3.99786334E-01  1.31953348E+00  1.00005799E+00  1.27790196E-01
 -1.28790187E+00  1.00000000E+00  1.26524860E+00 -3.99827493E-01  3.99750654E-01  1.31946656E+00  1.00006523E+00  1.27760533E-01
 -1.23898478E+00  1.00000000E+00  1.22620399E+00 -3.99804853E-01  3.99712176E-01  1.31939965E+00  1.00007247E+00  1.27730871E-01
 -1.19006769E+00  1.00000000E+00  1.18720749E+00 -3.99782360E-01  3.99681261E-01  1.31933073E+00  1.00008623E+00  1.27697799E-01
 -1.14115060E+00  1.00000000E+00  1.14821100E+00 -3.99759869E-01  3.99653621E-01  1.31926181E+00  1.00010000E+00  1.27664728E-01
 -1.09223351E+00  1.00000000E+00  1.10930383E+00 -3.99748978E-01  3.99631231E-01  1.31920756E+00  1.00010770E+00  1.27639942E-01
 -1.04331642E+00  1.00000000E+00  1.07039665E+00 -3.99738087E-01  3.99607399E-01  1.31915330E+00  1.00011541E+00  1.27615157E-01
 -9.94399333E-01  1.00000000E+00  1.03159099E+00 -3.99715177E-01  3.99613126E-01  1.31923321E+00  1.00008236E+00  1.27660341E-01
 -9.45482243E-01  1.00000000E+00  9.92785318E-01 -3.99692266E-01  3.99632577E-01  1.31931312E+00  1.00004930E+00  1.27705528E-01
 -8.96565154E-01  1.00000000E+00  9.54169226E-01 -3.99812858E-01  3.99723943E-01  1.31943416E+00  1.00007495E+00  1.27743683E-01
 -8.47648064E-01  1.00000000E+00  9.15553134E-01 -3.99933460E-01  3.99840962E-01  1.31955522E+00  1.00010062E+00  1.27781841E-01
 -7.99501858E-01  1.00000000E+00  8.77828047E-01 -4.00170440E-01  4.00039886E-01  1.31994527E+00  1.00011705E+00  1.27931289E-01
 -7.51355652E-01  1.00000000E+00  8.40102961E-01 -4.00407480E-01  4.00328132E-01  1.32033545E+00  1.00013352E+00  1.28080773E-01
 -7.08111109E-01  1.00000000E+00  8.06519665E-01 -4.00858536E-01  4.00705313E-01  1.32113928E+00  1.00009931E+00  1.28415985E-01
 -6.64866566E-01  1.00000000E+00  7.72936370E-01 -4.01309805E-01  4.01272952E-01  1.32194365E+00  1.00006528E+00  1.28751351E-01
 -6.26599939E-01  1.00000000E+00  7.43552887E-01 -4.02141798E-01  4.02007484E-01  1.32316637E+00  1.00013284E+00  1.29213415E-01
 -5.88333313E-01  1.00000000E+00  7.14169403E-01 -4.02974435E-01  4.02843398E-01  1.32439049E+00  1.00020092E+00  1.29675831E-01
 -5.54471587E-01  1.00000000E+00  6.88598485E-01 -4.04059174E-01  4.03978348E-01  1.32641769E+00  1.00001519E+00  1.30560999E-01
 -5.20609860E-01  1.00000000E+00  6.63027567E-01 -4.05145143E-01  4.05235970E-01  1.32844833E+00  9.99830501E-01  1.31447131E-01
 -4.90645977E-01  1.00000000E+00  6.40700326E-01 -4.06896977E-01  4.06721456E-01  1.33098697E+00  1.00006488E+00  1.32368834E-01
 -4.60682095E-01  1.00000000E+00  6.18373084E-01 -4.08651723E-01  4.08372169E-01  1.33353166E+00  1.00030152E+00  1.33292057E-01
 -4.34167380E-01  1.00000000E+00  5.99225095E-01 -4.10617882E-01  4.10498581E-01  1.33715361E+00  1.00000592E+00  1.34859076E-01
 -4.07652666E-01  1.00000000E+00  5.80077106E-01 -4.12588022E-01  4.12808715E-01  1.34078651E+00  9.99713637E-01  1.36429148E-01
 -3.84190072E-01  1.00000000E+00  5.63364668E-01 -4.15342482E-01  4.15275036E-01  1.34509582E+00  9.99920965E-01  1.38069942E-01
 -3.60727478E-01  1.00000000E+00  5.46652230E-01 -4.18104363E-01  4.17977462E-01  1.34942169E+00  1.00013391E+00  1.39715111E-01
 -3.39965684E-01  1.00000000E+00  5.32420927E-01 -4.21254645E-01  4.21246087E-01  1.35495726E+00  9.99946758E-01  1.42004203E-01
 -3.19203889E-01  1.00000000E+00  5.18189624E-01 -4.24414997E-01  4.24696274E-01  1.36051855E+00  9.99767460E-01  1.44300435E-01
 -3.00831998E-01  1.00000000E+00  5.06113926E-01 -4.28569607E-01  4.28507327E-01  1.36733486E+00  9.99980154E-01  1.46941882E-01
 -2.82460107E-01  1.00000000E+00  4.94038227E-01 -4.32741442E-01  4.32586818E-01  1.37419097E+00  1.00020556E+00  1.49594161E-01
 -2.66203017E-01  1.00000000E+00  4.83768270E-01 -4.37194195E-01  4.37217108E-01  1.38241085E+00  9.99872262E-01  1.53015434E-01
 -2.49945927E-01  1.00000000E+00  4.73498312E-01 -4.41667665E-01  4.42090473E-01  1.39068522E+00  9.99554560E-01  1.56452264E-01
 -2.35560203E-01  1.00000000E+00  4.65082164E-01 -4.47217127E-01  4.47271986E-01  1.40033452E+00  9.99765982E-01  1.60227416E-01
 -2.21174479E-01  1.00000000E+00  4.56666016E-01 -4.52798338E-01  4.52821222E-01  1.41005966E+00  9.99999685E-01  1.64023990E-01
 -2.08421419E-01  1.00000000E+00  4.49602750E-01 -4.59246943E-01  4.58994891E-01  1.42169645E+00  1.00004427E+00  1.68660869E-01
 -1.95668358E-01  1.00000000E+00  4.42539484E-01 -4.65738727E-01  4.65505683E-01  1.43344029E+00  1.00011913E+00  1.73328467E-01
 -1.83439085E-01  1.00000000E+00  4.36792574E-01 -4.72970991E-01  4.73145546E-01  1.44791940E+00  9.99569837E-01  1.79339827E-01
 -1.71209813E-01  1.00000000E+00  4.31045663E-01 -4.80260731E-01  4.81200955E-01  1.46255566E+00  9.99060084E-01  1.85398230E-01
 -1.58980541E-01  1.00000000E+00  4.25750857E-01 -4.90881985E-01  4.91034581E-01  1.48222106E+00  9.99718167E-01  1.93001158E-01
 -1.46751268E-01  1.00000000E+00  4.20456051E-01 -5.01622980E-01  5.01313156E-01  1.50217749E+00  1.00045285E+00  2.00689857E-01
 -1.34521996E-01  1.00000000E+00  4.18245703E-01 -5.14509893E-01  5.14874843E-01  1.53085314E+00  9.99163549E-01  2.12675835E-01
 -1.22292724E-01  1.00000000E+00  4.16035355E-01 -5.27591231E-01  5.29321693E-01  1.56009918E+00  9.97996221E-01  2.24841182E-01
 -1.10063451E-01  1.00000000E+00  4.09783770E-01 -5.49601419E-01  5.49127141E-01  1.60042308E+00  1.00137273E+00  2.39620143E-01
 -9.78341789E-02  1.00000000E+00  4.03532185E-01 -5.72112082E-01  5.68444080E-01  1.64189515E+00  1.00504876E+00  2.54738555E-01
 -8.56049065E-02  1.00000000E+00  4.25927643E-01 -5.95166719E-01  5.98292253E-01  1.72524507E+00  9.92832775E-01  2.92964919E-01
 -7.33756342E-02  1.00000000E+00  4.48323102E-01 -6.19123031E-01  6.35748291E-01  1.81279478E+00  9.81204123E-01  3.32636261E-01
 -6.11463618E-02  1.00000000E+00  3.73919590E-01 -6.74564257E-01  6.90431715E-01  1.90053505E+00  1.00065540E+00  3.59951860E-01
 -4.89170895E-02  1.00000000E+00  2.99516077E-01 -7.32724066E-01  7.20623758E-01  1.99333234E+00  1.02183271E+00  3.88599852E-01
 -3.66878171E-02  1.00000000E+00  7.11494702E-01 -9.34715023E-01  8.01129772E-01  2.40999762E+00  1.07536965E+00  5.33851188E-01
 -2.44585447E-02  1.00000000E+00  1.12347333E+00 -1.17578791E+00  9.58415448E-01  2.91803451E+00  1.14806007E+00  7.07989773E-01
 -1.22292724E-02  1.00000000E+00  4.49992767E-02 -3.50563948E-01  1.67007652E+00  4.08692757E+00  6.08862765E-01  1.39122592E+00
  0.00000000E+00  1.00000000E+00 -1.03347477E+00  7.92305801E-01  3.04009776E+00  6.90660373E+00  5.02645135E-01  2.56158344E+00
