# curve 5 (die wall), step =      100, time =   8.00000000E+01
# N1 = tau_xx - tau_yy = G ( c_xx - c_yy ),  G =  1.4286E-02  (polymer part only)
#              x               y        pressure            c_xy        gammadot            c_xx            c_yy              N1
 -3.00000000E+00  1.00000000E+00  2.69355389E+00 -2.80161455E+00  4.00066045E-01  1.66971976E+01  9.99884702E-01  2.24247327E-01
 -2.95108291E+00  1.00000000E+00  2.65419997E+00 -2.80215234E+00  4.00073247E-01  1.67018501E+01  9.99912043E-01  2.24313401E-01
 -2.90216582E+00  1.00000000E+00  2.61484604E+00 -2.80269026E+00  4.00071676E-01  1.67065039E+01  9.99939394E-01  2.24379493E-01
 -2.85324873E+00  1.00000000E+00  2.57572270E+00 -2.80228181E+00  4.00032340E-01  1.66991265E+01  1.00000982E+00  2.24273095E-01
 -2.80433164E+00  1.00000000E+00  2.53659936E+00 -2.80187338E+00  3.99988947E-01  1.66917525E+01  1.00008024E+00  2.24166746E-01
 -2.75541455E+00  1.00000000E+00  2.49745304E+00 -2.80144121E+00  4.00023982E-01  1.66895814E+01  1.00001279E+00  2.24136695E-01
 -2.70649746E+00  1.00000000E+00  2.45830673E+00 -2.80100911E+00  4.00026504E-01  1.66874106E+01  9.99945353E-01  2.24106647E-01
 -2.65758037E+00  1.00000000E+00  2.41916696E+00 -2.80155114E+00  4.00026778E-01  1.66923230E+01  1.00000493E+00  2.24175972E-01
 -2.60866328E+00  1.00000000E+00  2.38002719E+00 -2.80209330E+00  4.00028682E-01  1.66972368E+01  1.00006451E+00  2.24245318E-01
 -2.55974619E+00  1.00000000E+00  2.34094464E+00 -2.80266240E+00  4.00004870E-01  1.67036863E+01  1.00014524E+00  2.24336300E-01
 -2.51082911E+00  1.00000000E+00  2.30186210E+00 -2.80323160E+00  4.00019382E-01  1.67101383E+01  1.00022597E+00  2.24427319E-01
 -2.46191202E+00  1.00000000E+00  2.26264257E+00 -2.80201924E+00  3.99995546E-01  1.67013818E+01  1.00004190E+00  2.24304856E-01
 -2.41299493E+00  1.00000000E+00  2.22342303E+00 -2.80080744E+00  3.99988691E-01  1.66926299E+01  9.99857894E-01  2.24182457E-01
 -2.36407784E+00  1.00000000E+00  2.18434129E+00 -2.80129309E+00  4.00001610E-01  1.66958981E+01  9.99967955E-01  2.24227574E-01
 -2.31516075E+00  1.00000000E+00  2.14525955E+00 -2.80177884E+00  3.99995719E-01  1.66991670E+01  1.00007803E+00  2.24272699E-01
 -2.26624366E+00  1.00000000E+00  2.10612737E+00 -2.80287746E+00  3.99978980E-01  1.67085339E+01  1.00016079E+00  2.24405331E-01
 -2.21732657E+00  1.00000000E+00  2.06699518E+00 -2.80397658E+00  3.99978919E-01  1.67179062E+01  1.00024360E+00  2.24538037E-01
 -2.16840948E+00  1.00000000E+00  2.02781304E+00 -2.80303166E+00  3.99970976E-01  1.67107935E+01  1.00010757E+00  2.24438371E-01
 -2.11949239E+00  1.00000000E+00  1.98863090E+00 -2.80208708E+00  3.99959258E-01  1.67036839E+01  9.99971582E-01  2.24338747E-01
 -2.07057530E+00  1.00000000E+00  1.94957043E+00 -2.80397512E+00  3.99977782E-01  1.67196291E+01  1.00015505E+00  2.24563915E-01
 -2.02165821E+00  1.00000000E+00  1.91050995E+00 -2.80586458E+00  3.99981686E-01  1.67355896E+01  1.00033864E+00  2.24789300E-01
 -1.97274112E+00  1.00000000E+00  1.87130348E+00 -2.80431190E+00  3.99946060E-01  1.67237867E+01  1.00014694E+00  2.24623426E-01
 -1.92382403E+00  1.00000000E+00  1.83209701E+00 -2.80276015E+00  3.99926075E-01  1.67119922E+01  9.99955337E-01  2.24457670E-01
 -1.87490694E+00  1.00000000E+00  1.79299349E+00 -2.80235449E+00  3.99948802E-01  1.67049078E+01  1.00003846E+00  2.24355276E-01
 -1.82598985E+00  1.00000000E+00  1.75388996E+00 -2.80194887E+00  3.99955116E-01  1.66978265E+01  1.00012159E+00  2.24252927E-01
 -1.77707276E+00  1.00000000E+00  1.71479509E+00 -2.80336474E+00  3.99966545E-01  1.67121217E+01  1.00017192E+00  2.24456425E-01
 -1.72815567E+00  1.00000000E+00  1.67570022E+00 -2.80478143E+00  3.99957870E-01  1.67264293E+01  1.00022229E+00  2.24660101E-01
 -1.67923858E+00  1.00000000E+00  1.63651810E+00 -2.80471239E+00  3.99900017E-01  1.67253363E+01  1.00028069E+00  2.24643651E-01
 -1.63032150E+00  1.00000000E+00  1.59733598E+00 -2.80464336E+00  3.99893566E-01  1.67242433E+01  1.00033909E+00  2.24627203E-01
 -1.58140441E+00  1.00000000E+00  1.55832104E+00 -2.80435330E+00  3.99846464E-01  1.67164298E+01  1.00047631E+00  2.24513621E-01
 -1.53248732E+00  1.00000000E+00  1.51930610E+00 -2.80406320E+00  3.99820178E-01  1.67086202E+01  1.00061352E+00  2.24400096E-01
 -1.48357023E+00  1.00000000E+00  1.48012124E+00 -2.80149533E+00  3.99789089E-01  1.66959440E+01  1.00003449E+00  2.24227279E-01
 -1.43465314E+00  1.00000000E+00  1.44093639E+00 -2.79892961E+00  3.99806416E-01  1.66832775E+01  9.99455932E-01  2.24054594E-01
 -1.38573605E+00  1.00000000E+00  1.40187867E+00 -2.79984100E+00  3.99787623E-01  1.66818995E+01  9.99852130E-01  2.24029248E-01
 -1.33681896E+00  1.00000000E+00  1.36282095E+00 -2.80075239E+00  3.99756841E-01  1.66805220E+01  1.00024846E+00  2.24003908E-01
 -1.28790187E+00  1.00000000E+00  1.32372612E+00 -2.79980412E+00  3.99678688E-01  1.66735018E+01  1.00012396E+00  2.23905398E-01
 -1.23898478E+00  1.00000000E+00  1.28463128E+00 -2.79885620E+00  3.99605349E-01  1.66664846E+01  9.99999503E-01  2.23806930E-01
 -1.19006769E+00  1.00000000E+00  1.24571220E+00 -2.80035460E+00  3.99559302E-01  1.66752561E+01  1.00027297E+00  2.23928331E-01
 -1.14115060E+00  1.00000000E+00  1.20679312E+00 -2.80185378E+00  3.99504467E-01  1.66840322E+01  1.00054658E+00  2.24049795E-01
 -1.09223351E+00  1.00000000E+00  1.16784252E+00 -2.80005176E+00  3.99405611E-01  1.66708248E+01  1.00033043E+00  2.23864206E-01
 -1.04331642E+00  1.00000000E+00  1.12889192E+00 -2.79825098E+00  3.99320894E-01  1.66576279E+01  1.00011443E+00  2.23678764E-01
 -9.94399333E-01  1.00000000E+00  1.09012597E+00 -2.79736957E+00  3.99293710E-01  1.66488795E+01  1.00007370E+00  2.23554368E-01
 -9.45482243E-01  1.00000000E+00  1.05136002E+00 -2.79648848E+00  3.99259797E-01  1.66401357E+01  1.00003298E+00  2.23430039E-01
 -8.96565154E-01  1.00000000E+00  1.01281391E+00 -2.79731231E+00  3.99266247E-01  1.66467929E+01  1.00013462E+00  2.23523690E-01
 -8.47648064E-01  1.00000000E+00  9.74267792E-01 -2.79813640E+00  3.99264135E-01  1.66534528E+01  1.00023628E+00  2.23617379E-01
 -7.99501858E-01  1.00000000E+00  9.36706135E-01 -2.79898060E+00  3.99309284E-01  1.66582944E+01  1.00040501E+00  2.23684134E-01
 -7.51355652E-01  1.00000000E+00  8.99144478E-01 -2.79982505E+00  3.99432963E-01  1.66631373E+01  1.00057378E+00  2.23750908E-01
 -7.08111109E-01  1.00000000E+00  8.65701350E-01 -2.80013955E+00  3.99623511E-01  1.66738579E+01  1.00029520E+00  2.23908039E-01
 -6.64866566E-01  1.00000000E+00  8.32258223E-01 -2.80045397E+00  4.00001945E-01  1.66845859E+01  1.00001665E+00  2.24065276E-01
 -6.26599939E-01  1.00000000E+00  8.03173853E-01 -2.80501616E+00  4.00529559E-01  1.67196858E+01  1.00040436E+00  2.24561163E-01
 -5.88333313E-01  1.00000000E+00  7.74089482E-01 -2.80958657E+00  4.01128864E-01  1.67548596E+01  1.00079299E+00  2.25058095E-01
 -5.54471587E-01  1.00000000E+00  7.48847805E-01 -2.80893295E+00  4.02024582E-01  1.68068061E+01  9.98817211E-01  2.25828413E-01
 -5.20609860E-01  1.00000000E+00  7.23606128E-01 -2.80826926E+00  4.03047271E-01  1.68589365E+01  9.96842799E-01  2.26601339E-01
 -4.90645977E-01  1.00000000E+00  7.01757016E-01 -2.82274741E+00  4.04307162E-01  1.69537726E+01  9.98841144E-01  2.27927592E-01
 -4.60682095E-01  1.00000000E+00  6.79907905E-01 -2.83730200E+00  4.05660276E-01  1.70491419E+01  1.00085045E+00  2.29261306E-01
 -4.34167380E-01  1.00000000E+00  6.61303589E-01 -2.83927115E+00  4.07452925E-01  1.71603262E+01  9.97892406E-01  2.30891911E-01
 -4.07652666E-01  1.00000000E+00  6.42699273E-01 -2.84121839E+00  4.09449183E-01  1.72723040E+01  9.94935619E-01  2.32533834E-01
 -3.84190072E-01  1.00000000E+00  6.26682660E-01 -2.86289627E+00  4.11667625E-01  1.74549256E+01  9.96906229E-01  2.35114562E-01
 -3.60727478E-01  1.00000000E+00  6.10666047E-01 -2.88475828E+00  4.14000344E-01  1.76394888E+01  9.98892756E-01  2.37722801E-01
 -3.39965684E-01  1.00000000E+00  5.97262469E-01 -2.89779638E+00  4.16864280E-01  1.78417356E+01  9.97163768E-01  2.40636740E-01
 -3.19203889E-01  1.00000000E+00  5.83858892E-01 -2.91089073E+00  4.19924397E-01  1.80463917E+01  9.95432293E-01  2.43585135E-01
 -3.00831998E-01  1.00000000E+00  5.72610386E-01 -2.93847782E+00  4.23412100E-01  1.83253000E+01  9.96609408E-01  2.47552723E-01
 -2.82460107E-01  1.00000000E+00  5.61361881E-01 -2.96636403E+00  4.27068357E-01  1.86085758E+01  9.97801792E-01  2.51582485E-01
 -2.66203017E-01  1.00000000E+00  5.52218359E-01 -2.98290439E+00  4.31253045E-01  1.89053606E+01  9.94734434E-01  2.55866088E-01
 -2.49945927E-01  1.00000000E+00  5.43074836E-01 -2.99951049E+00  4.35745601E-01  1.92070904E+01  9.91659653E-01  2.60220440E-01
 -2.35560203E-01  1.00000000E+00  5.35694916E-01 -3.04163567E+00  4.40674565E-01  1.96431821E+01  9.93661561E-01  2.66421721E-01
 -2.21174479E-01  1.00000000E+00  5.28314996E-01 -3.08443134E+00  4.45766532E-01  2.00892981E+01  9.95696124E-01  2.72765743E-01
 -2.08421419E-01  1.00000000E+00  5.22695921E-01 -3.12878497E+00  4.51421613E-01  2.05596600E+01  9.97190017E-01  2.79463857E-01
 -1.95668358E-01  1.00000000E+00  5.17076845E-01 -3.17387013E+00  4.57313972E-01  2.10411714E+01  9.98721863E-01  2.86320707E-01
 -1.83439085E-01  1.00000000E+00  5.13181063E-01 -3.19901108E+00  4.64318778E-01  2.15716839E+01  9.93163373E-01  2.93978865E-01
 -1.71209813E-01  1.00000000E+00  5.09285281E-01 -3.22420974E+00  4.71838098E-01  2.21162110E+01  9.87577409E-01  3.01837623E-01
 -1.58980541E-01  1.00000000E+00  5.04936314E-01 -3.30156598E+00  4.81257660E-01  2.29554415E+01  9.92014405E-01  3.13763244E-01
 -1.46751268E-01  1.00000000E+00  5.00587347E-01 -3.38098615E+00  4.90636747E-01  2.38268609E+01  9.96545482E-01  3.26147363E-01
 -1.34521996E-01  1.00000000E+00  5.03975558E-01 -3.45845350E+00  5.03273482E-01  2.50159459E+01  9.92274541E-01  3.43195305E-01
 -1.22292724E-01  1.00000000E+00  5.07363770E-01 -3.53773915E+00  5.16672542E-01  2.62659034E+01  9.87976731E-01  3.61113238E-01
 -1.10063451E-01  1.00000000E+00  4.97022653E-01 -3.69732219E+00  5.34928884E-01  2.76267217E+01  1.00530236E+00  3.80305991E-01
 -9.78341789E-02  1.00000000E+00  4.86681536E-01 -3.86443798E+00  5.52242233E-01  2.90580557E+01  1.02342285E+00  4.00494754E-01
 -8.56049065E-02  1.00000000E+00  5.37563355E-01 -3.81058556E+00  5.84385772E-01  3.23805451E+01  9.50058471E-01  4.49006953E-01
 -7.33756342E-02  1.00000000E+00  5.88445174E-01 -3.72849764E+00  6.28250909E-01  3.61290886E+01  8.78026003E-01  5.03586608E-01
 -6.11463618E-02  1.00000000E+00  4.31348639E-01 -3.83135637E+00  6.74665201E-01  3.69399633E+01  8.96035482E-01  5.14913255E-01
 -4.89170895E-02  1.00000000E+00  2.74252105E-01 -3.93686316E+00  6.85357264E-01  3.77691213E+01  9.14475516E-01  5.26494940E-01
 -3.66878171E-02  1.00000000E+00  1.04547227E+00 -1.84476931E+01  7.21812766E-01  7.72066002E+01  4.83342285E+00  1.03390253E+00
 -2.44585447E-02  1.00000000E+00  1.81669243E+00 -5.90729573E+01  7.45643580E-01  1.77441992E+02  1.99857269E+01  2.24937521E+00
 -1.22292724E-02  1.00000000E+00  7.75635627E-02  4.97142231E+00  1.36641482E+00  7.96964764E+01  8.84502476E-01  1.12588534E+00
  0.00000000E+00  1.00000000E+00 -1.66156531E+00  7.13911695E+01  3.52138384E+00  1.59098223E+02  3.22672457E+01  1.81187111E+00
