# curve 5 (die wall), step =      200, time =   1.60000000E+02
# N1 = tau_xx - tau_yy = G ( c_xx - c_yy ),  G =  1.4286E-02  (polymer part only)
#              x               y        pressure            c_xy        gammadot            c_xx            c_yy              N1
 -3.00000000E+00  1.00000000E+00  2.69356959E+00 -2.80161469E+00  4.00066151E-01  1.66983909E+01  9.99883468E-01  2.24264392E-01
 -2.95108291E+00  1.00000000E+00  2.65421566E+00 -2.80215273E+00  4.00073355E-01  1.67030444E+01  9.99910869E-01  2.24330478E-01
 -2.90216582E+00  1.00000000E+00  2.61486173E+00 -2.80269090E+00  4.00071783E-01  1.67076991E+01  9.99938282E-01  2.24396583E-01
 -2.85324873E+00  1.00000000E+00  2.57573837E+00 -2.80228240E+00  4.00032448E-01  1.67003208E+01  1.00000867E+00  2.24290174E-01
 -2.80433164E+00  1.00000000E+00  2.53661501E+00 -2.80187393E+00  3.99989062E-01  1.66929460E+01  1.00007905E+00  2.24183814E-01
 -2.75541455E+00  1.00000000E+00  2.49746869E+00 -2.80144185E+00  4.00024098E-01  1.66907750E+01  1.00001162E+00  2.24153762E-01
 -2.70649746E+00  1.00000000E+00  2.45832237E+00 -2.80100983E+00  4.00026623E-01  1.66886042E+01  9.99944200E-01  2.24123714E-01
 -2.65758037E+00  1.00000000E+00  2.41918259E+00 -2.80155193E+00  4.00026896E-01  1.66935184E+01  1.00000379E+00  2.24193065E-01
 -2.60866328E+00  1.00000000E+00  2.38004281E+00 -2.80209414E+00  4.00028794E-01  1.66984340E+01  1.00006339E+00  2.24262438E-01
 -2.55974619E+00  1.00000000E+00  2.34096027E+00 -2.80266317E+00  4.00004982E-01  1.67048844E+01  1.00014413E+00  2.24353433E-01
 -2.51082911E+00  1.00000000E+00  2.30187773E+00 -2.80323230E+00  4.00019486E-01  1.67113374E+01  1.00022487E+00  2.24444464E-01
 -2.46191202E+00  1.00000000E+00  2.26265817E+00 -2.80201972E+00  3.99995650E-01  1.67025795E+01  1.00004073E+00  2.24321982E-01
 -2.41299493E+00  1.00000000E+00  2.22343860E+00 -2.80080768E+00  3.99988801E-01  1.66938262E+01  9.99856668E-01  2.24199565E-01
 -2.36407784E+00  1.00000000E+00  2.18435687E+00 -2.80129353E+00  4.00001721E-01  1.66970961E+01  9.99966783E-01  2.24244705E-01
 -2.31516075E+00  1.00000000E+00  2.14527513E+00 -2.80177947E+00  3.99995821E-01  1.67003667E+01  1.00007691E+00  2.24289854E-01
 -2.26624366E+00  1.00000000E+00  2.10614294E+00 -2.80287795E+00  3.99979078E-01  1.67097347E+01  1.00015965E+00  2.24422500E-01
 -2.21732657E+00  1.00000000E+00  2.06701075E+00 -2.80397693E+00  3.99979012E-01  1.67191079E+01  1.00024243E+00  2.24555222E-01
 -2.16840948E+00  1.00000000E+00  2.02782858E+00 -2.80303181E+00  3.99971068E-01  1.67119934E+01  1.00010636E+00  2.24455529E-01
 -2.11949239E+00  1.00000000E+00  1.98864642E+00 -2.80208703E+00  3.99959355E-01  1.67048818E+01  9.99970329E-01  2.24355878E-01
 -2.07057530E+00  1.00000000E+00  1.94958595E+00 -2.80397514E+00  3.99977879E-01  1.67208280E+01  1.00015384E+00  2.24581059E-01
 -2.02165821E+00  1.00000000E+00  1.91052548E+00 -2.80586467E+00  3.99981777E-01  1.67367895E+01  1.00033747E+00  2.24806458E-01
 -1.97274112E+00  1.00000000E+00  1.87131898E+00 -2.80431181E+00  3.99946154E-01  1.67249848E+01  1.00014571E+00  2.24640559E-01
 -1.92382403E+00  1.00000000E+00  1.83211248E+00 -2.80275988E+00  3.99926179E-01  1.67131885E+01  9.99954041E-01  2.24474779E-01
 -1.87490694E+00  1.00000000E+00  1.79300895E+00 -2.80235442E+00  3.99948912E-01  1.67061035E+01  1.00003721E+00  2.24372376E-01
 -1.82598985E+00  1.00000000E+00  1.75390543E+00 -2.80194900E+00  3.99955231E-01  1.66990216E+01  1.00012037E+00  2.24270018E-01
 -1.77707276E+00  1.00000000E+00  1.71481054E+00 -2.80336504E+00  3.99966663E-01  1.67133199E+01  1.00017073E+00  2.24473560E-01
 -1.72815567E+00  1.00000000E+00  1.67571566E+00 -2.80478190E+00  3.99957984E-01  1.67276306E+01  1.00022114E+00  2.24677278E-01
 -1.67923858E+00  1.00000000E+00  1.63653354E+00 -2.80471295E+00  3.99900132E-01  1.67265383E+01  1.00027955E+00  2.24660839E-01
 -1.63032150E+00  1.00000000E+00  1.59735142E+00 -2.80464400E+00  3.99893678E-01  1.67254460E+01  1.00033797E+00  2.24644401E-01
 -1.58140441E+00  1.00000000E+00  1.55833646E+00 -2.80435389E+00  3.99846573E-01  1.67176317E+01  1.00047517E+00  2.24530808E-01
 -1.53248732E+00  1.00000000E+00  1.51932150E+00 -2.80406372E+00  3.99820286E-01  1.67098213E+01  1.00061235E+00  2.24417271E-01
 -1.48357023E+00  1.00000000E+00  1.48013663E+00 -2.80149565E+00  3.99789197E-01  1.66971434E+01  1.00003329E+00  2.24244430E-01
 -1.43465314E+00  1.00000000E+00  1.44095175E+00 -2.79892972E+00  3.99806529E-01  1.66844751E+01  9.99454696E-01  2.24071721E-01
 -1.38573605E+00  1.00000000E+00  1.40189404E+00 -2.79984126E+00  3.99787736E-01  1.66830966E+01  9.99850937E-01  2.24046366E-01
 -1.33681896E+00  1.00000000E+00  1.36283634E+00 -2.80075280E+00  3.99756948E-01  1.66817185E+01  1.00024731E+00  2.24021016E-01
 -1.28790187E+00  1.00000000E+00  1.32374147E+00 -2.79980422E+00  3.99678791E-01  1.66746956E+01  1.00012276E+00  2.23922469E-01
 -1.23898478E+00  1.00000000E+00  1.28464661E+00 -2.79885600E+00  3.99605454E-01  1.66676757E+01  9.99998239E-01  2.23823963E-01
 -1.19006769E+00  1.00000000E+00  1.24572753E+00 -2.80035485E+00  3.99559404E-01  1.66764494E+01  1.00027181E+00  2.23945395E-01
 -1.14115060E+00  1.00000000E+00  1.20680845E+00 -2.80185448E+00  3.99504554E-01  1.66852278E+01  1.00054551E+00  2.24066890E-01
 -1.09223351E+00  1.00000000E+00  1.16785783E+00 -2.80005246E+00  3.99405691E-01  1.66720194E+01  1.00032935E+00  2.23881287E-01
 -1.04331642E+00  1.00000000E+00  1.12890720E+00 -2.79825167E+00  3.99320971E-01  1.66588215E+01  1.00011333E+00  2.23695831E-01
 -9.94399333E-01  1.00000000E+00  1.09014125E+00 -2.79737052E+00  3.99293777E-01  1.66500723E+01  1.00007266E+00  2.23571423E-01
 -9.45482243E-01  1.00000000E+00  1.05137530E+00 -2.79648968E+00  3.99259855E-01  1.66413278E+01  1.00003200E+00  2.23447082E-01
 -8.96565154E-01  1.00000000E+00  1.01282917E+00 -2.79731386E+00  3.99266286E-01  1.66479866E+01  1.00013373E+00  2.23540756E-01
 -8.47648064E-01  1.00000000E+00  9.74283042E-01 -2.79813831E+00  3.99264147E-01  1.66546482E+01  1.00023548E+00  2.23634468E-01
 -7.99501858E-01  1.00000000E+00  9.36721388E-01 -2.79898337E+00  3.99309271E-01  1.66594915E+01  1.00040440E+00  2.23701244E-01
 -7.51355652E-01  1.00000000E+00  8.99159733E-01 -2.79982868E+00  3.99432909E-01  1.66643362E+01  1.00057336E+00  2.23768040E-01
 -7.08111109E-01  1.00000000E+00  8.65716620E-01 -2.80014336E+00  3.99623398E-01  1.66750491E+01  1.00029493E+00  2.23925060E-01
 -6.64866566E-01  1.00000000E+00  8.32273506E-01 -2.80045797E+00  4.00001776E-01  1.66857695E+01  1.00001652E+00  2.24082185E-01
 -6.26599939E-01  1.00000000E+00  8.03189163E-01 -2.80501964E+00  4.00529316E-01  1.67208540E+01  1.00040429E+00  2.24577853E-01
 -5.88333313E-01  1.00000000E+00  7.74104820E-01 -2.80958951E+00  4.01128546E-01  1.67560124E+01  1.00079298E+00  2.25074563E-01
 -5.54471587E-01  1.00000000E+00  7.48863176E-01 -2.80893551E+00  4.02024192E-01  1.68079437E+01  9.98817448E-01  2.25844661E-01
 -5.20609860E-01  1.00000000E+00  7.23621532E-01 -2.80827145E+00  4.03046796E-01  1.68600588E+01  9.96843284E-01  2.26617365E-01
 -4.90645977E-01  1.00000000E+00  7.01772487E-01 -2.82274832E+00  4.04306538E-01  1.69548544E+01  9.98841683E-01  2.27943039E-01
 -4.60682095E-01  1.00000000E+00  6.79923441E-01 -2.83730161E+00  4.05659537E-01  1.70501826E+01  1.00085104E+00  2.29276166E-01
 -4.34167380E-01  1.00000000E+00  6.61319200E-01 -2.83927017E+00  4.07452103E-01  1.71613388E+01  9.97893407E-01  2.30906363E-01
 -4.07652666E-01  1.00000000E+00  6.42714959E-01 -2.84121684E+00  4.09448221E-01  1.72732880E+01  9.94937030E-01  2.32547871E-01
 -3.84190072E-01  1.00000000E+00  6.26698492E-01 -2.86288855E+00  4.11666393E-01  1.74558017E+01  9.96907162E-01  2.35127064E-01
 -3.60727478E-01  1.00000000E+00  6.10682025E-01 -2.88474428E+00  4.13998968E-01  1.76402545E+01  9.98893219E-01  2.37733732E-01
 -3.39965684E-01  1.00000000E+00  5.97278390E-01 -2.89777575E+00  4.16862798E-01  1.78423930E+01  9.97163815E-01  2.40646131E-01
 -3.19203889E-01  1.00000000E+00  5.83874754E-01 -2.91086345E+00  4.19922825E-01  1.80469382E+01  9.95431940E-01  2.43592946E-01
 -3.00831998E-01  1.00000000E+00  5.72626682E-01 -2.93844971E+00  4.23410323E-01  1.83257435E+01  9.96610029E-01  2.47559049E-01
 -2.82460107E-01  1.00000000E+00  5.61378611E-01 -2.96633510E+00  4.27066299E-01  1.86089128E+01  9.97803422E-01  2.51587277E-01
 -2.66203017E-01  1.00000000E+00  5.52234870E-01 -2.98286889E+00  4.31250816E-01  1.89055864E+01  9.94735365E-01  2.55869300E-01
 -2.49945927E-01  1.00000000E+00  5.43091130E-01 -2.99946841E+00  4.35743232E-01  1.92072012E+01  9.91659914E-01  2.60222018E-01
 -2.35560203E-01  1.00000000E+00  5.35711734E-01 -3.04159665E+00  4.40671906E-01  1.96431685E+01  9.93663819E-01  2.66421495E-01
 -2.21174479E-01  1.00000000E+00  5.28332337E-01 -3.08439554E+00  4.45763492E-01  2.00891543E+01  9.95700458E-01  2.72763627E-01
 -2.08421419E-01  1.00000000E+00  5.22713488E-01 -3.12874457E+00  4.51418235E-01  2.05594131E+01  9.97194007E-01  2.79460272E-01
 -1.95668358E-01  1.00000000E+00  5.17094640E-01 -3.17382502E+00  4.57310210E-01  2.10408163E+01  9.98725537E-01  2.86315583E-01
 -1.83439085E-01  1.00000000E+00  5.13198913E-01 -3.19896208E+00  4.64314599E-01  2.15711806E+01  9.93167527E-01  2.93971616E-01
 -1.71209813E-01  1.00000000E+00  5.09303186E-01 -3.22415701E+00  4.71833513E-01  2.21155517E+01  9.87582096E-01  3.01828137E-01
 -1.58980541E-01  1.00000000E+00  5.04954923E-01 -3.30150091E+00  4.81252121E-01  2.29544426E+01  9.92019263E-01  3.13748905E-01
 -1.46751268E-01  1.00000000E+00  5.00606661E-01 -3.38090824E+00  4.90630355E-01  2.38254970E+01  9.96550631E-01  3.26127806E-01
 -1.34521996E-01  1.00000000E+00  5.03995007E-01 -3.45837413E+00  5.03266321E-01  2.50142324E+01  9.92281570E-01  3.43170726E-01
 -1.22292724E-01  1.00000000E+00  5.07383354E-01 -3.53765902E+00  5.16664720E-01  2.62638072E+01  9.87985891E-01  3.61083162E-01
 -1.10063451E-01  1.00000000E+00  4.97043720E-01 -3.69727050E+00  5.34919102E-01  2.76243996E+01  1.00532127E+00  3.80272547E-01
 -9.78341789E-02  1.00000000E+00  4.86704086E-01 -3.86441684E+00  5.52229759E-01  2.90554894E+01  1.02345221E+00  4.00457675E-01
 -8.56049065E-02  1.00000000E+00  5.37586601E-01 -3.81036233E+00  5.84372329E-01  3.23771684E+01  9.50042311E-01  4.48958944E-01
 -7.33756342E-02  1.00000000E+00  5.88469117E-01 -3.72805194E+00  6.28241630E-01  3.61247794E+01  8.77969070E-01  5.03525862E-01
 -6.11463618E-02  1.00000000E+00  4.31344801E-01 -3.83190192E+00  6.74648075E-01  3.69393381E+01  8.96131335E-01  5.14902953E-01
 -4.89170895E-02  1.00000000E+00  2.74220486E-01 -3.93844514E+00  6.85313828E-01  3.77723530E+01  9.14732616E-01  5.26537434E-01
 -3.66878171E-02  1.00000000E+00  1.04563957E+00 -1.84606525E+01  7.21720554E-01  7.72323974E+01  4.83814082E+00  1.03420367E+00
 -2.44585447E-02  1.00000000E+00  1.81705865E+00 -5.91343256E+01  7.45465390E-01  1.77562145E+02  2.00132629E+01  2.25069831E+00
 -1.22292724E-02  1.00000000E+00  7.76897161E-02  4.96810626E+00  1.36621079E+00  7.97133389E+01  8.84144574E-01  1.12613135E+00
  0.00000000E+00  1.00000000E+00 -1.66167922E+00  7.14214050E+01  3.52150752E+00  1.59160321E+02  3.22818331E+01  1.81254983E+00
