# row lambda betav alpha
1 1.0000000000000000 0.1000000000000000 0.1000000000000000
2 2.7999999999999998 0.1000000000000000 0.1000000000000000
3 4.5999999999999996 0.1000000000000000 0.1000000000000000
4 6.4000000000000004 0.1000000000000000 0.1000000000000000
5 8.1999999999999993 0.1000000000000000 0.1000000000000000
6 10.0000000000000000 0.1000000000000000 0.1000000000000000
7 1.0000000000000000 0.3000000000000000 0.1000000000000000
8 2.7999999999999998 0.3000000000000000 0.1000000000000000
9 4.5999999999999996 0.3000000000000000 0.1000000000000000
10 6.4000000000000004 0.3000000000000000 0.1000000000000000
11 8.1999999999999993 0.3000000000000000 0.1000000000000000
12 10.0000000000000000 0.3000000000000000 0.1000000000000000
13 1.0000000000000000 0.5000000000000000 0.1000000000000000
14 2.7999999999999998 0.5000000000000000 0.1000000000000000
15 4.5999999999999996 0.5000000000000000 0.1000000000000000
16 6.4000000000000004 0.5000000000000000 0.1000000000000000
17 8.1999999999999993 0.5000000000000000 0.1000000000000000
18 10.0000000000000000 0.5000000000000000 0.1000000000000000
19 1.0000000000000000 0.7000000000000001 0.1000000000000000
20 2.7999999999999998 0.7000000000000001 0.1000000000000000
21 4.5999999999999996 0.7000000000000001 0.1000000000000000
22 6.4000000000000004 0.7000000000000001 0.1000000000000000
23 8.1999999999999993 0.7000000000000001 0.1000000000000000
24 10.0000000000000000 0.7000000000000001 0.1000000000000000
25 1.0000000000000000 0.9000000000000000 0.1000000000000000
26 2.7999999999999998 0.9000000000000000 0.1000000000000000
27 4.5999999999999996 0.9000000000000000 0.1000000000000000
28 6.4000000000000004 0.9000000000000000 0.1000000000000000
29 8.1999999999999993 0.9000000000000000 0.1000000000000000
30 10.0000000000000000 0.9000000000000000 0.1000000000000000
31 1.0000000000000000 0.1000000000000000 0.2333333333333333
32 2.7999999999999998 0.1000000000000000 0.2333333333333333
33 4.5999999999999996 0.1000000000000000 0.2333333333333333
34 6.4000000000000004 0.1000000000000000 0.2333333333333333
35 8.1999999999999993 0.1000000000000000 0.2333333333333333
36 10.0000000000000000 0.1000000000000000 0.2333333333333333
37 1.0000000000000000 0.3000000000000000 0.2333333333333333
38 2.7999999999999998 0.3000000000000000 0.2333333333333333
39 4.5999999999999996 0.3000000000000000 0.2333333333333333
40 6.4000000000000004 0.3000000000000000 0.2333333333333333
41 8.1999999999999993 0.3000000000000000 0.2333333333333333
42 10.0000000000000000 0.3000000000000000 0.2333333333333333
43 1.0000000000000000 0.5000000000000000 0.2333333333333333
44 2.7999999999999998 0.5000000000000000 0.2333333333333333
45 4.5999999999999996 0.5000000000000000 0.2333333333333333
46 6.4000000000000004 0.5000000000000000 0.2333333333333333
47 8.1999999999999993 0.5000000000000000 0.2333333333333333
48 10.0000000000000000 0.5000000000000000 0.2333333333333333
49 1.0000000000000000 0.7000000000000001 0.2333333333333333
50 2.7999999999999998 0.7000000000000001 0.2333333333333333
51 4.5999999999999996 0.7000000000000001 0.2333333333333333
52 6.4000000000000004 0.7000000000000001 0.2333333333333333
53 8.1999999999999993 0.7000000000000001 0.2333333333333333
54 10.0000000000000000 0.7000000000000001 0.2333333333333333
55 1.0000000000000000 0.9000000000000000 0.2333333333333333
56 2.7999999999999998 0.9000000000000000 0.2333333333333333
57 4.5999999999999996 0.9000000000000000 0.2333333333333333
58 6.4000000000000004 0.9000000000000000 0.2333333333333333
59 8.1999999999999993 0.9000000000000000 0.2333333333333333
60 10.0000000000000000 0.9000000000000000 0.2333333333333333
61 1.0000000000000000 0.1000000000000000 0.3666666666666667
62 2.7999999999999998 0.1000000000000000 0.3666666666666667
63 4.5999999999999996 0.1000000000000000 0.3666666666666667
64 6.4000000000000004 0.1000000000000000 0.3666666666666667
65 8.1999999999999993 0.1000000000000000 0.3666666666666667
66 10.0000000000000000 0.1000000000000000 0.3666666666666667
67 1.0000000000000000 0.3000000000000000 0.3666666666666667
68 2.7999999999999998 0.3000000000000000 0.3666666666666667
69 4.5999999999999996 0.3000000000000000 0.3666666666666667
70 6.4000000000000004 0.3000000000000000 0.3666666666666667
71 8.1999999999999993 0.3000000000000000 0.3666666666666667
72 10.0000000000000000 0.3000000000000000 0.3666666666666667
73 1.0000000000000000 0.5000000000000000 0.3666666666666667
74 2.7999999999999998 0.5000000000000000 0.3666666666666667
75 4.5999999999999996 0.5000000000000000 0.3666666666666667
76 6.4000000000000004 0.5000000000000000 0.3666666666666667
77 8.1999999999999993 0.5000000000000000 0.3666666666666667
78 10.0000000000000000 0.5000000000000000 0.3666666666666667
79 1.0000000000000000 0.7000000000000001 0.3666666666666667
80 2.7999999999999998 0.7000000000000001 0.3666666666666667
81 4.5999999999999996 0.7000000000000001 0.3666666666666667
82 6.4000000000000004 0.7000000000000001 0.3666666666666667
83 8.1999999999999993 0.7000000000000001 0.3666666666666667
84 10.0000000000000000 0.7000000000000001 0.3666666666666667
85 1.0000000000000000 0.9000000000000000 0.3666666666666667
86 2.7999999999999998 0.9000000000000000 0.3666666666666667
87 4.5999999999999996 0.9000000000000000 0.3666666666666667
88 6.4000000000000004 0.9000000000000000 0.3666666666666667
89 8.1999999999999993 0.9000000000000000 0.3666666666666667
90 10.0000000000000000 0.9000000000000000 0.3666666666666667
91 1.0000000000000000 0.1000000000000000 0.5000000000000000
92 2.7999999999999998 0.1000000000000000 0.5000000000000000
93 4.5999999999999996 0.1000000000000000 0.5000000000000000
94 6.4000000000000004 0.1000000000000000 0.5000000000000000
95 8.1999999999999993 0.1000000000000000 0.5000000000000000
96 10.0000000000000000 0.1000000000000000 0.5000000000000000
97 1.0000000000000000 0.3000000000000000 0.5000000000000000
98 2.7999999999999998 0.3000000000000000 0.5000000000000000
99 4.5999999999999996 0.3000000000000000 0.5000000000000000
100 6.4000000000000004 0.3000000000000000 0.5000000000000000
101 8.1999999999999993 0.3000000000000000 0.5000000000000000
102 10.0000000000000000 0.3000000000000000 0.5000000000000000
103 1.0000000000000000 0.5000000000000000 0.5000000000000000
104 2.7999999999999998 0.5000000000000000 0.5000000000000000
105 4.5999999999999996 0.5000000000000000 0.5000000000000000
106 6.4000000000000004 0.5000000000000000 0.5000000000000000
107 8.1999999999999993 0.5000000000000000 0.5000000000000000
108 10.0000000000000000 0.5000000000000000 0.5000000000000000
109 1.0000000000000000 0.7000000000000001 0.5000000000000000
110 2.7999999999999998 0.7000000000000001 0.5000000000000000
111 4.5999999999999996 0.7000000000000001 0.5000000000000000
112 6.4000000000000004 0.7000000000000001 0.5000000000000000
113 8.1999999999999993 0.7000000000000001 0.5000000000000000
114 10.0000000000000000 0.7000000000000001 0.5000000000000000
115 1.0000000000000000 0.9000000000000000 0.5000000000000000
116 2.7999999999999998 0.9000000000000000 0.5000000000000000
117 4.5999999999999996 0.9000000000000000 0.5000000000000000
118 6.4000000000000004 0.9000000000000000 0.5000000000000000
119 8.1999999999999993 0.9000000000000000 0.5000000000000000
120 10.0000000000000000 0.9000000000000000 0.5000000000000000
