# curve 5 (die wall), step =        1, time =   8.00000000E-01
# N1 = tau_xx - tau_yy = G ( c_xx - c_yy ),  G =  4.0000E-01  (polymer part only)
#              x               y        pressure            c_xy        gammadot            c_xx            c_yy              N1
 -3.00000000E+00  1.00000000E+00  2.36785564E+00  0.00000000E+00  3.99989988E-01  1.00000000E+00  1.00000000E+00  0.00000000E+00
 -2.95108291E+00  1.00000000E+00  2.33174366E+00  0.00000000E+00  3.99994125E-01  1.00000000E+00  1.00000000E+00  0.00000000E+00
 -2.90216582E+00  1.00000000E+00  2.29563168E+00  0.00000000E+00  3.99998034E-01  1.00000000E+00  1.00000000E+00  0.00000000E+00
 -2.85324873E+00  1.00000000E+00  2.25950603E+00  0.00000000E+00  3.99999684E-01  1.00000000E+00  1.00000000E+00  0.00000000E+00
 -2.80433164E+00  1.00000000E+00  2.22338038E+00  0.00000000E+00  4.00000125E-01  1.00000000E+00  1.00000000E+00  0.00000000E+00
 -2.75541455E+00  1.00000000E+00  2.18725719E+00  0.00000000E+00  4.00000141E-01  1.00000000E+00  1.00000000E+00  0.00000000E+00
 -2.70649746E+00  1.00000000E+00  2.15113400E+00  0.00000000E+00  4.00000079E-01  1.00000000E+00  1.00000000E+00  0.00000000E+00
 -2.65758037E+00  1.00000000E+00  2.11501035E+00  0.00000000E+00  3.99999910E-01  1.00000000E+00  1.00000000E+00  0.00000000E+00
 -2.60866328E+00  1.00000000E+00  2.07888670E+00  0.00000000E+00  3.99999691E-01  1.00000000E+00  1.00000000E+00  0.00000000E+00
 -2.55974619E+00  1.00000000E+00  2.04276319E+00  0.00000000E+00  3.99999420E-01  1.00000000E+00  1.00000000E+00  0.00000000E+00
 -2.51082911E+00  1.00000000E+00  2.00663968E+00  0.00000000E+00  3.99999121E-01  1.00000000E+00  1.00000000E+00  0.00000000E+00
 -2.46191202E+00  1.00000000E+00  1.97051615E+00  0.00000000E+00  3.99998726E-01  1.00000000E+00  1.00000000E+00  0.00000000E+00
 -2.41299493E+00  1.00000000E+00  1.93439262E+00  0.00000000E+00  3.99998291E-01  1.00000000E+00  1.00000000E+00  0.00000000E+00
 -2.36407784E+00  1.00000000E+00  1.89826919E+00  0.00000000E+00  3.99997661E-01  1.00000000E+00  1.00000000E+00  0.00000000E+00
 -2.31516075E+00  1.00000000E+00  1.86214575E+00  0.00000000E+00  3.99996953E-01  1.00000000E+00  1.00000000E+00  0.00000000E+00
 -2.26624366E+00  1.00000000E+00  1.82602244E+00  0.00000000E+00  3.99995945E-01  1.00000000E+00  1.00000000E+00  0.00000000E+00
 -2.21732657E+00  1.00000000E+00  1.78989912E+00  0.00000000E+00  3.99994790E-01  1.00000000E+00  1.00000000E+00  0.00000000E+00
 -2.16840948E+00  1.00000000E+00  1.75377594E+00  0.00000000E+00  3.99993254E-01  1.00000000E+00  1.00000000E+00  0.00000000E+00
 -2.11949239E+00  1.00000000E+00  1.71765277E+00  0.00000000E+00  3.99991548E-01  1.00000000E+00  1.00000000E+00  0.00000000E+00
 -2.07057530E+00  1.00000000E+00  1.68153037E+00  0.00000000E+00  3.99989122E-01  1.00000000E+00  1.00000000E+00  0.00000000E+00
 -2.02165821E+00  1.00000000E+00  1.64540797E+00  0.00000000E+00  3.99986330E-01  1.00000000E+00  1.00000000E+00  0.00000000E+00
 -1.97274112E+00  1.00000000E+00  1.60928616E+00  0.00000000E+00  3.99982987E-01  1.00000000E+00  1.00000000E+00  0.00000000E+00
 -1.92382403E+00  1.00000000E+00  1.57316435E+00  0.00000000E+00  3.99979041E-01  1.00000000E+00  1.00000000E+00  0.00000000E+00
 -1.87490694E+00  1.00000000E+00  1.53704423E+00  0.00000000E+00  3.99973942E-01  1.00000000E+00  1.00000000E+00  0.00000000E+00
 -1.82598985E+00  1.00000000E+00  1.50092410E+00  0.00000000E+00  3.99968235E-01  1.00000000E+00  1.00000000E+00  0.00000000E+00
 -1.77707276E+00  1.00000000E+00  1.46480728E+00  0.00000000E+00  3.99961076E-01  1.00000000E+00  1.00000000E+00  0.00000000E+00
 -1.72815567E+00  1.00000000E+00  1.42869045E+00  0.00000000E+00  3.99952196E-01  1.00000000E+00  1.00000000E+00  0.00000000E+00
 -1.67923858E+00  1.00000000E+00  1.39257819E+00  0.00000000E+00  3.99941108E-01  1.00000000E+00  1.00000000E+00  0.00000000E+00
 -1.63032150E+00  1.00000000E+00  1.35646592E+00  0.00000000E+00  3.99929268E-01  1.00000000E+00  1.00000000E+00  0.00000000E+00
 -1.58140441E+00  1.00000000E+00  1.32036030E+00  0.00000000E+00  3.99914917E-01  1.00000000E+00  1.00000000E+00  0.00000000E+00
 -1.53248732E+00  1.00000000E+00  1.28425468E+00  0.00000000E+00  3.99900435E-01  1.00000000E+00  1.00000000E+00  0.00000000E+00
 -1.48357023E+00  1.00000000E+00  1.24816369E+00  0.00000000E+00  3.99883588E-01  1.00000000E+00  1.00000000E+00  0.00000000E+00
 -1.43465314E+00  1.00000000E+00  1.21207271E+00  0.00000000E+00  3.99863258E-01  1.00000000E+00  1.00000000E+00  0.00000000E+00
 -1.38573605E+00  1.00000000E+00  1.17600002E+00  0.00000000E+00  3.99839123E-01  1.00000000E+00  1.00000000E+00  0.00000000E+00
 -1.33681896E+00  1.00000000E+00  1.13992733E+00  0.00000000E+00  3.99816396E-01  1.00000000E+00  1.00000000E+00  0.00000000E+00
 -1.28790187E+00  1.00000000E+00  1.10388415E+00  0.00000000E+00  3.99793099E-01  1.00000000E+00  1.00000000E+00  0.00000000E+00
 -1.23898478E+00  1.00000000E+00  1.06784098E+00  0.00000000E+00  3.99770380E-01  1.00000000E+00  1.00000000E+00  0.00000000E+00
 -1.19006769E+00  1.00000000E+00  1.03184372E+00  0.00000000E+00  3.99751655E-01  1.00000000E+00  1.00000000E+00  0.00000000E+00
 -1.14115060E+00  1.00000000E+00  9.95846458E-01  0.00000000E+00  3.99731557E-01  1.00000000E+00  1.00000000E+00  0.00000000E+00
 -1.09223351E+00  1.00000000E+00  9.59924272E-01  0.00000000E+00  3.99731199E-01  1.00000000E+00  1.00000000E+00  0.00000000E+00
 -1.04331642E+00  1.00000000E+00  9.24002086E-01  0.00000000E+00  3.99736648E-01  1.00000000E+00  1.00000000E+00  0.00000000E+00
 -9.94399333E-01  1.00000000E+00  8.88164031E-01  0.00000000E+00  3.99769517E-01  1.00000000E+00  1.00000000E+00  0.00000000E+00
 -9.45482243E-01  1.00000000E+00  8.52325977E-01  0.00000000E+00  3.99817171E-01  1.00000000E+00  1.00000000E+00  0.00000000E+00
 -8.96565154E-01  1.00000000E+00  8.16644882E-01  0.00000000E+00  3.99945055E-01  1.00000000E+00  1.00000000E+00  0.00000000E+00
 -8.47648064E-01  1.00000000E+00  7.80963788E-01  0.00000000E+00  4.00104298E-01  1.00000000E+00  1.00000000E+00  0.00000000E+00
 -7.99501858E-01  1.00000000E+00  7.46067052E-01  0.00000000E+00  4.00373568E-01  1.00000000E+00  1.00000000E+00  0.00000000E+00
 -7.51355652E-01  1.00000000E+00  7.11170317E-01  0.00000000E+00  4.00717462E-01  1.00000000E+00  1.00000000E+00  0.00000000E+00
 -7.08111109E-01  1.00000000E+00  6.80050034E-01  0.00000000E+00  4.01183407E-01  1.00000000E+00  1.00000000E+00  0.00000000E+00
 -6.64866566E-01  1.00000000E+00  6.48929750E-01  0.00000000E+00  4.01807636E-01  1.00000000E+00  1.00000000E+00  0.00000000E+00
 -6.26599939E-01  1.00000000E+00  6.21637696E-01  0.00000000E+00  4.02642106E-01  1.00000000E+00  1.00000000E+00  0.00000000E+00
 -5.88333313E-01  1.00000000E+00  5.94345641E-01  0.00000000E+00  4.03587521E-01  1.00000000E+00  1.00000000E+00  0.00000000E+00
 -5.54471587E-01  1.00000000E+00  5.70549111E-01  0.00000000E+00  4.04795165E-01  1.00000000E+00  1.00000000E+00  0.00000000E+00
 -5.20609860E-01  1.00000000E+00  5.46752582E-01  0.00000000E+00  4.06146246E-01  1.00000000E+00  1.00000000E+00  0.00000000E+00
 -4.90645977E-01  1.00000000E+00  5.25773794E-01  0.00000000E+00  4.07787652E-01  1.00000000E+00  1.00000000E+00  0.00000000E+00
 -4.60682095E-01  1.00000000E+00  5.04795006E-01  0.00000000E+00  4.09568415E-01  1.00000000E+00  1.00000000E+00  0.00000000E+00
 -4.34167380E-01  1.00000000E+00  4.86828955E-01  0.00000000E+00  4.11774129E-01  1.00000000E+00  1.00000000E+00  0.00000000E+00
 -4.07652666E-01  1.00000000E+00  4.68862903E-01  0.00000000E+00  4.14198299E-01  1.00000000E+00  1.00000000E+00  0.00000000E+00
 -3.84190072E-01  1.00000000E+00  4.52906369E-01  0.00000000E+00  4.16809644E-01  1.00000000E+00  1.00000000E+00  0.00000000E+00
 -3.60727478E-01  1.00000000E+00  4.36949835E-01  0.00000000E+00  4.19641364E-01  1.00000000E+00  1.00000000E+00  0.00000000E+00
 -3.39965684E-01  1.00000000E+00  4.23263859E-01  0.00000000E+00  4.23036547E-01  1.00000000E+00  1.00000000E+00  0.00000000E+00
 -3.19203889E-01  1.00000000E+00  4.09577882E-01  0.00000000E+00  4.26631551E-01  1.00000000E+00  1.00000000E+00  0.00000000E+00
 -3.00831998E-01  1.00000000E+00  3.97700584E-01  0.00000000E+00  4.30605256E-01  1.00000000E+00  1.00000000E+00  0.00000000E+00
 -2.82460107E-01  1.00000000E+00  3.85823286E-01  0.00000000E+00  4.34888307E-01  1.00000000E+00  1.00000000E+00  0.00000000E+00
 -2.66203017E-01  1.00000000E+00  3.75709941E-01  0.00000000E+00  4.39622120E-01  1.00000000E+00  1.00000000E+00  0.00000000E+00
 -2.49945927E-01  1.00000000E+00  3.65596596E-01  0.00000000E+00  4.44633632E-01  1.00000000E+00  1.00000000E+00  0.00000000E+00
 -2.35560203E-01  1.00000000E+00  3.56758980E-01  0.00000000E+00  4.49987159E-01  1.00000000E+00  1.00000000E+00  0.00000000E+00
 -2.21174479E-01  1.00000000E+00  3.47921364E-01  0.00000000E+00  4.55737692E-01  1.00000000E+00  1.00000000E+00  0.00000000E+00
 -2.08421419E-01  1.00000000E+00  3.40414034E-01  0.00000000E+00  4.62057356E-01  1.00000000E+00  1.00000000E+00  0.00000000E+00
 -1.95668358E-01  1.00000000E+00  3.32906704E-01  0.00000000E+00  4.68788558E-01  1.00000000E+00  1.00000000E+00  0.00000000E+00
 -1.83439085E-01  1.00000000E+00  3.26468917E-01  0.00000000E+00  4.76494805E-01  1.00000000E+00  1.00000000E+00  0.00000000E+00
 -1.71209813E-01  1.00000000E+00  3.20031131E-01  0.00000000E+00  4.84624058E-01  1.00000000E+00  1.00000000E+00  0.00000000E+00
 -1.58980541E-01  1.00000000E+00  3.13620272E-01  0.00000000E+00  4.94581221E-01  1.00000000E+00  1.00000000E+00  0.00000000E+00
 -1.46751268E-01  1.00000000E+00  3.07209414E-01  0.00000000E+00  5.05193780E-01  1.00000000E+00  1.00000000E+00  0.00000000E+00
 -1.34521996E-01  1.00000000E+00  3.01870646E-01  0.00000000E+00  5.18773405E-01  1.00000000E+00  1.00000000E+00  0.00000000E+00
 -1.22292724E-01  1.00000000E+00  2.96531878E-01  0.00000000E+00  5.32988194E-01  1.00000000E+00  1.00000000E+00  0.00000000E+00
 -1.10063451E-01  1.00000000E+00  2.91188650E-01  0.00000000E+00  5.53281250E-01  1.00000000E+00  1.00000000E+00  0.00000000E+00
 -9.78341789E-02  1.00000000E+00  2.85845421E-01  0.00000000E+00  5.74068447E-01  1.00000000E+00  1.00000000E+00  0.00000000E+00
 -8.56049065E-02  1.00000000E+00  2.90819400E-01  0.00000000E+00  6.02339443E-01  1.00000000E+00  1.00000000E+00  0.00000000E+00
 -7.33756342E-02  1.00000000E+00  2.95793378E-01  0.00000000E+00  6.35521694E-01  1.00000000E+00  1.00000000E+00  0.00000000E+00
 -6.11463618E-02  1.00000000E+00  2.54152783E-01  0.00000000E+00  6.95568117E-01  1.00000000E+00  1.00000000E+00  0.00000000E+00
 -4.89170895E-02  1.00000000E+00  2.12512188E-01  0.00000000E+00  7.45514963E-01  1.00000000E+00  1.00000000E+00  0.00000000E+00
 -3.66878171E-02  1.00000000E+00  4.17783610E-01  0.00000000E+00  8.44602413E-01  1.00000000E+00  1.00000000E+00  0.00000000E+00
 -2.44585447E-02  1.00000000E+00  6.23055032E-01  0.00000000E+00  1.03897423E+00  1.00000000E+00  1.00000000E+00  0.00000000E+00
 -1.22292724E-02  1.00000000E+00 -2.03693609E-01  0.00000000E+00  1.51031123E+00  1.00000000E+00  1.00000000E+00  0.00000000E+00
  0.00000000E+00  1.00000000E+00 -1.03044225E+00  0.00000000E+00  2.25708343E+00  1.00000000E+00  1.00000000E+00  0.00000000E+00
