# curve 5 (die wall), step =      662, time =   1.32400000E+02
# N1 = tau_xx - tau_yy = G ( c_xx - c_yy ),  G =  2.0000E-01  (polymer part only)
#              x               y        pressure            c_xy        gammadot            c_xx            c_yy              N1
 -1.00000000E+01  1.00000000E+00  8.08717798E+00 -3.62433915E-01  4.02387267E-01  1.26251465E+00  1.00005128E+00  5.24926745E-02
 -9.95040609E+00  1.00000000E+00  8.04806828E+00 -3.62383861E-01  4.02399154E-01  1.26252459E+00  1.00002989E+00  5.24989407E-02
 -9.90081218E+00  1.00000000E+00  8.00895857E+00 -3.62333807E-01  4.02408669E-01  1.26253453E+00  1.00000850E+00  5.25052071E-02
 -9.85121827E+00  1.00000000E+00  7.96984423E+00 -3.62360309E-01  4.02410225E-01  1.26253374E+00  1.00002052E+00  5.25026450E-02
 -9.80162437E+00  1.00000000E+00  7.93072989E+00 -3.62386812E-01  4.02407338E-01  1.26253295E+00  1.00003254E+00  5.25000829E-02
 -9.75203046E+00  1.00000000E+00  7.89160749E+00 -3.62411531E-01  4.02401565E-01  1.26252242E+00  1.00004185E+00  5.24961153E-02
 -9.70243655E+00  1.00000000E+00  7.85248509E+00 -3.62436250E-01  4.02399638E-01  1.26251189E+00  1.00005115E+00  5.24921477E-02
 -9.65284264E+00  1.00000000E+00  7.81336725E+00 -3.62432663E-01  4.02400705E-01  1.26251612E+00  1.00005106E+00  5.24930116E-02
 -9.60324873E+00  1.00000000E+00  7.77424940E+00 -3.62429076E-01  4.02397255E-01  1.26252035E+00  1.00005098E+00  5.24938754E-02
 -9.55365482E+00  1.00000000E+00  7.73513192E+00 -3.62454882E-01  4.02396263E-01  1.26252533E+00  1.00006121E+00  5.24928245E-02
 -9.50406091E+00  1.00000000E+00  7.69601443E+00 -3.62480688E-01  4.02392238E-01  1.26253031E+00  1.00007144E+00  5.24917737E-02
 -9.45446701E+00  1.00000000E+00  7.65689108E+00 -3.62431905E-01  4.02392047E-01  1.26252600E+00  1.00005312E+00  5.24945772E-02
 -9.40487310E+00  1.00000000E+00  7.61776773E+00 -3.62383123E-01  4.02394154E-01  1.26252170E+00  1.00003480E+00  5.24973807E-02
 -9.35527919E+00  1.00000000E+00  7.57865249E+00 -3.62475203E-01  4.02391437E-01  1.26251773E+00  1.00007010E+00  5.24895268E-02
 -9.30568528E+00  1.00000000E+00  7.53953725E+00 -3.62567283E-01  4.02383807E-01  1.26251377E+00  1.00010541E+00  5.24816731E-02
 -9.25609137E+00  1.00000000E+00  7.50041374E+00 -3.62490829E-01  4.02391306E-01  1.26252593E+00  1.00007343E+00  5.24905001E-02
 -9.20649746E+00  1.00000000E+00  7.46129023E+00 -3.62414374E-01  4.02397791E-01  1.26253809E+00  1.00004145E+00  5.24993273E-02
 -9.15690355E+00  1.00000000E+00  7.42217102E+00 -3.62440468E-01  4.02395073E-01  1.26252349E+00  1.00005294E+00  5.24941101E-02
 -9.10730965E+00  1.00000000E+00  7.38305182E+00 -3.62466561E-01  4.02394666E-01  1.26250889E+00  1.00006442E+00  5.24888930E-02
 -9.05771574E+00  1.00000000E+00  7.34393711E+00 -3.62453373E-01  4.02398237E-01  1.26252007E+00  1.00005868E+00  5.24922781E-02
 -9.00812183E+00  1.00000000E+00  7.30482241E+00 -3.62440185E-01  4.02398376E-01  1.26253126E+00  1.00005295E+00  5.24956632E-02
 -8.95852792E+00  1.00000000E+00  7.26569865E+00 -3.62461770E-01  4.02393908E-01  1.26251849E+00  1.00006129E+00  5.24914411E-02
 -8.90893401E+00  1.00000000E+00  7.22657489E+00 -3.62483355E-01  4.02392908E-01  1.26250573E+00  1.00006963E+00  5.24872190E-02
 -8.85934010E+00  1.00000000E+00  7.18745779E+00 -3.62449538E-01  4.02399035E-01  1.26252201E+00  1.00005659E+00  5.24930846E-02
 -8.80974619E+00  1.00000000E+00  7.14834069E+00 -3.62415720E-01  4.02399951E-01  1.26253830E+00  1.00004355E+00  5.24989503E-02
 -8.76015229E+00  1.00000000E+00  7.10921733E+00 -3.62440933E-01  4.02394919E-01  1.26252454E+00  1.00005170E+00  5.24945668E-02
 -8.71055838E+00  1.00000000E+00  7.07009398E+00 -3.62466145E-01  4.02395586E-01  1.26251077E+00  1.00005986E+00  5.24901835E-02
 -8.66096447E+00  1.00000000E+00  7.03097674E+00 -3.62415728E-01  4.02402517E-01  1.26252079E+00  1.00004131E+00  5.24958977E-02
 -8.61137056E+00  1.00000000E+00  6.99185951E+00 -3.62365311E-01  4.02405955E-01  1.26253082E+00  1.00002276E+00  5.25016120E-02
 -8.56177665E+00  1.00000000E+00  6.95274460E+00 -3.62391064E-01  4.02403484E-01  1.26252584E+00  1.00003372E+00  5.24984248E-02
 -8.51218274E+00  1.00000000E+00  6.91362970E+00 -3.62416817E-01  4.02401642E-01  1.26252087E+00  1.00004468E+00  5.24952376E-02
 -8.46258884E+00  1.00000000E+00  6.87450692E+00 -3.62466793E-01  4.02397940E-01  1.26252166E+00  1.00006385E+00  5.24915625E-02
 -8.41299493E+00  1.00000000E+00  6.83538413E+00 -3.62516769E-01  4.02388616E-01  1.26252245E+00  1.00008301E+00  5.24878876E-02
 -8.36340102E+00  1.00000000E+00  6.79625976E+00 -3.62429657E-01  4.02397104E-01  1.26252843E+00  1.00004834E+00  5.24960183E-02
 -8.31380711E+00  1.00000000E+00  6.75713540E+00 -3.62342546E-01  4.02402989E-01  1.26253443E+00  1.00001368E+00  5.25041491E-02
 -8.26421320E+00  1.00000000E+00  6.71802698E+00 -3.62387046E-01  4.02401597E-01  1.26252484E+00  1.00003242E+00  5.24984838E-02
 -8.21461929E+00  1.00000000E+00  6.67891856E+00 -3.62431545E-01  4.02399456E-01  1.26251525E+00  1.00005116E+00  5.24928186E-02
 -8.16502538E+00  1.00000000E+00  6.63979441E+00 -3.62475784E-01  4.02397079E-01  1.26251713E+00  1.00006835E+00  5.24897566E-02
 -8.11543148E+00  1.00000000E+00  6.60067027E+00 -3.62520023E-01  4.02388699E-01  1.26251901E+00  1.00008554E+00  5.24866947E-02
 -8.06583757E+00  1.00000000E+00  6.56154512E+00 -3.62440303E-01  4.02397573E-01  1.26252661E+00  1.00005269E+00  5.24947842E-02
 -8.01624366E+00  1.00000000E+00  6.52241997E+00 -3.62360583E-01  4.02404418E-01  1.26253421E+00  1.00001984E+00  5.25028738E-02
 -7.96664975E+00  1.00000000E+00  6.48330981E+00 -3.62387829E-01  4.02402737E-01  1.26252820E+00  1.00003140E+00  5.24993614E-02
 -7.91705584E+00  1.00000000E+00  6.44419965E+00 -3.62415075E-01  4.02401857E-01  1.26252220E+00  1.00004295E+00  5.24958491E-02
 -7.86746193E+00  1.00000000E+00  6.40507742E+00 -3.62451984E-01  4.02399554E-01  1.26252109E+00  1.00005801E+00  5.24926161E-02
 -7.81786802E+00  1.00000000E+00  6.36595519E+00 -3.62488894E-01  4.02394258E-01  1.26251999E+00  1.00007307E+00  5.24893832E-02
 -7.76827412E+00  1.00000000E+00  6.32682917E+00 -3.62423485E-01  4.02398888E-01  1.26252673E+00  1.00004694E+00  5.24959582E-02
 -7.71868021E+00  1.00000000E+00  6.28770315E+00 -3.62358076E-01  4.02402536E-01  1.26253347E+00  1.00002081E+00  5.25025334E-02
 -7.66908630E+00  1.00000000E+00  6.24859522E+00 -3.62393884E-01  4.02400751E-01  1.26252495E+00  1.00003589E+00  5.24978125E-02
 -7.61949239E+00  1.00000000E+00  6.20948730E+00 -3.62429692E-01  4.02398512E-01  1.26251643E+00  1.00005097E+00  5.24930916E-02
 -7.56989848E+00  1.00000000E+00  6.17036374E+00 -3.62475537E-01  4.02396431E-01  1.26251749E+00  1.00006846E+00  5.24898074E-02
 -7.52030457E+00  1.00000000E+00  6.13124018E+00 -3.62521381E-01  4.02388595E-01  1.26251856E+00  1.00008594E+00  5.24865232E-02
 -7.47071066E+00  1.00000000E+00  6.09211589E+00 -3.62444648E-01  4.02397158E-01  1.26252689E+00  1.00005487E+00  5.24944035E-02
 -7.42111676E+00  1.00000000E+00  6.05299160E+00 -3.62367915E-01  4.02403748E-01  1.26253522E+00  1.00002380E+00  5.25022838E-02
 -7.37152285E+00  1.00000000E+00  6.01388015E+00 -3.62396941E-01  4.02400937E-01  1.26252495E+00  1.00003707E+00  5.24975758E-02
 -7.32192894E+00  1.00000000E+00  5.97476870E+00 -3.62425966E-01  4.02399111E-01  1.26251468E+00  1.00005034E+00  5.24928678E-02
 -7.27233503E+00  1.00000000E+00  5.93564662E+00 -3.62476469E-01  4.02395951E-01  1.26251680E+00  1.00006821E+00  5.24897182E-02
 -7.22274112E+00  1.00000000E+00  5.89652453E+00 -3.62526971E-01  4.02388518E-01  1.26251893E+00  1.00008608E+00  5.24865688E-02
 -7.17314721E+00  1.00000000E+00  5.85739847E+00 -3.62435316E-01  4.02397958E-01  1.26252872E+00  1.00005010E+00  5.24957247E-02
 -7.12355330E+00  1.00000000E+00  5.81827242E+00 -3.62343661E-01  4.02403336E-01  1.26253853E+00  1.00001413E+00  5.25048810E-02
 -7.07395940E+00  1.00000000E+00  5.77916386E+00 -3.62389095E-01  4.02401189E-01  1.26252629E+00  1.00003333E+00  5.24985917E-02
 -7.02436549E+00  1.00000000E+00  5.74005530E+00 -3.62434528E-01  4.02398395E-01  1.26251405E+00  1.00005254E+00  5.24923024E-02
 -6.97477158E+00  1.00000000E+00  5.70093151E+00 -3.62476800E-01  4.02396308E-01  1.26251653E+00  1.00006885E+00  5.24895361E-02
 -6.92517767E+00  1.00000000E+00  5.66180773E+00 -3.62519072E-01  4.02388151E-01  1.26251901E+00  1.00008516E+00  5.24867698E-02
 -6.87558376E+00  1.00000000E+00  5.62268385E+00 -3.62440098E-01  4.02396862E-01  1.26252709E+00  1.00005260E+00  5.24948991E-02
 -6.82598985E+00  1.00000000E+00  5.58355996E+00 -3.62361124E-01  4.02403990E-01  1.26253518E+00  1.00002004E+00  5.25030285E-02
 -6.77639594E+00  1.00000000E+00  5.54444862E+00 -3.62388651E-01  4.02402399E-01  1.26252771E+00  1.00003204E+00  5.24991355E-02
 -6.72680204E+00  1.00000000E+00  5.50533727E+00 -3.62416177E-01  4.02401756E-01  1.26252025E+00  1.00004403E+00  5.24952425E-02
 -6.67720813E+00  1.00000000E+00  5.46621388E+00 -3.62466549E-01  4.02398376E-01  1.26252128E+00  1.00006363E+00  5.24915291E-02
 -6.62761422E+00  1.00000000E+00  5.42709049E+00 -3.62516921E-01  4.02388722E-01  1.26252231E+00  1.00008323E+00  5.24878157E-02
 -6.57802031E+00  1.00000000E+00  5.38796612E+00 -3.62429716E-01  4.02397027E-01  1.26252833E+00  1.00004845E+00  5.24959751E-02
 -6.52842640E+00  1.00000000E+00  5.34884174E+00 -3.62342510E-01  4.02402898E-01  1.26253436E+00  1.00001368E+00  5.25041346E-02
 -6.47883249E+00  1.00000000E+00  5.30973329E+00 -3.62386874E-01  4.02401489E-01  1.26252469E+00  1.00003238E+00  5.24984626E-02
 -6.42923858E+00  1.00000000E+00  5.27062484E+00 -3.62431237E-01  4.02399296E-01  1.26251503E+00  1.00005108E+00  5.24927906E-02
 -6.37964468E+00  1.00000000E+00  5.23150112E+00 -3.62476325E-01  4.02396831E-01  1.26251669E+00  1.00006880E+00  5.24895782E-02
 -6.33005077E+00  1.00000000E+00  5.19237740E+00 -3.62521413E-01  4.02388446E-01  1.26251835E+00  1.00008652E+00  5.24863659E-02
 -6.28045686E+00  1.00000000E+00  5.15325193E+00 -3.62440923E-01  4.02397498E-01  1.26252653E+00  1.00005304E+00  5.24946982E-02
 -6.23086295E+00  1.00000000E+00  5.11412647E+00 -3.62360434E-01  4.02404459E-01  1.26253472E+00  1.00001957E+00  5.25030307E-02
 -6.18126904E+00  1.00000000E+00  5.07501604E+00 -3.62388207E-01  4.02402923E-01  1.26252862E+00  1.00003135E+00  5.24994537E-02
 -6.13167513E+00  1.00000000E+00  5.03590561E+00 -3.62415981E-01  4.02402150E-01  1.26252251E+00  1.00004313E+00  5.24958766E-02
 -6.08208123E+00  1.00000000E+00  4.99678352E+00 -3.62453117E-01  4.02399680E-01  1.26252123E+00  1.00005845E+00  5.24925559E-02
 -6.03248732E+00  1.00000000E+00  4.95766142E+00 -3.62490253E-01  4.02394304E-01  1.26251995E+00  1.00007377E+00  5.24892352E-02
 -5.98289341E+00  1.00000000E+00  4.91853571E+00 -3.62425780E-01  4.02398662E-01  1.26252620E+00  1.00004818E+00  5.24956025E-02
 -5.93329950E+00  1.00000000E+00  4.87941000E+00 -3.62361307E-01  4.02402120E-01  1.26253245E+00  1.00002260E+00  5.25019699E-02
 -5.88370559E+00  1.00000000E+00  4.84030178E+00 -3.62396830E-01  4.02400253E-01  1.26252409E+00  1.00003743E+00  5.24973335E-02
 -5.83411168E+00  1.00000000E+00  4.80119356E+00 -3.62432352E-01  4.02397973E-01  1.26251574E+00  1.00005226E+00  5.24926971E-02
 -5.78451777E+00  1.00000000E+00  4.76206981E+00 -3.62476471E-01  4.02396322E-01  1.26251757E+00  1.00006886E+00  5.24897424E-02
 -5.73492387E+00  1.00000000E+00  4.72294606E+00 -3.62520590E-01  4.02388838E-01  1.26251940E+00  1.00008546E+00  5.24867877E-02
 -5.68532996E+00  1.00000000E+00  4.68382218E+00 -3.62444352E-01  4.02397019E-01  1.26252686E+00  1.00005476E+00  5.24944192E-02
 -5.63573605E+00  1.00000000E+00  4.64469830E+00 -3.62368115E-01  4.02403514E-01  1.26253432E+00  1.00002407E+00  5.25020508E-02
 -5.58614214E+00  1.00000000E+00  4.60558696E+00 -3.62396706E-01  4.02400971E-01  1.26252443E+00  1.00003701E+00  5.24974853E-02
 -5.53654823E+00  1.00000000E+00  4.56647562E+00 -3.62425296E-01  4.02399412E-01  1.26251455E+00  1.00004995E+00  5.24929198E-02
 -5.48695432E+00  1.00000000E+00  4.52735325E+00 -3.62476648E-01  4.02396218E-01  1.26251658E+00  1.00006857E+00  5.24896026E-02
 -5.43736041E+00  1.00000000E+00  4.48823089E+00 -3.62527999E-01  4.02388453E-01  1.26251862E+00  1.00008719E+00  5.24862854E-02
 -5.38776651E+00  1.00000000E+00  4.44910448E+00 -3.62435913E-01  4.02397513E-01  1.26252835E+00  1.00005084E+00  5.24955012E-02
 -5.33817260E+00  1.00000000E+00  4.40997808E+00 -3.62343826E-01  4.02402883E-01  1.26253809E+00  1.00001451E+00  5.25047172E-02
 -5.28857869E+00  1.00000000E+00  4.37086990E+00 -3.62389399E-01  4.02400766E-01  1.26252597E+00  1.00003372E+00  5.24984490E-02
 -5.23898478E+00  1.00000000E+00  4.33176172E+00 -3.62434972E-01  4.02398093E-01  1.26251385E+00  1.00005294E+00  5.24921809E-02
 -5.18939087E+00  1.00000000E+00  4.29263805E+00 -3.62477306E-01  4.02396177E-01  1.26251654E+00  1.00006915E+00  5.24894769E-02
 -5.13979696E+00  1.00000000E+00  4.25351438E+00 -3.62519641E-01  4.02388279E-01  1.26251923E+00  1.00008537E+00  5.24867730E-02
 -5.09020305E+00  1.00000000E+00  4.21439074E+00 -3.62443796E-01  4.02396605E-01  1.26252657E+00  1.00005472E+00  5.24943701E-02
 -5.04060915E+00  1.00000000E+00  4.17526710E+00 -3.62367950E-01  4.02403258E-01  1.26253390E+00  1.00002407E+00  5.25019673E-02
 -4.99101524E+00  1.00000000E+00  4.13615591E+00 -3.62396588E-01  4.02400815E-01  1.26252422E+00  1.00003698E+00  5.24974479E-02
 -4.94142133E+00  1.00000000E+00  4.09704472E+00 -3.62425226E-01  4.02399344E-01  1.26251454E+00  1.00004990E+00  5.24929286E-02
 -4.89182742E+00  1.00000000E+00  4.05792209E+00 -3.62477015E-01  4.02396293E-01  1.26251665E+00  1.00006874E+00  5.24895831E-02
 -4.84223351E+00  1.00000000E+00  4.01879946E+00 -3.62528803E-01  4.02388606E-01  1.26251877E+00  1.00008758E+00  5.24862377E-02
 -4.79263960E+00  1.00000000E+00  3.97967358E+00 -3.62436234E-01  4.02397354E-01  1.26252814E+00  1.00005107E+00  5.24954141E-02
 -4.74304569E+00  1.00000000E+00  3.94054771E+00 -3.62343664E-01  4.02402729E-01  1.26253752E+00  1.00001457E+00  5.25045907E-02
 -4.69345179E+00  1.00000000E+00  3.90143841E+00 -3.62389167E-01  4.02400452E-01  1.26252501E+00  1.00003385E+00  5.24982311E-02
 -4.64385788E+00  1.00000000E+00  3.86232912E+00 -3.62434669E-01  4.02397136E-01  1.26251250E+00  1.00005314E+00  5.24918717E-02
 -4.59426397E+00  1.00000000E+00  3.82321108E+00 -3.62483240E-01  4.02394415E-01  1.26251380E+00  1.00007361E+00  5.24880367E-02
 -4.54467006E+00  1.00000000E+00  3.78409304E+00 -3.62531812E-01  4.02384847E-01  1.26251510E+00  1.00009409E+00  5.24842018E-02
 -4.49507615E+00  1.00000000E+00  3.74496759E+00 -3.62546736E-01  4.02384049E-01  1.26251797E+00  1.00009849E+00  5.24838960E-02
 -4.44548224E+00  1.00000000E+00  3.70584215E+00 -3.62561659E-01  4.02380209E-01  1.26252084E+00  1.00010288E+00  5.24835903E-02
 -4.39588833E+00  1.00000000E+00  3.66672048E+00 -3.62449543E-01  4.02390739E-01  1.26252859E+00  1.00005751E+00  5.24942160E-02
 -4.34629443E+00  1.00000000E+00  3.62759881E+00 -3.62337428E-01  4.02400470E-01  1.26253635E+00  1.00001214E+00  5.25048420E-02
 -4.29670052E+00  1.00000000E+00  3.58848654E+00 -3.62420603E-01  4.02398113E-01  1.26253264E+00  1.00004562E+00  5.24974034E-02
 -4.24710661E+00  1.00000000E+00  3.54937427E+00 -3.62503779E-01  4.02391346E-01  1.26252893E+00  1.00007911E+00  5.24899650E-02
 -4.19751270E+00  1.00000000E+00  3.51024477E+00 -3.62424996E-01  4.02398184E-01  1.26253084E+00  1.00004697E+00  5.24967725E-02
 -4.14791879E+00  1.00000000E+00  3.47111527E+00 -3.62346213E-01  4.02404631E-01  1.26253274E+00  1.00001484E+00  5.25035801E-02
 -4.09832488E+00  1.00000000E+00  3.43200190E+00 -3.62349628E-01  4.02408107E-01  1.26253130E+00  1.00001656E+00  5.25029482E-02
 -4.04873097E+00  1.00000000E+00  3.39288854E+00 -3.62353043E-01  4.02409242E-01  1.26252985E+00  1.00001827E+00  5.25023164E-02
 -3.99913707E+00  1.00000000E+00  3.35377489E+00 -3.62380221E-01  4.02405660E-01  1.26252428E+00  1.00003146E+00  5.24985643E-02
 -3.94954316E+00  1.00000000E+00  3.31466125E+00 -3.62407400E-01  4.02400421E-01  1.26251870E+00  1.00004464E+00  5.24948122E-02
 -3.89994925E+00  1.00000000E+00  3.27554026E+00 -3.62495794E-01  4.02393604E-01  1.26251861E+00  1.00007829E+00  5.24880645E-02
 -3.85035534E+00  1.00000000E+00  3.23641926E+00 -3.62584188E-01  4.02381159E-01  1.26251853E+00  1.00011195E+00  5.24813170E-02
 -3.80076143E+00  1.00000000E+00  3.19729048E+00 -3.62483516E-01  4.02391124E-01  1.26252918E+00  1.00007042E+00  5.24917526E-02
 -3.75116752E+00  1.00000000E+00  3.15816169E+00 -3.62382844E-01  4.02398148E-01  1.26253984E+00  1.00002890E+00  5.25021885E-02
 -3.70157361E+00  1.00000000E+00  3.11905295E+00 -3.62448035E-01  4.02394592E-01  1.26253229E+00  1.00005497E+00  5.24954643E-02
 -3.65197971E+00  1.00000000E+00  3.07994421E+00 -3.62513227E-01  4.02391442E-01  1.26252475E+00  1.00008105E+00  5.24887402E-02
 -3.60238580E+00  1.00000000E+00  3.04081632E+00 -3.62518484E-01  4.02386675E-01  1.26251389E+00  1.00008305E+00  5.24861699E-02
 -3.55279189E+00  1.00000000E+00  3.00168843E+00 -3.62523741E-01  4.02385723E-01  1.26250304E+00  1.00008504E+00  5.24835996E-02
 -3.50319798E+00  1.00000000E+00  2.96257449E+00 -3.62466079E-01  4.02391930E-01  1.26251643E+00  1.00006241E+00  5.24908051E-02
 -3.45360407E+00  1.00000000E+00  2.92346054E+00 -3.62408418E-01  4.02396740E-01  1.26252983E+00  1.00003978E+00  5.24980107E-02
 -3.40401016E+00  1.00000000E+00  2.88434274E+00 -3.62480027E-01  4.02393510E-01  1.26252346E+00  1.00006905E+00  5.24908804E-02
 -3.35441626E+00  1.00000000E+00  2.84522494E+00 -3.62551637E-01  4.02384582E-01  1.26251708E+00  1.00009833E+00  5.24837503E-02
 -3.30482235E+00  1.00000000E+00  2.80609935E+00 -3.62458816E-01  4.02393844E-01  1.26252766E+00  1.00006020E+00  5.24934911E-02
 -3.25522844E+00  1.00000000E+00  2.76697375E+00 -3.62365996E-01  4.02401723E-01  1.26253824E+00  1.00002208E+00  5.25032322E-02
 -3.20563453E+00  1.00000000E+00  2.72785554E+00 -3.62394872E-01  4.02399697E-01  1.26252687E+00  1.00003297E+00  5.24987797E-02
 -3.15604062E+00  1.00000000E+00  2.68873732E+00 -3.62423748E-01  4.02400405E-01  1.26251551E+00  1.00004387E+00  5.24943272E-02
 -3.10644671E+00  1.00000000E+00  2.64962142E+00 -3.62390256E-01  4.02405403E-01  1.26252319E+00  1.00003223E+00  5.24981931E-02
 -3.05685280E+00  1.00000000E+00  2.61050553E+00 -3.62356764E-01  4.02405700E-01  1.26253088E+00  1.00002059E+00  5.25020590E-02
 -3.00725890E+00  1.00000000E+00  2.57138739E+00 -3.62429600E-01  4.02400773E-01  1.26252798E+00  1.00005079E+00  5.24954375E-02
 -2.95766499E+00  1.00000000E+00  2.53226925E+00 -3.62502437E-01  4.02388984E-01  1.26252508E+00  1.00008100E+00  5.24888161E-02
 -2.90807108E+00  1.00000000E+00  2.49314764E+00 -3.62424507E-01  4.02395615E-01  1.26253064E+00  1.00004927E+00  5.24962728E-02
 -2.85847717E+00  1.00000000E+00  2.45402603E+00 -3.62346577E-01  4.02401954E-01  1.26253620E+00  1.00001755E+00  5.25037296E-02
 -2.80888326E+00  1.00000000E+00  2.41491448E+00 -3.62472206E-01  4.02393506E-01  1.26252796E+00  1.00006898E+00  5.24917955E-02
 -2.75928935E+00  1.00000000E+00  2.37580294E+00 -3.62597836E-01  4.02378900E-01  1.26251973E+00  1.00012042E+00  5.24798618E-02
 -2.70969544E+00  1.00000000E+00  2.33667254E+00 -3.62542397E-01  4.02383107E-01  1.26252405E+00  1.00009507E+00  5.24857957E-02
 -2.66010154E+00  1.00000000E+00  2.29754215E+00 -3.62486958E-01  4.02385916E-01  1.26252837E+00  1.00006973E+00  5.24917298E-02
 -2.61050763E+00  1.00000000E+00  2.25842426E+00 -3.62436711E-01  4.02393478E-01  1.26252770E+00  1.00005110E+00  5.24953200E-02
 -2.56091372E+00  1.00000000E+00  2.21930636E+00 -3.62386464E-01  4.02399706E-01  1.26252702E+00  1.00003247E+00  5.24989102E-02
 -2.51131981E+00  1.00000000E+00  2.18019118E+00 -3.62399048E-01  4.02398121E-01  1.26252070E+00  1.00003798E+00  5.24965447E-02
 -2.46172590E+00  1.00000000E+00  2.14107599E+00 -3.62411631E-01  4.02396621E-01  1.26251438E+00  1.00004349E+00  5.24941793E-02
 -2.41213199E+00  1.00000000E+00  2.10195634E+00 -3.62472634E-01  4.02395005E-01  1.26251599E+00  1.00006789E+00  5.24896187E-02
 -2.36253808E+00  1.00000000E+00  2.06283670E+00 -3.62533637E-01  4.02386048E-01  1.26251759E+00  1.00009230E+00  5.24850582E-02
 -2.31294418E+00  1.00000000E+00  2.02371154E+00 -3.62449851E-01  4.02392020E-01  1.26252281E+00  1.00005787E+00  5.24929881E-02
 -2.26335027E+00  1.00000000E+00  1.98458638E+00 -3.62366064E-01  4.02398582E-01  1.26252804E+00  1.00002345E+00  5.25009181E-02
 -2.21375636E+00  1.00000000E+00  1.94547067E+00 -3.62385316E-01  4.02396869E-01  1.26252095E+00  1.00003244E+00  5.24977021E-02
 -2.16416245E+00  1.00000000E+00  1.90635496E+00 -3.62404568E-01  4.02395384E-01  1.26251385E+00  1.00004142E+00  5.24944861E-02
 -2.11456854E+00  1.00000000E+00  1.86723852E+00 -3.62414746E-01  4.02393613E-01  1.26251583E+00  1.00004598E+00  5.24939702E-02
 -2.06497463E+00  1.00000000E+00  1.82812208E+00 -3.62424924E-01  4.02387790E-01  1.26251781E+00  1.00005054E+00  5.24934543E-02
 -2.01538072E+00  1.00000000E+00  1.78900100E+00 -3.62439676E-01  4.02380034E-01  1.26250526E+00  1.00005687E+00  5.24896782E-02
 -1.96578682E+00  1.00000000E+00  1.74987992E+00 -3.62454428E-01  4.02376118E-01  1.26249270E+00  1.00006319E+00  5.24859021E-02
 -1.91619291E+00  1.00000000E+00  1.71076629E+00 -3.62429346E-01  4.02376053E-01  1.26249744E+00  1.00005616E+00  5.24882546E-02
 -1.86659900E+00  1.00000000E+00  1.67165267E+00 -3.62404264E-01  4.02370148E-01  1.26250217E+00  1.00004914E+00  5.24906071E-02
 -1.81700509E+00  1.00000000E+00  1.63253289E+00 -3.62426655E-01  4.02358397E-01  1.26248137E+00  1.00005879E+00  5.24845158E-02
 -1.76741118E+00  1.00000000E+00  1.59341311E+00 -3.62449047E-01  4.02350685E-01  1.26246058E+00  1.00006845E+00  5.24784247E-02
 -1.71781727E+00  1.00000000E+00  1.55430749E+00 -3.62406900E-01  4.02346051E-01  1.26246247E+00  1.00005526E+00  5.24814418E-02
 -1.66822336E+00  1.00000000E+00  1.51520186E+00 -3.62364754E-01  4.02335738E-01  1.26246436E+00  1.00004207E+00  5.24844590E-02
 -1.61862946E+00  1.00000000E+00  1.47609737E+00 -3.62382933E-01  4.02318590E-01  1.26243696E+00  1.00005377E+00  5.24766381E-02
 -1.56903555E+00  1.00000000E+00  1.43699287E+00 -3.62401111E-01  4.02302169E-01  1.26240956E+00  1.00006547E+00  5.24688174E-02
 -1.51944164E+00  1.00000000E+00  1.39790806E+00 -3.62400562E-01  4.02284753E-01  1.26239234E+00  1.00007466E+00  5.24635353E-02
 -1.46984773E+00  1.00000000E+00  1.35882325E+00 -3.62400012E-01  4.02257381E-01  1.26237512E+00  1.00008385E+00  5.24582533E-02
 -1.42025382E+00  1.00000000E+00  1.31973849E+00 -3.62316284E-01  4.02233013E-01  1.26235726E+00  1.00005477E+00  5.24604980E-02
 -1.37065991E+00  1.00000000E+00  1.28065373E+00 -3.62232558E-01  4.02217218E-01  1.26233941E+00  1.00002569E+00  5.24627428E-02
 -1.32106600E+00  1.00000000E+00  1.24162155E+00 -3.62338387E-01  4.02194125E-01  1.26230024E+00  1.00007959E+00  5.24441301E-02
 -1.27147210E+00  1.00000000E+00  1.20258937E+00 -3.62444215E-01  4.02155046E-01  1.26226108E+00  1.00013349E+00  5.24255179E-02
 -1.22187819E+00  1.00000000E+00  1.16358461E+00 -3.62313537E-01  4.02135886E-01  1.26224486E+00  1.00008852E+00  5.24312681E-02
 -1.17228428E+00  1.00000000E+00  1.12457986E+00 -3.62182862E-01  4.02119687E-01  1.26222865E+00  1.00004356E+00  5.24370185E-02
 -1.12269037E+00  1.00000000E+00  1.08565599E+00 -3.62206387E-01  4.02107566E-01  1.26220524E+00  1.00005566E+00  5.24299167E-02
 -1.07309646E+00  1.00000000E+00  1.04673212E+00 -3.62229912E-01  4.02092326E-01  1.26218183E+00  1.00006776E+00  5.24228150E-02
 -1.02350255E+00  1.00000000E+00  1.00791020E+00 -3.62237756E-01  4.02107931E-01  1.26219233E+00  1.00008336E+00  5.24217941E-02
 -9.73908645E-01  1.00000000E+00  9.69088274E-01 -3.62245600E-01  4.02143131E-01  1.26220284E+00  1.00009897E+00  5.24207731E-02
 -9.24314736E-01  1.00000000E+00  9.30417157E-01 -3.62318969E-01  4.02235638E-01  1.26235172E+00  1.00006410E+00  5.24575229E-02
 -8.74720828E-01  1.00000000E+00  8.91746040E-01 -3.62392345E-01  4.02345090E-01  1.26250061E+00  1.00002924E+00  5.24942752E-02
 -8.25312107E-01  1.00000000E+00  8.53423228E-01 -3.62555980E-01  4.02576217E-01  1.26276262E+00  1.00004552E+00  5.25434206E-02
 -7.75903387E-01  1.00000000E+00  8.15100416E-01 -3.62719645E-01  4.02857596E-01  1.26302469E+00  1.00006182E+00  5.25925747E-02
 -7.30665613E-01  1.00000000E+00  7.80331179E-01 -3.63138736E-01  4.03355564E-01  1.26355969E+00  1.00008263E+00  5.26954127E-02
 -6.85427839E-01  1.00000000E+00  7.45561942E-01 -3.63557969E-01  4.03893575E-01  1.26409500E+00  1.00010358E+00  5.27982847E-02
 -6.45465100E-01  1.00000000E+00  7.15196249E-01 -3.64122414E-01  4.04665113E-01  1.26497471E+00  1.00007131E+00  5.29806804E-02
 -6.05502361E-01  1.00000000E+00  6.84830556E-01 -3.64687162E-01  4.05540280E-01  1.26585516E+00  1.00003931E+00  5.31631708E-02
 -5.70199545E-01  1.00000000E+00  6.58303076E-01 -3.65527610E-01  4.06646341E-01  1.26713177E+00  1.00003556E+00  5.34192413E-02
 -5.34896729E-01  1.00000000E+00  6.31775597E-01 -3.66368735E-01  4.07917473E-01  1.26840996E+00  1.00003239E+00  5.36755131E-02
 -5.03710456E-01  1.00000000E+00  6.08588193E-01 -3.67600358E-01  4.09479898E-01  1.27024532E+00  1.00001245E+00  5.40465733E-02
 -4.72524184E-01  1.00000000E+00  5.85400788E-01 -3.68833382E-01  4.11247677E-01  1.27208397E+00  9.99993753E-01  5.44180439E-02
 -4.44974441E-01  1.00000000E+00  5.65490399E-01 -3.70591802E-01  4.13390731E-01  1.27460404E+00  1.00004479E+00  5.49118511E-02
 -4.17424698E-01  1.00000000E+00  5.45580009E-01 -3.72353036E-01  4.15836424E-01  1.27713044E+00  1.00009828E+00  5.54064304E-02
 -3.93087440E-01  1.00000000E+00  5.28328368E-01 -3.74335034E-01  4.18322971E-01  1.27989805E+00  1.00025351E+00  5.59289086E-02
 -3.68750182E-01  1.00000000E+00  5.11076728E-01 -3.76320625E-01  4.21281681E-01  1.28267338E+00  1.00041179E+00  5.64523181E-02
 -3.47250809E-01  1.00000000E+00  4.96178899E-01 -3.78753887E-01  4.24599980E-01  1.28668832E+00  1.00016017E+00  5.73056297E-02
 -3.25751437E-01  1.00000000E+00  4.81281070E-01 -3.81192879E-01  4.28328462E-01  1.29071798E+00  9.99913593E-01  5.81608779E-02
 -3.06759035E-01  1.00000000E+00  4.68443058E-01 -3.84288732E-01  4.32286414E-01  1.29524827E+00  1.00007337E+00  5.90349795E-02
 -2.87766633E-01  1.00000000E+00  4.55605046E-01 -3.87393523E-01  4.36664464E-01  1.29979839E+00  1.00024060E+00  5.99115585E-02
 -2.70988873E-01  1.00000000E+00  4.44804513E-01 -3.90851445E-01  4.41506186E-01  1.30543595E+00  1.00004905E+00  6.10773785E-02
 -2.54211113E-01  1.00000000E+00  4.34003981E-01 -3.94320973E-01  4.46688419E-01  1.31110227E+00  9.99867266E-01  6.22469998E-02
 -2.39389755E-01  1.00000000E+00  4.24924640E-01 -3.98360444E-01  4.52231272E-01  1.31748271E+00  9.99893858E-01  6.35177695E-02
 -2.24568396E-01  1.00000000E+00  4.15845299E-01 -4.02415690E-01  4.58208370E-01  1.32390020E+00  9.99933194E-01  6.47934016E-02
 -2.11472015E-01  1.00000000E+00  4.08227127E-01 -4.06964305E-01  4.64583062E-01  1.33140641E+00  9.99858827E-01  6.63095172E-02
 -1.98375634E-01  1.00000000E+00  4.00608954E-01 -4.11533414E-01  4.71429434E-01  1.33896226E+00  9.99800652E-01  6.78323214E-02
 -1.85977157E-01  1.00000000E+00  3.94056089E-01 -4.17408956E-01  4.79411764E-01  1.34827240E+00  1.00007471E+00  6.96395372E-02
 -1.73578680E-01  1.00000000E+00  3.87503224E-01 -4.23318116E-01  4.87959472E-01  1.35765945E+00  1.00037471E+00  7.14569468E-02
 -1.61180203E-01  1.00000000E+00  3.81887362E-01 -4.30146921E-01  4.98424608E-01  1.37011234E+00  9.99851493E-01  7.40521684E-02
 -1.48781726E-01  1.00000000E+00  3.76271499E-01 -4.37024360E-01  5.09720623E-01  1.38269252E+00  9.99365334E-01  7.66654372E-02
 -1.36383248E-01  1.00000000E+00  3.71783620E-01 -4.46987680E-01  5.23857642E-01  1.39984560E+00  9.99711175E-01  8.00268848E-02
 -1.23984771E-01  1.00000000E+00  3.67295741E-01 -4.57052632E-01  5.39372763E-01  1.41724090E+00  1.00012943E+00  8.34222934E-02
 -1.11586294E-01  1.00000000E+00  3.63777004E-01 -4.69565033E-01  5.60114571E-01  1.44017520E+00  1.00018592E+00  8.79978566E-02
 -9.91878171E-02  1.00000000E+00  3.60258267E-01 -4.82241785E-01  5.82624420E-01  1.46352050E+00  1.00035577E+00  9.26329470E-02
 -8.67893400E-02  1.00000000E+00  3.69093332E-01 -5.02311933E-01  6.14055931E-01  1.51744595E+00  9.93351099E-01  1.04818970E-01
 -7.43908628E-02  1.00000000E+00  3.77928397E-01 -5.22936178E-01  6.54249013E-01  1.57338129E+00  9.86733110E-01  1.17329635E-01
 -6.19923857E-02  1.00000000E+00  3.47280307E-01 -5.43271138E-01  7.10839916E-01  1.60417447E+00  9.91644270E-01  1.22506040E-01
 -4.95939085E-02  1.00000000E+00  3.16632216E-01 -5.63977191E-01  7.59124588E-01  1.63570135E+00  9.96816354E-01  1.27776999E-01
 -3.71954314E-02  1.00000000E+00  6.04392900E-01 -6.90458039E-01  8.65375640E-01  1.86802484E+00  1.02183513E+00  1.69237940E-01
 -2.47969543E-02  1.00000000E+00  8.92153584E-01 -8.33122532E-01  1.12716653E+00  2.13659184E+00  1.05623417E+00  2.16071534E-01
 -1.23984771E-02  1.00000000E+00 -1.45422540E-01 -3.96610843E-01  1.77921009E+00  2.65874173E+00  7.07048362E-01  3.90338673E-01
  0.00000000E+00  1.00000000E+00 -1.18299867E+00  9.25977795E-02  3.20890129E+00  3.62065529E+00  5.26812925E-01  6.18768472E-01
