# curve 5 (die wall), step =      100, time =   8.00000000E+01
# N1 = tau_xx - tau_yy = G ( c_xx - c_yy ),  G =  8.0000E-02  (polymer part only)
#              x               y        pressure            c_xy        gammadot            c_xx            c_yy              N1
 -3.00000000E+00  1.00000000E+00  2.83946663E+00 -2.00154857E+00  4.00169354E-01  9.01069069E+00  9.99950316E-01  6.40859230E-01
 -2.95108291E+00  1.00000000E+00  2.79973561E+00 -2.00183994E+00  4.00176109E-01  9.01241962E+00  9.99973067E-01  6.40995725E-01
 -2.90216582E+00  1.00000000E+00  2.76000459E+00 -2.00213135E+00  4.00181484E-01  9.01414889E+00  9.99995827E-01  6.41132245E-01
 -2.85324873E+00  1.00000000E+00  2.72092632E+00 -2.00198623E+00  4.00079148E-01  9.01030124E+00  1.00014285E+00  6.40812672E-01
 -2.80433164E+00  1.00000000E+00  2.68184806E+00 -2.00184108E+00  3.99968652E-01  9.00645542E+00  1.00028987E+00  6.40493244E-01
 -2.75541455E+00  1.00000000E+00  2.64267853E+00 -2.00137122E+00  4.00051808E-01  9.00602538E+00  1.00011806E+00  6.40472586E-01
 -2.70649746E+00  1.00000000E+00  2.60350900E+00 -2.00090140E+00  4.00057179E-01  9.00559542E+00  9.99946278E-01  6.40451932E-01
 -2.65758037E+00  1.00000000E+00  2.56437641E+00 -2.00141742E+00  4.00054234E-01  9.00728071E+00  1.00009945E+00  6.40574501E-01
 -2.60866328E+00  1.00000000E+00  2.52524381E+00 -2.00193356E+00  4.00051296E-01  9.00896633E+00  1.00025266E+00  6.40697093E-01
 -2.55974619E+00  1.00000000E+00  2.48623713E+00 -2.00191616E+00  3.99977779E-01  9.01061374E+00  1.00022173E+00  6.40831361E-01
 -2.51082911E+00  1.00000000E+00  2.44723045E+00 -2.00189871E+00  4.00031672E-01  9.01226151E+00  1.00019080E+00  6.40965657E-01
 -2.46191202E+00  1.00000000E+00  2.40787271E+00 -2.00117971E+00  3.99998746E-01  9.00851804E+00  1.00002683E+00  6.40679297E-01
 -2.41299493E+00  1.00000000E+00  2.36851496E+00 -2.00046097E+00  3.99986806E-01  9.00477613E+00  9.99862899E-01  6.40393058E-01
 -2.36407784E+00  1.00000000E+00  2.32952357E+00 -2.00092301E+00  4.00013288E-01  9.00613166E+00  1.00004734E+00  6.40486745E-01
 -2.31516075E+00  1.00000000E+00  2.29053219E+00 -2.00138514E+00  3.99992221E-01  9.00748741E+00  1.00023183E+00  6.40580447E-01
 -2.26624366E+00  1.00000000E+00  2.25139520E+00 -2.00178166E+00  3.99942956E-01  9.01024252E+00  1.00023766E+00  6.40800389E-01
 -2.21732657E+00  1.00000000E+00  2.21225820E+00 -2.00217827E+00  3.99951950E-01  9.01299847E+00  1.00024349E+00  6.41020398E-01
 -2.16840948E+00  1.00000000E+00  2.17300807E+00 -2.00180117E+00  3.99952441E-01  9.01032824E+00  1.00018335E+00  6.40811592E-01
 -2.11949239E+00  1.00000000E+00  2.13375795E+00 -2.00142415E+00  3.99923375E-01  9.00765883E+00  1.00012321E+00  6.40602849E-01
 -2.07057530E+00  1.00000000E+00  2.09479524E+00 -2.00255714E+00  3.99954196E-01  9.01393641E+00  1.00031224E+00  6.41089933E-01
 -2.02165821E+00  1.00000000E+00  2.05583254E+00 -2.00369081E+00  3.99960555E-01  9.02021837E+00  1.00050138E+00  6.41577359E-01
 -1.97274112E+00  1.00000000E+00  2.01652096E+00 -2.00255114E+00  3.99895154E-01  9.01528067E+00  1.00022548E+00  6.41204415E-01
 -1.92382403E+00  1.00000000E+00  1.97720939E+00 -2.00141209E+00  3.99870083E-01  9.01034568E+00  9.99949718E-01  6.40831677E-01
 -1.87490694E+00  1.00000000E+00  1.93811561E+00 -2.00143840E+00  3.99930029E-01  9.00800265E+00  1.00011576E+00  6.40630951E-01
 -1.82598985E+00  1.00000000E+00  1.89902183E+00 -2.00146469E+00  3.99937958E-01  9.00566034E+00  1.00028183E+00  6.40430281E-01
 -1.77707276E+00  1.00000000E+00  1.85998357E+00 -2.00238540E+00  3.99954599E-01  9.01113506E+00  1.00039454E+00  6.40859242E-01
 -1.72815567E+00  1.00000000E+00  1.82094532E+00 -2.00330658E+00  3.99935045E-01  9.01661313E+00  1.00050731E+00  6.41288465E-01
 -1.67923858E+00  1.00000000E+00  1.78170746E+00 -2.00301184E+00  3.99792360E-01  9.01532979E+00  1.00048138E+00  6.41187873E-01
 -1.63032150E+00  1.00000000E+00  1.74246961E+00 -2.00271713E+00  3.99798128E-01  9.01404664E+00  1.00045546E+00  6.41087294E-01
 -1.58140441E+00  1.00000000E+00  1.70353538E+00 -2.00240330E+00  3.99707877E-01  9.00880674E+00  1.00063006E+00  6.40654134E-01
 -1.53248732E+00  1.00000000E+00  1.66460115E+00 -2.00208953E+00  3.99674903E-01  9.00357013E+00  1.00080468E+00  6.40221236E-01
 -1.48357023E+00  1.00000000E+00  1.62525070E+00 -2.00028061E+00  3.99657378E-01  8.99991528E+00  1.00008399E+00  6.39986503E-01
 -1.43465314E+00  1.00000000E+00  1.58590026E+00 -1.99847281E+00  3.99716521E-01  8.99626238E+00  9.99363899E-01  6.39751879E-01
 -1.38573605E+00  1.00000000E+00  1.54686641E+00 -1.99884004E+00  3.99653886E-01  8.99267763E+00  9.99808795E-01  6.39429507E-01
 -1.33681896E+00  1.00000000E+00  1.50783257E+00 -1.99920716E+00  3.99585498E-01  8.98909480E+00  1.00025383E+00  6.39107278E-01
 -1.28790187E+00  1.00000000E+00  1.46866285E+00 -1.99848408E+00  3.99395815E-01  8.98343176E+00  1.00023843E+00  6.38655466E-01
 -1.23898478E+00  1.00000000E+00  1.42949313E+00 -1.99776133E+00  3.99205264E-01  8.97777235E+00  1.00022306E+00  6.38203944E-01
 -1.19006769E+00  1.00000000E+00  1.39067701E+00 -1.99801286E+00  3.99043350E-01  8.97646685E+00  1.00045193E+00  6.38081194E-01
 -1.14115060E+00  1.00000000E+00  1.35186089E+00 -1.99826437E+00  3.98876357E-01  8.97516165E+00  1.00068084E+00  6.37958464E-01
 -1.09223351E+00  1.00000000E+00  1.31278950E+00 -1.99626248E+00  3.98595810E-01  8.96348961E+00  1.00044228E+00  6.37043787E-01
 -1.04331642E+00  1.00000000E+00  1.27371811E+00 -1.99426280E+00  3.98352235E-01  8.95183280E+00  1.00020404E+00  6.36130301E-01
 -9.94399333E-01  1.00000000E+00  1.23501081E+00 -1.99304358E+00  3.98160680E-01  8.94089204E+00  1.00027084E+00  6.35249696E-01
 -9.45482243E-01  1.00000000E+00  1.19630352E+00 -1.99182531E+00  3.97911709E-01  8.92996508E+00  1.00033770E+00  6.34370190E-01
 -8.96565154E-01  1.00000000E+00  1.15789243E+00 -1.99116446E+00  3.97600533E-01  8.92191994E+00  1.00057533E+00  6.33707569E-01
 -8.47648064E-01  1.00000000E+00  1.11948134E+00 -1.99050395E+00  3.97244906E-01  8.91388244E+00  1.00081302E+00  6.33045553E-01
 -7.99501858E-01  1.00000000E+00  1.08227476E+00 -1.98879555E+00  3.96807317E-01  8.90005590E+00  1.00087441E+00  6.31934520E-01
 -7.51355652E-01  1.00000000E+00  1.04506818E+00 -1.98708904E+00  3.96521737E-01  8.88625130E+00  1.00093597E+00  6.30825227E-01
 -7.08111109E-01  1.00000000E+00  1.01205636E+00 -1.98483217E+00  3.96170246E-01  8.87249911E+00  1.00064562E+00  6.29748279E-01
 -6.64866566E-01  1.00000000E+00  9.79044548E-01 -1.98257817E+00  3.96083475E-01  8.85876830E+00  1.00035564E+00  6.28673013E-01
 -6.26599939E-01  1.00000000E+00  9.50601862E-01 -1.98262866E+00  3.96095610E-01  8.85623711E+00  1.00046500E+00  6.28461769E-01
 -5.88333313E-01  1.00000000E+00  9.22159176E-01 -1.98267906E+00  3.96139897E-01  8.85370679E+00  1.00057436E+00  6.28250595E-01
 -5.54471587E-01  1.00000000E+00  8.97810326E-01 -1.98244884E+00  3.96499663E-01  8.86398377E+00  9.99767361E-01  6.29137313E-01
 -5.20609860E-01  1.00000000E+00  8.73461477E-01 -1.98221804E+00  3.96915509E-01  8.87427498E+00  9.98960755E-01  6.30025138E-01
 -4.90645977E-01  1.00000000E+00  8.52847207E-01 -1.98701963E+00  3.97466642E-01  8.89608993E+00  9.99904095E-01  6.31694867E-01
 -4.60682095E-01  1.00000000E+00  8.32232938E-01 -1.99183259E+00  3.98125140E-01  8.91795851E+00  1.00084986E+00  6.33368692E-01
 -4.34167380E-01  1.00000000E+00  8.14960596E-01 -1.99340153E+00  3.99260174E-01  8.95461570E+00  9.99250419E-01  6.36429223E-01
 -4.07652666E-01  1.00000000E+00  7.97688255E-01 -1.99497094E+00  4.00545267E-01  8.99143825E+00  9.97652248E-01  6.39502880E-01
 -3.84190072E-01  1.00000000E+00  7.83478667E-01 -2.00499043E+00  4.02030063E-01  9.05229931E+00  9.98791171E-01  6.44280651E-01
 -3.60727478E-01  1.00000000E+00  7.69269079E-01 -2.01506656E+00  4.03573812E-01  9.11357404E+00  9.99937629E-01  6.49090913E-01
 -3.39965684E-01  1.00000000E+00  7.57781200E-01 -2.02207619E+00  4.05623799E-01  9.18764574E+00  9.98784669E-01  6.55108886E-01
 -3.19203889E-01  1.00000000E+00  7.46293321E-01 -2.02911842E+00  4.07846204E-01  9.26234543E+00  9.97633842E-01  6.61176927E-01
 -3.00831998E-01  1.00000000E+00  7.37406044E-01 -2.04418111E+00  4.10451355E-01  9.36936510E+00  9.98533613E-01  6.69666519E-01
 -2.82460107E-01  1.00000000E+00  7.28518768E-01 -2.05937710E+00  4.13090737E-01  9.47763683E+00  9.99446547E-01  6.78255223E-01
 -2.66203017E-01  1.00000000E+00  7.21616812E-01 -2.06981173E+00  4.16327362E-01  9.59622083E+00  9.97419307E-01  6.87904122E-01
 -2.49945927E-01  1.00000000E+00  7.14714857E-01 -2.08031602E+00  4.19861901E-01  9.71635823E+00  9.95396302E-01  6.97676954E-01
 -2.35560203E-01  1.00000000E+00  7.10453770E-01 -2.10489236E+00  4.23760051E-01  9.88764754E+00  9.97332201E-01  7.11225227E-01
 -2.21174479E-01  1.00000000E+00  7.06192683E-01 -2.12980805E+00  4.27544016E-01  1.00619863E+01  9.99303114E-01  7.25014656E-01
 -2.08421419E-01  1.00000000E+00  7.03592760E-01 -2.15210326E+00  4.31794186E-01  1.02427280E+01  9.99635446E-01  7.39447405E-01
 -1.95668358E-01  1.00000000E+00  7.00992838E-01 -2.17468529E+00  4.36200746E-01  1.04267779E+01  9.99990238E-01  7.54143016E-01
 -1.83439085E-01  1.00000000E+00  7.00645680E-01 -2.19384228E+00  4.41729484E-01  1.06430592E+01  9.97208487E-01  7.71668054E-01
 -1.71209813E-01  1.00000000E+00  7.00298522E-01 -2.21321287E+00  4.47727764E-01  1.08640168E+01  9.94435378E-01  7.89566517E-01
 -1.58980541E-01  1.00000000E+00  7.00033169E-01 -2.25573563E+00  4.54876735E-01  1.11900826E+01  9.97272632E-01  8.15424794E-01
 -1.46751268E-01  1.00000000E+00  6.99767817E-01 -2.29921828E+00  4.61595172E-01  1.15260587E+01  1.00019077E+00  8.42069436E-01
 -1.34521996E-01  1.00000000E+00  7.11178188E-01 -2.36212169E+00  4.71205098E-01  1.19889682E+01  1.00457283E+00  8.78751631E-01
 -1.22292724E-01  1.00000000E+00  7.22588559E-01 -2.42702833E+00  4.80770576E-01  1.24706272E+01  1.00916158E+00  9.16917250E-01
 -1.10063451E-01  1.00000000E+00  7.16044395E-01 -2.42020996E+00  4.93504945E-01  1.28947206E+01  9.89551165E-01  9.52413556E-01
 -9.78341789E-02  1.00000000E+00  7.09500230E-01 -2.41232629E+00  5.07346836E-01  1.33357326E+01  9.70064327E-01  9.89253463E-01
 -8.56049065E-02  1.00000000E+00  7.32442629E-01 -2.54987953E+00  5.22483493E-01  1.38260281E+01  1.00309642E+00  1.02583453E+00
 -7.33756342E-02  1.00000000E+00  7.55385028E-01 -2.69342744E+00  5.20144117E-01  1.43354322E+01  1.03798911E+00  1.06379545E+00
 -6.11463618E-02  1.00000000E+00  8.03722204E-01 -2.62434307E+00  4.36409404E-01  1.15548103E+01  1.16014140E+00  8.31573515E-01
 -4.89170895E-02  1.00000000E+00  8.52059380E-01 -2.55147315E+00  3.21297295E-01  9.36920718E+00  1.28948471E+00  6.46377798E-01
 -3.66878171E-02  1.00000000E+00  1.74922297E+00 -4.58147391E+00  2.39371867E-01  1.00327939E+01  2.65406668E+00  5.90298177E-01
 -2.44585447E-02  1.00000000E+00  2.64638657E+00 -7.52568746E+00  2.71036067E-01  1.21363112E+01  5.13672803E+00  5.59966650E-01
 -1.22292724E-02  1.00000000E+00  9.16264804E-01  1.33702911E+00  1.08034687E+00  9.59668345E+00  1.14048150E+00  6.76496156E-01
  0.00000000E+00  1.00000000E+00 -8.13856959E-01  2.89832519E+01  4.03833109E+00  5.00847299E+01  1.70656279E+01  2.64152816E+00
