# curve 5 (die wall), step =      200, time =   1.60000000E+02
# N1 = tau_xx - tau_yy = G ( c_xx - c_yy ),  G =  8.0000E-02  (polymer part only)
#              x               y        pressure            c_xy        gammadot            c_xx            c_yy              N1
 -3.00000000E+00  1.00000000E+00  2.83946665E+00 -2.00154860E+00  4.00169359E-01  9.01069801E+00  9.99950315E-01  6.40859816E-01
 -2.95108291E+00  1.00000000E+00  2.79973563E+00 -2.00183996E+00  4.00176113E-01  9.01242690E+00  9.99973067E-01  6.40996307E-01
 -2.90216582E+00  1.00000000E+00  2.76000461E+00 -2.00213136E+00  4.00181486E-01  9.01415612E+00  9.99995827E-01  6.41132824E-01
 -2.85324873E+00  1.00000000E+00  2.72092635E+00 -2.00198623E+00  4.00079150E-01  9.01030842E+00  1.00014285E+00  6.40813245E-01
 -2.80433164E+00  1.00000000E+00  2.68184809E+00 -2.00184107E+00  3.99968653E-01  9.00646252E+00  1.00028987E+00  6.40493812E-01
 -2.75541455E+00  1.00000000E+00  2.64267856E+00 -2.00137116E+00  4.00051807E-01  9.00603227E+00  1.00011805E+00  6.40473138E-01
 -2.70649746E+00  1.00000000E+00  2.60350904E+00 -2.00090129E+00  4.00057177E-01  9.00560211E+00  9.99946259E-01  6.40452468E-01
 -2.65758037E+00  1.00000000E+00  2.56437644E+00 -2.00141727E+00  4.00054231E-01  9.00728724E+00  1.00009942E+00  6.40575026E-01
 -2.60866328E+00  1.00000000E+00  2.52524384E+00 -2.00193336E+00  4.00051294E-01  9.00897271E+00  1.00025262E+00  6.40697607E-01
 -2.55974619E+00  1.00000000E+00  2.48623716E+00 -2.00191602E+00  3.99977783E-01  9.01062040E+00  1.00022170E+00  6.40831896E-01
 -2.51082911E+00  1.00000000E+00  2.44723048E+00 -2.00189865E+00  4.00031676E-01  9.01226845E+00  1.00019079E+00  6.40966213E-01
 -2.46191202E+00  1.00000000E+00  2.40787273E+00 -2.00117971E+00  3.99998749E-01  9.00852535E+00  1.00002683E+00  6.40679882E-01
 -2.41299493E+00  1.00000000E+00  2.36851499E+00 -2.00046103E+00  3.99986806E-01  9.00478380E+00  9.99862915E-01  6.40393671E-01
 -2.36407784E+00  1.00000000E+00  2.32952360E+00 -2.00092306E+00  4.00013285E-01  9.00613945E+00  1.00004735E+00  6.40487368E-01
 -2.31516075E+00  1.00000000E+00  2.29053221E+00 -2.00138517E+00  3.99992220E-01  9.00749531E+00  1.00023182E+00  6.40581079E-01
 -2.26624366E+00  1.00000000E+00  2.25139522E+00 -2.00178169E+00  3.99942955E-01  9.01025034E+00  1.00023765E+00  6.40801015E-01
 -2.21732657E+00  1.00000000E+00  2.21225823E+00 -2.00217830E+00  3.99951950E-01  9.01300622E+00  1.00024349E+00  6.41021018E-01
 -2.16840948E+00  1.00000000E+00  2.17300810E+00 -2.00180118E+00  3.99952442E-01  9.01033587E+00  1.00018334E+00  6.40812203E-01
 -2.11949239E+00  1.00000000E+00  2.13375797E+00 -2.00142413E+00  3.99923376E-01  9.00766633E+00  1.00012319E+00  6.40603451E-01
 -2.07057530E+00  1.00000000E+00  2.09479526E+00 -2.00255712E+00  3.99954198E-01  9.01394387E+00  1.00031223E+00  6.41090532E-01
 -2.02165821E+00  1.00000000E+00  2.05583256E+00 -2.00369080E+00  3.99960559E-01  9.02022579E+00  1.00050136E+00  6.41577954E-01
 -1.97274112E+00  1.00000000E+00  2.01652098E+00 -2.00255113E+00  3.99895159E-01  9.01528806E+00  1.00022546E+00  6.41205008E-01
 -1.92382403E+00  1.00000000E+00  1.97720941E+00 -2.00141209E+00  3.99870088E-01  9.01035304E+00  9.99949708E-01  6.40832267E-01
 -1.87490694E+00  1.00000000E+00  1.93811563E+00 -2.00143840E+00  3.99930033E-01  9.00800991E+00  1.00011576E+00  6.40631532E-01
 -1.82598985E+00  1.00000000E+00  1.89902186E+00 -2.00146468E+00  3.99937960E-01  9.00566749E+00  1.00028182E+00  6.40430854E-01
 -1.77707276E+00  1.00000000E+00  1.85998360E+00 -2.00238535E+00  3.99954601E-01  9.01114210E+00  1.00039452E+00  6.40859806E-01
 -1.72815567E+00  1.00000000E+00  1.82094535E+00 -2.00330649E+00  3.99935046E-01  9.01662005E+00  1.00050729E+00  6.41289021E-01
 -1.67923858E+00  1.00000000E+00  1.78170749E+00 -2.00301171E+00  3.99792363E-01  9.01533658E+00  1.00048134E+00  6.41188419E-01
 -1.63032150E+00  1.00000000E+00  1.74246963E+00 -2.00271696E+00  3.99798133E-01  9.01405330E+00  1.00045541E+00  6.41087831E-01
 -1.58140441E+00  1.00000000E+00  1.70353540E+00 -2.00240321E+00  3.99707885E-01  9.00881363E+00  1.00063003E+00  6.40654688E-01
 -1.53248732E+00  1.00000000E+00  1.66460117E+00 -2.00208951E+00  3.99674911E-01  9.00357725E+00  1.00080467E+00  6.40221806E-01
 -1.48357023E+00  1.00000000E+00  1.62525074E+00 -2.00028070E+00  3.99657385E-01  8.99992285E+00  1.00008401E+00  6.39987107E-01
 -1.43465314E+00  1.00000000E+00  1.58590030E+00 -1.99847299E+00  3.99716521E-01  8.99627041E+00  9.99363960E-01  6.39752516E-01
 -1.38573605E+00  1.00000000E+00  1.54686646E+00 -1.99884012E+00  3.99653876E-01  8.99268545E+00  9.99808823E-01  6.39430130E-01
 -1.33681896E+00  1.00000000E+00  1.50783262E+00 -1.99920712E+00  3.99585486E-01  8.98910242E+00  1.00025383E+00  6.39107887E-01
 -1.28790187E+00  1.00000000E+00  1.46866289E+00 -1.99848393E+00  3.99395804E-01  8.98343885E+00  1.00023840E+00  6.38656036E-01
 -1.23898478E+00  1.00000000E+00  1.42949316E+00 -1.99776106E+00  3.99205257E-01  8.97777892E+00  1.00022299E+00  6.38204474E-01
 -1.19006769E+00  1.00000000E+00  1.39067704E+00 -1.99801263E+00  3.99043352E-01  8.97647345E+00  1.00045187E+00  6.38081727E-01
 -1.14115060E+00  1.00000000E+00  1.35186091E+00 -1.99826419E+00  3.98876362E-01  8.97516828E+00  1.00068078E+00  6.37959000E-01
 -1.09223351E+00  1.00000000E+00  1.31278952E+00 -1.99626238E+00  3.98595820E-01  8.96349659E+00  1.00044224E+00  6.37044348E-01
 -1.04331642E+00  1.00000000E+00  1.27371812E+00 -1.99426280E+00  3.98352247E-01  8.95184012E+00  1.00020402E+00  6.36130888E-01
 -9.94399333E-01  1.00000000E+00  1.23501083E+00 -1.99304372E+00  3.98160692E-01  8.94090006E+00  1.00027086E+00  6.35250336E-01
 -9.45482243E-01  1.00000000E+00  1.19630354E+00 -1.99182559E+00  3.97911717E-01  8.92997379E+00  1.00033775E+00  6.34370883E-01
 -8.96565154E-01  1.00000000E+00  1.15789246E+00 -1.99116474E+00  3.97600535E-01  8.92192877E+00  1.00057538E+00  6.33708271E-01
 -8.47648064E-01  1.00000000E+00  1.11948138E+00 -1.99050425E+00  3.97244904E-01  8.91389139E+00  1.00081308E+00  6.33046264E-01
 -7.99501858E-01  1.00000000E+00  1.08227480E+00 -1.98879573E+00  3.96807306E-01  8.90006431E+00  1.00087444E+00  6.31935190E-01
 -7.51355652E-01  1.00000000E+00  1.04506821E+00 -1.98708911E+00  3.96521728E-01  8.88625918E+00  1.00093598E+00  6.30825856E-01
 -7.08111109E-01  1.00000000E+00  1.01205640E+00 -1.98483223E+00  3.96170235E-01  8.87250636E+00  1.00064564E+00  6.29748858E-01
 -6.64866566E-01  1.00000000E+00  9.79044580E-01 -1.98257822E+00  3.96083463E-01  8.85877494E+00  1.00035567E+00  6.28673542E-01
 -6.26599939E-01  1.00000000E+00  9.50601906E-01 -1.98262873E+00  3.96095598E-01  8.85624342E+00  1.00046505E+00  6.28462270E-01
 -5.88333313E-01  1.00000000E+00  9.22159232E-01 -1.98267915E+00  3.96139881E-01  8.85371278E+00  1.00057442E+00  6.28251068E-01
 -5.54471587E-01  1.00000000E+00  8.97810392E-01 -1.98244881E+00  3.96499644E-01  8.86398908E+00  9.99767395E-01  6.29137735E-01
 -5.20609860E-01  1.00000000E+00  8.73461551E-01 -1.98221788E+00  3.96915488E-01  8.87427961E+00  9.98960763E-01  6.30025508E-01
 -4.90645977E-01  1.00000000E+00  8.52847280E-01 -1.98701926E+00  3.97466613E-01  8.89609293E+00  9.99904048E-01  6.31695110E-01
 -4.60682095E-01  1.00000000E+00  8.32233009E-01 -1.99183200E+00  3.98125117E-01  8.91795985E+00  1.00084976E+00  6.33368808E-01
 -4.34167380E-01  1.00000000E+00  8.14960654E-01 -1.99340096E+00  3.99260168E-01  8.95461634E+00  9.99250332E-01  6.36429281E-01
 -4.07652666E-01  1.00000000E+00  7.97688298E-01 -1.99497038E+00  4.00545267E-01  8.99143817E+00  9.97652176E-01  6.39502880E-01
 -3.84190072E-01  1.00000000E+00  7.83478747E-01 -2.00498978E+00  4.02030061E-01  9.05229785E+00  9.98791070E-01  6.44280543E-01
 -3.60727478E-01  1.00000000E+00  7.69269196E-01 -2.01506580E+00  4.03573816E-01  9.11357119E+00  9.99937498E-01  6.49090695E-01
 -3.39965684E-01  1.00000000E+00  7.57781283E-01 -2.02207505E+00  4.05623817E-01  9.18764099E+00  9.98784412E-01  6.55108526E-01
 -3.19203889E-01  1.00000000E+00  7.46293369E-01 -2.02911689E+00  4.07846252E-01  9.26233874E+00  9.97633460E-01  6.61176422E-01
 -3.00831998E-01  1.00000000E+00  7.37406101E-01 -2.04418011E+00  4.10451441E-01  9.36935972E+00  9.98533366E-01  6.69666109E-01
 -2.82460107E-01  1.00000000E+00  7.28518834E-01 -2.05937665E+00  4.13090831E-01  9.47763279E+00  9.99446437E-01  6.78254909E-01
 -2.66203017E-01  1.00000000E+00  7.21616878E-01 -2.06981185E+00  4.16327466E-01  9.59621980E+00  9.97419300E-01  6.87904040E-01
 -2.49945927E-01  1.00000000E+00  7.14714923E-01 -2.08031672E+00  4.19862003E-01  9.71636029E+00  9.95396399E-01  6.97677111E-01
 -2.35560203E-01  1.00000000E+00  7.10453896E-01 -2.10489364E+00  4.23760143E-01  9.88765379E+00  9.97332433E-01  7.11225709E-01
 -2.21174479E-01  1.00000000E+00  7.06192869E-01 -2.12980991E+00  4.27544076E-01  1.00619969E+01  9.99303480E-01  7.25015475E-01
 -2.08421419E-01  1.00000000E+00  7.03592989E-01 -2.15210485E+00  4.31794197E-01  1.02427383E+01  9.99635748E-01  7.39448206E-01
 -1.95668358E-01  1.00000000E+00  7.00993110E-01 -2.17468661E+00  4.36200735E-01  1.04267880E+01  9.99990474E-01  7.54143799E-01
 -1.83439085E-01  1.00000000E+00  7.00645981E-01 -2.19384300E+00  4.41729454E-01  1.06430669E+01  9.97208587E-01  7.71668661E-01
 -1.71209813E-01  1.00000000E+00  7.00298851E-01 -2.21321298E+00  4.47727726E-01  1.08640221E+01  9.94435341E-01  7.89566942E-01
 -1.58980541E-01  1.00000000E+00  7.00033485E-01 -2.25573462E+00  4.54876703E-01  1.11900826E+01  9.97272277E-01  8.15424822E-01
 -1.46751268E-01  1.00000000E+00  6.99768118E-01 -2.29921611E+00  4.61595204E-01  1.15260531E+01  1.00019009E+00  8.42069042E-01
 -1.34521996E-01  1.00000000E+00  7.11178334E-01 -2.36211952E+00  4.71205232E-01  1.19889627E+01  1.00457206E+00  8.78751250E-01
 -1.22292724E-01  1.00000000E+00  7.22588549E-01 -2.42702615E+00  4.80770808E-01  1.24706218E+01  1.00916073E+00  9.16916883E-01
 -1.10063451E-01  1.00000000E+00  7.16044597E-01 -2.42021437E+00  4.93505259E-01  1.28947359E+01  9.89552056E-01  9.52414709E-01
 -9.78341789E-02  1.00000000E+00  7.09500645E-01 -2.41233745E+00  5.07346975E-01  1.33357699E+01  9.70066906E-01  9.89256242E-01
 -8.56049065E-02  1.00000000E+00  7.32444199E-01 -2.54988723E+00  5.22483542E-01  1.38260723E+01  1.00309769E+00  1.02583797E+00
 -7.33756342E-02  1.00000000E+00  7.55387753E-01 -2.69343151E+00  5.20144275E-01  1.43354836E+01  1.03798894E+00  1.06379957E+00
 -6.11463618E-02  1.00000000E+00  8.03721957E-01 -2.62431428E+00  4.36410170E-01  1.15547625E+01  1.16013015E+00  8.31570587E-01
 -4.89170895E-02  1.00000000E+00  8.52056161E-01 -2.55141605E+00  3.21299365E-01  9.36909208E+00  1.28946092E+00  6.46370493E-01
 -3.66878171E-02  1.00000000E+00  1.74921896E+00 -4.58139288E+00  2.39374551E-01  1.00326335E+01  2.65402276E+00  5.90288855E-01
 -2.44585447E-02  1.00000000E+00  2.64638175E+00 -7.52556432E+00  2.71038542E-01  1.21360986E+01  5.13665134E+00  5.59955784E-01
 -1.22292724E-02  1.00000000E+00  9.16262265E-01  1.33701194E+00  1.08035066E+00  9.59658541E+00  1.14047190E+00  6.76489081E-01
  0.00000000E+00  1.00000000E+00 -8.13857219E-01  2.89830863E+01  4.03833772E+00  5.00844821E+01  1.70655193E+01  2.64151703E+00
