# curve 5 (die wall), step =      600, time =   2.40000000E+02
# N1 = tau_xx - tau_yy = G ( c_xx - c_yy ),  G =  5.0000E-02  (polymer part only)
#              x               y        pressure            c_xy        gammadot            c_xx            c_yy              N1
 -1.00000000E+01  1.00000000E+00  6.25415963E+00 -1.69761045E+00  4.24465711E-01  8.90009210E+00  7.03137621E-01  4.09847724E-01
 -9.95040609E+00  1.00000000E+00  6.22468599E+00 -1.69741111E+00  4.24509494E-01  8.89717653E+00  7.03186635E-01  4.09699495E-01
 -9.90081218E+00  1.00000000E+00  6.19521236E+00 -1.69721179E+00  4.24541959E-01  8.89426197E+00  7.03235649E-01  4.09551316E-01
 -9.85121827E+00  1.00000000E+00  6.16580568E+00 -1.69728754E+00  4.24524382E-01  8.89711115E+00  7.03172375E-01  4.09696939E-01
 -9.80162437E+00  1.00000000E+00  6.13639899E+00 -1.69736326E+00  4.24486762E-01  8.89996134E+00  7.03109096E-01  4.09842612E-01
 -9.75203046E+00  1.00000000E+00  6.10685194E+00 -1.69716191E+00  4.24481332E-01  8.89818411E+00  7.03075959E-01  4.09755407E-01
 -9.70243655E+00  1.00000000E+00  6.07730488E+00 -1.69696057E+00  4.24512032E-01  8.89640724E+00  7.03042822E-01  4.09668221E-01
 -9.65284264E+00  1.00000000E+00  6.04786165E+00 -1.69754696E+00  4.24502178E-01  8.89840228E+00  7.03187863E-01  4.09760721E-01
 -9.60324873E+00  1.00000000E+00  6.01841842E+00 -1.69813349E+00  4.24443500E-01  8.90039779E+00  7.03332954E-01  4.09853242E-01
 -9.55365482E+00  1.00000000E+00  5.98904015E+00 -1.69834795E+00  4.24405458E-01  8.90509044E+00  7.03253325E-01  4.10091856E-01
 -9.50406091E+00  1.00000000E+00  5.95966188E+00 -1.69856238E+00  4.24324961E-01  8.90978576E+00  7.03173684E-01  4.10330604E-01
 -9.45446701E+00  1.00000000E+00  5.93003805E+00 -1.69797809E+00  4.24353038E-01  8.90482886E+00  7.03174464E-01  4.10082720E-01
 -9.40487310E+00  1.00000000E+00  5.90041421E+00 -1.69739405E+00  4.24386930E-01  8.89987474E+00  7.03175268E-01  4.09834974E-01
 -9.35527919E+00  1.00000000E+00  5.87099621E+00 -1.69815427E+00  4.24405010E-01  8.90463709E+00  7.03173983E-01  4.10073155E-01
 -9.30568528E+00  1.00000000E+00  5.84157821E+00 -1.69891486E+00  4.24393672E-01  8.90940198E+00  7.03172787E-01  4.10311460E-01
 -9.25609137E+00  1.00000000E+00  5.81216101E+00 -1.69859656E+00  4.24404786E-01  8.90751024E+00  7.03199961E-01  4.10215514E-01
 -9.20649746E+00  1.00000000E+00  5.78274380E+00 -1.69827832E+00  4.24425221E-01  8.90561891E+00  7.03227161E-01  4.10119587E-01
 -9.15690355E+00  1.00000000E+00  5.75319929E+00 -1.69793803E+00  4.24439520E-01  8.90367344E+00  7.03153315E-01  4.10026006E-01
 -9.10730965E+00  1.00000000E+00  5.72365479E+00 -1.69759781E+00  4.24475366E-01  8.90172840E+00  7.03079481E-01  4.09932446E-01
 -9.05771574E+00  1.00000000E+00  5.69422612E+00 -1.69748338E+00  4.24518945E-01  8.90222763E+00  7.02981179E-01  4.09962322E-01
 -9.00812183E+00  1.00000000E+00  5.66479745E+00 -1.69736895E+00  4.24549723E-01  8.90272690E+00  7.02882889E-01  4.09992201E-01
 -8.95852792E+00  1.00000000E+00  5.63531255E+00 -1.69759096E+00  4.24545647E-01  8.90156456E+00  7.03021160E-01  4.09927170E-01
 -8.90893401E+00  1.00000000E+00  5.60582765E+00 -1.69781294E+00  4.24538412E-01  8.90040247E+00  7.03159452E-01  4.09862151E-01
 -8.85934010E+00  1.00000000E+00  5.57641853E+00 -1.69790595E+00  4.24524132E-01  8.90209298E+00  7.03163878E-01  4.09946455E-01
 -8.80974619E+00  1.00000000E+00  5.54700941E+00 -1.69799896E+00  4.24469797E-01  8.90378384E+00  7.03168302E-01  4.10030777E-01
 -8.76015229E+00  1.00000000E+00  5.51745737E+00 -1.69778254E+00  4.24460427E-01  8.90168724E+00  7.03145859E-01  4.09927069E-01
 -8.71055838E+00  1.00000000E+00  5.48790533E+00 -1.69756616E+00  4.24495160E-01  8.89959114E+00  7.03123416E-01  4.09823386E-01
 -8.66096447E+00  1.00000000E+00  5.45849518E+00 -1.69743693E+00  4.24498336E-01  8.89793428E+00  7.03176151E-01  4.09737906E-01
 -8.61137056E+00  1.00000000E+00  5.42908503E+00 -1.69730771E+00  4.24475594E-01  8.89627774E+00  7.03228893E-01  4.09652442E-01
 -8.56177665E+00  1.00000000E+00  5.39960883E+00 -1.69754643E+00  4.24483189E-01  8.89743236E+00  7.03258570E-01  4.09708690E-01
 -8.51218274E+00  1.00000000E+00  5.37013262E+00 -1.69778518E+00  4.24480640E-01  8.89858714E+00  7.03288254E-01  4.09764944E-01
 -8.46258884E+00  1.00000000E+00  5.34064258E+00 -1.69807514E+00  4.24446754E-01  8.90334523E+00  7.03181696E-01  4.10008177E-01
 -8.41299493E+00  1.00000000E+00  5.31115253E+00 -1.69836516E+00  4.24403024E-01  8.90810600E+00  7.03075146E-01  4.10251543E-01
 -8.36340102E+00  1.00000000E+00  5.28170582E+00 -1.69768420E+00  4.24445855E-01  8.90304596E+00  7.03090934E-01  4.09997751E-01
 -8.31380711E+00  1.00000000E+00  5.25225911E+00 -1.69700356E+00  4.24459455E-01  8.89798880E+00  7.03106783E-01  4.09744101E-01
 -8.26421320E+00  1.00000000E+00  5.22275900E+00 -1.69728331E+00  4.24472706E-01  8.89835202E+00  7.03154231E-01  4.09759889E-01
 -8.21461929E+00  1.00000000E+00  5.19325889E+00 -1.69756307E+00  4.24491537E-01  8.89871527E+00  7.03201694E-01  4.09775679E-01
 -8.16502538E+00  1.00000000E+00  5.16380560E+00 -1.69815611E+00  4.24476441E-01  8.90394537E+00  7.03191307E-01  4.10037703E-01
 -8.11543148E+00  1.00000000E+00  5.13435231E+00 -1.69874941E+00  4.24415239E-01  8.90917860E+00  7.03180944E-01  4.10299883E-01
 -8.06583757E+00  1.00000000E+00  5.10485742E+00 -1.69798231E+00  4.24413303E-01  8.90416240E+00  7.03146189E-01  4.10050811E-01
 -8.01624366E+00  1.00000000E+00  5.07536254E+00 -1.69721558E+00  4.24432509E-01  8.89914903E+00  7.03111501E-01  4.09801876E-01
 -7.96664975E+00  1.00000000E+00  5.04593214E+00 -1.69745721E+00  4.24460177E-01  8.89933954E+00  7.03170953E-01  4.09808429E-01
 -7.91705584E+00  1.00000000E+00  5.01650175E+00 -1.69769885E+00  4.24482729E-01  8.89953008E+00  7.03230416E-01  4.09814983E-01
 -7.86746193E+00  1.00000000E+00  4.98701931E+00 -1.69799697E+00  4.24487844E-01  8.90333638E+00  7.03109391E-01  4.10011349E-01
 -7.81786802E+00  1.00000000E+00  4.95753688E+00 -1.69829519E+00  4.24487239E-01  8.90714436E+00  7.02988405E-01  4.10207798E-01
 -7.76827412E+00  1.00000000E+00  4.92808110E+00 -1.69761423E+00  4.24509812E-01  8.90259917E+00  7.03012289E-01  4.09979344E-01
 -7.71868021E+00  1.00000000E+00  4.89862532E+00 -1.69693358E+00  4.24504588E-01  8.89805630E+00  7.03036252E-01  4.09751002E-01
 -7.66908630E+00  1.00000000E+00  4.86912652E+00 -1.69717181E+00  4.24500502E-01  8.89822323E+00  7.03089426E-01  4.09756690E-01
 -7.61949239E+00  1.00000000E+00  4.83962772E+00 -1.69741004E+00  4.24499567E-01  8.89839019E+00  7.03142610E-01  4.09762379E-01
 -7.56989848E+00  1.00000000E+00  4.81018671E+00 -1.69820832E+00  4.24481859E-01  8.90360620E+00  7.03211593E-01  4.10019730E-01
 -7.52030457E+00  1.00000000E+00  4.78074569E+00 -1.69900702E+00  4.24411479E-01  8.90882526E+00  7.03280636E-01  4.10277231E-01
 -7.47071066E+00  1.00000000E+00  4.75124107E+00 -1.69815855E+00  4.24407991E-01  8.90382478E+00  7.03219892E-01  4.10030244E-01
 -7.42111676E+00  1.00000000E+00  4.72173646E+00 -1.69731051E+00  4.24427862E-01  8.89882710E+00  7.03159234E-01  4.09783393E-01
 -7.37152285E+00  1.00000000E+00  4.69229973E+00 -1.69749858E+00  4.24452125E-01  8.89901377E+00  7.03199814E-01  4.09790698E-01
 -7.32192894E+00  1.00000000E+00  4.66286301E+00 -1.69768664E+00  4.24473545E-01  8.89920046E+00  7.03240401E-01  4.09798003E-01
 -7.27233503E+00  1.00000000E+00  4.63337369E+00 -1.69793871E+00  4.24477004E-01  8.90320419E+00  7.03100097E-01  4.10005205E-01
 -7.22274112E+00  1.00000000E+00  4.60388437E+00 -1.69819086E+00  4.24473142E-01  8.90720981E+00  7.02959829E-01  4.10212499E-01
 -7.17314721E+00  1.00000000E+00  4.57443474E+00 -1.69752640E+00  4.24501630E-01  8.90257273E+00  7.02989646E-01  4.09979154E-01
 -7.12355330E+00  1.00000000E+00  4.54498512E+00 -1.69686224E+00  4.24500276E-01  8.89793807E+00  7.03019537E-01  4.09745927E-01
 -7.07395940E+00  1.00000000E+00  4.51548915E+00 -1.69710928E+00  4.24500706E-01  8.89819278E+00  7.03069115E-01  4.09756183E-01
 -7.02436549E+00  1.00000000E+00  4.48599317E+00 -1.69735633E+00  4.24504455E-01  8.89844753E+00  7.03118705E-01  4.09766441E-01
 -6.97477158E+00  1.00000000E+00  4.45655448E+00 -1.69823828E+00  4.24484137E-01  8.90378774E+00  7.03218431E-01  4.10028466E-01
 -6.92517767E+00  1.00000000E+00  4.42711578E+00 -1.69912070E+00  4.24403944E-01  8.90913116E+00  7.03318234E-01  4.10290646E-01
 -6.87558376E+00  1.00000000E+00  4.39761790E+00 -1.69832503E+00  4.24394596E-01  8.90420524E+00  7.03276297E-01  4.10046447E-01
 -6.82598985E+00  1.00000000E+00  4.36812001E+00 -1.69752976E+00  4.24410156E-01  8.89928203E+00  7.03234436E-01  4.09802380E-01
 -6.77639594E+00  1.00000000E+00  4.33867305E+00 -1.69754355E+00  4.24434138E-01  8.89923170E+00  7.03217565E-01  4.09800707E-01
 -6.72680204E+00  1.00000000E+00  4.30922608E+00 -1.69755735E+00  4.24461859E-01  8.89918137E+00  7.03200695E-01  4.09799034E-01
 -6.67720813E+00  1.00000000E+00  4.27973601E+00 -1.69781950E+00  4.24478631E-01  8.90303675E+00  7.03060702E-01  4.09998802E-01
 -6.62761422E+00  1.00000000E+00  4.25024595E+00 -1.69808173E+00  4.24487877E-01  8.90689386E+00  7.02920752E-01  4.10198656E-01
 -6.57802031E+00  1.00000000E+00  4.22079687E+00 -1.69746092E+00  4.24512679E-01  8.90245578E+00  7.02961241E-01  4.09974727E-01
 -6.52842640E+00  1.00000000E+00  4.19134778E+00 -1.69684039E+00  4.24510593E-01  8.89801992E+00  7.03001799E-01  4.09750906E-01
 -6.47883249E+00  1.00000000E+00  4.16185530E+00 -1.69710407E+00  4.24510407E-01  8.89831878E+00  7.03056812E-01  4.09763098E-01
 -6.42923858E+00  1.00000000E+00  4.13236283E+00 -1.69736776E+00  4.24513043E-01  8.89861767E+00  7.03111837E-01  4.09775292E-01
 -6.37964468E+00  1.00000000E+00  4.10292354E+00 -1.69821736E+00  4.24494170E-01  8.90368157E+00  7.03201750E-01  4.10023991E-01
 -6.33005077E+00  1.00000000E+00  4.07348426E+00 -1.69906741E+00  4.24422560E-01  8.90874835E+00  7.03291737E-01  4.10272831E-01
 -6.28045686E+00  1.00000000E+00  4.04397719E+00 -1.69817528E+00  4.24415013E-01  8.90374671E+00  7.03220043E-01  4.10026333E-01
 -6.23086295E+00  1.00000000E+00  4.01447012E+00 -1.69728363E+00  4.24431191E-01  8.89874788E+00  7.03148448E-01  4.09779972E-01
 -6.18126904E+00  1.00000000E+00  3.98503304E+00 -1.69750668E+00  4.24452849E-01  8.89897471E+00  7.03201399E-01  4.09788666E-01
 -6.13167513E+00  1.00000000E+00  3.95559596E+00 -1.69772974E+00  4.24471669E-01  8.89920157E+00  7.03254360E-01  4.09797360E-01
 -6.08208123E+00  1.00000000E+00  3.92610678E+00 -1.69794799E+00  4.24473558E-01  8.90321297E+00  7.03106886E-01  4.10005304E-01
 -6.03248732E+00  1.00000000E+00  3.89661760E+00 -1.69816629E+00  4.24468009E-01  8.90722629E+00  7.02959447E-01  4.10213342E-01
 -5.98289341E+00  1.00000000E+00  3.86716189E+00 -1.69753771E+00  4.24497641E-01  8.90262999E+00  7.02997536E-01  4.09981623E-01
 -5.93329950E+00  1.00000000E+00  3.83770619E+00 -1.69690940E+00  4.24495905E-01  8.89803606E+00  7.03035692E-01  4.09750018E-01
 -5.88370559E+00  1.00000000E+00  3.80821268E+00 -1.69718141E+00  4.24493205E-01  8.89825417E+00  7.03097089E-01  4.09757854E-01
 -5.83411168E+00  1.00000000E+00  3.77871918E+00 -1.69745343E+00  4.24492408E-01  8.89847232E+00  7.03158499E-01  4.09765691E-01
 -5.78451777E+00  1.00000000E+00  3.74929281E+00 -1.69825162E+00  4.24470954E-01  8.90384111E+00  7.03220200E-01  4.10031045E-01
 -5.73492387E+00  1.00000000E+00  3.71986644E+00 -1.69905024E+00  4.24406850E-01  8.90921314E+00  7.03281961E-01  4.10296559E-01
 -5.68532996E+00  1.00000000E+00  3.69033528E+00 -1.69786928E+00  4.24422414E-01  8.90330310E+00  7.03131616E-01  4.10008574E-01
 -5.63573605E+00  1.00000000E+00  3.66080412E+00 -1.69668909E+00  4.24458659E-01  8.89739699E+00  7.02981441E-01  4.09720777E-01
 -5.58614214E+00  1.00000000E+00  3.63138816E+00 -1.69731292E+00  4.24489166E-01  8.89827225E+00  7.03155953E-01  4.09755815E-01
 -5.53654823E+00  1.00000000E+00  3.60197220E+00 -1.69793684E+00  4.24496575E-01  8.89914771E+00  7.03330533E-01  4.09790859E-01
 -5.48695432E+00  1.00000000E+00  3.57247150E+00 -1.69810157E+00  4.24467594E-01  8.90340340E+00  7.03178932E-01  4.10011223E-01
 -5.43736041E+00  1.00000000E+00  3.54297081E+00 -1.69826631E+00  4.24426247E-01  8.90766127E+00  7.03027352E-01  4.10231696E-01
 -5.38776651E+00  1.00000000E+00  3.51353313E+00 -1.69761485E+00  4.24467427E-01  8.90279591E+00  7.03055058E-01  4.09987043E-01
 -5.33817260E+00  1.00000000E+00  3.48409546E+00 -1.69696371E+00  4.24476300E-01  8.89793322E+00  7.03082826E-01  4.09742520E-01
 -5.28857869E+00  1.00000000E+00  3.45459512E+00 -1.69725845E+00  4.24485720E-01  8.89826734E+00  7.03141478E-01  4.09756293E-01
 -5.23898478E+00  1.00000000E+00  3.42509479E+00 -1.69755319E+00  4.24500099E-01  8.89860151E+00  7.03200146E-01  4.09770068E-01
 -5.18939087E+00  1.00000000E+00  3.39564313E+00 -1.69813143E+00  4.24484319E-01  8.90399764E+00  7.03177606E-01  4.10041001E-01
 -5.13979696E+00  1.00000000E+00  3.36619147E+00 -1.69870992E+00  4.24431858E-01  8.90939710E+00  7.03155089E-01  4.10312100E-01
 -5.09020305E+00  1.00000000E+00  3.33666394E+00 -1.69768412E+00  4.24446930E-01  8.90316496E+00  7.03069243E-01  4.10004786E-01
 -5.04060915E+00  1.00000000E+00  3.30713641E+00 -1.69665898E+00  4.24472332E-01  8.89693719E+00  7.02983511E-01  4.09697684E-01
 -4.99101524E+00  1.00000000E+00  3.27776482E+00 -1.69731566E+00  4.24477344E-01  8.89827017E+00  7.03160063E-01  4.09755505E-01
 -4.94142133E+00  1.00000000E+00  3.24839324E+00 -1.69797248E+00  4.24458711E-01  8.89960345E+00  7.03336687E-01  4.09813338E-01
 -4.89182742E+00  1.00000000E+00  3.21887573E+00 -1.69816352E+00  4.24440953E-01  8.90262065E+00  7.03263537E-01  4.09967855E-01
 -4.84223351E+00  1.00000000E+00  3.18935822E+00 -1.69835459E+00  4.24409921E-01  8.90563892E+00  7.03190394E-01  4.10122426E-01
 -4.79263960E+00  1.00000000E+00  3.15987488E+00 -1.69780345E+00  4.24426989E-01  8.90223358E+00  7.03166129E-01  4.09953373E-01
 -4.74304569E+00  1.00000000E+00  3.13039154E+00 -1.69725251E+00  4.24442697E-01  8.89882954E+00  7.03141902E-01  4.09784382E-01
 -4.69345179E+00  1.00000000E+00  3.10092508E+00 -1.69735488E+00  4.24454978E-01  8.89940131E+00  7.03120893E-01  4.09814021E-01
 -4.64385788E+00  1.00000000E+00  3.07145862E+00 -1.69745725E+00  4.24483055E-01  8.89997310E+00  7.03099890E-01  4.09843661E-01
 -4.59426397E+00  1.00000000E+00  3.04202929E+00 -1.69844461E+00  4.24482995E-01  8.90499463E+00  7.03231608E-01  4.10088151E-01
 -4.54467006E+00  1.00000000E+00  3.01259996E+00 -1.69943251E+00  4.24422160E-01  8.91001900E+00  7.03363441E-01  4.10332778E-01
 -4.49507615E+00  1.00000000E+00  2.98309605E+00 -1.69909336E+00  4.24405980E-01  8.91121214E+00  7.03168846E-01  4.10402164E-01
 -4.44548224E+00  1.00000000E+00  2.95359215E+00 -1.69875417E+00  4.24401162E-01  8.91240558E+00  7.02974294E-01  4.10471564E-01
 -4.39588833E+00  1.00000000E+00  2.92415132E+00 -1.69774701E+00  4.24426566E-01  8.90514334E+00  7.02998204E-01  4.10107257E-01
 -4.34629443E+00  1.00000000E+00  2.89471050E+00 -1.69674056E+00  4.24480289E-01  8.89788702E+00  7.03022256E-01  4.09743238E-01
 -4.29670052E+00  1.00000000E+00  2.86519433E+00 -1.69728281E+00  4.24497109E-01  8.90243603E+00  7.02968212E-01  4.09973391E-01
 -4.24710661E+00  1.00000000E+00  2.83567815E+00 -1.69782529E+00  4.24460052E-01  8.90698738E+00  7.02914216E-01  4.10203658E-01
 -4.19751270E+00  1.00000000E+00  2.80622305E+00 -1.69721025E+00  4.24497027E-01  8.90132840E+00  7.02970857E-01  4.09917877E-01
 -4.14791879E+00  1.00000000E+00  2.77676796E+00 -1.69659551E+00  4.24535093E-01  8.89567307E+00  7.03027544E-01  4.09632277E-01
 -4.09832488E+00  1.00000000E+00  2.74733159E+00 -1.69723213E+00  4.24505334E-01  8.89848111E+00  7.03156740E-01  4.09766218E-01
 -4.04873097E+00  1.00000000E+00  2.71789522E+00 -1.69786895E+00  4.24419606E-01  8.90129003E+00  7.03285987E-01  4.09900202E-01
 -3.99913707E+00  1.00000000E+00  2.68834495E+00 -1.69754934E+00  4.24428493E-01  8.90033278E+00  7.03164083E-01  4.09858435E-01
 -3.94954316E+00  1.00000000E+00  2.65879468E+00 -1.69722978E+00  4.24478041E-01  8.89937564E+00  7.03042201E-01  4.09816672E-01
 -3.89994925E+00  1.00000000E+00  2.62942446E+00 -1.69836397E+00  4.24468959E-01  8.90751579E+00  7.03104433E-01  4.10220568E-01
 -3.85035534E+00  1.00000000E+00  2.60005424E+00 -1.69949904E+00  4.24401806E-01  8.91566342E+00  7.03166779E-01  4.10624832E-01
 -3.80076143E+00  1.00000000E+00  2.57053938E+00 -1.69828724E+00  4.24399845E-01  8.90943616E+00  7.03045198E-01  4.10319548E-01
 -3.75116752E+00  1.00000000E+00  2.54102451E+00 -1.69707626E+00  4.24424886E-01  8.90321326E+00  7.02923804E-01  4.10014473E-01
 -3.70157361E+00  1.00000000E+00  2.51152505E+00 -1.69733496E+00  4.24446490E-01  8.90434555E+00  7.02901286E-01  4.10072213E-01
 -3.65197971E+00  1.00000000E+00  2.48202559E+00 -1.69759368E+00  4.24457694E-01  8.90547800E+00  7.02878790E-01  4.10129960E-01
 -3.60238580E+00  1.00000000E+00  2.45251139E+00 -1.69748134E+00  4.24492081E-01  8.90327246E+00  7.02895709E-01  4.10018837E-01
 -3.55279189E+00  1.00000000E+00  2.42299720E+00 -1.69736899E+00  4.24553921E-01  8.90106750E+00  7.02912624E-01  4.09907744E-01
 -3.50319798E+00  1.00000000E+00  2.39364517E+00 -1.69782965E+00  4.24576420E-01  8.90039805E+00  7.03145193E-01  4.09862643E-01
 -3.45360407E+00  1.00000000E+00  2.36429313E+00 -1.69829032E+00  4.24560710E-01  8.89972881E+00  7.03377830E-01  4.09817549E-01
 -3.40401016E+00  1.00000000E+00  2.33479193E+00 -1.69856896E+00  4.24507522E-01  8.90620593E+00  7.03230213E-01  4.10148786E-01
 -3.35441626E+00  1.00000000E+00  2.30529073E+00 -1.69884756E+00  4.24401786E-01  8.91268815E+00  7.03082587E-01  4.10480278E-01
 -3.30482235E+00  1.00000000E+00  2.27582853E+00 -1.69778047E+00  4.24398508E-01  8.90575728E+00  7.03039539E-01  4.10135887E-01
 -3.25522844E+00  1.00000000E+00  2.24636633E+00 -1.69671412E+00  4.24415409E-01  8.89883180E+00  7.02996624E-01  4.09791759E-01
 -3.20563453E+00  1.00000000E+00  2.21681432E+00 -1.69679894E+00  4.24460088E-01  8.89738882E+00  7.03019028E-01  4.09718490E-01
 -3.15604062E+00  1.00000000E+00  2.18726232E+00 -1.69688371E+00  4.24504197E-01  8.89594614E+00  7.03041435E-01  4.09645235E-01
 -3.10644671E+00  1.00000000E+00  2.15788175E+00 -1.69743015E+00  4.24513995E-01  8.89700994E+00  7.03242675E-01  4.09688363E-01
 -3.05685280E+00  1.00000000E+00  2.12850118E+00 -1.69797669E+00  4.24464716E-01  8.89807394E+00  7.03443977E-01  4.09731498E-01
 -3.00725890E+00  1.00000000E+00  2.09901354E+00 -1.69830569E+00  4.24438189E-01  8.90464684E+00  7.03269634E-01  4.10068860E-01
 -2.95766499E+00  1.00000000E+00  2.06952591E+00 -1.69863474E+00  4.24380350E-01  8.91122493E+00  7.03095308E-01  4.10406481E-01
 -2.90807108E+00  1.00000000E+00  2.04000374E+00 -1.69790519E+00  4.24397801E-01  8.90555090E+00  7.03126090E-01  4.10121240E-01
 -2.85847717E+00  1.00000000E+00  2.01048158E+00 -1.69717602E+00  4.24424981E-01  8.89988050E+00  7.03156943E-01  4.09836178E-01
 -2.80888326E+00  1.00000000E+00  1.98113471E+00 -1.69821703E+00  4.24411239E-01  8.90730821E+00  7.03126379E-01  4.10209091E-01
 -2.75928935E+00  1.00000000E+00  1.95178784E+00 -1.69925879E+00  4.24388987E-01  8.91474212E+00  7.03095974E-01  4.10582307E-01
 -2.70969544E+00  1.00000000E+00  1.92222112E+00 -1.69818029E+00  4.24429403E-01  8.91037357E+00  7.02874122E-01  4.10374972E-01
 -2.66010154E+00  1.00000000E+00  1.89265439E+00 -1.69710235E+00  4.24501186E-01  8.90600720E+00  7.02652422E-01  4.10167739E-01
 -2.61050763E+00  1.00000000E+00  1.86317502E+00 -1.69718077E+00  4.24535204E-01  8.90249358E+00  7.02855390E-01  4.09981910E-01
 -2.56091372E+00  1.00000000E+00  1.83369566E+00 -1.69725910E+00  4.24559178E-01  8.89898159E+00  7.03058390E-01  4.09796160E-01
 -2.51131981E+00  1.00000000E+00  1.80426612E+00 -1.69747992E+00  4.24566026E-01  8.89919700E+00  7.03131826E-01  4.09803259E-01
 -2.46172590E+00  1.00000000E+00  1.77483659E+00 -1.69770075E+00  4.24554120E-01  8.89941243E+00  7.03205271E-01  4.09810358E-01
 -2.41213199E+00  1.00000000E+00  1.74536433E+00 -1.69821049E+00  4.24517533E-01  8.90440499E+00  7.03178835E-01  4.10061308E-01
 -2.36253808E+00  1.00000000E+00  1.71589206E+00 -1.69872042E+00  4.24439667E-01  8.90940042E+00  7.03152414E-01  4.10312400E-01
 -2.31294418E+00  1.00000000E+00  1.68642188E+00 -1.69794967E+00  4.24456512E-01  8.90387856E+00  7.03147179E-01  4.10036569E-01
 -2.26335027E+00  1.00000000E+00  1.65695169E+00 -1.69717933E+00  4.24475979E-01  8.89836014E+00  7.03142014E-01  4.09760906E-01
 -2.21375636E+00  1.00000000E+00  1.62744199E+00 -1.69729413E+00  4.24478341E-01  8.89743283E+00  7.03193226E-01  4.09711980E-01
 -2.16416245E+00  1.00000000E+00  1.59793228E+00 -1.69740890E+00  4.24478597E-01  8.89650566E+00  7.03244440E-01  4.09663061E-01
 -2.11456854E+00  1.00000000E+00  1.56852317E+00 -1.69761732E+00  4.24477569E-01  8.90037684E+00  7.03173523E-01  4.09860166E-01
 -2.06497463E+00  1.00000000E+00  1.53911407E+00 -1.69782574E+00  4.24449748E-01  8.90424981E+00  7.03102601E-01  4.10057361E-01
 -2.01538072E+00  1.00000000E+00  1.50956040E+00 -1.69766464E+00  4.24439571E-01  8.90253584E+00  7.03096016E-01  4.09971991E-01
 -1.96578682E+00  1.00000000E+00  1.48000674E+00 -1.69750356E+00  4.24465712E-01  8.90082221E+00  7.03089430E-01  4.09886639E-01
 -1.91619291E+00  1.00000000E+00  1.45059989E+00 -1.69779483E+00  4.24481668E-01  8.90315809E+00  7.03119386E-01  4.10001935E-01
 -1.86659900E+00  1.00000000E+00  1.42119304E+00 -1.69808615E+00  4.24444613E-01  8.90549459E+00  7.03149346E-01  4.10117262E-01
 -1.81700509E+00  1.00000000E+00  1.39160904E+00 -1.69779267E+00  4.24422985E-01  8.90271596E+00  7.03133204E-01  4.09979138E-01
 -1.76741118E+00  1.00000000E+00  1.36202505E+00 -1.69749925E+00  4.24434303E-01  8.89993822E+00  7.03117064E-01  4.09841058E-01
 -1.71781727E+00  1.00000000E+00  1.33263592E+00 -1.69729409E+00  4.24407998E-01  8.89894956E+00  7.03097906E-01  4.09792583E-01
 -1.66822336E+00  1.00000000E+00  1.30324678E+00 -1.69708896E+00  4.24354213E-01  8.89796102E+00  7.03078755E-01  4.09744113E-01
 -1.61862946E+00  1.00000000E+00  1.27373302E+00 -1.69706582E+00  4.24332578E-01  8.89601056E+00  7.03135167E-01  4.09643770E-01
 -1.56903555E+00  1.00000000E+00  1.24421925E+00 -1.69704265E+00  4.24319812E-01  8.89406059E+00  7.03191578E-01  4.09543450E-01
 -1.51944164E+00  1.00000000E+00  1.21483707E+00 -1.69796492E+00  4.24189754E-01  8.89894921E+00  7.03407485E-01  4.09777086E-01
 -1.46984773E+00  1.00000000E+00  1.18545489E+00 -1.69888769E+00  4.23950870E-01  8.90384052E+00  7.03623489E-01  4.10010852E-01
 -1.42025382E+00  1.00000000E+00  1.15596730E+00 -1.69774161E+00  4.23853926E-01  8.89600165E+00  7.03579361E-01  4.09621114E-01
 -1.37065991E+00  1.00000000E+00  1.12647971E+00 -1.69659641E+00  4.23771803E-01  8.88816968E+00  7.03535375E-01  4.09231715E-01
 -1.32106600E+00  1.00000000E+00  1.09704140E+00 -1.69684004E+00  4.23656210E-01  8.88876436E+00  7.03575517E-01  4.09259442E-01
 -1.27147210E+00  1.00000000E+00  1.06760309E+00 -1.69708368E+00  4.23489139E-01  8.88935909E+00  7.03615669E-01  4.09287171E-01
 -1.22187819E+00  1.00000000E+00  1.03826121E+00 -1.69682702E+00  4.23309017E-01  8.88477069E+00  7.03758654E-01  4.09050602E-01
 -1.17228428E+00  1.00000000E+00  1.00891932E+00 -1.69657042E+00  4.23092220E-01  8.88018480E+00  7.03901665E-01  4.08814157E-01
 -1.12269037E+00  1.00000000E+00  9.79667082E-01 -1.69627185E+00  4.22850682E-01  8.87478189E+00  7.04053112E-01  4.08536439E-01
 -1.07309646E+00  1.00000000E+00  9.50414844E-01 -1.69597335E+00  4.22591940E-01  8.86938248E+00  7.04204583E-01  4.08258895E-01
 -1.02350255E+00  1.00000000E+00  9.21367172E-01 -1.69560675E+00  4.22214703E-01  8.86254603E+00  7.04479400E-01  4.07903331E-01
 -9.73908645E-01  1.00000000E+00  8.92319500E-01 -1.69524034E+00  4.21809823E-01  8.85571516E+00  7.04754342E-01  4.07548041E-01
 -9.24314736E-01  1.00000000E+00  8.63450811E-01 -1.69460893E+00  4.21413006E-01  8.84942097E+00  7.04852819E-01  4.07228407E-01
 -8.74720828E-01  1.00000000E+00  8.34582122E-01 -1.69397785E+00  4.20999071E-01  8.84313135E+00  7.04951359E-01  4.06909000E-01
 -8.25312107E-01  1.00000000E+00  8.06322471E-01 -1.69360978E+00  4.20451699E-01  8.83254691E+00  7.05422922E-01  4.06356199E-01
 -7.75903387E-01  1.00000000E+00  7.78062820E-01 -1.69324187E+00  4.19925416E-01  8.82197618E+00  7.05894753E-01  4.05804071E-01
 -7.30665613E-01  1.00000000E+00  7.52662629E-01 -1.69285154E+00  4.19644682E-01  8.81589806E+00  7.06068761E-01  4.05491465E-01
 -6.85427839E-01  1.00000000E+00  7.27262438E-01 -1.69246135E+00  4.19281999E-01  8.80982434E+00  7.06242816E-01  4.05179076E-01
 -6.45465100E-01  1.00000000E+00  7.05473181E-01 -1.69126325E+00  4.19081776E-01  8.80530640E+00  7.06013061E-01  4.04964667E-01
 -6.05502361E-01  1.00000000E+00  6.83683924E-01 -1.69006581E+00  4.18958619E-01  8.80079085E+00  7.05783505E-01  4.04750367E-01
 -5.70199545E-01  1.00000000E+00  6.65201837E-01 -1.68910807E+00  4.18928928E-01  8.79772596E+00  7.05607624E-01  4.04605917E-01
 -5.34896729E-01  1.00000000E+00  6.46719751E-01 -1.68815068E+00  4.19067943E-01  8.79466224E+00  7.05431882E-01  4.04461518E-01
 -5.03710456E-01  1.00000000E+00  6.30978903E-01 -1.69000499E+00  4.19348046E-01  8.80196926E+00  7.05730712E-01  4.04811927E-01
 -4.72524184E-01  1.00000000E+00  6.15238056E-01 -1.69186090E+00  4.19725325E-01  8.80928253E+00  7.06030021E-01  4.05162625E-01
 -4.44974441E-01  1.00000000E+00  6.02495203E-01 -1.69492257E+00  4.20658808E-01  8.82931478E+00  7.06091082E-01  4.06161185E-01
 -4.17424698E-01  1.00000000E+00  5.89752350E-01 -1.69799045E+00  4.21619961E-01  8.84939259E+00  7.06153357E-01  4.07161962E-01
 -3.93087440E-01  1.00000000E+00  5.79156531E-01 -1.69836729E+00  4.22444736E-01  8.86495167E+00  7.05488838E-01  4.07973141E-01
 -3.68750182E-01  1.00000000E+00  5.68560712E-01 -1.69874392E+00  4.23933094E-01  8.88054082E+00  7.04824702E-01  4.08785806E-01
 -3.47250809E-01  1.00000000E+00  5.60111487E-01 -1.69775148E+00  4.25852918E-01  8.91263248E+00  7.02582982E-01  4.10502475E-01
 -3.25751437E-01  1.00000000E+00  5.51662262E-01 -1.69675394E+00  4.28189839E-01  8.94486141E+00  7.00346077E-01  4.12225767E-01
 -3.06759035E-01  1.00000000E+00  5.45318465E-01 -1.70382827E+00  4.30529920E-01  8.98975121E+00  7.00599274E-01  4.14457597E-01
 -2.87766633E-01  1.00000000E+00  5.38974668E-01 -1.71093470E+00  4.33188275E-01  9.03486609E+00  7.00858779E-01  4.16700366E-01
 -2.70988873E-01  1.00000000E+00  5.34378218E-01 -1.71225864E+00  4.36461295E-01  9.09006498E+00  6.98281729E-01  4.19589162E-01
 -2.54211113E-01  1.00000000E+00  5.29781768E-01 -1.71358302E+00  4.39968973E-01  9.14563328E+00  6.95711932E-01  4.22496068E-01
 -2.39389755E-01  1.00000000E+00  5.26851682E-01 -1.71749035E+00  4.43738336E-01  9.20778129E+00  6.93906575E-01  4.25693736E-01
 -2.24568396E-01  1.00000000E+00  5.23921595E-01 -1.72141301E+00  4.47814923E-01  9.27037265E+00  6.92106807E-01  4.28913292E-01
 -2.11472015E-01  1.00000000E+00  5.22555714E-01 -1.72851489E+00  4.52249508E-01  9.34882916E+00  6.90637282E-01  4.32909594E-01
 -1.98375634E-01  1.00000000E+00  5.21189832E-01 -1.73566096E+00  4.56906190E-01  9.42796649E+00  6.89177345E-01  4.36939457E-01
 -1.85977157E-01  1.00000000E+00  5.21641591E-01 -1.74628956E+00  4.62556687E-01  9.53036307E+00  6.87854445E-01  4.42125431E-01
 -1.73578680E-01  1.00000000E+00  5.22093350E-01 -1.75700845E+00  4.68555662E-01  9.63388981E+00  6.86548587E-01  4.47367061E-01
 -1.61180203E-01  1.00000000E+00  5.23600833E-01 -1.76123812E+00  4.76338185E-01  9.75657585E+00  6.81887784E-01  4.53734403E-01
 -1.48781726E-01  1.00000000E+00  5.25108316E-01 -1.76548160E+00  4.84505249E-01  9.88094622E+00  6.77252190E-01  4.60184701E-01
 -1.36383248E-01  1.00000000E+00  5.32162367E-01 -1.77684681E+00  4.94754414E-01  1.00620527E+01  6.72647102E-01  4.69470280E-01
 -1.23984771E-01  1.00000000E+00  5.39216418E-01 -1.78833339E+00  5.06244426E-01  1.02466279E+01  6.68081727E-01  4.78927309E-01
 -1.11586294E-01  1.00000000E+00  5.41888981E-01 -1.81713976E+00  5.21822790E-01  1.04593962E+01  6.68173060E-01  4.89561158E-01
 -9.91878171E-02  1.00000000E+00  5.44561544E-01 -1.84647668E+00  5.36642809E-01  1.06765866E+01  6.68362444E-01  5.00411206E-01
 -8.67893400E-02  1.00000000E+00  5.84637280E-01 -1.72927643E+00  5.59881621E-01  1.09636001E+01  6.18022563E-01  5.17278876E-01
 -7.43908628E-02  1.00000000E+00  6.24713015E-01 -1.60962068E+00  5.92564863E-01  1.12707993E+01  5.71048237E-01  5.34987554E-01
 -6.19923857E-02  1.00000000E+00  5.72576324E-01 -1.41233962E+00  6.23087903E-01  1.09505733E+01  5.30637407E-01  5.20996796E-01
 -4.95939085E-02  1.00000000E+00  5.20439632E-01 -1.22258251E+00  6.22187265E-01  1.06509573E+01  4.95899071E-01  5.07752913E-01
 -3.71954314E-02  1.00000000E+00  1.02691766E+00 -3.54543306E+00  6.41542594E-01  1.54350090E+01  1.09297744E+00  7.17101578E-01
 -2.47969543E-02  1.00000000E+00  1.53339569E+00 -7.51294128E+00  7.49439545E-01  2.39398284E+01  2.56170211E+00  1.06890632E+00
 -1.23984771E-02  1.00000000E+00  6.15677988E-01  1.72756210E+00  1.55250376E+00  1.37475368E+01  5.79051389E-01  6.58424269E-01
  0.00000000E+00  1.00000000E+00 -3.02039709E-01  1.55702074E+01  4.43043606E+00  2.87360694E+01  8.61296821E+00  1.00615506E+00
