# curve 5 (die wall), step =      300, time =   2.40000000E+02
# N1 = tau_xx - tau_yy = G ( c_xx - c_yy ),  G =  1.2000E+00  (polymer part only)
#              x               y        pressure            c_xy        gammadot            c_xx            c_yy              N1
 -3.00000000E+00  1.00000000E+00  2.62013192E+00 -2.00009733E-01  3.99993983E-01  1.07992691E+00  1.00002489E+00  9.58824266E-02
 -2.95108291E+00  1.00000000E+00  2.58099451E+00 -2.00012834E-01  3.99998062E-01  1.07993007E+00  1.00002449E+00  9.58866923E-02
 -2.90216582E+00  1.00000000E+00  2.54185710E+00 -2.00015936E-01  4.00001939E-01  1.07993322E+00  1.00002409E+00  9.58909581E-02
 -2.85324873E+00  1.00000000E+00  2.50272379E+00 -2.00017397E-01  3.99999675E-01  1.07991217E+00  1.00003128E+00  9.58570730E-02
 -2.80433164E+00  1.00000000E+00  2.46359048E+00 -2.00018858E-01  3.99994138E-01  1.07989112E+00  1.00003846E+00  9.58231884E-02
 -2.75541455E+00  1.00000000E+00  2.42445255E+00 -2.00013642E-01  3.99998575E-01  1.07992584E+00  1.00002615E+00  9.58796306E-02
 -2.70649746E+00  1.00000000E+00  2.38531462E+00 -2.00008426E-01  3.99999338E-01  1.07996056E+00  1.00001383E+00  9.59360740E-02
 -2.65758037E+00  1.00000000E+00  2.34618408E+00 -2.00010452E-01  3.99998449E-01  1.07994782E+00  1.00001850E+00  9.59151831E-02
 -2.60866328E+00  1.00000000E+00  2.30705354E+00 -2.00012478E-01  3.99999974E-01  1.07993508E+00  1.00002317E+00  9.58942925E-02
 -2.55974619E+00  1.00000000E+00  2.26791700E+00 -2.00009660E-01  3.99998521E-01  1.07995278E+00  1.00001677E+00  9.59232098E-02
 -2.51082911E+00  1.00000000E+00  2.22878047E+00 -2.00006842E-01  4.00003720E-01  1.07997048E+00  1.00001037E+00  9.59521274E-02
 -2.46191202E+00  1.00000000E+00  2.18964884E+00 -2.00009163E-01  3.99999565E-01  1.07995186E+00  1.00001692E+00  9.59219170E-02
 -2.41299493E+00  1.00000000E+00  2.15051721E+00 -2.00011484E-01  3.99995090E-01  1.07993323E+00  1.00002348E+00  9.58917070E-02
 -2.36407784E+00  1.00000000E+00  2.11138138E+00 -2.00007718E-01  3.99997295E-01  1.07995407E+00  1.00001572E+00  9.59260235E-02
 -2.31516075E+00  1.00000000E+00  2.07224556E+00 -2.00003952E-01  3.99999801E-01  1.07997492E+00  1.00000796E+00  9.59603404E-02
 -2.26624366E+00  1.00000000E+00  2.03311097E+00 -2.00008355E-01  3.99998233E-01  1.07995335E+00  1.00001608E+00  9.59247285E-02
 -2.21732657E+00  1.00000000E+00  1.99397637E+00 -2.00012757E-01  3.99999023E-01  1.07993179E+00  1.00002419E+00  9.58891170E-02
 -2.16840948E+00  1.00000000E+00  1.95484761E+00 -2.00012531E-01  3.99995563E-01  1.07992265E+00  1.00002702E+00  9.58747630E-02
 -2.11949239E+00  1.00000000E+00  1.91571886E+00 -2.00012304E-01  3.99989154E-01  1.07991352E+00  1.00002985E+00  9.58604091E-02
 -2.07057530E+00  1.00000000E+00  1.87657952E+00 -2.00011378E-01  3.99990343E-01  1.07991579E+00  1.00002886E+00  9.58643149E-02
 -2.02165821E+00  1.00000000E+00  1.83744019E+00 -2.00010452E-01  3.99992364E-01  1.07991806E+00  1.00002788E+00  9.58682206E-02
 -1.97274112E+00  1.00000000E+00  1.79831319E+00 -2.00010427E-01  3.99984404E-01  1.07989863E+00  1.00003415E+00  9.58373837E-02
 -1.92382403E+00  1.00000000E+00  1.75918619E+00 -2.00010401E-01  3.99973988E-01  1.07987921E+00  1.00004042E+00  9.58065471E-02
 -1.87490694E+00  1.00000000E+00  1.72005252E+00 -2.00001710E-01  3.99970198E-01  1.07990837E+00  1.00002903E+00  9.58552190E-02
 -1.82598985E+00  1.00000000E+00  1.68091885E+00 -1.99993018E-01  3.99964951E-01  1.07993754E+00  1.00001763E+00  9.59038917E-02
 -1.77707276E+00  1.00000000E+00  1.64179405E+00 -1.99993602E-01  3.99959503E-01  1.07991400E+00  1.00002519E+00  9.58665780E-02
 -1.72815567E+00  1.00000000E+00  1.60266925E+00 -1.99994187E-01  3.99953899E-01  1.07989047E+00  1.00003274E+00  9.58292648E-02
 -1.67923858E+00  1.00000000E+00  1.56353853E+00 -1.99985070E-01  3.99937779E-01  1.07989988E+00  1.00002712E+00  9.58473111E-02
 -1.63032150E+00  1.00000000E+00  1.52440780E+00 -1.99975953E-01  3.99928833E-01  1.07990929E+00  1.00002149E+00  9.58653574E-02
 -1.58140441E+00  1.00000000E+00  1.48530322E+00 -1.99970897E-01  3.99910347E-01  1.07988912E+00  1.00002738E+00  9.58340839E-02
 -1.53248732E+00  1.00000000E+00  1.44619865E+00 -1.99965840E-01  3.99893980E-01  1.07986894E+00  1.00003326E+00  9.58028107E-02
 -1.48357023E+00  1.00000000E+00  1.40709539E+00 -1.99954270E-01  3.99874393E-01  1.07986246E+00  1.00003317E+00  9.57951474E-02
 -1.43465314E+00  1.00000000E+00  1.36799213E+00 -1.99942701E-01  3.99849853E-01  1.07985598E+00  1.00003308E+00  9.57874840E-02
 -1.38573605E+00  1.00000000E+00  1.32890405E+00 -1.99925341E-01  3.99821327E-01  1.07986470E+00  1.00002553E+00  9.58069990E-02
 -1.33681896E+00  1.00000000E+00  1.28981597E+00 -1.99907981E-01  3.99800284E-01  1.07987342E+00  1.00001799E+00  9.58265140E-02
 -1.28790187E+00  1.00000000E+00  1.25077061E+00 -1.99897046E-01  3.99770925E-01  1.07985526E+00  1.00002054E+00  9.58016674E-02
 -1.23898478E+00  1.00000000E+00  1.21172524E+00 -1.99886111E-01  3.99741063E-01  1.07983710E+00  1.00002308E+00  9.57768211E-02
 -1.19006769E+00  1.00000000E+00  1.17272587E+00 -1.99872889E-01  3.99714971E-01  1.07982063E+00  1.00002773E+00  9.57514772E-02
 -1.14115060E+00  1.00000000E+00  1.13372649E+00 -1.99859668E-01  3.99689374E-01  1.07980416E+00  1.00003238E+00  9.57261334E-02
 -1.09223351E+00  1.00000000E+00  1.09481470E+00 -1.99858760E-01  3.99679468E-01  1.07979052E+00  1.00003589E+00  9.57055458E-02
 -1.04331642E+00  1.00000000E+00  1.05590291E+00 -1.99857851E-01  3.99671054E-01  1.07977687E+00  1.00003940E+00  9.56849584E-02
 -9.94399333E-01  1.00000000E+00  1.01708802E+00 -1.99863020E-01  3.99689001E-01  1.07981182E+00  1.00002784E+00  9.57407780E-02
 -9.45482243E-01  1.00000000E+00  9.78273130E-01 -1.99868189E-01  3.99722322E-01  1.07984678E+00  1.00001628E+00  9.57965987E-02
 -8.96565154E-01  1.00000000E+00  9.39640303E-01 -1.99930979E-01  3.99829037E-01  1.07987958E+00  1.00002565E+00  9.58247230E-02
 -8.47648064E-01  1.00000000E+00  9.01007476E-01 -1.99993772E-01  3.99965661E-01  1.07991239E+00  1.00003502E+00  9.58528480E-02
 -7.99501858E-01  1.00000000E+00  8.63249574E-01 -2.00129796E-01  4.00194284E-01  1.08001621E+00  1.00004743E+00  9.59625343E-02
 -7.51355652E-01  1.00000000E+00  8.25491671E-01 -2.00265830E-01  4.00508306E-01  1.08012005E+00  1.00005986E+00  9.60722295E-02
 -7.08111109E-01  1.00000000E+00  7.91870257E-01 -2.00512765E-01  4.00918512E-01  1.08034173E+00  1.00004525E+00  9.63557692E-02
 -6.64866566E-01  1.00000000E+00  7.58248843E-01 -2.00759736E-01  4.01516951E-01  1.08056350E+00  1.00003071E+00  9.66393489E-02
 -6.26599939E-01  1.00000000E+00  7.28793219E-01 -2.01188430E-01  4.02286090E-01  1.08086994E+00  1.00006500E+00  9.69659265E-02
 -5.88333313E-01  1.00000000E+00  6.99337594E-01 -2.01617227E-01  4.03162927E-01  1.08117661E+00  1.00009946E+00  9.72925801E-02
 -5.54471587E-01  1.00000000E+00  6.73720326E-01 -2.02215747E-01  4.04333838E-01  1.08174276E+00  1.00002316E+00  9.80635271E-02
 -5.20609860E-01  1.00000000E+00  6.48103058E-01 -2.02814475E-01  4.05633845E-01  1.08230948E+00  9.99947205E-01  9.88347259E-02
 -4.90645977E-01  1.00000000E+00  6.25627361E-01 -2.03669130E-01  4.07168902E-01  1.08290801E+00  1.00004788E+00  9.94321529E-02
 -4.60682095E-01  1.00000000E+00  6.03151664E-01 -2.04524209E-01  4.08873769E-01  1.08350745E+00  1.00014923E+00  1.00029869E-01
 -4.34167380E-01  1.00000000E+00  5.83958613E-01 -2.05605145E-01  4.11040013E-01  1.08451004E+00  1.00003427E+00  1.01370927E-01
 -4.07652666E-01  1.00000000E+00  5.64765562E-01 -2.06686761E-01  4.13397902E-01  1.08551443E+00  9.99920452E-01  1.02712776E-01
 -3.84190072E-01  1.00000000E+00  5.47870326E-01 -2.08033017E-01  4.15906854E-01  1.08655646E+00  1.00000069E+00  1.03866933E-01
 -3.60727478E-01  1.00000000E+00  5.30975090E-01 -2.09380343E-01  4.18669758E-01  1.08760090E+00  1.00008259E+00  1.05021973E-01
 -3.39965684E-01  1.00000000E+00  5.16602945E-01 -2.11036171E-01  4.21993530E-01  1.08907437E+00  1.00000292E+00  1.06885735E-01
 -3.19203889E-01  1.00000000E+00  5.02230800E-01 -2.12693629E-01  4.25495841E-01  1.09055187E+00  9.99925844E-01  1.08751235E-01
 -3.00831998E-01  1.00000000E+00  4.89949366E-01 -2.14759974E-01  4.29365168E-01  1.09222729E+00  1.00001833E+00  1.10650747E-01
 -2.82460107E-01  1.00000000E+00  4.77667932E-01 -2.16828894E-01  4.33545621E-01  1.09390852E+00  1.00011474E+00  1.12552536E-01
 -2.66203017E-01  1.00000000E+00  4.67250649E-01 -2.19183565E-01  4.38233121E-01  1.09609452E+00  9.99992845E-01  1.15322014E-01
 -2.49945927E-01  1.00000000E+00  4.56833365E-01 -2.21541660E-01  4.43155633E-01  1.09828893E+00  9.99876174E-01  1.18095310E-01
 -2.35560203E-01  1.00000000E+00  4.48136593E-01 -2.24272193E-01  4.48391858E-01  1.10067244E+00  9.99936753E-01  1.20882831E-01
 -2.21174479E-01  1.00000000E+00  4.39439822E-01 -2.27007411E-01  4.54055435E-01  1.10306662E+00  1.00000417E+00  1.23674938E-01
 -2.08421419E-01  1.00000000E+00  4.32092423E-01 -2.30303012E-01  4.60307514E-01  1.10603691E+00  1.00004485E+00  1.27190470E-01
 -1.95668358E-01  1.00000000E+00  4.24745023E-01 -2.33605546E-01  4.66921426E-01  1.10902306E+00  1.00009549E+00  1.30713087E-01
 -1.83439085E-01  1.00000000E+00  4.18792568E-01 -2.37415414E-01  4.74617995E-01  1.11285547E+00  9.99882198E-01  1.35567929E-01
 -1.71209813E-01  1.00000000E+00  4.12840112E-01 -2.41234912E-01  4.82718595E-01  1.11671114E+00  9.99682459E-01  1.40434423E-01
 -1.58980541E-01  1.00000000E+00  4.07133500E-01 -2.46452179E-01  4.92640369E-01  1.12149005E+00  9.99974984E-01  1.45818083E-01
 -1.46751268E-01  1.00000000E+00  4.01426888E-01 -2.51687771E-01  5.03133849E-01  1.12630856E+00  1.00029189E+00  1.51220011E-01
 -1.34521996E-01  1.00000000E+00  3.98477443E-01 -2.58426281E-01  5.16738684E-01  1.13398720E+00  9.99652847E-01  1.61201223E-01
 -1.22292724E-01  1.00000000E+00  3.95527998E-01 -2.65197757E-01  5.31195555E-01  1.14174702E+00  9.99056424E-01  1.71228715E-01
 -1.10063451E-01  1.00000000E+00  3.88928302E-01 -2.75979875E-01  5.51416830E-01  1.15110272E+00  1.00088034E+00  1.80266855E-01
 -9.78341789E-02  1.00000000E+00  3.82328607E-01 -2.86843601E-01  5.71291928E-01  1.16061547E+00  1.00280517E+00  1.89372364E-01
 -8.56049065E-02  1.00000000E+00  4.02834563E-01 -3.00388519E-01  6.00319642E-01  1.18458995E+00  9.96969623E-01  2.25144395E-01
 -7.33756342E-02  1.00000000E+00  4.23340518E-01 -3.14109511E-01  6.36608500E-01  1.20913849E+00  9.91354215E-01  2.61341130E-01
 -6.11463618E-02  1.00000000E+00  3.50559903E-01 -3.40542273E-01  6.94453351E-01  1.23026406E+00  1.00003385E+00  2.76276247E-01
 -4.89170895E-02  1.00000000E+00  2.77779288E-01 -3.67481325E-01  7.33261631E-01  1.25222773E+00  1.00930718E+00  2.91504655E-01
 -3.66878171E-02  1.00000000E+00  6.49111594E-01 -4.59657049E-01  8.23791257E-01  1.36205068E+00  1.02913076E+00  3.99503904E-01
 -2.44585447E-02  1.00000000E+00  1.02044390E+00 -5.59312865E-01  9.99872733E-01  1.48570721E+00  1.05555129E+00  5.16187104E-01
 -1.22292724E-02  1.00000000E+00  2.22401190E-02 -3.47455948E-01  1.69934290E+00  2.11306024E+00  7.35857542E-01  1.65264324E+00
  0.00000000E+00  1.00000000E+00 -9.75963661E-01 -9.95688637E-02  2.91824502E+00  3.14840945E+00  5.23545207E-01  3.14983709E+00
