# curve 5 (die wall), step =      370, time =   1.48000000E+02
# N1 = tau_xx - tau_yy = G ( c_xx - c_yy ),  G =  2.5000E-02  (polymer part only)
#              x               y        pressure            c_xy        gammadot            c_xx            c_yy              N1
 -1.00000000E+01  1.00000000E+00  8.01735643E+00 -1.11766894E+00  4.02806528E-01  3.73208429E+00  8.73708347E-01  7.14593985E-02
 -9.95040609E+00  1.00000000E+00  7.97862668E+00 -1.11741437E+00  4.02814585E-01  3.73119312E+00  8.73687644E-01  7.14376370E-02
 -9.90081218E+00  1.00000000E+00  7.93989693E+00 -1.11715985E+00  4.02820877E-01  3.73030217E+00  8.73666959E-01  7.14158804E-02
 -9.85121827E+00  1.00000000E+00  7.90117917E+00 -1.11734533E+00  4.02819047E-01  3.73119462E+00  8.73674397E-01  7.14380055E-02
 -9.80162437E+00  1.00000000E+00  7.86246140E+00 -1.11753084E+00  4.02814214E-01  3.73208728E+00  8.73681843E-01  7.14601359E-02
 -9.75203046E+00  1.00000000E+00  7.82371951E+00 -1.11751075E+00  4.02812388E-01  3.73163624E+00  8.73695476E-01  7.14485192E-02
 -9.70243655E+00  1.00000000E+00  7.78497763E+00 -1.11749066E+00  4.02814947E-01  3.73118527E+00  8.73709109E-01  7.14369041E-02
 -9.65284264E+00  1.00000000E+00  7.74625256E+00 -1.11759755E+00  4.02814785E-01  3.73171293E+00  8.73718933E-01  7.14498499E-02
 -9.60324873E+00  1.00000000E+00  7.70752749E+00 -1.11770444E+00  4.02808392E-01  3.73224066E+00  8.73728758E-01  7.14627976E-02
 -9.55365482E+00  1.00000000E+00  7.66880942E+00 -1.11802094E+00  4.02803815E-01  3.73363131E+00  8.73753148E-01  7.14969541E-02
 -9.50406091E+00  1.00000000E+00  7.63009135E+00 -1.11833754E+00  4.02793739E-01  3.73502248E+00  8.73777561E-01  7.15311230E-02
 -9.45446701E+00  1.00000000E+00  7.59134013E+00 -1.11796321E+00  4.02794960E-01  3.73361405E+00  8.73741549E-01  7.14968125E-02
 -9.40487310E+00  1.00000000E+00  7.55258892E+00 -1.11758901E+00  4.02798883E-01  3.73220614E+00  8.73705574E-01  7.14625142E-02
 -9.35527919E+00  1.00000000E+00  7.51387050E+00 -1.11811012E+00  4.02801084E-01  3.73359249E+00  8.73776600E-01  7.14953973E-02
 -9.30568528E+00  1.00000000E+00  7.47515208E+00 -1.11863141E+00  4.02799498E-01  3.73497937E+00  8.73847712E-01  7.15282915E-02
 -9.25609137E+00  1.00000000E+00  7.43642713E+00 -1.11827275E+00  4.02801604E-01  3.73429144E+00  8.73784949E-01  7.15126622E-02
 -9.20649746E+00  1.00000000E+00  7.39770217E+00 -1.11791415E+00  4.02806054E-01  3.73360365E+00  8.73722232E-01  7.14970355E-02
 -9.15690355E+00  1.00000000E+00  7.35896276E+00 -1.11788058E+00  4.02805539E-01  3.73305653E+00  8.73740277E-01  7.14829063E-02
 -9.10730965E+00  1.00000000E+00  7.32022334E+00 -1.11784701E+00  4.02806981E-01  3.73250950E+00  8.73758321E-01  7.14687794E-02
 -9.05771574E+00  1.00000000E+00  7.28150624E+00 -1.11786096E+00  4.02811346E-01  3.73279067E+00  8.73735137E-01  7.14763883E-02
 -9.00812183E+00  1.00000000E+00  7.24278914E+00 -1.11787491E+00  4.02815092E-01  3.73307186E+00  8.73711953E-01  7.14839977E-02
 -8.95852792E+00  1.00000000E+00  7.20405228E+00 -1.11783705E+00  4.02814380E-01  3.73266396E+00  8.73729623E-01  7.14733586E-02
 -8.90893401E+00  1.00000000E+00  7.16531543E+00 -1.11779919E+00  4.02813788E-01  3.73225611E+00  8.73747292E-01  7.14627206E-02
 -8.85934010E+00  1.00000000E+00  7.12659110E+00 -1.11780380E+00  4.02814821E-01  3.73263338E+00  8.73728116E-01  7.14726316E-02
 -8.80974619E+00  1.00000000E+00  7.08786677E+00 -1.11780842E+00  4.02811124E-01  3.73301069E+00  8.73708941E-01  7.14825438E-02
 -8.76015229E+00  1.00000000E+00  7.04912603E+00 -1.11774374E+00  4.02809079E-01  3.73241483E+00  8.73719500E-01  7.14673833E-02
 -8.71055838E+00  1.00000000E+00  7.01038529E+00 -1.11767907E+00  4.02812983E-01  3.73181907E+00  8.73730058E-01  7.14522254E-02
 -8.66096447E+00  1.00000000E+00  6.97166586E+00 -1.11750098E+00  4.02815222E-01  3.73143364E+00  8.73703612E-01  7.14432507E-02
 -8.61137056E+00  1.00000000E+00  6.93294642E+00 -1.11732290E+00  4.02813970E-01  3.73104825E+00  8.73677177E-01  7.14342769E-02
 -8.56177665E+00  1.00000000E+00  6.89421754E+00 -1.11743669E+00  4.02814132E-01  3.73133253E+00  8.73696856E-01  7.14408918E-02
 -8.51218274E+00  1.00000000E+00  6.85548865E+00 -1.11755048E+00  4.02813729E-01  3.73161683E+00  8.73716538E-01  7.14475072E-02
 -8.46258884E+00  1.00000000E+00  6.81675479E+00 -1.11792839E+00  4.02809314E-01  3.73299629E+00  8.73748816E-01  7.14811869E-02
 -8.41299493E+00  1.00000000E+00  6.77802092E+00 -1.11830643E+00  4.02801379E-01  3.73437627E+00  8.73781133E-01  7.15148783E-02
 -8.36340102E+00  1.00000000E+00  6.73929490E+00 -1.11780188E+00  4.02806983E-01  3.73290896E+00  8.73715493E-01  7.14798366E-02
 -8.31380711E+00  1.00000000E+00  6.70056888E+00 -1.11729752E+00  4.02810257E-01  3.73144224E+00  8.73649931E-01  7.14448076E-02
 -8.26421320E+00  1.00000000E+00  6.66183855E+00 -1.11743812E+00  4.02811384E-01  3.73154639E+00  8.73685153E-01  7.14465310E-02
 -8.21461929E+00  1.00000000E+00  6.62310823E+00 -1.11757872E+00  4.02813120E-01  3.73165057E+00  8.73720383E-01  7.14482546E-02
 -8.16502538E+00  1.00000000E+00  6.58438140E+00 -1.11799231E+00  4.02811490E-01  3.73321259E+00  8.73759508E-01  7.14863272E-02
 -8.11543148E+00  1.00000000E+00  6.54565458E+00 -1.11840606E+00  4.02803077E-01  3.73477527E+00  8.73798677E-01  7.15244149E-02
 -8.06583757E+00  1.00000000E+00  6.50691422E+00 -1.11786783E+00  4.02805905E-01  3.73303428E+00  8.73731441E-01  7.14825710E-02
 -8.01624366E+00  1.00000000E+00  6.46817386E+00 -1.11732982E+00  4.02811021E-01  3.73129411E+00  8.73664287E-01  7.14407455E-02
 -7.96664975E+00  1.00000000E+00  6.42946071E+00 -1.11745860E+00  4.02811373E-01  3.73159977E+00  8.73688944E-01  7.14477706E-02
 -7.91705584E+00  1.00000000E+00  6.39074756E+00 -1.11758740E+00  4.02810885E-01  3.73190546E+00  8.73713607E-01  7.14547963E-02
 -7.86746193E+00  1.00000000E+00  6.35201034E+00 -1.11787181E+00  4.02810035E-01  3.73281220E+00  8.73749128E-01  7.14765768E-02
 -7.81786802E+00  1.00000000E+00  6.31327311E+00 -1.11815629E+00  4.02805178E-01  3.73371917E+00  8.73784672E-01  7.14983624E-02
 -7.76827412E+00  1.00000000E+00  6.27453834E+00 -1.11780004E+00  4.02805935E-01  3.73275470E+00  8.73731085E-01  7.14755905E-02
 -7.71868021E+00  1.00000000E+00  6.23580358E+00 -1.11744388E+00  4.02808284E-01  3.73179050E+00  8.73677537E-01  7.14528240E-02
 -7.66908630E+00  1.00000000E+00  6.19708078E+00 -1.11755727E+00  4.02808716E-01  3.73191037E+00  8.73703315E-01  7.14551764E-02
 -7.61949239E+00  1.00000000E+00  6.15835799E+00 -1.11767066E+00  4.02810636E-01  3.73203026E+00  8.73729097E-01  7.14575290E-02
 -7.56989848E+00  1.00000000E+00  6.11963122E+00 -1.11802421E+00  4.02810966E-01  3.73327158E+00  8.73761955E-01  7.14877406E-02
 -7.52030457E+00  1.00000000E+00  6.08090446E+00 -1.11837788E+00  4.02805989E-01  3.73451332E+00  8.73794848E-01  7.15179617E-02
 -7.47071066E+00  1.00000000E+00  6.04216623E+00 -1.11792436E+00  4.02807064E-01  3.73316692E+00  8.73739216E-01  7.14856926E-02
 -7.42111676E+00  1.00000000E+00  6.00342800E+00 -1.11747100E+00  4.02809965E-01  3.73182101E+00  8.73683646E-01  7.14534341E-02
 -7.37152285E+00  1.00000000E+00  5.96470812E+00 -1.11757008E+00  4.02809725E-01  3.73191091E+00  8.73710272E-01  7.14550160E-02
 -7.32192894E+00  1.00000000E+00  5.92598823E+00 -1.11766915E+00  4.02810467E-01  3.73200082E+00  8.73736901E-01  7.14565979E-02
 -7.27233503E+00  1.00000000E+00  5.88725563E+00 -1.11795698E+00  4.02810049E-01  3.73296211E+00  8.73750781E-01  7.14802833E-02
 -7.22274112E+00  1.00000000E+00  5.84852303E+00 -1.11824487E+00  4.02809036E-01  3.73392365E+00  8.73764687E-01  7.15039742E-02
 -7.17314721E+00  1.00000000E+00  5.80979471E+00 -1.11778231E+00  4.02814530E-01  3.73268619E+00  8.73706411E-01  7.14744945E-02
 -7.12355330E+00  1.00000000E+00  5.77106639E+00 -1.11731989E+00  4.02815390E-01  3.73144916E+00  8.73648205E-01  7.14450238E-02
 -7.07395940E+00  1.00000000E+00  5.73233400E+00 -1.11744927E+00  4.02813654E-01  3.73153043E+00  8.73683607E-01  7.14461706E-02
 -7.02436549E+00  1.00000000E+00  5.69360162E+00 -1.11757865E+00  4.02811889E-01  3.73161172E+00  8.73719015E-01  7.14473175E-02
 -6.97477158E+00  1.00000000E+00  5.65487593E+00 -1.11799603E+00  4.02809550E-01  3.73316615E+00  8.73763021E-01  7.14850782E-02
 -6.92517767E+00  1.00000000E+00  5.61615025E+00 -1.11841357E+00  4.02800383E-01  3.73472123E+00  8.73807072E-01  7.15228539E-02
 -6.87558376E+00  1.00000000E+00  5.57741185E+00 -1.11787561E+00  4.02803376E-01  3.73306543E+00  8.73731990E-01  7.14833359E-02
 -6.82598985E+00  1.00000000E+00  5.53867344E+00 -1.11733788E+00  4.02809590E-01  3.73141036E+00  8.73656990E-01  7.14438344E-02
 -6.77639594E+00  1.00000000E+00  5.49995427E+00 -1.11745406E+00  4.02812621E-01  3.73158951E+00  8.73686595E-01  7.14475728E-02
 -6.72680204E+00  1.00000000E+00  5.46123511E+00 -1.11757024E+00  4.02814438E-01  3.73176866E+00  8.73716204E-01  7.14513115E-02
 -6.67720813E+00  1.00000000E+00  5.42249995E+00 -1.11794250E+00  4.02810926E-01  3.73306054E+00  8.73749863E-01  7.14827670E-02
 -6.62761422E+00  1.00000000E+00  5.38376479E+00 -1.11831488E+00  4.02802519E-01  3.73435287E+00  8.73783561E-01  7.15142326E-02
 -6.57802031E+00  1.00000000E+00  5.34503884E+00 -1.11780758E+00  4.02807309E-01  3.73290446E+00  8.73716617E-01  7.14796960E-02
 -6.52842640E+00  1.00000000E+00  5.30631290E+00 -1.11730046E+00  4.02810379E-01  3.73145662E+00  8.73649752E-01  7.14451718E-02
 -6.47883249E+00  1.00000000E+00  5.26758198E+00 -1.11743959E+00  4.02811364E-01  3.73155491E+00  8.73685152E-01  7.14467440E-02
 -6.42923858E+00  1.00000000E+00  5.22885107E+00 -1.11757872E+00  4.02812830E-01  3.73165322E+00  8.73720559E-01  7.14483164E-02
 -6.37964468E+00  1.00000000E+00  5.19012553E+00 -1.11801311E+00  4.02810879E-01  3.73326570E+00  8.73764998E-01  7.14875175E-02
 -6.33005077E+00  1.00000000E+00  5.15139998E+00 -1.11844767E+00  4.02802384E-01  3.73487888E+00  8.73809485E-01  7.15267348E-02
 -6.28045686E+00  1.00000000E+00  5.11265768E+00 -1.11787719E+00  4.02805325E-01  3.73305201E+00  8.73732264E-01  7.14829937E-02
 -6.23086295E+00  1.00000000E+00  5.07391538E+00 -1.11730697E+00  4.02811134E-01  3.73122604E+00  8.73655134E-01  7.14392728E-02
 -6.18126904E+00  1.00000000E+00  5.03520372E+00 -1.11745200E+00  4.02812629E-01  3.73158467E+00  8.73685719E-01  7.14474739E-02
 -6.13167513E+00  1.00000000E+00  4.99649206E+00 -1.11759705E+00  4.02812534E-01  3.73194334E+00  8.73716311E-01  7.14556757E-02
 -6.08208123E+00  1.00000000E+00  4.95775476E+00 -1.11788474E+00  4.02810044E-01  3.73285251E+00  8.73752853E-01  7.14774914E-02
 -6.03248732E+00  1.00000000E+00  4.91901746E+00 -1.11817250E+00  4.02803766E-01  3.73376190E+00  8.73789420E-01  7.14993121E-02
 -5.98289341E+00  1.00000000E+00  4.88028261E+00 -1.11782520E+00  4.02804615E-01  3.73281391E+00  8.73738006E-01  7.14768977E-02
 -5.93329950E+00  1.00000000E+00  4.84154776E+00 -1.11747798E+00  4.02806927E-01  3.73186617E+00  8.73686630E-01  7.14544885E-02
 -5.88370559E+00  1.00000000E+00  4.80282554E+00 -1.11758738E+00  4.02807132E-01  3.73198856E+00  8.73709118E-01  7.14569861E-02
 -5.83411168E+00  1.00000000E+00  4.76410332E+00 -1.11769679E+00  4.02809017E-01  3.73211097E+00  8.73731610E-01  7.14594839E-02
 -5.78451777E+00  1.00000000E+00  4.72537623E+00 -1.11803437E+00  4.02810708E-01  3.73328510E+00  8.73764985E-01  7.14880028E-02
 -5.73492387E+00  1.00000000E+00  4.68664915E+00 -1.11837205E+00  4.02805857E-01  3.73445959E+00  8.73798393E-01  7.15165300E-02
 -5.68532996E+00  1.00000000E+00  4.64791173E+00 -1.11792098E+00  4.02806366E-01  3.73312781E+00  8.73741256E-01  7.14846639E-02
 -5.63573605E+00  1.00000000E+00  4.60917431E+00 -1.11747006E+00  4.02810120E-01  3.73179651E+00  8.73684180E-01  7.14528083E-02
 -5.58614214E+00  1.00000000E+00  4.57045363E+00 -1.11756967E+00  4.02810582E-01  3.73189846E+00  8.73710700E-01  7.14546939E-02
 -5.53654823E+00  1.00000000E+00  4.53173294E+00 -1.11766928E+00  4.02811505E-01  3.73200041E+00  8.73737223E-01  7.14565797E-02
 -5.48695432E+00  1.00000000E+00  4.49300061E+00 -1.11798365E+00  4.02810654E-01  3.73305162E+00  8.73757825E-01  7.14823448E-02
 -5.43736041E+00  1.00000000E+00  4.45426828E+00 -1.11829811E+00  4.02808117E-01  3.73410312E+00  8.73778458E-01  7.15081165E-02
 -5.38776651E+00  1.00000000E+00  4.41553742E+00 -1.11782756E+00  4.02811738E-01  3.73283365E+00  8.73718427E-01  7.14778806E-02
 -5.33817260E+00  1.00000000E+00  4.37680655E+00 -1.11735715E+00  4.02812817E-01  3.73156463E+00  8.73658467E-01  7.14476542E-02
 -5.28857869E+00  1.00000000E+00  4.33807598E+00 -1.11748478E+00  4.02811423E-01  3.73164191E+00  8.73691856E-01  7.14487512E-02
 -5.23898478E+00  1.00000000E+00  4.29934542E+00 -1.11761241E+00  4.02810383E-01  3.73171919E+00  8.73725252E-01  7.14498484E-02
 -5.18939087E+00  1.00000000E+00  4.26061965E+00 -1.11799191E+00  4.02809390E-01  3.73309861E+00  8.73762901E-01  7.14833928E-02
 -5.13979696E+00  1.00000000E+00  4.22189388E+00 -1.11837152E+00  4.02801618E-01  3.73447855E+00  8.73800588E-01  7.15169490E-02
 -5.09020305E+00  1.00000000E+00  4.18315679E+00 -1.11791667E+00  4.02803070E-01  3.73310641E+00  8.73743145E-01  7.14840817E-02
 -5.04060915E+00  1.00000000E+00  4.14441969E+00 -1.11746197E+00  4.02807459E-01  3.73173479E+00  8.73685764E-01  7.14512258E-02
 -4.99101524E+00  1.00000000E+00  4.10570039E+00 -1.11756231E+00  4.02808680E-01  3.73184866E+00  8.73711447E-01  7.14534302E-02
 -4.94142133E+00  1.00000000E+00  4.06698109E+00 -1.11766265E+00  4.02810375E-01  3.73196252E+00  8.73737134E-01  7.14556347E-02
 -4.89182742E+00  1.00000000E+00  4.02824819E+00 -1.11797781E+00  4.02810083E-01  3.73302759E+00  8.73757081E-01  7.14817628E-02
 -4.84223351E+00  1.00000000E+00  3.98951529E+00 -1.11829304E+00  4.02807944E-01  3.73409296E+00  8.73777058E-01  7.15078976E-02
 -4.79263960E+00  1.00000000E+00  3.95078609E+00 -1.11781689E+00  4.02811556E-01  3.73279858E+00  8.73716595E-01  7.14770495E-02
 -4.74304569E+00  1.00000000E+00  3.91205688E+00 -1.11734089E+00  4.02812686E-01  3.73150466E+00  8.73656205E-01  7.14462113E-02
 -4.69345179E+00  1.00000000E+00  3.87332532E+00 -1.11747103E+00  4.02811394E-01  3.73159924E+00  8.73689052E-01  7.14477548E-02
 -4.64385788E+00  1.00000000E+00  3.83459376E+00 -1.11760117E+00  4.02810453E-01  3.73169384E+00  8.73721906E-01  7.14492984E-02
 -4.59426397E+00  1.00000000E+00  3.79587270E+00 -1.11804604E+00  4.02809036E-01  3.73329248E+00  8.73772909E-01  7.14879894E-02
 -4.54467006E+00  1.00000000E+00  3.75715164E+00 -1.11849108E+00  4.02799346E-01  3.73489181E+00  8.73823963E-01  7.15266961E-02
 -4.49507615E+00  1.00000000E+00  3.71841335E+00 -1.11861196E+00  4.02798302E-01  3.73537564E+00  8.73826949E-01  7.15387172E-02
 -4.44548224E+00  1.00000000E+00  3.67967507E+00 -1.11873286E+00  4.02796154E-01  3.73585953E+00  8.73829940E-01  7.15507397E-02
 -4.39588833E+00  1.00000000E+00  3.64094473E+00 -1.11802021E+00  4.02799053E-01  3.73374110E+00  8.73739697E-01  7.15000352E-02
 -4.34629443E+00  1.00000000E+00  3.60221439E+00 -1.11730793E+00  4.02806184E-01  3.73162390E+00  8.73649606E-01  7.14493573E-02
 -4.29670052E+00  1.00000000E+00  3.56349544E+00 -1.11786366E+00  4.02805423E-01  3.73333506E+00  8.73717530E-01  7.14904384E-02
 -4.24710661E+00  1.00000000E+00  3.52477649E+00 -1.11841962E+00  4.02799410E-01  3.73504702E+00  8.73785544E-01  7.15315370E-02
 -4.19751270E+00  1.00000000E+00  3.48603027E+00 -1.11786363E+00  4.02803952E-01  3.73319857E+00  8.73722620E-01  7.14868988E-02
 -4.14791879E+00  1.00000000E+00  3.44728404E+00 -1.11730790E+00  4.02810121E-01  3.73135104E+00  8.73659784E-01  7.14422813E-02
 -4.09832488E+00  1.00000000E+00  3.40856438E+00 -1.11728425E+00  4.02812194E-01  3.73116552E+00  8.73660053E-01  7.14376366E-02
 -4.04873097E+00  1.00000000E+00  3.36984471E+00 -1.11726059E+00  4.02815186E-01  3.73098001E+00  8.73660322E-01  7.14329922E-02
 -3.99913707E+00  1.00000000E+00  3.33111746E+00 -1.11742710E+00  4.02817209E-01  3.73146932E+00  8.73691157E-01  7.14444542E-02
 -3.94954316E+00  1.00000000E+00  3.29239020E+00 -1.11759362E+00  4.02814218E-01  3.73195870E+00  8.73721999E-01  7.14559176E-02
 -3.89994925E+00  1.00000000E+00  3.25366683E+00 -1.11823262E+00  4.02808473E-01  3.73413119E+00  8.73781353E-01  7.15087459E-02
 -3.85035534E+00  1.00000000E+00  3.21494346E+00 -1.11887196E+00  4.02800731E-01  3.73630494E+00  8.73840825E-01  7.15616028E-02
 -3.80076143E+00  1.00000000E+00  3.17619684E+00 -1.11819098E+00  4.02803487E-01  3.73426726E+00  8.73750079E-01  7.15129296E-02
 -3.75116752E+00  1.00000000E+00  3.13745022E+00 -1.11751035E+00  4.02806806E-01  3.73223072E+00  8.73659470E-01  7.14642812E-02
 -3.70157361E+00  1.00000000E+00  3.09873852E+00 -1.11791753E+00  4.02805600E-01  3.73345928E+00  8.73717213E-01  7.14935517E-02
 -3.65197971E+00  1.00000000E+00  3.06002681E+00 -1.11832484E+00  4.02802977E-01  3.73468826E+00  8.73775004E-01  7.15228313E-02
 -3.60238580E+00  1.00000000E+00  3.02127434E+00 -1.11816064E+00  4.02801519E-01  3.73376300E+00  8.73768942E-01  7.14998514E-02
 -3.55279189E+00  1.00000000E+00  2.98252186E+00 -1.11799647E+00  4.02804923E-01  3.73283797E+00  8.73762883E-01  7.14768773E-02
 -3.50319798E+00  1.00000000E+00  2.94381087E+00 -1.11779520E+00  4.02810149E-01  3.73237411E+00  8.73735327E-01  7.14659696E-02
 -3.45360407E+00  1.00000000E+00  2.90509988E+00 -1.11759395E+00  4.02814101E-01  3.73191031E+00  8.73707785E-01  7.14550632E-02
 -3.40401016E+00  1.00000000E+00  2.86636904E+00 -1.11809235E+00  4.02810610E-01  3.73377833E+00  8.73755341E-01  7.15005746E-02
 -3.35441626E+00  1.00000000E+00  2.82763819E+00 -1.11859096E+00  4.02799358E-01  3.73564727E+00  8.73802962E-01  7.15461077E-02
 -3.30482235E+00  1.00000000E+00  2.78890598E+00 -1.11799834E+00  4.02800948E-01  3.73380421E+00  8.73727274E-01  7.15019233E-02
 -3.25522844E+00  1.00000000E+00  2.75017376E+00 -1.11740598E+00  4.02805412E-01  3.73196206E+00  8.73651689E-01  7.14577592E-02
 -3.20563453E+00  1.00000000E+00  2.71143468E+00 -1.11742719E+00  4.02809214E-01  3.73153700E+00  8.73675139E-01  7.14465465E-02
 -3.15604062E+00  1.00000000E+00  2.67269560E+00 -1.11744839E+00  4.02814205E-01  3.73111200E+00  8.73698589E-01  7.14353353E-02
 -3.10644671E+00  1.00000000E+00  2.63397964E+00 -1.11739653E+00  4.02816587E-01  3.73124375E+00  8.73688680E-01  7.14388767E-02
 -3.05685280E+00  1.00000000E+00  2.59526369E+00 -1.11734467E+00  4.02812675E-01  3.73137551E+00  8.73678773E-01  7.14424184E-02
 -3.00725890E+00  1.00000000E+00  2.55653111E+00 -1.11785263E+00  4.02808501E-01  3.73313807E+00  8.73730056E-01  7.14852003E-02
 -2.95766499E+00  1.00000000E+00  2.51779854E+00 -1.11836081E+00  4.02798448E-01  3.73490146E+00  8.73781411E-01  7.15280013E-02
 -2.90807108E+00  1.00000000E+00  2.47906576E+00 -1.11787070E+00  4.02801542E-01  3.73347315E+00  8.73717418E-01  7.14938934E-02
 -2.85847717E+00  1.00000000E+00  2.44033299E+00 -1.11738076E+00  4.02806772E-01  3.73204540E+00  8.73653498E-01  7.14597976E-02
 -2.80888326E+00  1.00000000E+00  2.40162072E+00 -1.11824401E+00  4.02802421E-01  3.73460841E+00  8.73771853E-01  7.15209139E-02
 -2.75928935E+00  1.00000000E+00  2.36290844E+00 -1.11910780E+00  4.02790645E-01  3.73717320E+00  8.73890429E-01  7.15820692E-02
 -2.70969544E+00  1.00000000E+00  2.32415914E+00 -1.11862247E+00  4.02791630E-01  3.73558426E+00  8.73812140E-01  7.15443029E-02
 -2.66010154E+00  1.00000000E+00  2.28540984E+00 -1.11813733E+00  4.02800424E-01  3.73399600E+00  8.73733914E-01  7.15065521E-02
 -2.61050763E+00  1.00000000E+00  2.24668604E+00 -1.11783635E+00  4.02805954E-01  3.73293726E+00  8.73713891E-01  7.14805842E-02
 -2.56091372E+00  1.00000000E+00  2.20796223E+00 -1.11753545E+00  4.02811908E-01  3.73187882E+00  8.73693895E-01  7.14546231E-02
 -2.51131981E+00  1.00000000E+00  2.16923339E+00 -1.11755560E+00  4.02814078E-01  3.73184291E+00  8.73703498E-01  7.14534853E-02
 -2.46172590E+00  1.00000000E+00  2.13050454E+00 -1.11757576E+00  4.02813371E-01  3.73180700E+00  8.73713101E-01  7.14523475E-02
 -2.41213199E+00  1.00000000E+00  2.09177944E+00 -1.11803674E+00  4.02810895E-01  3.73340722E+00  8.73761373E-01  7.14911461E-02
 -2.36253808E+00  1.00000000E+00  2.05305435E+00 -1.11849791E+00  4.02802646E-01  3.73500812E+00  8.73809704E-01  7.15299603E-02
 -2.31294418E+00  1.00000000E+00  2.01431786E+00 -1.11797366E+00  4.02803339E-01  3.73343785E+00  8.73742785E-01  7.14923767E-02
 -2.26335027E+00  1.00000000E+00  1.97558137E+00 -1.11744961E+00  4.02806944E-01  3.73186826E+00  8.73675949E-01  7.14548078E-02
 -2.21375636E+00  1.00000000E+00  1.93685095E+00 -1.11749159E+00  4.02805391E-01  3.73167040E+00  8.73699491E-01  7.14492727E-02
 -2.16416245E+00  1.00000000E+00  1.89812052E+00 -1.11753356E+00  4.02804236E-01  3.73147255E+00  8.73723034E-01  7.14437380E-02
 -2.11456854E+00  1.00000000E+00  1.85939867E+00 -1.11765524E+00  4.02803946E-01  3.73206126E+00  8.73718605E-01  7.14585665E-02
 -2.06497463E+00  1.00000000E+00  1.82067682E+00 -1.11777693E+00  4.02801389E-01  3.73265007E+00  8.73714179E-01  7.14733972E-02
 -2.01538072E+00  1.00000000E+00  1.78194139E+00 -1.11773595E+00  4.02797115E-01  3.73226172E+00  8.73727477E-01  7.14633560E-02
 -1.96578682E+00  1.00000000E+00  1.74320596E+00 -1.11769497E+00  4.02794909E-01  3.73187341E+00  8.73740776E-01  7.14533159E-02
 -1.91619291E+00  1.00000000E+00  1.70448798E+00 -1.11780743E+00  4.02790539E-01  3.73264739E+00  8.73743119E-01  7.14726068E-02
 -1.86659900E+00  1.00000000E+00  1.66577000E+00 -1.11791990E+00  4.02778646E-01  3.73342154E+00  8.73745463E-01  7.14919018E-02
 -1.81700509E+00  1.00000000E+00  1.62702648E+00 -1.11782441E+00  4.02768666E-01  3.73262149E+00  8.73756849E-01  7.14716160E-02
 -1.76741118E+00  1.00000000E+00  1.58828295E+00 -1.11772892E+00  4.02763553E-01  3.73182163E+00  8.73768234E-01  7.14513348E-02
 -1.71781727E+00  1.00000000E+00  1.54958136E+00 -1.11767430E+00  4.02754875E-01  3.73194107E+00  8.73750532E-01  7.14547635E-02
 -1.66822336E+00  1.00000000E+00  1.51087977E+00 -1.11761968E+00  4.02741306E-01  3.73206053E+00  8.73732830E-01  7.14581924E-02
 -1.61862946E+00  1.00000000E+00  1.47215317E+00 -1.11756197E+00  4.02726532E-01  3.73142330E+00  8.73755928E-01  7.14416844E-02
 -1.56903555E+00  1.00000000E+00  1.43342657E+00 -1.11750426E+00  4.02710948E-01  3.73078620E+00  8.73779025E-01  7.14251794E-02
 -1.51944164E+00  1.00000000E+00  1.39475141E+00 -1.11781457E+00  4.02686383E-01  3.73213194E+00  8.73814828E-01  7.14579277E-02
 -1.46984773E+00  1.00000000E+00  1.35607625E+00 -1.11812497E+00  4.02649915E-01  3.73347816E+00  8.73850650E-01  7.14906878E-02
 -1.42025382E+00  1.00000000E+00  1.31735682E+00 -1.11766899E+00  4.02622632E-01  3.73186961E+00  8.73808439E-01  7.14515293E-02
 -1.37065991E+00  1.00000000E+00  1.27863739E+00 -1.11721318E+00  4.02602372E-01  3.73026175E+00  8.73766286E-01  7.14123866E-02
 -1.32106600E+00  1.00000000E+00  1.24000622E+00 -1.11787446E+00  4.02576230E-01  3.73186700E+00  8.73891428E-01  7.14493893E-02
 -1.27147210E+00  1.00000000E+00  1.20137505E+00 -1.11853600E+00  4.02532788E-01  3.73347298E+00  8.74016706E-01  7.14864070E-02
 -1.22187819E+00  1.00000000E+00  1.16276782E+00 -1.11783674E+00  4.02495207E-01  3.73150671E+00  8.73929858E-01  7.14394214E-02
 -1.17228428E+00  1.00000000E+00  1.12416059E+00 -1.11713781E+00  4.02464105E-01  3.72954150E+00  8.73843163E-01  7.13924585E-02
 -1.12269037E+00  1.00000000E+00  1.08562880E+00 -1.11709013E+00  4.02440305E-01  3.72885871E+00  8.73873372E-01  7.13746335E-02
 -1.07309646E+00  1.00000000E+00  1.04709701E+00 -1.11704246E+00  4.02411222E-01  3.72817606E+00  8.73903580E-01  7.13568119E-02
 -1.02350255E+00  1.00000000E+00  1.00868316E+00 -1.11710804E+00  4.02400712E-01  3.72834974E+00  8.73951967E-01  7.13599444E-02
 -9.73908645E-01  1.00000000E+00  9.70269313E-01 -1.11717363E+00  4.02405092E-01  3.72852344E+00  8.74000357E-01  7.13630771E-02
 -9.24314736E-01  1.00000000E+00  9.32000988E-01 -1.11706733E+00  4.02466340E-01  3.72900228E+00  8.73831647E-01  7.13792658E-02
 -8.74720828E-01  1.00000000E+00  8.93732662E-01 -1.11696103E+00  4.02541445E-01  3.72948122E+00  8.73662966E-01  7.13954563E-02
 -8.25312107E-01  1.00000000E+00  8.55842047E-01 -1.11738908E+00  4.02717042E-01  3.73115113E+00  8.73718524E-01  7.14358152E-02
 -7.75903387E-01  1.00000000E+00  8.17951431E-01 -1.11781730E+00  4.02936573E-01  3.73282180E+00  8.73774124E-01  7.14761918E-02
 -7.30665613E-01  1.00000000E+00  7.83586867E-01 -1.11853929E+00  4.03371830E-01  3.73641051E+00  8.73641218E-01  7.15692324E-02
 -6.85427839E-01  1.00000000E+00  7.49222302E-01 -1.11926188E+00  4.03835817E-01  3.74000269E+00  8.73508531E-01  7.16623540E-02
 -6.45465100E-01  1.00000000E+00  7.19238905E-01 -1.11992899E+00  4.04527697E-01  3.74559094E+00  8.73048022E-01  7.18135730E-02
 -6.05502361E-01  1.00000000E+00  6.89255508E-01 -1.12059693E+00  4.05320698E-01  3.75118791E+00  8.72587960E-01  7.19649989E-02
 -5.70199545E-01  1.00000000E+00  6.63091139E-01 -1.12193273E+00  4.06339279E-01  3.75988349E+00  8.72131654E-01  7.21937959E-02
 -5.34896729E-01  1.00000000E+00  6.36926770E-01 -1.12327105E+00  4.07515838E-01  3.76859970E+00  8.71676215E-01  7.24230870E-02
 -5.03710456E-01  1.00000000E+00  6.14076199E-01 -1.12602436E+00  4.08973953E-01  3.78301819E+00  8.71237227E-01  7.27945241E-02
 -4.72524184E-01  1.00000000E+00  5.91225628E-01 -1.12878645E+00  4.10617419E-01  3.79749220E+00  8.70800946E-01  7.31672814E-02
 -4.44974441E-01  1.00000000E+00  5.71666030E-01 -1.13241853E+00  4.12641311E-01  3.81680831E+00  8.70156491E-01  7.36662955E-02
 -4.17424698E-01  1.00000000E+00  5.52106432E-01 -1.13606602E+00  4.14926930E-01  3.83622336E+00  8.69516953E-01  7.41676602E-02
 -3.93087440E-01  1.00000000E+00  5.35156137E-01 -1.14019024E+00  4.17284531E-01  3.85791465E+00  8.68962840E-01  7.47237953E-02
 -3.68750182E-01  1.00000000E+00  5.18205842E-01 -1.14433381E+00  4.20096992E-01  3.87972942E+00  8.68414254E-01  7.52828793E-02
 -3.47250809E-01  1.00000000E+00  5.03623477E-01 -1.14775916E+00  4.23269303E-01  3.90802007E+00  8.66316907E-01  7.60425791E-02
 -3.25751437E-01  1.00000000E+00  4.89041112E-01 -1.15120502E+00  4.26852539E-01  3.93652571E+00  8.64229419E-01  7.68074073E-02
 -3.06759035E-01  1.00000000E+00  4.76513874E-01 -1.15855827E+00  4.30661748E-01  3.97285633E+00  8.63604785E-01  7.77312887E-02
 -2.87766633E-01  1.00000000E+00  4.63986636E-01 -1.16596872E+00  4.34854561E-01  4.00952301E+00  8.62996483E-01  7.86631631E-02
 -2.70988873E-01  1.00000000E+00  4.53487688E-01 -1.17159179E+00  4.39515714E-01  4.04993404E+00  8.60649128E-01  7.97321227E-02
 -2.54211113E-01  1.00000000E+00  4.42988739E-01 -1.17726112E+00  4.44508757E-01  4.09076430E+00  8.58319662E-01  8.08111159E-02
 -2.39389755E-01  1.00000000E+00  4.34195429E-01 -1.18478313E+00  4.49869790E-01  4.13802786E+00  8.56396829E-01  8.20407758E-02
 -2.24568396E-01  1.00000000E+00  4.25402119E-01 -1.19237617E+00  4.55646200E-01  4.18584725E+00  8.54496218E-01  8.32837757E-02
 -2.11472015E-01  1.00000000E+00  4.18066186E-01 -1.20119434E+00  4.61826072E-01  4.24192571E+00  8.52279769E-01  8.47411485E-02
 -1.98375634E-01  1.00000000E+00  4.10730252E-01 -1.21010897E+00  4.68448707E-01  4.29876910E+00  8.50093094E-01  8.62169002E-02
 -1.85977157E-01  1.00000000E+00  4.04494343E-01 -1.22251429E+00  4.76197566E-01  4.36894080E+00  8.48320192E-01  8.80155152E-02
 -1.73578680E-01  1.00000000E+00  3.98258433E-01 -1.23508798E+00  4.84463774E-01  4.44026796E+00  8.46594570E-01  8.98418347E-02
 -1.61180203E-01  1.00000000E+00  3.92952712E-01 -1.24497230E+00  4.94620350E-01  4.52605427E+00  8.41511513E-01  9.21135689E-02
 -1.48781726E-01  1.00000000E+00  3.87646990E-01 -1.25500816E+00  5.05584288E-01  4.61356881E+00  8.36490128E-01  9.44269670E-02
 -1.36383248E-01  1.00000000E+00  3.83635252E-01 -1.27505552E+00  5.19400180E-01  4.73900146E+00  8.32996476E-01  9.76501246E-02
 -1.23984771E-01  1.00000000E+00  3.79623514E-01 -1.29554991E+00  5.34517767E-01  4.86789193E+00  8.29624131E-01  1.00956695E-01
 -1.11586294E-01  1.00000000E+00  3.76307057E-01 -1.31322058E+00  5.54718146E-01  5.01933361E+00  8.22459132E-01  1.04921862E-01
 -9.91878171E-02  1.00000000E+00  3.72990601E-01 -1.33131908E+00  5.76445565E-01  5.17566692E+00  8.15439068E-01  1.09005696E-01
 -8.67893400E-02  1.00000000E+00  3.83578680E-01 -1.35273507E+00  6.07462535E-01  5.52620125E+00  7.89894651E-01  1.18407665E-01
 -7.43908628E-02  1.00000000E+00  3.94166758E-01 -1.37521669E+00  6.47514035E-01  5.90246101E+00  7.65230879E-01  1.28430753E-01
 -6.19923857E-02  1.00000000E+00  3.59383468E-01 -1.33890691E+00  7.02861756E-01  5.97018966E+00  7.45008815E-01  1.30629521E-01
 -4.95939085E-02  1.00000000E+00  3.24600177E-01 -1.30231329E+00  7.48825770E-01  6.04030076E+00  7.25323922E-01  1.32874421E-01
 -3.71954314E-02  1.00000000E+00  6.30860130E-01 -1.85163143E+00  8.52234631E-01  8.14981360E+00  8.03583788E-01  1.83655745E-01
 -2.47969543E-02  1.00000000E+00  9.37120083E-01 -2.59139563E+00  1.10321268E+00  1.10086976E+01  9.39421182E-01  2.51731911E-01
 -1.23984771E-02  1.00000000E+00 -1.46710849E-01  4.95904264E-01  1.74709817E+00  1.05116979E+01  3.80819721E-01  2.53271955E-01
  0.00000000E+00  1.00000000E+00 -1.23054178E+00  4.39430530E+00  3.27669750E+00  1.49138618E+01  1.55576315E+00  3.33952466E-01
