0.5 0.1 0.5
0.5 0.1 0.8
0.5 0.1 1.1
0.5 0.1 1.5
0.5 0.1 2
0.5 0.3 0.5
0.5 0.3 0.8
0.5 0.3 1.1
0.5 0.3 1.5
0.5 0.3 2
0.5 0.5 0.5
0.5 0.5 0.8
0.5 0.5 1.1
0.5 0.5 1.5
0.5 0.5 2
0.5 0.7 0.5
0.5 0.7 0.8
0.5 0.7 1.1
0.5 0.7 1.5
0.5 0.7 2
0.5 0.9 0.5
0.5 0.9 0.8
0.5 0.9 1.1
0.5 0.9 1.5
0.5 0.9 2
0.5 0.98 0.5
0.5 0.98 0.8
0.5 0.98 1.1
0.5 0.98 1.5
0.5 0.98 2
0.8 0.1 0.5
0.8 0.1 0.8
0.8 0.1 1.1
0.8 0.1 1.5
0.8 0.1 2
0.8 0.3 0.5
0.8 0.3 0.8
0.8 0.3 1.1
0.8 0.3 1.5
0.8 0.3 2
0.8 0.5 0.5
0.8 0.5 0.8
0.8 0.5 1.1
0.8 0.5 1.5
0.8 0.5 2
0.8 0.7 0.5
0.8 0.7 0.8
0.8 0.7 1.1
0.8 0.7 1.5
0.8 0.7 2
0.8 0.9 0.5
0.8 0.9 0.8
0.8 0.9 1.1
0.8 0.9 1.5
0.8 0.9 2
0.8 0.98 0.5
0.8 0.98 0.8
0.8 0.98 1.1
0.8 0.98 1.5
0.8 0.98 2
1 0.1 0.5
1 0.1 0.8
1 0.1 1.1
1 0.1 1.5
1 0.1 2
1 0.3 0.5
1 0.3 0.8
1 0.3 1.1
1 0.3 1.5
1 0.3 2
1 0.5 0.5
1 0.5 0.8
1 0.5 1.1
1 0.5 1.5
1 0.5 2
1 0.7 0.5
1 0.7 0.8
1 0.7 1.1
1 0.7 1.5
1 0.7 2
1 0.9 0.5
1 0.9 0.8
1 0.9 1.1
1 0.9 1.5
1 0.9 2
1 0.98 0.5
1 0.98 0.8
1 0.98 1.1
1 0.98 1.5
1 0.98 2
3 0.1 0.5
3 0.1 0.8
3 0.1 1.1
3 0.1 1.5
3 0.1 2
3 0.3 0.5
3 0.3 0.8
3 0.3 1.1
3 0.3 1.5
3 0.3 2
3 0.5 0.5
3 0.5 0.8
3 0.5 1.1
3 0.5 1.5
3 0.5 2
3 0.7 0.5
3 0.7 0.8
3 0.7 1.1
3 0.7 1.5
3 0.7 2
3 0.9 0.5
3 0.9 0.8
3 0.9 1.1
3 0.9 1.5
3 0.9 2
3 0.98 0.5
3 0.98 0.8
3 0.98 1.1
3 0.98 1.5
3 0.98 2
5 0.1 0.5
5 0.1 0.8
5 0.1 1.1
5 0.1 1.5
5 0.1 2
5 0.3 0.5
5 0.3 0.8
5 0.3 1.1
5 0.3 1.5
5 0.3 2
5 0.5 0.5
5 0.5 0.8
5 0.5 1.1
5 0.5 1.5
5 0.5 2
5 0.7 0.5
5 0.7 0.8
5 0.7 1.1
5 0.7 1.5
5 0.7 2
5 0.9 0.5
5 0.9 0.8
5 0.9 1.1
5 0.9 1.5
5 0.9 2
5 0.98 0.5
5 0.98 0.8
5 0.98 1.1
5 0.98 1.5
5 0.98 2
7 0.1 0.5
7 0.1 0.8
7 0.1 1.1
7 0.1 1.5
7 0.1 2
7 0.3 0.5
7 0.3 0.8
7 0.3 1.1
7 0.3 1.5
7 0.3 2
7 0.5 0.5
7 0.5 0.8
7 0.5 1.1
7 0.5 1.5
7 0.5 2
7 0.7 0.5
7 0.7 0.8
7 0.7 1.1
7 0.7 1.5
7 0.7 2
7 0.9 0.5
7 0.9 0.8
7 0.9 1.1
7 0.9 1.5
7 0.9 2
7 0.98 0.5
7 0.98 0.8
7 0.98 1.1
7 0.98 1.5
7 0.98 2
9 0.1 0.5
9 0.1 0.8
9 0.1 1.1
9 0.1 1.5
9 0.1 2
9 0.3 0.5
9 0.3 0.8
9 0.3 1.1
9 0.3 1.5
9 0.3 2
9 0.5 0.5
9 0.5 0.8
9 0.5 1.1
9 0.5 1.5
9 0.5 2
9 0.7 0.5
9 0.7 0.8
9 0.7 1.1
9 0.7 1.5
9 0.7 2
9 0.9 0.5
9 0.9 0.8
9 0.9 1.1
9 0.9 1.5
9 0.9 2
9 0.98 0.5
9 0.98 0.8
9 0.98 1.1
9 0.98 1.5
9 0.98 2
