1.32145868E+00   1.12308017E+00   9.24706749E-01   7.26374982E-01   5.28584452E-01
2.11433389E+00   1.79692828E+00   1.47953080E+00   1.16219997E+00   8.45735123E-01
2.90720910E+00   2.47077638E+00   2.03435485E+00   1.59802496E+00   1.16288579E+00
3.96437604E+00   3.36924052E+00   2.77412025E+00   2.17912495E+00   1.58575336E+00
5.28583472E+00   4.49232070E+00   3.69882700E+00   2.90549993E+00   2.11433781E+00
1.31565134E+00   1.11727335E+00   9.18899678E-01   7.20569281E-01   5.22779560E-01
2.10504214E+00   1.78763736E+00   1.47023948E+00   1.15291085E+00   8.36447296E-01
2.89443294E+00   2.45800137E+00   2.02157929E+00   1.58525242E+00   1.15011503E+00
3.94695401E+00   3.35182005E+00   2.75669903E+00   2.16170784E+00   1.56833868E+00
5.26260535E+00   4.46909340E+00   3.67559871E+00   2.88227712E+00   2.09111824E+00
1.30984237E+00   1.11146491E+00   9.13091011E-01   7.14761913E-01   5.16973073E-01
2.09574779E+00   1.77834386E+00   1.46094562E+00   1.14361906E+00   8.27156917E-01
2.88165321E+00   2.44522281E+00   2.00880022E+00   1.57247621E+00   1.13734076E+00
3.92952711E+00   3.33439474E+00   2.73927303E+00   2.14428574E+00   1.55091922E+00
5.23936947E+00   4.44585965E+00   3.65236404E+00   2.85904765E+00   2.06789229E+00
1.30403720E+00   1.10566029E+00   9.07286169E-01   7.08958324E-01   5.11170455E-01
2.08645952E+00   1.76905647E+00   1.45165787E+00   1.13433332E+00   8.17872728E-01
2.86888184E+00   2.43245265E+00   1.99602957E+00   1.55970831E+00   1.12457500E+00
3.91211160E+00   3.31698088E+00   2.72185851E+00   2.12687497E+00   1.53351137E+00
5.21614880E+00   4.42264118E+00   3.62914468E+00   2.83583330E+00   2.04468182E+00
1.29824064E+00   1.09986430E+00   9.01489952E-01   7.03163339E-01   5.05376563E-01
2.07718502E+00   1.75978288E+00   1.44238392E+00   1.12506134E+00   8.08602501E-01
2.85612940E+00   2.41970147E+00   1.98327789E+00   1.54695935E+00   1.11182844E+00
3.89472191E+00   3.29959291E+00   2.70446986E+00   2.10949002E+00   1.51612969E+00
5.19296254E+00   4.39945721E+00   3.60595981E+00   2.81265336E+00   2.02150625E+00
1.29592579E+00   1.09754969E+00   8.99175246E-01   7.00849126E-01   5.03062831E-01
2.07348126E+00   1.75607951E+00   1.43868039E+00   1.12135860E+00   8.04900529E-01
2.85103673E+00   2.41460932E+00   1.97818554E+00   1.54186808E+00   1.10673823E+00
3.88777736E+00   3.29264908E+00   2.69752574E+00   2.10254738E+00   1.50918849E+00
5.18370314E+00   4.39019877E+00   3.59670098E+00   2.80339651E+00   2.01225132E+00
1.33791278E+00   1.13952619E+00   9.41157670E-01   7.42824919E-01   5.45043660E-01
2.14066045E+00   1.82324191E+00   1.50585227E+00   1.18851987E+00   8.72069855E-01
2.94340812E+00   2.50695762E+00   2.07054687E+00   1.63421482E+00   1.19909605E+00
4.01373835E+00   3.41857858E+00   2.82347301E+00   2.22847476E+00   1.63513098E+00
5.35165113E+00   4.55810477E+00   3.76463068E+00   2.97129968E+00   2.18017464E+00
1.32849124E+00   1.13010720E+00   9.31737076E-01   7.33406445E-01   5.35624367E-01
2.12558599E+00   1.80817152E+00   1.49077932E+00   1.17345031E+00   8.56998987E-01
2.92268073E+00   2.48623584E+00   2.04982157E+00   1.61349418E+00   1.17837361E+00
3.98547372E+00   3.39032161E+00   2.79521123E+00   2.20021934E+00   1.60687310E+00
5.31396496E+00   4.52042881E+00   3.72694830E+00   2.93362578E+00   2.14249747E+00
1.31901706E+00   1.12063544E+00   9.22263889E-01   7.23934960E-01   5.26152048E-01
2.11042729E+00   1.79301671E+00   1.47562222E+00   1.15829594E+00   8.41843277E-01
2.90183753E+00   2.46539798E+00   2.02898056E+00   1.59265691E+00   1.15753451E+00
3.95705118E+00   3.36190633E+00   2.76679167E+00   2.17180488E+00   1.57845615E+00
5.27606824E+00   4.48254178E+00   3.68905556E+00   2.89573984E+00   2.10460819E+00
1.30953165E+00   1.11115234E+00   9.12779515E-01   7.14451947E-01   5.16667964E-01
2.09525064E+00   1.77784374E+00   1.46044722E+00   1.14312312E+00   8.26668743E-01
2.88096963E+00   2.44453514E+00   2.00811493E+00   1.57179428E+00   1.13666952E+00
3.92859495E+00   3.33345701E+00   2.73833855E+00   2.14335584E+00   1.55000389E+00
5.23812659E+00   4.44460934E+00   3.65111806E+00   2.85780779E+00   2.06667186E+00
1.30006627E+00   1.10168916E+00   9.03315212E-01   7.04988742E-01   5.07203375E-01
2.08010603E+00   1.76270266E+00   1.44530434E+00   1.12798199E+00   8.11525399E-01
2.86014579E+00   2.42371615E+00   1.98729347E+00   1.55097523E+00   1.11584742E+00
3.90019881E+00   3.30506748E+00   2.70994564E+00   2.11496623E+00   1.52161012E+00
5.20026508E+00   4.40675664E+00   3.61326085E+00   2.81995497E+00   2.02881350E+00
1.29629042E+00   1.09791417E+00   8.99539803E-01   7.01213716E-01   5.03427711E-01
2.07406467E+00   1.75666267E+00   1.43926368E+00   1.12194195E+00   8.05484337E-01
2.85183892E+00   2.41541118E+00   1.97898757E+00   1.54267018E+00   1.10754096E+00
3.88887126E+00   3.29374251E+00   2.69861941E+00   2.10364115E+00   1.51028313E+00
5.18516167E+00   4.39165668E+00   3.59815921E+00   2.80485486E+00   2.01371084E+00
1.34905782E+00   1.15066348E+00   9.52299427E-01   7.53965707E-01   5.56188878E-01
2.15849252E+00   1.84106157E+00   1.52367908E+00   1.20634513E+00   8.89902205E-01
2.96792721E+00   2.53145966E+00   2.09505874E+00   1.65872456E+00   1.22361553E+00
4.04717347E+00   3.45199045E+00   2.85689828E+00   2.26189712E+00   1.66856663E+00
5.39623130E+00   4.60265394E+00   3.80919771E+00   3.01586283E+00   2.22475551E+00
1.33731042E+00   1.13892077E+00   9.40553772E-01   7.42223090E-01   5.44444698E-01
2.13969667E+00   1.82227323E+00   1.50488603E+00   1.18755694E+00   8.71111517E-01
2.94208292E+00   2.50562569E+00   2.06921830E+00   1.63289080E+00   1.19777834E+00
4.01193126E+00   3.41676230E+00   2.82166131E+00   2.22666927E+00   1.63333409E+00
5.34924168E+00   4.55568307E+00   3.76221509E+00   2.96889236E+00   2.17777879E+00
1.32540212E+00   1.12701678E+00   9.28647211E-01   7.30318666E-01   5.32538845E-01
2.12064339E+00   1.80322684E+00   1.48583554E+00   1.16850987E+00   8.52062152E-01
2.91588467E+00   2.47943691E+00   2.04302386E+00   1.60670107E+00   1.17158546E+00
3.97620636E+00   3.38105033E+00   2.78594163E+00   2.19095600E+00   1.59761654E+00
5.30160848E+00   4.50806710E+00   3.71458884E+00   2.92127466E+00   2.13015538E+00
1.31340289E+00   1.11502149E+00   9.16649726E-01   7.18322598E-01   5.20540825E-01
2.10144462E+00   1.78403439E+00   1.46663956E+00   1.14931616E+00   8.32865320E-01
2.88948636E+00   2.45304728E+00   2.01662940E+00   1.58030972E+00   1.14518982E+00
3.94020867E+00   3.34506448E+00   2.74994918E+00   2.15496780E+00   1.56162248E+00
5.25361156E+00   4.46008597E+00   3.66659891E+00   2.87329039E+00   2.08216330E+00
1.30136756E+00   1.10298980E+00   9.04616165E-01   7.06289900E-01   5.08505391E-01
2.08218810E+00   1.76478369E+00   1.44738586E+00   1.13006384E+00   8.13608626E-01
2.86300864E+00   2.42657757E+00   1.99015556E+00   1.55383778E+00   1.11871186E+00
3.90410269E+00   3.30896941E+00   2.71384850E+00   2.11886970E+00   1.52551617E+00
5.20547025E+00   4.41195921E+00   3.61846466E+00   2.82515960E+00   2.03402157E+00
1.29655149E+00   1.09817512E+00   8.99800807E-01   7.01474764E-01   5.03688940E-01
2.07448238E+00   1.75708019E+00   1.43968129E+00   1.12235962E+00   8.05902304E-01
2.85241328E+00   2.41598525E+00   1.97956177E+00   1.54324448E+00   1.10811567E+00
3.88965447E+00   3.29452535E+00   2.69940242E+00   2.10442429E+00   1.51106682E+00
5.18620596E+00   4.39270046E+00   3.59920323E+00   2.80589906E+00   2.01475576E+00
1.44916375E+00   1.25056855E+00   1.05232399E+00   8.53931086E-01   6.55987411E-01
2.31866201E+00   2.00090967E+00   1.68371838E+00   1.36628974E+00   1.04957986E+00
3.18816026E+00   2.75125080E+00   2.31511277E+00   1.87864839E+00   1.44317230E+00
4.34749126E+00   3.75170564E+00   3.15697196E+00   2.56179326E+00   1.96796223E+00
5.79665502E+00   5.00227419E+00   4.20929595E+00   3.41572435E+00   2.62394964E+00
1.42063263E+00   1.22210956E+00   1.02382341E+00   8.25489695E-01   6.27594395E-01
2.27301222E+00   1.95537530E+00   1.63811746E+00   1.32078351E+00   1.00415103E+00
3.12539180E+00   2.68864103E+00   2.25241151E+00   1.81607733E+00   1.38070767E+00
4.26189790E+00   3.66632868E+00   3.07147024E+00   2.47646909E+00   1.88278319E+00
5.68253054E+00   4.88843824E+00   4.09529365E+00   3.30195878E+00   2.51037758E+00
1.38927244E+00   1.19080663E+00   9.92484433E-01   7.94172351E-01   5.96341160E-01
2.22283590E+00   1.90529061E+00   1.58797509E+00   1.27067576E+00   9.54145856E-01
3.05639936E+00   2.61977458E+00   2.18346575E+00   1.74717917E+00   1.31195055E+00
4.16781731E+00   3.57241989E+00   2.97745330E+00   2.38251705E+00   1.78902348E+00
5.55708975E+00   4.76322652E+00   3.96993773E+00   3.17668940E+00   2.38536464E+00
1.35457992E+00   1.15615848E+00   9.57809060E-01   7.59499067E-01   5.61708412E-01
2.16732787E+00   1.84985357E+00   1.53249450E+00   1.21519851E+00   8.98733459E-01
2.98007583E+00   2.54354866E+00   2.10717993E+00   1.67089795E+00   1.23575851E+00
4.06373976E+00   3.46847545E+00   2.87342718E+00   2.27849720E+00   1.68512524E+00
5.41831968E+00   4.62463393E+00   3.83123624E+00   3.03799627E+00   2.24683365E+00
1.31610524E+00   1.11771659E+00   9.19348736E-01   7.21029885E-01   5.23249616E-01
2.10576839E+00   1.78834655E+00   1.47095798E+00   1.15364782E+00   8.37199386E-01
2.89543154E+00   2.45897651E+00   2.02256722E+00   1.58626575E+00   1.15114916E+00
3.94831573E+00   3.35314978E+00   2.75804621E+00   2.16308965E+00   1.56974885E+00
5.26442098E+00   4.47086638E+00   3.67739494E+00   2.88411954E+00   2.09299847E+00
1.29957890E+00   1.10120053E+00   9.02827266E-01   7.04502819E-01   5.06718410E-01
2.07932624E+00   1.76192084E+00   1.44452363E+00   1.12720451E+00   8.10749456E-01
2.85907358E+00   2.42264116E+00   1.98621999E+00   1.54990620E+00   1.11478050E+00
3.89873670E+00   3.30360158E+00   2.70848180E+00   2.11350846E+00   1.52015523E+00
5.19831560E+00   4.40480210E+00   3.61130906E+00   2.81801128E+00   2.02687364E+00
1.52964354E+00   1.33060809E+00   1.13258799E+00   9.33839681E-01   7.35298357E-01
2.44742966E+00   2.12897295E+00   1.81214079E+00   1.49414349E+00   1.17647737E+00
3.36521578E+00   2.92733780E+00   2.49169358E+00   2.05444730E+00   1.61765638E+00
4.58893061E+00   3.99182428E+00   3.39776398E+00   2.80151904E+00   2.20589507E+00
6.11857414E+00   5.32243237E+00   4.53035197E+00   3.73535872E+00   2.94119343E+00
1.48804963E+00   1.28923884E+00   1.09112764E+00   8.92697295E-01   6.94312760E-01
2.38087941E+00   2.06278215E+00   1.74580423E+00   1.42831567E+00   1.11090042E+00
3.27370919E+00   2.83632545E+00   2.40048081E+00   1.96393405E+00   1.52748807E+00
4.46414889E+00   3.86771652E+00   3.27338292E+00   2.67809188E+00   2.08293828E+00
5.95219852E+00   5.15695536E+00   4.36451057E+00   3.57078918E+00   2.77725104E+00
1.44450326E+00   1.24587930E+00   1.04765379E+00   8.49335593E-01   6.51273462E-01
2.31120522E+00   1.99340688E+00   1.67624606E+00   1.35893695E+00   1.04203754E+00
3.17790718E+00   2.74093446E+00   2.30483833E+00   1.86853830E+00   1.43280162E+00
4.33350979E+00   3.73763790E+00   3.14296136E+00   2.54800678E+00   1.95382038E+00
5.77801306E+00   4.98351720E+00   4.19061514E+00   3.39734237E+00   2.60509385E+00
1.39395013E+00   1.19546190E+00   9.97152267E-01   7.98857385E-01   6.01000454E-01
2.23032021E+00   1.91273904E+00   1.59544363E+00   1.27817182E+00   9.61600727E-01
3.06669029E+00   2.63001618E+00   2.19373499E+00   1.75748625E+00   1.32220100E+00
4.18185040E+00   3.58638571E+00   2.99145680E+00   2.39657216E+00   1.80300136E+00
5.57580053E+00   4.78184761E+00   3.98860907E+00   3.19542954E+00   2.40400182E+00
1.33182348E+00   1.13342066E+00   9.35061583E-01   7.36751932E-01   5.38972507E-01
2.13091757E+00   1.81347306E+00   1.49609853E+00   1.17880309E+00   8.62356011E-01
2.93001166E+00   2.49352545E+00   2.05713548E+00   1.62085425E+00   1.18573951E+00
3.99547045E+00   3.40026198E+00   2.80518475E+00   2.21025580E+00   1.61691752E+00
5.32729394E+00   4.53368264E+00   3.74024633E+00   2.94700773E+00   2.15589003E+00
1.30296517E+00   1.10458452E+00   9.06212777E-01   7.07890462E-01   5.10107991E-01
2.08474427E+00   1.76733523E+00   1.44994044E+00   1.13262474E+00   8.16172785E-01
2.86652338E+00   2.43008594E+00   1.99366811E+00   1.55735902E+00   1.12223758E+00
3.90889551E+00   3.31375356E+00   2.71863833E+00   2.12367139E+00   1.53032397E+00
5.21186069E+00   4.41833808E+00   3.62485111E+00   2.83156185E+00   2.04043196E+00
1.60346996E+00   1.40376411E+00   1.20582563E+00   1.00634537E+00   8.07239861E-01
2.56555194E+00   2.24602257E+00   1.92932101E+00   1.61015259E+00   1.29158378E+00
3.52763392E+00   3.08828104E+00   2.65281639E+00   2.21395981E+00   1.77592769E+00
4.81040989E+00   4.21129233E+00   3.61747690E+00   3.01903610E+00   2.42171958E+00
6.41387985E+00   5.61505643E+00   4.82330253E+00   4.02538147E+00   3.22895944E+00
1.54818927E+00   1.34894349E+00   1.15106209E+00   9.52325628E-01   7.52942741E-01
2.47710282E+00   2.15830958E+00   1.84169935E+00   1.52372100E+00   1.20470839E+00
3.40601638E+00   2.96767567E+00   2.53233660E+00   2.09511638E+00   1.65647403E+00
4.64456780E+00   4.04683046E+00   3.45318628E+00   2.85697688E+00   2.25882822E+00
6.19275706E+00   5.39577395E+00   4.60424837E+00   3.80930251E+00   3.01177096E+00
1.49059400E+00   1.29173697E+00   1.09364969E+00   8.95268973E-01   6.96760383E-01
2.38495040E+00   2.06677915E+00   1.74983951E+00   1.43243036E+00   1.11481661E+00
3.27930679E+00   2.84182133E+00   2.40602932E+00   1.96959174E+00   1.53287284E+00
4.47178199E+00   3.87521091E+00   3.28094908E+00   2.68580692E+00   2.09028115E+00
5.96237599E+00   5.16694788E+00   4.37459877E+00   3.58107589E+00   2.78704153E+00
1.42868758E+00   1.23011102E+00   1.03185347E+00   8.33560299E-01   6.35574772E-01
2.28590013E+00   1.96817763E+00   1.65096555E+00   1.33369648E+00   1.01691964E+00
3.14311268E+00   2.70624424E+00   2.27007763E+00   1.83383266E+00   1.39826450E+00
4.28606274E+00   3.69033306E+00   3.09556041E+00   2.50068090E+00   1.90672432E+00
5.71475032E+00   4.92044408E+00   4.12741388E+00   3.33424120E+00   2.54229909E+00
1.34730646E+00   1.14888789E+00   9.50538429E-01   7.52236471E-01   5.54455099E-01
2.15569033E+00   1.83822063E+00   1.52086149E+00   1.20357835E+00   8.87128159E-01
2.96407421E+00   2.52755337E+00   2.09118454E+00   1.65492024E+00   1.21980122E+00
4.04191938E+00   3.44666368E+00   2.85161529E+00   2.25670941E+00   1.66336530E+00
5.38922584E+00   4.59555157E+00   3.80215372E+00   3.00894588E+00   2.21782040E+00
1.30648224E+00   1.10809931E+00   9.09729106E-01   7.11408834E-01   5.13629229E-01
2.09037158E+00   1.77295890E+00   1.45556657E+00   1.13825413E+00   8.21806766E-01
2.87426092E+00   2.43781848E+00   2.00140403E+00   1.56509944E+00   1.12998430E+00
3.91944671E+00   3.32429793E+00   2.72918732E+00   2.13422650E+00   1.54088769E+00
5.22592895E+00   4.43239724E+00   3.63891643E+00   2.84563534E+00   2.05451691E+00
1.67168106E+00   1.47098410E+00   1.27279613E+00   1.07289556E+00   8.73717319E-01
2.67468970E+00   2.35357457E+00   2.03647381E+00   1.71663289E+00   1.39794771E+00
3.67769833E+00   3.23616503E+00   2.80015149E+00   2.36037022E+00   1.92217810E+00
5.01504318E+00   4.41295231E+00   3.81838839E+00   3.21868667E+00   2.62115196E+00
6.68672424E+00   5.88393641E+00   5.09118453E+00   4.29158222E+00   3.49486928E+00
1.60576308E+00   1.40598184E+00   1.20830045E+00   1.00897842E+00   8.08214096E-01
2.56922092E+00   2.24957095E+00   1.93328072E+00   1.61436548E+00   1.29314255E+00
3.53267877E+00   3.09316006E+00   2.65826099E+00   2.21975253E+00   1.77807101E+00
4.81728923E+00   4.21794553E+00   3.62490135E+00   3.02693527E+00   2.42464229E+00
6.42305230E+00   5.62392737E+00   4.83320180E+00   4.03591370E+00   3.23285638E+00
1.53323208E+00   1.33409043E+00   1.13616421E+00   9.37635341E-01   7.38371738E-01
2.45317133E+00   2.13454468E+00   1.81786274E+00   1.50021655E+00   1.18139478E+00
3.37311058E+00   2.93499894E+00   2.49956127E+00   2.06279775E+00   1.62441782E+00
4.59969624E+00   4.00227128E+00   3.40849264E+00   2.81290602E+00   2.21511522E+00
6.13292832E+00   5.33636170E+00   4.54465686E+00   3.75054137E+00   2.95348695E+00
1.45854759E+00   1.25986867E+00   1.06166983E+00   8.63366189E-01   6.65183848E-01
2.33367614E+00   2.01578987E+00   1.69867173E+00   1.38138590E+00   1.06429416E+00
3.20880469E+00   2.77171107E+00   2.33567362E+00   1.89940562E+00   1.46340447E+00
4.37564277E+00   3.77960601E+00   3.18500949E+00   2.59009857E+00   1.99555154E+00
5.83419035E+00   5.03947468E+00   4.24667931E+00   3.45346475E+00   2.66073539E+00
1.36215636E+00   1.16372120E+00   9.65381154E-01   7.67086167E-01   5.69296991E-01
2.17945017E+00   1.86195392E+00   1.54460985E+00   1.22733787E+00   9.10875186E-01
2.99674398E+00   2.56018664E+00   2.12383854E+00   1.68758957E+00   1.25245338E+00
4.08646907E+00   3.49116359E+00   2.89614346E+00   2.30125850E+00   1.70789097E+00
5.44862542E+00   4.65488479E+00   3.86152462E+00   3.06834467E+00   2.27718797E+00
1.31004204E+00   1.11165686E+00   9.13288071E-01   7.14969871E-01   5.17193537E-01
2.09606727E+00   1.77865098E+00   1.46126091E+00   1.14395179E+00   8.27509659E-01
2.88209250E+00   2.44564510E+00   2.00923376E+00   1.57293372E+00   1.13782578E+00
3.93012613E+00   3.33497059E+00   2.73986421E+00   2.14490961E+00   1.55158061E+00
5.24016818E+00   4.44662745E+00   3.65315229E+00   2.85987948E+00   2.06877415E+00
