# curve 5 (die wall), step =      400, time =   3.20000000E+02
# N1 = tau_xx - tau_yy = G ( c_xx - c_yy ),  G =  1.0222E-01  (polymer part only)
#              x               y        pressure            c_xy        gammadot            c_xx            c_yy              N1
 -3.00000000E+00  1.00000000E+00  3.34430133E+00 -3.60218583E+00  4.00427499E-01  2.69866774E+01  9.99214293E-01  2.65649623E+00
 -2.95108291E+00  1.00000000E+00  3.30725462E+00 -3.60600599E+00  4.01990978E-01  2.70729755E+01  9.98165879E-01  2.66542498E+00
 -2.90216582E+00  1.00000000E+00  3.27020791E+00 -3.60982967E+00  4.02740243E-01  2.71595598E+01  9.97118048E-01  2.67438294E+00
 -2.85324873E+00  1.00000000E+00  3.23167972E+00 -3.61392253E+00  4.02447536E-01  2.71512907E+01  9.98791246E-01  2.67336661E+00
 -2.80433164E+00  1.00000000E+00  3.19315153E+00 -3.61801606E+00  4.01982787E-01  2.71430295E+01  1.00046674E+00  2.67235086E+00
 -2.75541455E+00  1.00000000E+00  3.15350838E+00 -3.61114915E+00  4.02339491E-01  2.71447841E+01  9.98656103E-01  2.67271530E+00
 -2.70649746E+00  1.00000000E+00  3.11386524E+00 -3.60428283E+00  4.02535071E-01  2.71465500E+01  9.96848930E-01  2.67308056E+00
 -2.65758037E+00  1.00000000E+00  3.07547443E+00 -3.61554585E+00  4.02438632E-01  2.71508895E+01  9.99791926E-01  2.67322331E+00
 -2.60866328E+00  1.00000000E+00  3.03708363E+00 -3.62681544E+00  4.02071088E-01  2.71552552E+01  1.00274413E+00  2.67336780E+00
 -2.55974619E+00  1.00000000E+00  2.99828069E+00 -3.62526146E+00  4.01549580E-01  2.71639929E+01  1.00227166E+00  2.67430928E+00
 -2.51082911E+00  1.00000000E+00  2.95947774E+00 -3.62370650E+00  4.01624097E-01  2.71727350E+01  1.00179939E+00  2.67525120E+00
 -2.46191202E+00  1.00000000E+00  2.91923052E+00 -3.62188374E+00  4.01355287E-01  2.71559389E+01  1.00166405E+00  2.67354810E+00
 -2.41299493E+00  1.00000000E+00  2.87898329E+00 -3.62006196E+00  4.00989102E-01  2.71391532E+01  1.00152881E+00  2.67184605E+00
 -2.36407784E+00  1.00000000E+00  2.84017612E+00 -3.61630058E+00  4.00554222E-01  2.71235839E+01  1.00093447E+00  2.67031527E+00
 -2.31516075E+00  1.00000000E+00  2.80136896E+00 -3.61254175E+00  4.00428985E-01  2.71080242E+01  1.00034088E+00  2.66878541E+00
 -2.26624366E+00  1.00000000E+00  2.76133100E+00 -3.61129400E+00  4.00469532E-01  2.71080385E+01  1.00001017E+00  2.66882068E+00
 -2.21732657E+00  1.00000000E+00  2.72129304E+00 -3.61004629E+00  4.00596543E-01  2.71080532E+01  9.99679576E-01  2.66885597E+00
 -2.16840948E+00  1.00000000E+00  2.68146962E+00 -3.61568069E+00  4.00572318E-01  2.70936430E+01  1.00136012E+00  2.66721114E+00
 -2.11949239E+00  1.00000000E+00  2.64164619E+00 -3.62131117E+00  4.00232751E-01  2.70792530E+01  1.00304324E+00  2.66556811E+00
 -2.07057530E+00  1.00000000E+00  2.60340359E+00 -3.61864872E+00  3.99696801E-01  2.70754266E+01  1.00268345E+00  2.66521375E+00
 -2.02165821E+00  1.00000000E+00  2.56516098E+00 -3.61598640E+00  3.99343152E-01  2.70716020E+01  1.00232415E+00  2.66485951E+00
 -1.97274112E+00  1.00000000E+00  2.52319107E+00 -3.61178006E+00  3.98950402E-01  2.70090836E+01  1.00240092E+00  2.65846090E+00
 -1.92382403E+00  1.00000000E+00  2.48122116E+00 -3.60757880E+00  3.98343192E-01  2.69467125E+01  1.00247765E+00  2.65207734E+00
 -1.87490694E+00  1.00000000E+00  2.44301027E+00 -3.60837215E+00  3.97075043E-01  2.68576704E+01  1.00454874E+00  2.64276355E+00
 -1.82598985E+00  1.00000000E+00  2.40479937E+00 -3.60914733E+00  3.95838156E-01  2.67689542E+01  1.00662063E+00  2.63348299E+00
 -1.77707276E+00  1.00000000E+00  2.36482524E+00 -3.60674021E+00  3.94547410E-01  2.66975898E+01  1.00770969E+00  2.62607664E+00
 -1.72815567E+00  1.00000000E+00  2.32485110E+00 -3.60433294E+00  3.93451360E-01  2.66264250E+01  1.00879916E+00  2.61869064E+00
 -1.67923858E+00  1.00000000E+00  2.28704885E+00 -3.59012307E+00  3.91172742E-01  2.64889221E+01  1.00769746E+00  2.60474740E+00
 -1.63032150E+00  1.00000000E+00  2.24924660E+00 -3.57597445E+00  3.89800812E-01  2.63521313E+01  1.00660080E+00  2.59087645E+00
 -1.58140441E+00  1.00000000E+00  2.20896122E+00 -3.55450998E+00  3.88871469E-01  2.61848844E+01  1.00440214E+00  2.57400485E+00
 -1.53248732E+00  1.00000000E+00  2.16867585E+00 -3.53317605E+00  3.87842173E-01  2.60186985E+01  1.00222006E+00  2.55724002E+00
 -1.48357023E+00  1.00000000E+00  2.12378692E+00 -3.50564552E+00  3.86547276E-01  2.58113012E+01  9.98011147E-01  2.53646965E+00
 -1.43465314E+00  1.00000000E+00  2.07889799E+00 -3.47832960E+00  3.86528852E-01  2.56055569E+01  9.93830673E-01  2.51586535E+00
 -1.38573605E+00  1.00000000E+00  2.04258761E+00 -3.47347819E+00  3.84490963E-01  2.53177573E+01  9.98484045E-01  2.48597016E+00
 -1.33681896E+00  1.00000000E+00  2.00627724E+00 -3.46852425E+00  3.82016886E-01  2.50334246E+01  1.00313308E+00  2.45642980E+00
 -1.28790187E+00  1.00000000E+00  1.96645946E+00 -3.45644554E+00  3.79337796E-01  2.47493975E+01  1.00569862E+00  2.42713366E+00
 -1.23898478E+00  1.00000000E+00  1.92664168E+00 -3.44436662E+00  3.76302863E-01  2.44687362E+01  1.00825620E+00  2.39818240E+00
 -1.19006769E+00  1.00000000E+00  1.89396036E+00 -3.40025163E+00  3.72087719E-01  2.41507660E+01  1.00330606E+00  2.36618480E+00
 -1.14115060E+00  1.00000000E+00  1.86127904E+00 -3.35669710E+00  3.68645453E-01  2.38369274E+01  9.98434487E-01  2.33460150E+00
 -1.09223351E+00  1.00000000E+00  1.81274302E+00 -3.31882055E+00  3.67115031E-01  2.34563838E+01  9.95189139E-01  2.29603323E+00
 -1.04331642E+00  1.00000000E+00  1.76420700E+00 -3.28141130E+00  3.65717516E-01  2.30819515E+01  9.91974086E-01  2.25808658E+00
 -9.94399333E-01  1.00000000E+00  1.73402210E+00 -3.29287787E+00  3.61958531E-01  2.26695812E+01  1.00393747E+00  2.21471025E+00
 -9.45482243E-01  1.00000000E+00  1.70383720E+00 -3.30365473E+00  3.57315282E-01  2.22656730E+01  1.01593338E+00  2.17219561E+00
 -8.96565154E-01  1.00000000E+00  1.66828200E+00 -3.25567456E+00  3.51428461E-01  2.18456870E+01  1.01270937E+00  2.12959327E+00
 -8.47648064E-01  1.00000000E+00  1.63272679E+00 -3.20846577E+00  3.46533646E-01  2.14336433E+01  1.00956325E+00  2.08779485E+00
 -7.99501858E-01  1.00000000E+00  1.60229108E+00 -3.17503415E+00  3.41380304E-01  2.09269761E+01  1.01157009E+00  2.03579706E+00
 -7.51355652E-01  1.00000000E+00  1.57185538E+00 -3.14193351E+00  3.36920575E-01  2.04326465E+01  1.01355858E+00  1.98506232E+00
 -7.08111109E-01  1.00000000E+00  1.54061084E+00 -3.07664982E+00  3.34013029E-01  1.98903151E+01  1.00593813E+00  1.93040298E+00
 -6.64866566E-01  1.00000000E+00  1.50936629E+00 -3.01282638E+00  3.31619444E-01  1.93624181E+01  9.98456610E-01  1.87720495E+00
 -6.26599939E-01  1.00000000E+00  1.48264787E+00 -2.98079358E+00  3.30322009E-01  1.89970412E+01  9.97292350E-01  1.83997433E+00
 -5.88333313E-01  1.00000000E+00  1.45592944E+00 -2.94913317E+00  3.27830308E-01  1.86386813E+01  9.96134176E-01  1.80346037E+00
 -5.54471587E-01  1.00000000E+00  1.43687958E+00 -2.93434609E+00  3.25723621E-01  1.83547807E+01  9.98784452E-01  1.77416850E+00
 -5.20609860E-01  1.00000000E+00  1.41782972E+00 -2.91958475E+00  3.23075290E-01  1.80754128E+01  1.00142075E+00  1.74534141E+00
 -4.90645977E-01  1.00000000E+00  1.40322109E+00 -2.91429277E+00  3.19416429E-01  1.77592947E+01  1.00840437E+00  1.71231323E+00
 -4.60682095E-01  1.00000000E+00  1.38861247E+00 -2.90878596E+00  3.15470971E-01  1.74492234E+01  1.01537713E+00  1.67990429E+00
 -4.34167380E-01  1.00000000E+00  1.37703909E+00 -2.88042599E+00  3.11673396E-01  1.71415823E+01  1.01600777E+00  1.64839206E+00
 -4.07652666E-01  1.00000000E+00  1.36546572E+00 -2.85239923E+00  3.06798901E-01  1.68394683E+01  1.01665724E+00  1.61744291E+00
 -3.84190072E-01  1.00000000E+00  1.34734479E+00 -2.77158665E+00  2.99397658E-01  1.62376789E+01  1.00830400E+00  1.55678055E+00
 -3.60727478E-01  1.00000000E+00  1.32922387E+00 -2.69326629E+00  2.94594772E-01  1.56574386E+01  1.00023376E+00  1.49829205E+00
 -3.39965684E-01  1.00000000E+00  1.31799262E+00 -2.67319905E+00  2.89335371E-01  1.50923190E+01  1.01263129E+00  1.43925696E+00
 -3.19203889E-01  1.00000000E+00  1.30676138E+00 -2.65289133E+00  2.81262433E-01  1.45491305E+01  1.02501244E+00  1.38246541E+00
 -3.00831998E-01  1.00000000E+00  1.29893481E+00 -2.57904279E+00  2.67123526E-01  1.35753851E+01  1.03686415E+00  1.28171548E+00
 -2.82460107E-01  1.00000000E+00  1.29110824E+00 -2.50763879E+00  2.53681710E-01  1.26694134E+01  1.04879295E+00  1.18788565E+00
 -2.66203017E-01  1.00000000E+00  1.27994593E+00 -2.40872206E+00  2.38373097E-01  1.15790546E+01  1.06209253E+00  1.07506723E+00
 -2.49945927E-01  1.00000000E+00  1.26878361E+00 -2.31488119E+00  2.19177071E-01  1.05859104E+01  1.07574032E+00  9.72150719E-01
 -2.35560203E-01  1.00000000E+00  1.24666970E+00 -1.97898897E+00  1.92289768E-01  8.38056782E+00  1.05255716E+00  7.49085534E-01
 -2.21174479E-01  1.00000000E+00  1.22455579E+00 -1.69965033E+00  1.68911233E-01  6.63851028E+00  1.03618842E+00  5.72681790E-01
 -2.08421419E-01  1.00000000E+00  1.24981185E+00 -1.47540529E+00  1.39381878E-01  4.59973351E+00  1.12623490E+00  3.55068747E-01
 -1.95668358E-01  1.00000000E+00  1.27506791E+00 -1.30109018E+00  1.04758297E-01  3.21523658E+00  1.22972815E+00  2.02963084E-01
 -1.83439085E-01  1.00000000E+00  1.40045152E+00 -6.66665479E-01  4.71763912E-02  1.49401975E+00  1.23903480E+00  2.60651275E-02
 -1.71209813E-01  1.00000000E+00  1.52583512E+00 -3.12456430E-01  2.43563374E-02  6.91846152E-01  1.40610243E+00 -7.30128642E-02
 -1.58980541E-01  1.00000000E+00  1.71547832E+00  3.77726388E-01  6.75990290E-02  9.48743349E-01  1.26306496E+00 -3.21306539E-02
 -1.46751268E-01  1.00000000E+00  1.90512152E+00  1.39468958E+00  1.17976431E-01  1.88861433E+00  1.70415446E+00  1.88558984E-02
 -1.34521996E-01  1.00000000E+00  2.12514809E+00  1.42736339E+00  1.38640619E-01  2.53121576E+00  1.40327635E+00  1.15300472E-01
 -1.22292724E-01  1.00000000E+00  2.34517466E+00  1.50163908E+00  1.38393854E-01  3.48252860E+00  1.16483536E+00  2.36919754E-01
 -1.10063451E-01  1.00000000E+00  2.54358916E+00  1.73250042E+00  1.26701386E-01  4.14714878E+00  1.27948167E+00  2.93139305E-01
 -9.78341789E-02  1.00000000E+00  2.74200366E+00  2.00051456E+00  1.37709257E-01  4.93932107E+00  1.40709999E+00  3.61071488E-01
 -8.56049065E-02  1.00000000E+00  2.97229257E+00  2.42460991E+00  1.62439121E-01  5.00990005E+00  1.70428148E+00  3.37907677E-01
 -7.33756342E-02  1.00000000E+00  3.20258149E+00  2.87880157E+00  1.93610491E-01  5.17885874E+00  2.06353711E+00  3.18455100E-01
 -6.11463618E-02  1.00000000E+00  3.21925729E+00  9.51448034E-01  2.56324773E-01  3.05933863E+00  9.31536760E-01  2.17508636E-01
 -4.89170895E-02  1.00000000E+00  3.23593309E+00 -1.55886092E-01  2.57527087E-01  2.36350347E+00  6.77150022E-01  1.72382797E-01
 -3.66878171E-02  1.00000000E+00  4.26560221E+00  1.89695984E+00  3.51140445E-01  6.33976857E+00  1.06982271E+00  5.38705577E-01
 -2.44585447E-02  1.00000000E+00  5.29527133E+00  9.41537156E+00  9.13634330E-01  2.18014201E+01  4.36123708E+00  1.78277426E+00
 -1.22292724E-02  1.00000000E+00  2.81732725E+00  5.01802556E+00  2.13036996E-01  3.42129949E+00  1.08691799E+01 -7.61338882E-01
  0.00000000E+00  1.00000000E+00  3.39383160E-01  8.59481882E+00  4.42560375E-01  8.13062023E-01  1.18419123E+02 -1.20219529E+01
