# curve 5 (die wall), step =      100, time =   8.00000000E+01
# N1 = tau_xx - tau_yy = G ( c_xx - c_yy ),  G =  1.0222E-01  (polymer part only)
#              x               y        pressure            c_xy        gammadot            c_xx            c_yy              N1
 -3.00000000E+00  1.00000000E+00  3.34326249E+00 -3.60196643E+00  4.00428854E-01  2.69579395E+01  9.99228322E-01  2.65355714E+00
 -2.95108291E+00  1.00000000E+00  3.30614945E+00 -3.60511375E+00  4.01966684E-01  2.70416740E+01  9.98053756E-01  2.66223673E+00
 -2.90216582E+00  1.00000000E+00  3.26903641E+00 -3.60826226E+00  4.02728832E-01  2.71256800E+01  9.96879765E-01  2.67094402E+00
 -2.85324873E+00  1.00000000E+00  3.23040635E+00 -3.61211420E+00  4.02463692E-01  2.71163124E+01  9.98486687E-01  2.66982218E+00
 -2.80433164E+00  1.00000000E+00  3.19177629E+00 -3.61596647E+00  4.02035262E-01  2.71069533E+01  1.00009570E+00  2.66870100E+00
 -2.75541455E+00  1.00000000E+00  3.15218345E+00 -3.60991229E+00  4.02406067E-01  2.71090208E+01  9.98475862E-01  2.66907793E+00
 -2.70649746E+00  1.00000000E+00  3.11259061E+00 -3.60385847E+00  4.02597256E-01  2.71110973E+01  9.96858752E-01  2.66945550E+00
 -2.65758037E+00  1.00000000E+00  3.07423924E+00 -3.61511802E+00  4.02496391E-01  2.71162557E+01  9.99793101E-01  2.66968285E+00
 -2.60866328E+00  1.00000000E+00  3.03588786E+00 -3.62638460E+00  4.02114288E-01  2.71214402E+01  1.00273663E+00  2.66991192E+00
 -2.55974619E+00  1.00000000E+00  2.99708417E+00 -3.62480657E+00  4.01587181E-01  2.71305581E+01  1.00225408E+00  2.67089330E+00
 -2.51082911E+00  1.00000000E+00  2.95828048E+00 -3.62322749E+00  4.01658599E-01  2.71396807E+01  1.00177172E+00  2.67187514E+00
 -2.46191202E+00  1.00000000E+00  2.91802983E+00 -3.62145027E+00  4.01386269E-01  2.71234510E+01  1.00163754E+00  2.67022982E+00
 -2.41299493E+00  1.00000000E+00  2.87777917E+00 -3.61967399E+00  4.01019608E-01  2.71072310E+01  1.00150346E+00  2.66858548E+00
 -2.36407784E+00  1.00000000E+00  2.83894930E+00 -3.61612375E+00  4.00592793E-01  2.70929409E+01  1.00094353E+00  2.66718195E+00
 -2.31516075E+00  1.00000000E+00  2.80011942E+00 -3.61257574E+00  4.00465801E-01  2.70786589E+01  1.00038426E+00  2.66577919E+00
 -2.26624366E+00  1.00000000E+00  2.76010839E+00 -3.61164010E+00  4.00490806E-01  2.70792236E+01  1.00013210E+00  2.66586268E+00
 -2.21732657E+00  1.00000000E+00  2.72009735E+00 -3.61070446E+00  4.00600791E-01  2.70797884E+01  9.99880015E-01  2.66594619E+00
 -2.16840948E+00  1.00000000E+00  2.68033449E+00 -3.61619586E+00  4.00562776E-01  2.70659968E+01  1.00152234E+00  2.66436850E+00
 -2.11949239E+00  1.00000000E+00  2.64057164E+00 -3.62168367E+00  4.00210560E-01  2.70522239E+01  1.00316713E+00  2.66279247E+00
 -2.07057530E+00  1.00000000E+00  2.60227293E+00 -3.61850666E+00  3.99673425E-01  2.70477737E+01  1.00268335E+00  2.66238701E+00
 -2.02165821E+00  1.00000000E+00  2.56397422E+00 -3.61532995E+00  3.99336160E-01  2.70433258E+01  1.00220023E+00  2.66198172E+00
 -1.97274112E+00  1.00000000E+00  2.52200555E+00 -3.61120339E+00  3.98953158E-01  2.69808366E+01  1.00230040E+00  2.65558370E+00
 -1.92382403E+00  1.00000000E+00  2.48003688E+00 -3.60708166E+00  3.98354662E-01  2.69184949E+01  1.00240050E+00  2.64920076E+00
 -1.87490694E+00  1.00000000E+00  2.44181411E+00 -3.60789913E+00  3.97099964E-01  2.68300610E+01  1.00446777E+00  2.63994953E+00
 -1.82598985E+00  1.00000000E+00  2.40359135E+00 -3.60869854E+00  3.95872052E-01  2.67419492E+01  1.00653585E+00  2.63073114E+00
 -1.77707276E+00  1.00000000E+00  2.36363793E+00 -3.60615734E+00  3.94590066E-01  2.66709303E+01  1.00758135E+00  2.62336456E+00
 -1.72815567E+00  1.00000000E+00  2.32368452E+00 -3.60361648E+00  3.93504845E-01  2.66001089E+01  1.00862725E+00  2.61601812E+00
 -1.67923858E+00  1.00000000E+00  2.28579894E+00 -3.58934614E+00  3.91240239E-01  2.64624534E+01  1.00751631E+00  2.60206023E+00
 -1.63032150E+00  1.00000000E+00  2.24791336E+00 -3.57513756E+00  3.89877588E-01  2.63255123E+01  1.00641050E+00  2.58817486E+00
 -1.58140441E+00  1.00000000E+00  2.20758804E+00 -3.55464918E+00  3.88939790E-01  2.61598140E+01  1.00444060E+00  2.57143817E+00
 -1.53248732E+00  1.00000000E+00  2.16726273E+00 -3.53428188E+00  3.87888047E-01  2.59951582E+01  1.00248524E+00  2.55480657E+00
 -1.48357023E+00  1.00000000E+00  2.12255285E+00 -3.50764687E+00  3.86556342E-01  2.57899219E+01  9.98500717E-01  2.53423416E+00
 -1.43465314E+00  1.00000000E+00  2.07784297E+00 -3.48121438E+00  3.86484038E-01  2.55863055E+01  9.94541999E-01  2.51382471E+00
 -1.38573605E+00  1.00000000E+00  2.04160202E+00 -3.47524050E+00  3.84374310E-01  2.52983712E+01  9.98936479E-01  2.48394221E+00
 -1.33681896E+00  1.00000000E+00  2.00536107E+00 -3.46918089E+00  3.81886503E-01  2.50138939E+01  1.00332610E+00  2.45441360E+00
 -1.28790187E+00  1.00000000E+00  1.96546349E+00 -3.45618658E+00  3.79217497E-01  2.47275578E+01  1.00570989E+00  2.42490001E+00
 -1.23898478E+00  1.00000000E+00  1.92556592E+00 -3.44320487E+00  3.76208572E-01  2.44446359E+01  1.00808604E+00  2.39573621E+00
 -1.19006769E+00  1.00000000E+00  1.89283440E+00 -3.39930913E+00  3.72023361E-01  2.41259438E+01  1.00319395E+00  2.36365887E+00
 -1.14115060E+00  1.00000000E+00  1.86010288E+00 -3.35597072E+00  3.68593087E-01  2.38114057E+01  9.98379079E-01  2.33199828E+00
 -1.09223351E+00  1.00000000E+00  1.81157957E+00 -3.31848770E+00  3.67072362E-01  2.34315604E+01  9.95238556E-01  2.29349068E+00
 -1.04331642E+00  1.00000000E+00  1.76305627E+00 -3.28146284E+00  3.65672475E-01  2.30578128E+01  9.92126809E-01  2.25560346E+00
 -9.94399333E-01  1.00000000E+00  1.73301594E+00 -3.29255300E+00  3.61907118E-01  2.26461926E+01  1.00401202E+00  2.21231179E+00
 -9.45482243E-01  1.00000000E+00  1.70297561E+00 -3.30296438E+00  3.57263910E-01  2.22430023E+01  1.01592865E+00  2.16987864E+00
 -8.96565154E-01  1.00000000E+00  1.66734424E+00 -3.25365521E+00  3.51388186E-01  2.18215625E+01  1.01235821E+00  2.12716311E+00
 -8.47648064E-01  1.00000000E+00  1.63171287E+00 -3.20515391E+00  3.46540646E-01  2.14081231E+01  1.00887273E+00  2.08525670E+00
 -7.99501858E-01  1.00000000E+00  1.60108240E+00 -3.17203816E+00  3.41457755E-01  2.09018816E+01  1.01096432E+00  2.03329377E+00
 -7.51355652E-01  1.00000000E+00  1.57045192E+00 -3.13924383E+00  3.37016616E-01  2.04079776E+01  1.01303678E+00  1.98259395E+00
 -7.08111109E-01  1.00000000E+00  1.53917953E+00 -3.07688475E+00  3.34144343E-01  1.98749321E+01  1.00612266E+00  1.92881163E+00
 -6.64866566E-01  1.00000000E+00  1.50790713E+00 -3.01586825E+00  3.31685190E-01  1.93558612E+01  9.99327387E-01  1.87644567E+00
 -6.26599939E-01  1.00000000E+00  1.48150296E+00 -2.98599529E+00  3.30225159E-01  1.89963584E+01  9.98786497E-01  1.83975179E+00
 -5.88333313E-01  1.00000000E+00  1.45509878E+00 -2.95644129E+00  3.27573233E-01  1.86436714E+01  9.98246131E-01  1.80375458E+00
 -5.54471587E-01  1.00000000E+00  1.43638063E+00 -2.93979596E+00  3.25309332E-01  1.83574533E+01  1.00051388E+00  1.77426492E+00
 -5.20609860E-01  1.00000000E+00  1.41766249E+00 -2.92321460E+00  3.22522883E-01  1.80758154E+01  1.00277008E+00  1.74524464E+00
 -4.90645977E-01  1.00000000E+00  1.40272096E+00 -2.91255994E+00  3.18668479E-01  1.77419790E+01  1.00853558E+00  1.71052977E+00
 -4.60682095E-01  1.00000000E+00  1.38777943E+00 -2.90178304E+00  3.14792995E-01  1.74147629E+01  1.01428265E+00  1.67649354E+00
 -4.34167380E-01  1.00000000E+00  1.37570162E+00 -2.87369603E+00  3.11184943E-01  1.70931092E+01  1.01535862E+00  1.64350339E+00
 -4.07652666E-01  1.00000000E+00  1.36362381E+00 -2.84593461E+00  3.06320725E-01  1.67775291E+01  1.01644915E+00  1.61113262E+00
 -3.84190072E-01  1.00000000E+00  1.34546786E+00 -2.76541264E+00  2.98579767E-01  1.61429441E+01  1.00907359E+00  1.54701788E+00
 -3.60727478E-01  1.00000000E+00  1.32731191E+00 -2.68741854E+00  2.93440974E-01  1.55324600E+01  1.00195133E+00  1.48534089E+00
 -3.39965684E-01  1.00000000E+00  1.31654889E+00 -2.66571424E+00  2.87797371E-01  1.49218316E+01  1.01554365E+00  1.42153166E+00
 -3.19203889E-01  1.00000000E+00  1.30578587E+00 -2.64372414E+00  2.79123788E-01  1.43370357E+01  1.02911681E+00  1.36036504E+00
 -3.00831998E-01  1.00000000E+00  1.30019416E+00 -2.56032061E+00  2.63591801E-01  1.32674665E+01  1.04183646E+00  1.24973107E+00
 -2.82460107E-01  1.00000000E+00  1.29460245E+00 -2.48007756E+00  2.49228171E-01  1.22808385E+01  1.05465781E+00  1.14756513E+00
 -2.66203017E-01  1.00000000E+00  1.28620144E+00 -2.36718535E+00  2.33339786E-01  1.11326619E+01  1.06615859E+00  1.02902034E+00
 -2.49945927E-01  1.00000000E+00  1.27780043E+00 -2.26096655E+00  2.13759616E-01  1.00952978E+01  1.07813528E+00  9.21754387E-01
 -2.35560203E-01  1.00000000E+00  1.26331859E+00 -1.92525364E+00  1.87182916E-01  7.95013835E+00  1.05502630E+00  7.04833676E-01
 -2.21174479E-01  1.00000000E+00  1.24883675E+00 -1.64745313E+00  1.64119471E-01  6.26453682E+00  1.03922134E+00  5.34143360E-01
 -2.08421419E-01  1.00000000E+00  1.27823828E+00 -1.42526053E+00  1.35442225E-01  4.42747109E+00  1.11756573E+00  3.38345881E-01
 -1.95668358E-01  1.00000000E+00  1.30763982E+00 -1.25192840E+00  1.01658787E-01  3.15008379E+00  1.20892134E+00  1.98429939E-01
 -1.83439085E-01  1.00000000E+00  1.42790980E+00 -7.20079605E-01  4.80569495E-02  1.65851076E+00  1.22501657E+00  4.43127398E-02
 -1.71209813E-01  1.00000000E+00  1.54817978E+00 -3.96140759E-01  2.12506111E-02  8.70594379E-01  1.35393909E+00 -4.94085706E-02
 -1.58980541E-01  1.00000000E+00  1.70526851E+00  2.24455610E-01  5.62455660E-02  8.52440632E-01  1.21346239E+00 -3.69044461E-02
 -1.46751268E-01  1.00000000E+00  1.86235724E+00  9.00629139E-01  9.74665397E-02  1.19427255E+00  1.47267397E+00 -2.84588128E-02
 -1.34521996E-01  1.00000000E+00  2.07978695E+00  1.08763299E+00  1.20731955E-01  1.79812877E+00  1.32064265E+00  4.88096923E-02
 -1.22292724E-01  1.00000000E+00  2.29721665E+00  1.35274707E+00  1.27609484E-01  2.72167193E+00  1.22301284E+00  1.53196262E-01
 -1.10063451E-01  1.00000000E+00  2.50495211E+00  1.66016050E+00  1.22029979E-01  3.63807077E+00  1.32524965E+00  2.36421714E-01
 -9.78341789E-02  1.00000000E+00  2.71268757E+00  2.04886926E+00  1.40337415E-01  4.86848917E+00  1.44679857E+00  3.49772817E-01
 -8.56049065E-02  1.00000000E+00  2.94205871E+00  2.36137201E+00  1.66122725E-01  4.78715380E+00  1.68966633E+00  3.16632053E-01
 -7.33756342E-02  1.00000000E+00  3.17142985E+00  2.68286049E+00  1.92495377E-01  4.78081672E+00  1.96956600E+00  2.87372296E-01
 -6.11463618E-02  1.00000000E+00  3.19090140E+00  9.24788016E-01  2.56823113E-01  2.96171329E+00  9.23838332E-01  2.08316107E-01
 -4.89170895E-02  1.00000000E+00  3.21037296E+00 -1.40628219E-01  2.59971736E-01  2.38443611E+00  6.77118711E-01  1.74525779E-01
 -3.66878171E-02  1.00000000E+00  4.25634241E+00  1.94317004E+00  3.53868888E-01  6.38535005E+00  1.09886103E+00  5.40396656E-01
 -2.44585447E-02  1.00000000E+00  5.30231186E+00  9.57185226E+00  9.11389749E-01  2.18994100E+01  4.48440059E+00  1.78020096E+00
 -1.22292724E-02  1.00000000E+00  2.82203631E+00  5.13134441E+00  2.15096616E-01  3.46363940E+00  1.11391589E+01 -7.84608661E-01
  0.00000000E+00  1.00000000E+00  3.41760764E-01  8.77362438E+00  4.40412874E-01  8.29935641E-01  1.20212572E+02 -1.22035584E+01
