# curve 5 (die wall), step =      200, time =   1.60000000E+02
# N1 = tau_xx - tau_yy = G ( c_xx - c_yy ),  G =  1.0222E-01  (polymer part only)
#              x               y        pressure            c_xy        gammadot            c_xx            c_yy              N1
 -3.00000000E+00  1.00000000E+00  3.34429938E+00 -3.60218498E+00  4.00427495E-01  2.69866710E+01  9.99214098E-01  2.65649560E+00
 -2.95108291E+00  1.00000000E+00  3.30725292E+00 -3.60600373E+00  4.01991003E-01  2.70729688E+01  9.98165307E-01  2.66542435E+00
 -2.90216582E+00  1.00000000E+00  3.27020645E+00 -3.60982600E+00  4.02740328E-01  2.71595527E+01  9.97117099E-01  2.67438231E+00
 -2.85324873E+00  1.00000000E+00  3.23167797E+00 -3.61391671E+00  4.02447696E-01  2.71512806E+01  9.98789780E-01  2.67336573E+00
 -2.80433164E+00  1.00000000E+00  3.19314949E+00 -3.61800810E+00  4.01983084E-01  2.71430165E+01  1.00046475E+00  2.67234974E+00
 -2.75541455E+00  1.00000000E+00  3.15350597E+00 -3.61114292E+00  4.02339902E-01  2.71447707E+01  9.98654546E-01  2.67271409E+00
 -2.70649746E+00  1.00000000E+00  3.11386244E+00 -3.60427832E+00  4.02535554E-01  2.71465362E+01  9.96847799E-01  2.67307926E+00
 -2.65758037E+00  1.00000000E+00  3.07547185E+00 -3.61554663E+00  4.02439140E-01  2.71508854E+01  9.99791994E-01  2.67322289E+00
 -2.60866328E+00  1.00000000E+00  3.03708125E+00 -3.62682153E+00  4.02071416E-01  2.71552610E+01  1.00274541E+00  2.67336826E+00
 -2.55974619E+00  1.00000000E+00  2.99827839E+00 -3.62527255E+00  4.01549714E-01  2.71640161E+01  1.00227398E+00  2.67431142E+00
 -2.51082911E+00  1.00000000E+00  2.95947553E+00 -3.62372259E+00  4.01624019E-01  2.71727757E+01  1.00180274E+00  2.67525502E+00
 -2.46191202E+00  1.00000000E+00  2.91922928E+00 -3.62189903E+00  4.01354910E-01  2.71559873E+01  1.00166722E+00  2.67355272E+00
 -2.41299493E+00  1.00000000E+00  2.87898302E+00 -3.62007646E+00  4.00988421E-01  2.71392092E+01  1.00153180E+00  2.67185147E+00
 -2.36407784E+00  1.00000000E+00  2.84017533E+00 -3.61630492E+00  4.00553324E-01  2.71236223E+01  1.00093518E+00  2.67031913E+00
 -2.31516075E+00  1.00000000E+00  2.80136763E+00 -3.61253594E+00  4.00428287E-01  2.71080451E+01  1.00033931E+00  2.66878770E+00
 -2.26624366E+00  1.00000000E+00  2.76132924E+00 -3.61128803E+00  4.00469119E-01  2.71080521E+01  1.00000860E+00  2.66882222E+00
 -2.21732657E+00  1.00000000E+00  2.72129085E+00 -3.61004016E+00  4.00596381E-01  2.71080595E+01  9.99678004E-01  2.66885677E+00
 -2.16840948E+00  1.00000000E+00  2.68146726E+00 -3.61567709E+00  4.00572316E-01  2.70936492E+01  1.00135916E+00  2.66721187E+00
 -2.11949239E+00  1.00000000E+00  2.64164368E+00 -3.62131011E+00  4.00232829E-01  2.70792590E+01  1.00304290E+00  2.66556876E+00
 -2.07057530E+00  1.00000000E+00  2.60340159E+00 -3.61865021E+00  3.99696910E-01  2.70754395E+01  1.00268364E+00  2.66521504E+00
 -2.02165821E+00  1.00000000E+00  2.56515950E+00 -3.61599045E+00  3.99343210E-01  2.70716216E+01  1.00232486E+00  2.66486145E+00
 -1.97274112E+00  1.00000000E+00  2.52318980E+00 -3.61178157E+00  3.98950426E-01  2.70091028E+01  1.00240101E+00  2.65846285E+00
 -1.92382403E+00  1.00000000E+00  2.48122010E+00 -3.60757779E+00  3.98343231E-01  2.69467313E+01  1.00247712E+00  2.65207932E+00
 -1.87490694E+00  1.00000000E+00  2.44300886E+00 -3.60836818E+00  3.97075152E-01  2.68576822E+01  1.00454755E+00  2.64276487E+00
 -1.82598985E+00  1.00000000E+00  2.40479761E+00 -3.60914042E+00  3.95838418E-01  2.67689590E+01  1.00661878E+00  2.63348367E+00
 -1.77707276E+00  1.00000000E+00  2.36482333E+00 -3.60673376E+00  3.94547847E-01  2.66975987E+01  1.00770780E+00  2.62607774E+00
 -1.72815567E+00  1.00000000E+00  2.32484905E+00 -3.60432696E+00  3.93451910E-01  2.66264380E+01  1.00879723E+00  2.61869216E+00
 -1.67923858E+00  1.00000000E+00  2.28704629E+00 -3.59011907E+00  3.91173524E-01  2.64889417E+01  1.00769589E+00  2.60474957E+00
 -1.63032150E+00  1.00000000E+00  2.24924353E+00 -3.57597241E+00  3.89801666E-01  2.63521575E+01  1.00659959E+00  2.59087925E+00
 -1.58140441E+00  1.00000000E+00  2.20895797E+00 -3.55451441E+00  3.88872215E-01  2.61849244E+01  1.00440237E+00  2.57400892E+00
 -1.53248732E+00  1.00000000E+00  2.16867241E+00 -3.53318688E+00  3.87842760E-01  2.60187521E+01  1.00222173E+00  2.55724533E+00
 -1.48357023E+00  1.00000000E+00  2.12378450E+00 -3.50566328E+00  3.86547614E-01  2.58113712E+01  9.98014530E-01  2.53647646E+00
 -1.43465314E+00  1.00000000E+00  2.07889660E+00 -3.47835419E+00  3.86528804E-01  2.56056429E+01  9.93835744E-01  2.51587362E+00
 -1.38573605E+00  1.00000000E+00  2.04258679E+00 -3.47349796E+00  3.84490391E-01  2.53178507E+01  9.98487855E-01  2.48597931E+00
 -1.33681896E+00  1.00000000E+00  2.00627699E+00 -3.46853928E+00  3.82016173E-01  2.50335250E+01  1.00313563E+00  2.45643980E+00
 -1.28790187E+00  1.00000000E+00  1.96645893E+00 -3.45645378E+00  3.79337092E-01  2.47494848E+01  1.00569968E+00  2.42714248E+00
 -1.23898478E+00  1.00000000E+00  1.92664087E+00 -3.44436817E+00  3.76302313E-01  2.44688106E+01  1.00825577E+00  2.39819005E+00
 -1.19006769E+00  1.00000000E+00  1.89395971E+00 -3.40024433E+00  3.72087459E-01  2.41508284E+01  1.00330327E+00  2.36619145E+00
 -1.14115060E+00  1.00000000E+00  1.86127856E+00 -3.35668113E+00  3.68645616E-01  2.38369781E+01  9.98429386E-01  2.33460720E+00
 -1.09223351E+00  1.00000000E+00  1.81274074E+00 -3.31880016E+00  3.67115715E-01  2.34564200E+01  9.95182912E-01  2.29603757E+00
 -1.04331642E+00  1.00000000E+00  1.76420292E+00 -3.28138660E+00  3.65718840E-01  2.30819738E+01  9.91966749E-01  2.25808961E+00
 -9.94399333E-01  1.00000000E+00  1.73401750E+00 -3.29286629E+00  3.61960464E-01  2.26696251E+01  1.00393294E+00  2.21471520E+00
 -9.45482243E-01  1.00000000E+00  1.70383207E+00 -3.30365603E+00  3.57317370E-01  2.22657380E+01  1.01593170E+00  2.17220243E+00
 -8.96565154E-01  1.00000000E+00  1.66827791E+00 -3.25568451E+00  3.51430488E-01  2.18457767E+01  1.01270972E+00  2.12960240E+00
 -8.47648064E-01  1.00000000E+00  1.63272374E+00 -3.20848412E+00  3.46535226E-01  2.14337568E+01  1.00956558E+00  2.08780622E+00
 -7.99501858E-01  1.00000000E+00  1.60228839E+00 -3.17505039E+00  3.41381793E-01  2.09271240E+01  1.01157113E+00  2.03581207E+00
 -7.51355652E-01  1.00000000E+00  1.57185304E+00 -3.14194773E+00  3.36922029E-01  2.04328270E+01  1.01355835E+00  1.98508080E+00
 -7.08111109E-01  1.00000000E+00  1.54060743E+00 -3.07667059E+00  3.34014812E-01  1.98905496E+01  1.00593863E+00  1.93042690E+00
 -6.64866566E-01  1.00000000E+00  1.50936183E+00 -3.01285339E+00  3.31621383E-01  1.93627035E+01  9.98457823E-01  1.87723400E+00
 -6.26599939E-01  1.00000000E+00  1.48264301E+00 -2.98083063E+00  3.30323929E-01  1.89973784E+01  9.97295473E-01  1.84000848E+00
 -5.88333313E-01  1.00000000E+00  1.45592419E+00 -2.94918001E+00  3.27832178E-01  1.86390683E+01  9.96139187E-01  1.80349942E+00
 -5.54471587E-01  1.00000000E+00  1.43687424E+00 -2.93439233E+00  3.25725338E-01  1.83552052E+01  9.98788400E-01  1.77421149E+00
 -5.20609860E-01  1.00000000E+00  1.41782429E+00 -2.91963043E+00  3.23077127E-01  1.80758736E+01  1.00142364E+00  1.74538822E+00
 -4.90645977E-01  1.00000000E+00  1.40321556E+00 -2.91431630E+00  3.19419214E-01  1.77597823E+01  1.00839905E+00  1.71236362E+00
 -4.60682095E-01  1.00000000E+00  1.38860682E+00 -2.90878787E+00  3.15475124E-01  1.74497362E+01  1.01536356E+00  1.67995810E+00
 -4.34167380E-01  1.00000000E+00  1.37702439E+00 -2.88041408E+00  3.11679112E-01  1.71420660E+01  1.01598936E+00  1.64844339E+00
 -4.07652666E-01  1.00000000E+00  1.36544196E+00 -2.85237380E+00  3.06806976E-01  1.68399237E+01  1.01663402E+00  1.61749184E+00
 -3.84190072E-01  1.00000000E+00  1.34730981E+00 -2.77163595E+00  2.99409189E-01  1.62382427E+01  1.00829896E+00  1.55683869E+00
 -3.60727478E-01  1.00000000E+00  1.32917766E+00 -2.69338633E+00  2.94606037E-01  1.56581030E+01  1.00024602E+00  1.49835871E+00
 -3.39965684E-01  1.00000000E+00  1.31793748E+00 -2.67338856E+00  2.89343507E-01  1.50928355E+01  1.01267191E+00  1.43930561E+00
 -3.19203889E-01  1.00000000E+00  1.30669729E+00 -2.65314690E+00  2.81264673E-01  1.45495132E+01  1.02508152E+00  1.38249746E+00
 -3.00831998E-01  1.00000000E+00  1.29886127E+00 -2.57926008E+00  2.67111844E-01  1.35748742E+01  1.03695089E+00  1.28165438E+00
 -2.82460107E-01  1.00000000E+00  1.29102526E+00 -2.50781903E+00  2.53661164E-01  1.26681341E+01  1.04889691E+00  1.18774425E+00
 -2.66203017E-01  1.00000000E+00  1.27985247E+00 -2.40871804E+00  2.38345720E-01  1.15764931E+01  1.06217811E+00  1.07479665E+00
 -2.49945927E-01  1.00000000E+00  1.26867967E+00 -2.31471020E+00  2.19143853E-01  1.05823033E+01  1.07580779E+00  9.71775095E-01
 -2.35560203E-01  1.00000000E+00  1.24653810E+00 -1.97828967E+00  1.92245826E-01  8.37408095E+00  1.05253217E+00  7.48424986E-01
 -2.21174479E-01  1.00000000E+00  1.22439652E+00 -1.69860093E+00  1.68869970E-01  6.63051599E+00  1.03608936E+00  5.71874722E-01
 -2.08421419E-01  1.00000000E+00  1.24976099E+00 -1.47429637E+00  1.39333932E-01  4.59179729E+00  1.12632000E+00  3.54248790E-01
 -1.95668358E-01  1.00000000E+00  1.27512545E+00 -1.30000843E+00  1.04695908E-01  3.20814036E+00  1.23004445E+00  2.02205360E-01
 -1.83439085E-01  1.00000000E+00  1.40082852E+00 -6.64818025E-01  4.71032802E-02  1.48937019E+00  1.23905243E+00  2.55880371E-02
 -1.71209813E-01  1.00000000E+00  1.52653158E+00 -3.10295162E-01  2.44542388E-02  6.89126825E-01  1.40653588E+00 -7.33351479E-02
 -1.58980541E-01  1.00000000E+00  1.71609903E+00  3.78216035E-01  6.77199659E-02  9.46692550E-01  1.26374345E+00 -3.24096476E-02
 -1.46751268E-01  1.00000000E+00  1.90566647E+00  1.39290659E+00  1.18091359E-01  1.88530843E+00  1.70322182E+00  1.86132980E-02
 -1.34521996E-01  1.00000000E+00  2.12546608E+00  1.42511551E+00  1.38707914E-01  2.52619239E+00  1.40230171E+00  1.14886603E-01
 -1.22292724E-01  1.00000000E+00  2.34526569E+00  1.49878934E+00  1.38376703E-01  3.47487447E+00  1.16380478E+00  2.36242679E-01
 -1.10063451E-01  1.00000000E+00  2.54363261E+00  1.73051736E+00  1.26655735E-01  4.14018175E+00  1.27903730E+00  2.92472544E-01
 -9.78341789E-02  1.00000000E+00  2.74199953E+00  1.99972928E+00  1.37675446E-01  4.93355279E+00  1.40740207E+00  3.60450963E-01
 -8.56049065E-02  1.00000000E+00  2.97220245E+00  2.42296263E+00  1.62417371E-01  5.00417869E+00  1.70401350E+00  3.37350220E-01
 -7.33756342E-02  1.00000000E+00  3.20240536E+00  2.87616990E+00  1.93581530E-01  5.17282311E+00  2.06248174E+00  3.17946006E-01
 -6.11463618E-02  1.00000000E+00  3.21908495E+00  9.51050356E-01  2.56279649E-01  3.05743467E+00  9.31463703E-01  2.17321477E-01
 -4.89170895E-02  1.00000000E+00  3.23576453E+00 -1.55668739E-01  2.57485995E-01  2.36323015E+00  6.77118695E-01  1.72358059E-01
 -3.66878171E-02  1.00000000E+00  4.26542730E+00  1.89711545E+00  3.51114013E-01  6.33960710E+00  1.06992079E+00  5.38679045E-01
 -2.44585447E-02  1.00000000E+00  5.29509007E+00  9.41543253E+00  9.13571165E-01  2.18012623E+01  4.36133094E+00  1.78274854E+00
 -1.22292724E-02  1.00000000E+00  2.81723194E+00  5.01786686E+00  2.13001362E-01  3.42119519E+00  1.08689109E+01 -7.61322048E-01
  0.00000000E+00  1.00000000E+00  3.39373819E-01  8.59373657E+00  4.42581904E-01  8.12955406E-01  1.18408753E+02 -1.20209038E+01
