# curve 5 (die wall), step =     1000, time =   4.00000000E+02
# N1 = tau_xx - tau_yy = G ( c_xx - c_yy ),  G =  5.7143E-02  (polymer part only)
#              x               y        pressure            c_xy        gammadot            c_xx            c_yy              N1
 -1.00000000E+01  1.00000000E+00  7.90884965E+00 -2.83705950E+00  4.13108135E-01  1.84166552E+01  9.19819343E-01  9.99819194E-01
 -9.95040609E+00  1.00000000E+00  7.87189983E+00 -2.83540364E+00  4.13156122E-01  1.84057742E+01  9.19544861E-01  9.99213108E-01
 -9.90081218E+00  1.00000000E+00  7.83495000E+00 -2.83374874E+00  4.13192691E-01  1.83948997E+01  9.19270524E-01  9.98607381E-01
 -9.85121827E+00  1.00000000E+00  7.79880161E+00 -2.83537610E+00  4.13183715E-01  1.84071713E+01  9.19550619E-01  9.99292612E-01
 -9.80162437E+00  1.00000000E+00  7.76265322E+00 -2.83700443E+00  4.13163197E-01  1.84194512E+01  9.19830836E-01  9.99978305E-01
 -9.75203046E+00  1.00000000E+00  7.72577962E+00 -2.83496745E+00  4.13093772E-01  1.84113024E+01  9.19342765E-01  9.99540553E-01
 -9.70243655E+00  1.00000000E+00  7.68890601E+00 -2.83293162E+00  4.13100436E-01  1.84031575E+01  9.18855024E-01  9.99103000E-01
 -9.65284264E+00  1.00000000E+00  7.65240700E+00 -2.83686059E+00  4.13105212E-01  1.84084435E+01  9.19976320E-01  9.99340980E-01
 -9.60324873E+00  1.00000000E+00  7.61590798E+00 -2.84079174E+00  4.12909283E-01  1.84137339E+01  9.21099162E-01  9.99579127E-01
 -9.55365482E+00  1.00000000E+00  7.57999834E+00 -2.84036580E+00  4.12772415E-01  1.84293860E+01  9.20729934E-01  1.00049463E+00
 -9.50406091E+00  1.00000000E+00  7.54408870E+00 -2.83993823E+00  4.12675942E-01  1.84450536E+01  9.20360691E-01  1.00141102E+00
 -9.45446701E+00  1.00000000E+00  7.50662423E+00 -2.83774052E+00  4.12615768E-01  1.84280509E+01  9.20086963E-01  1.00045508E+00
 -9.40487310E+00  1.00000000E+00  7.46915976E+00 -2.83554461E+00  4.12674190E-01  1.84110638E+01  9.19813436E-01  9.99500023E-01
 -9.35527919E+00  1.00000000E+00  7.43295632E+00 -2.83733172E+00  4.12769248E-01  1.84223478E+01  9.19932493E-01  1.00013802E+00
 -9.30568528E+00  1.00000000E+00  7.39675289E+00 -2.83911989E+00  4.12795373E-01  1.84336388E+01  9.20051771E-01  1.00077640E+00
 -9.25609137E+00  1.00000000E+00  7.36035879E+00 -2.83878780E+00  4.12801870E-01  1.84325397E+01  9.20063657E-01  1.00071292E+00
 -9.20649746E+00  1.00000000E+00  7.32396470E+00 -2.83845573E+00  4.12902747E-01  1.84314408E+01  9.20075563E-01  1.00064944E+00
 -9.15690355E+00  1.00000000E+00  7.28702534E+00 -2.83623501E+00  4.12889934E-01  1.84222560E+01  9.19575419E-01  1.00015318E+00
 -9.10730965E+00  1.00000000E+00  7.25008598E+00 -2.83401567E+00  4.12953651E-01  1.84130760E+01  9.19075649E-01  9.99657165E-01
 -9.05771574E+00  1.00000000E+00  7.21362878E+00 -2.83405879E+00  4.13136994E-01  1.84179541E+01  9.18851795E-01  9.99948705E-01
 -9.00812183E+00  1.00000000E+00  7.17717159E+00 -2.83410193E+00  4.13299631E-01  1.84228336E+01  9.18627994E-01  1.00024032E+00
 -8.95852792E+00  1.00000000E+00  7.14062606E+00 -2.83513236E+00  4.13250414E-01  1.84178976E+01  9.19090178E-01  9.99931855E-01
 -8.90893401E+00  1.00000000E+00  7.10408053E+00 -2.83616246E+00  4.13167142E-01  1.84129639E+01  9.19552535E-01  9.99623504E-01
 -8.85934010E+00  1.00000000E+00  7.06777651E+00 -2.83721162E+00  4.13228797E-01  1.84221113E+01  9.19719380E-01  1.00013668E+00
 -8.80974619E+00  1.00000000E+00  7.03147250E+00 -2.83826120E+00  4.13187069E-01  1.84312633E+01  9.19886262E-01  1.00065012E+00
 -8.76015229E+00  1.00000000E+00  6.99468859E+00 -2.83713279E+00  4.13063173E-01  1.84232183E+01  9.19697324E-01  1.00020120E+00
 -8.71055838E+00  1.00000000E+00  6.95790467E+00 -2.83600483E+00  4.13031215E-01  1.84151768E+01  9.19508448E-01  9.99752476E-01
 -8.66096447E+00  1.00000000E+00  6.92149184E+00 -2.83552353E+00  4.13047601E-01  1.84101094E+01  9.19521481E-01  9.99462168E-01
 -8.61137056E+00  1.00000000E+00  6.88507900E+00 -2.83504233E+00  4.13066450E-01  1.84050435E+01  9.19534525E-01  9.99171939E-01
 -8.56177665E+00  1.00000000E+00  6.84844812E+00 -2.83620454E+00  4.13087048E-01  1.84085860E+01  9.19784843E-01  9.99360064E-01
 -8.51218274E+00  1.00000000E+00  6.81181724E+00 -2.83736704E+00  4.13049610E-01  1.84121293E+01  9.20035269E-01  9.99548228E-01
 -8.46258884E+00  1.00000000E+00  6.77539612E+00 -2.83854330E+00  4.12997774E-01  1.84256379E+01  9.20107619E-01  1.00031601E+00
 -8.41299493E+00  1.00000000E+00  6.73897501E+00 -2.83972007E+00  4.12900799E-01  1.84391566E+01  9.20179972E-01  1.00108438E+00
 -8.36340102E+00  1.00000000E+00  6.70239630E+00 -2.83746285E+00  4.12866273E-01  1.84260824E+01  9.19866511E-01  1.00035520E+00
 -8.31380711E+00  1.00000000E+00  6.66581759E+00 -2.83520727E+00  4.12952276E-01  1.84130176E+01  9.19553354E-01  9.99626530E-01
 -8.26421320E+00  1.00000000E+00  6.62902244E+00 -2.83519622E+00  4.12958364E-01  1.84105217E+01  9.19547264E-01  9.99484252E-01
 -8.21461929E+00  1.00000000E+00  6.59222729E+00 -2.83518513E+00  4.12986725E-01  1.84080261E+01  9.19541175E-01  9.99341996E-01
 -8.16502538E+00  1.00000000E+00  6.55598877E+00 -2.83818704E+00  4.12995058E-01  1.84238522E+01  9.20099521E-01  1.00021444E+00
 -8.11543148E+00  1.00000000E+00  6.51975025E+00 -2.84119178E+00  4.12819033E-01  1.84396920E+01  9.20658443E-01  1.00108763E+00
 -8.06583757E+00  1.00000000E+00  6.48301328E+00 -2.83748547E+00  4.12758636E-01  1.84261677E+01  9.19871962E-01  1.00035975E+00
 -8.01624366E+00  1.00000000E+00  6.44627631E+00 -2.83378254E+00  4.12901628E-01  1.84126541E+01  9.19086533E-01  9.99632435E-01
 -7.96664975E+00  1.00000000E+00  6.40965058E+00 -2.83486809E+00  4.12988325E-01  1.84114212E+01  9.19403074E-01  9.99543894E-01
 -7.91705584E+00  1.00000000E+00  6.37302484E+00 -2.83595354E+00  4.13060858E-01  1.84101889E+01  9.19719740E-01  9.99455379E-01
 -7.86746193E+00  1.00000000E+00  6.33664446E+00 -2.83681410E+00  4.13124711E-01  1.84223899E+01  9.19563603E-01  1.00016150E+00
 -7.81786802E+00  1.00000000E+00  6.30026409E+00 -2.83767503E+00  4.13144386E-01  1.84345991E+01  9.19407526E-01  1.00086809E+00
 -7.76827412E+00  1.00000000E+00  6.26367988E+00 -2.83587001E+00  4.13140805E-01  1.84239581E+01  9.19237481E-01  1.00026975E+00
 -7.71868021E+00  1.00000000E+00  6.22709568E+00 -2.83406603E+00  4.13219796E-01  1.84133232E+01  9.19067651E-01  9.99671746E-01
 -7.66908630E+00  1.00000000E+00  6.19031753E+00 -2.83441940E+00  4.13190037E-01  1.84119638E+01  9.19164828E-01  9.99588510E-01
 -7.61949239E+00  1.00000000E+00  6.15353937E+00 -2.83477271E+00  4.13151697E-01  1.84106045E+01  9.19262020E-01  9.99505284E-01
 -7.56989848E+00  1.00000000E+00  6.11740292E+00 -2.83918349E+00  4.13127627E-01  1.84263314E+01  9.20270335E-01  1.00034635E+00
 -7.52030457E+00  1.00000000E+00  6.08126646E+00 -2.84359913E+00  4.12879729E-01  1.84420731E+01  9.21280196E-01  1.00118817E+00
 -7.47071066E+00  1.00000000E+00  6.04450479E+00 -2.83911379E+00  4.12762023E-01  1.84280186E+01  9.20299676E-01  1.00044108E+00
 -7.42111676E+00  1.00000000E+00  6.00774311E+00 -2.83463287E+00  4.12882906E-01  1.84139767E+01  9.19320764E-01  9.99694623E-01
 -7.37152285E+00  1.00000000E+00  5.97108134E+00 -2.83521588E+00  4.12944560E-01  1.84116403E+01  9.19516046E-01  9.99549959E-01
 -7.32192894E+00  1.00000000E+00  5.93441957E+00 -2.83579876E+00  4.13007921E-01  1.84093045E+01  9.19711366E-01  9.99405324E-01
 -7.27233503E+00  1.00000000E+00  5.89801148E+00 -2.83649799E+00  4.13078065E-01  1.84217873E+01  9.19513545E-01  1.00012993E+00
 -7.22274112E+00  1.00000000E+00  5.86160338E+00 -2.83719744E+00  4.13098228E-01  1.84342789E+01  9.19315765E-01  1.00085504E+00
 -7.17314721E+00  1.00000000E+00  5.82501951E+00 -2.83543226E+00  4.13114116E-01  1.84230850E+01  9.19156290E-01  1.00022450E+00
 -7.12355330E+00  1.00000000E+00  5.78843565E+00 -2.83366814E+00  4.13204195E-01  1.84118978E+01  9.18997008E-01  9.99594332E-01
 -7.07395940E+00  1.00000000E+00  5.75165792E+00 -2.83408316E+00  4.13184519E-01  1.84108129E+01  9.19096923E-01  9.99526627E-01
 -7.02436549E+00  1.00000000E+00  5.71488019E+00 -2.83449812E+00  4.13154444E-01  1.84097281E+01  9.19196857E-01  9.99458931E-01
 -6.97477158E+00  1.00000000E+00  5.67877173E+00 -2.83942794E+00  4.13120223E-01  1.84259094E+01  9.20364570E-01  1.00031684E+00
 -6.92517767E+00  1.00000000E+00  5.64266326E+00 -2.84436356E+00  4.12839574E-01  1.84421068E+01  9.21534282E-01  1.00117557E+00
 -6.87558376E+00  1.00000000E+00  5.60594122E+00 -2.83996747E+00  4.12704095E-01  1.84286183E+01  9.20571782E-01  1.00045980E+00
 -6.82598985E+00  1.00000000E+00  5.56921918E+00 -2.83557555E+00  4.12815156E-01  1.84151415E+01  9.19610836E-01  9.99744609E-01
 -6.77639594E+00  1.00000000E+00  5.53249089E+00 -2.83526738E+00  4.12879662E-01  1.84115188E+01  9.19565185E-01  9.99540208E-01
 -6.72680204E+00  1.00000000E+00  5.49576259E+00 -2.83495924E+00  4.12966821E-01  1.84078969E+01  9.19519535E-01  9.99335849E-01
 -6.67720813E+00  1.00000000E+00  5.45933416E+00 -2.83559033E+00  4.13079786E-01  1.84201896E+01  9.19278006E-01  1.00005209E+00
 -6.62761422E+00  1.00000000E+00  5.42290574E+00 -2.83622162E+00  4.13143000E-01  1.84324909E+01  9.19036542E-01  1.00076882E+00
 -6.57802031E+00  1.00000000E+00  5.38633251E+00 -2.83484482E+00  4.13170519E-01  1.84222710E+01  9.18972493E-01  1.00018849E+00
 -6.52842640E+00  1.00000000E+00  5.34975927E+00 -2.83346873E+00  4.13265070E-01  1.84120569E+01  9.18908561E-01  9.99608474E-01
 -6.47883249E+00  1.00000000E+00  5.31300821E+00 -2.83408879E+00  4.13243458E-01  1.84117262E+01  9.19054079E-01  9.99581263E-01
 -6.42923858E+00  1.00000000E+00  5.27625715E+00 -2.83470883E+00  4.13205624E-01  1.84113957E+01  9.19199636E-01  9.99554058E-01
 -6.37964468E+00  1.00000000E+00  5.24014030E+00 -2.83932488E+00  4.13173265E-01  1.84269389E+01  9.20266863E-01  1.00038126E+00
 -6.33005077E+00  1.00000000E+00  5.20402346E+00 -2.84394606E+00  4.12915165E-01  1.84424969E+01  9.21335812E-01  1.00120920E+00
 -6.28045686E+00  1.00000000E+00  5.16724795E+00 -2.83929829E+00  4.12786204E-01  1.84284541E+01  9.20319256E-01  1.00046485E+00
 -6.23086295E+00  1.00000000E+00  5.13047243E+00 -2.83465511E+00  4.12898013E-01  1.84144241E+01  9.19304441E-01  9.99721124E-01
 -6.18126904E+00  1.00000000E+00  5.09382779E+00 -2.83540503E+00  4.12948436E-01  1.84122872E+01  9.19548661E-01  9.99585060E-01
 -6.13167513E+00  1.00000000E+00  5.05718314E+00 -2.83615482E+00  4.13000890E-01  1.84101509E+01  9.19792946E-01  9.99449027E-01
 -6.08208123E+00  1.00000000E+00  5.02075145E+00 -2.83660178E+00  4.13063359E-01  1.84219209E+01  9.19552107E-01  1.00013536E+00
 -6.03248732E+00  1.00000000E+00  4.98431976E+00 -2.83704877E+00  4.13078023E-01  1.84336988E+01  9.19311300E-01  1.00082214E+00
 -5.98289341E+00  1.00000000E+00  4.94773149E+00 -2.83539412E+00  4.13091258E-01  1.84224297E+01  9.19179911E-01  1.00018570E+00
 -5.93329950E+00  1.00000000E+00  4.91114322E+00 -2.83374044E+00  4.13175964E-01  1.84111674E+01  9.19048683E-01  9.99549644E-01
 -5.88370559E+00  1.00000000E+00  4.87438661E+00 -2.83425934E+00  4.13150158E-01  1.84097974E+01  9.19190081E-01  9.99463277E-01
 -5.83411168E+00  1.00000000E+00  4.83763000E+00 -2.83477817E+00  4.13116771E-01  1.84084277E+01  9.19331507E-01  9.99376923E-01
 -5.78451777E+00  1.00000000E+00  4.80155203E+00 -2.83894000E+00  4.13089332E-01  1.84252432E+01  9.20227800E-01  1.00028659E+00
 -5.73492387E+00  1.00000000E+00  4.76547406E+00 -2.84310651E+00  4.12866839E-01  1.84420749E+01  9.21125391E-01  1.00119712E+00
 -5.68532996E+00  1.00000000E+00  4.72852463E+00 -2.83764999E+00  4.12819786E-01  1.84251655E+01  9.19905486E-01  1.00030057E+00
 -5.63573605E+00  1.00000000E+00  4.69157520E+00 -2.83220003E+00  4.12982545E-01  1.84082743E+01  9.18687986E-01  9.99404930E-01
 -5.58614214E+00  1.00000000E+00  4.65511080E+00 -2.83488417E+00  4.13033104E-01  1.84101608E+01  9.19410345E-01  9.99471454E-01
 -5.53654823E+00  1.00000000E+00  4.61864640E+00 -2.83756885E+00  4.13039730E-01  1.84120493E+01  9.20133408E-01  9.99538049E-01
 -5.48695432E+00  1.00000000E+00  4.58216251E+00 -2.83793316E+00  4.13039024E-01  1.84240947E+01  9.19932873E-01  1.00023782E+00
 -5.43736041E+00  1.00000000E+00  4.54567862E+00 -2.83829732E+00  4.12985499E-01  1.84361486E+01  9.19732322E-01  1.00093807E+00
 -5.38776651E+00  1.00000000E+00  4.50914272E+00 -2.83661459E+00  4.12978932E-01  1.84248348E+01  9.19566291E-01  1.00030106E+00
 -5.33817260E+00  1.00000000E+00  4.47260681E+00 -2.83493286E+00  4.13064187E-01  1.84135280E+01  9.19400418E-01  9.99664433E-01
 -5.28857869E+00  1.00000000E+00  4.43584746E+00 -2.83524868E+00  4.13057679E-01  1.84120144E+01  9.19480911E-01  9.99573341E-01
 -5.23898478E+00  1.00000000E+00  4.39908811E+00 -2.83556444E+00  4.13066918E-01  1.84105010E+01  9.19561416E-01  9.99482261E-01
 -5.18939087E+00  1.00000000E+00  4.36285101E+00 -2.83837356E+00  4.13070200E-01  1.84269930E+01  9.20048221E-01  1.00039685E+00
 -5.13979696E+00  1.00000000E+00  4.32661392E+00 -2.84118529E+00  4.12909533E-01  1.84434999E+01  9.20535488E-01  1.00131225E+00
 -5.09020305E+00  1.00000000E+00  4.28967543E+00 -2.83656994E+00  4.12866989E-01  1.84244395E+01  9.19605085E-01  1.00027625E+00
 -5.04060915E+00  1.00000000E+00  4.25273694E+00 -2.83196031E+00  4.12993990E-01  1.84053997E+01  9.18676230E-01  9.99241342E-01
 -4.99101524E+00  1.00000000E+00  4.21649892E+00 -2.83524282E+00  4.12983126E-01  1.84091346E+01  9.19562369E-01  9.99404129E-01
 -4.94142133E+00  1.00000000E+00  4.18026090E+00 -2.83852655E+00  4.12936172E-01  1.84128725E+01  9.20449549E-01  9.99567028E-01
 -4.89182742E+00  1.00000000E+00  4.14372220E+00 -2.83901180E+00  4.12905625E-01  1.84220238E+01  9.20374794E-01  1.00009423E+00
 -4.84223351E+00  1.00000000E+00  4.10718350E+00 -2.83949709E+00  4.12837631E-01  1.84311798E+01  9.20300025E-01  1.00062170E+00
 -4.79263960E+00  1.00000000E+00  4.07051898E+00 -2.83737058E+00  4.12818663E-01  1.84211765E+01  9.19941922E-01  1.00007055E+00
 -4.74304569E+00  1.00000000E+00  4.03385446E+00 -2.83524536E+00  4.12912751E-01  1.84111787E+01  9.19584123E-01  9.99519690E-01
 -4.69345179E+00  1.00000000E+00  3.99710186E+00 -2.83439469E+00  4.12952207E-01  1.84110661E+01  9.19250345E-01  9.99532331E-01
 -4.64385788E+00  1.00000000E+00  3.96034927E+00 -2.83354413E+00  4.13055294E-01  1.84109538E+01  9.18916675E-01  9.99544976E-01
 -4.59426397E+00  1.00000000E+00  3.92405299E+00 -2.83900053E+00  4.13139229E-01  1.84267382E+01  9.20184586E-01  1.00037449E+00
 -4.54467006E+00  1.00000000E+00  3.88775672E+00 -2.84446327E+00  4.12976082E-01  1.84425391E+01  9.21454975E-01  1.00120481E+00
 -4.49507615E+00  1.00000000E+00  3.85143845E+00 -2.84239536E+00  4.12903335E-01  1.84502686E+01  9.20606436E-01  1.00169498E+00
 -4.44548224E+00  1.00000000E+00  3.81512018E+00 -2.84032646E+00  4.12929305E-01  1.84580044E+01  9.19758520E-01  1.00218548E+00
 -4.39588833E+00  1.00000000E+00  3.77817190E+00 -2.83567741E+00  4.12825980E-01  1.84326114E+01  9.19144053E-01  1.00076956E+00
 -4.34629443E+00  1.00000000E+00  3.74122361E+00 -2.83103502E+00  4.12929726E-01  1.84072536E+01  9.18530953E-01  9.99355582E-01
 -4.29670052E+00  1.00000000E+00  3.70471060E+00 -2.83357419E+00  4.13062137E-01  1.84194714E+01  9.18894884E-01  1.00003294E+00
 -4.24710661E+00  1.00000000E+00  3.66819760E+00 -2.83611518E+00  4.13091176E-01  1.84316974E+01  9.19259255E-01  1.00071075E+00
 -4.19751270E+00  1.00000000E+00  3.63162578E+00 -2.83491317E+00  4.13046687E-01  1.84191803E+01  9.19188668E-01  9.99999522E-01
 -4.14791879E+00  1.00000000E+00  3.59505397E+00 -2.83371172E+00  4.13164973E-01  1.84066718E+01  9.19118107E-01  9.99288781E-01
 -4.09832488E+00  1.00000000E+00  3.55878717E+00 -2.83644246E+00  4.13058599E-01  1.84160658E+01  9.19780142E-01  9.99787750E-01
 -4.04873097E+00  1.00000000E+00  3.52252038E+00 -2.83917506E+00  4.12926078E-01  1.84254651E+01  9.20442793E-01  1.00028699E+00
 -3.99913707E+00  1.00000000E+00  3.48544126E+00 -2.83676614E+00  4.12951600E-01  1.84201499E+01  9.19765696E-01  1.00002195E+00
 -3.94954316E+00  1.00000000E+00  3.44836215E+00 -2.83435837E+00  4.12996785E-01  1.84148369E+01  9.19089161E-01  9.99757016E-01
 -3.89994925E+00  1.00000000E+00  3.41245467E+00 -2.83934518E+00  4.13070210E-01  1.84392678E+01  9.20044397E-01  1.00109848E+00
 -3.85035534E+00  1.00000000E+00  3.37654720E+00 -2.84433946E+00  4.12940692E-01  1.84637317E+01  9.21001299E-01  1.00244174E+00
 -3.80076143E+00  1.00000000E+00  3.33967867E+00 -2.83892550E+00  4.12817106E-01  1.84479104E+01  9.19826354E-01  1.00160480E+00
 -3.75116752E+00  1.00000000E+00  3.30281014E+00 -2.83351756E+00  4.12935844E-01  1.84321056E+01  9.18653782E-01  1.00076868E+00
 -3.70157361E+00  1.00000000E+00  3.26610245E+00 -2.83366720E+00  4.12966852E-01  1.84313586E+01  9.18592323E-01  1.00072950E+00
 -3.65197971E+00  1.00000000E+00  3.22939476E+00 -2.83381680E+00  4.13069376E-01  1.84306117E+01  9.18530889E-01  1.00069033E+00
 -3.60238580E+00  1.00000000E+00  3.19269829E+00 -2.83360858E+00  4.13161130E-01  1.84228309E+01  9.18540938E-01  1.00024514E+00
 -3.55279189E+00  1.00000000E+00  3.15600181E+00 -2.83340016E+00  4.13247610E-01  1.84150538E+01  9.18550968E-01  9.99800161E-01
 -3.50319798E+00  1.00000000E+00  3.11964198E+00 -2.83666351E+00  4.13346803E-01  1.84162350E+01  9.19541586E-01  9.99811052E-01
 -3.45360407E+00  1.00000000E+00  3.08328215E+00 -2.83992768E+00  4.13296519E-01  1.84174191E+01  9.20533344E-01  9.99822044E-01
 -3.40401016E+00  1.00000000E+00  3.04710222E+00 -2.84187298E+00  4.13162737E-01  1.84391222E+01  9.20738347E-01  1.00105051E+00
 -3.35441626E+00  1.00000000E+00  3.01092229E+00 -2.84381961E+00  4.12901900E-01  1.84608513E+01  9.20943370E-01  1.00228045E+00
 -3.30482235E+00  1.00000000E+00  2.97422070E+00 -2.83838808E+00  4.12723038E-01  1.84387884E+01  9.19934867E-01  1.00107735E+00
 -3.25522844E+00  1.00000000E+00  2.93751910E+00 -2.83296415E+00  4.12802507E-01  1.84167535E+01  9.18928490E-01  9.99875716E-01
 -3.20563453E+00  1.00000000E+00  2.90057589E+00 -2.83227630E+00  4.12905994E-01  1.84077187E+01  9.18767844E-01  9.99368623E-01
 -3.15604062E+00  1.00000000E+00  2.86363269E+00 -2.83158851E+00  4.13034644E-01  1.83986885E+01  9.18607216E-01  9.98861789E-01
 -3.10644671E+00  1.00000000E+00  2.82729036E+00 -2.83564868E+00  4.13097476E-01  1.84041068E+01  9.19766999E-01  9.99105132E-01
 -3.05685280E+00  1.00000000E+00  2.79094803E+00 -2.83971116E+00  4.12964916E-01  1.84095299E+01  9.20928435E-01  9.99348653E-01
 -3.00725890E+00  1.00000000E+00  2.75469478E+00 -2.84080934E+00  4.12932297E-01  1.84312045E+01  9.20775831E-01  1.00059592E+00
 -2.95766499E+00  1.00000000E+00  2.71844153E+00 -2.84190757E+00  4.12772660E-01  1.84529058E+01  9.20623123E-01  1.00184473E+00
 -2.90807108E+00  1.00000000E+00  2.68133669E+00 -2.83830191E+00  4.12701740E-01  1.84353194E+01  9.20065330E-01  1.00087166E+00
 -2.85847717E+00  1.00000000E+00  2.64423186E+00 -2.83470001E+00  4.12784514E-01  1.84177500E+01  9.19508402E-01  9.99899520E-01
 -2.80888326E+00  1.00000000E+00  2.60832710E+00 -2.83851166E+00  4.12820818E-01  1.84380794E+01  9.20019704E-01  1.00103198E+00
 -2.75928935E+00  1.00000000E+00  2.57242233E+00 -2.84232773E+00  4.12843745E-01  1.84584316E+01  9.20531940E-01  1.00216569E+00
 -2.70969544E+00  1.00000000E+00  2.53550830E+00 -2.83681117E+00  4.12907491E-01  1.84450682E+01  9.19124999E-01  1.00148247E+00
 -2.66010154E+00  1.00000000E+00  2.49859428E+00 -2.83130057E+00  4.13149431E-01  1.84317183E+01  9.17720772E-01  1.00079986E+00
 -2.61050763E+00  1.00000000E+00  2.46182935E+00 -2.83141133E+00  4.13166744E-01  1.84187054E+01  9.18074183E-01  1.00003607E+00
 -2.56091372E+00  1.00000000E+00  2.42506441E+00 -2.83152144E+00  4.13310703E-01  1.84057029E+01  9.18427606E-01  9.99272872E-01
 -2.51131981E+00  1.00000000E+00  2.38854207E+00 -2.83405013E+00  4.13362062E-01  1.84098443E+01  9.19039683E-01  9.99474550E-01
 -2.46172590E+00  1.00000000E+00  2.35201973E+00 -2.83657965E+00  4.13331410E-01  1.84139878E+01  9.19652335E-01  9.99676314E-01
 -2.41213199E+00  1.00000000E+00  2.31582856E+00 -2.83958520E+00  4.13271961E-01  1.84302151E+01  9.20229658E-01  1.00057060E+00
 -2.36253808E+00  1.00000000E+00  2.27963740E+00 -2.84259364E+00  4.13050736E-01  1.84464568E+01  9.20807556E-01  1.00146567E+00
 -2.31294418E+00  1.00000000E+00  2.24302695E+00 -2.83928536E+00  4.12937124E-01  1.84327916E+01  9.20205624E-01  1.00071920E+00
 -2.26335027E+00  1.00000000E+00  2.20641650E+00 -2.83597993E+00  4.12973473E-01  1.84191370E+01  9.19604476E-01  9.99973289E-01
 -2.21375636E+00  1.00000000E+00  2.16957857E+00 -2.83520697E+00  4.12982574E-01  1.84126796E+01  9.19463143E-01  9.99612370E-01
 -2.16416245E+00  1.00000000E+00  2.13274064E+00 -2.83443422E+00  4.13037897E-01  1.84062245E+01  9.19321835E-01  9.99251580E-01
 -2.11456854E+00  1.00000000E+00  2.09648597E+00 -2.83651148E+00  4.13111075E-01  1.84197973E+01  9.19671597E-01  1.00000718E+00
 -2.06497463E+00  1.00000000E+00  2.06023129E+00 -2.83859026E+00  4.13098201E-01  1.84333801E+01  9.20021589E-01  1.00076334E+00
 -2.01538072E+00  1.00000000E+00  2.02337902E+00 -2.83717802E+00  4.13023602E-01  1.84265900E+01  9.19727429E-01  1.00039215E+00
 -1.96578682E+00  1.00000000E+00  1.98652674E+00 -2.83576639E+00  4.13001689E-01  1.84198024E+01  9.19433408E-01  1.00002108E+00
 -1.91619291E+00  1.00000000E+00  1.95016694E+00 -2.83728439E+00  4.13140318E-01  1.84302092E+01  9.19668543E-01  1.00060233E+00
 -1.86659900E+00  1.00000000E+00  1.91380714E+00 -2.83880321E+00  4.13167675E-01  1.84406220E+01  9.19903793E-01  1.00118390E+00
 -1.81700509E+00  1.00000000E+00  1.87687694E+00 -2.83693022E+00  4.13061280E-01  1.84298727E+01  9.19546521E-01  1.00059006E+00
 -1.76741118E+00  1.00000000E+00  1.83994673E+00 -2.83505839E+00  4.13041915E-01  1.84191296E+01  9.19189462E-01  9.99996580E-01
 -1.71781727E+00  1.00000000E+00  1.80352720E+00 -2.83380865E+00  4.13070553E-01  1.84155210E+01  9.18900469E-01  9.99806887E-01
 -1.66822336E+00  1.00000000E+00  1.76710767E+00 -2.83255924E+00  4.13084748E-01  1.84119132E+01  9.18611605E-01  9.99617235E-01
 -1.61862946E+00  1.00000000E+00  1.73022391E+00 -2.83329820E+00  4.13079881E-01  1.84042948E+01  9.18961741E-01  9.99161887E-01
 -1.56903555E+00  1.00000000E+00  1.69334015E+00 -2.83403650E+00  4.13011022E-01  1.83966805E+01  9.19311953E-01  9.98706774E-01
 -1.51944164E+00  1.00000000E+00  1.65743735E+00 -2.84005178E+00  4.12717245E-01  1.84111601E+01  9.21044194E-01  9.99435193E-01
 -1.46984773E+00  1.00000000E+00  1.62153456E+00 -2.84607488E+00  4.12186166E-01  1.84256554E+01  9.22780013E-01  1.00016431E+00
 -1.42025382E+00  1.00000000E+00  1.58469739E+00 -2.84034725E+00  4.11740072E-01  1.83978377E+01  9.21790758E-01  9.98631255E-01
 -1.37065991E+00  1.00000000E+00  1.54786022E+00 -2.83462921E+00  4.11547428E-01  1.83700629E+01  9.20803673E-01  9.97100528E-01
 -1.32106600E+00  1.00000000E+00  1.51096984E+00 -2.83206423E+00  4.11364084E-01  1.83571168E+01  9.20320760E-01  9.96388348E-01
 -1.27147210E+00  1.00000000E+00  1.47407946E+00 -2.82950126E+00  4.11219497E-01  1.83441800E+01  9.19838279E-01  9.95676671E-01
 -1.22187819E+00  1.00000000E+00  1.43751548E+00 -2.82798661E+00  4.10880029E-01  1.83159377E+01  9.20118964E-01  9.94046785E-01
 -1.17228428E+00  1.00000000E+00  1.40095150E+00 -2.82647250E+00  4.10541590E-01  1.82877407E+01  9.20399577E-01  9.92419495E-01
 -1.12269037E+00  1.00000000E+00  1.36445127E+00 -2.82515736E+00  4.10047103E-01  1.82542453E+01  9.20868982E-01  9.90478647E-01
 -1.07309646E+00  1.00000000E+00  1.32795105E+00 -2.82384179E+00  4.09468734E-01  1.82208149E+01  9.21338247E-01  9.88541521E-01
 -1.02350255E+00  1.00000000E+00  1.29197661E+00 -2.82203605E+00  4.08581096E-01  1.81755954E+01  9.22147476E-01  9.85911308E-01
 -9.73908645E-01  1.00000000E+00  1.25600217E+00 -2.82023044E+00  4.07637362E-01  1.81304945E+01  9.22956863E-01  9.83287864E-01
 -9.24314736E-01  1.00000000E+00  1.22014305E+00 -2.81735833E+00  4.06583471E-01  1.80797557E+01  9.23584916E-01  9.80352614E-01
 -8.74720828E-01  1.00000000E+00  1.18428394E+00 -2.81448915E+00  4.05376358E-01  1.80291645E+01  9.24213112E-01  9.77425796E-01
 -8.25312107E-01  1.00000000E+00  1.14943407E+00 -2.80427532E+00  4.03698518E-01  1.79324001E+01  9.23796622E-01  9.71920196E-01
 -7.75903387E-01  1.00000000E+00  1.11458421E+00 -2.79410428E+00  4.02373507E-01  1.78361589E+01  9.23383639E-01  9.66444299E-01
 -7.30665613E-01  1.00000000E+00  1.08302198E+00 -2.78740608E+00  4.01395082E-01  1.77553538E+01  9.23548756E-01  9.61817430E-01
 -6.85427839E-01  1.00000000E+00  1.05145974E+00 -2.78072655E+00  4.00241865E-01  1.76749223E+01  9.23714496E-01  9.57211872E-01
 -6.45465100E-01  1.00000000E+00  1.02502708E+00 -2.77608704E+00  3.98903130E-01  1.75964467E+01  9.24490119E-01  9.52683234E-01
 -6.05502361E-01  1.00000000E+00  9.98594418E-01 -2.77145455E+00  3.97523892E-01  1.75183335E+01  9.25265492E-01  9.48175313E-01
 -5.70199545E-01  1.00000000E+00  9.77112524E-01 -2.76422000E+00  3.96002872E-01  1.74305599E+01  9.25579058E-01  9.43141764E-01
 -5.34896729E-01  1.00000000E+00  9.55630630E-01 -2.75700795E+00  3.94612717E-01  1.73432355E+01  9.25893628E-01  9.38133821E-01
 -5.03710456E-01  1.00000000E+00  9.37736387E-01 -2.75362037E+00  3.93152412E-01  1.72640896E+01  9.27151113E-01  9.33539339E-01
 -4.72524184E-01  1.00000000E+00  9.19842145E-01 -2.75023276E+00  3.91785318E-01  1.71853255E+01  9.28408325E-01  9.28966698E-01
 -4.44974441E-01  1.00000000E+00  9.05300188E-01 -2.74868909E+00  3.91232380E-01  1.71556996E+01  9.28784223E-01  9.27252307E-01
 -4.17424698E-01  1.00000000E+00  8.90758230E-01 -2.74714595E+00  3.90660683E-01  1.71261272E+01  9.29160066E-01  9.25540978E-01
 -3.93087440E-01  1.00000000E+00  8.79755523E-01 -2.73903856E+00  3.89689985E-01  1.70659591E+01  9.28333397E-01  9.22150043E-01
 -3.68750182E-01  1.00000000E+00  8.68752815E-01 -2.73095669E+00  3.89393294E-01  1.70060026E+01  9.27509855E-01  9.18771013E-01
 -3.47250809E-01  1.00000000E+00  8.60592000E-01 -2.72683525E+00  3.89644282E-01  1.69996302E+01  9.26120699E-01  9.18486260E-01
 -3.25751437E-01  1.00000000E+00  8.52431185E-01 -2.72271717E+00  3.90051388E-01  1.69932633E+01  9.24733635E-01  9.18201693E-01
 -3.06759035E-01  1.00000000E+00  8.47688435E-01 -2.72977927E+00  3.90343870E-01  1.70122591E+01  9.26384183E-01  9.19192852E-01
 -2.87766633E-01  1.00000000E+00  8.42945685E-01 -2.73685187E+00  3.90744497E-01  1.70312818E+01  9.28039177E-01  9.20185293E-01
 -2.70988873E-01  1.00000000E+00  8.40122029E-01 -2.73642081E+00  3.91767037E-01  1.70790555E+01  9.26253653E-01  9.23017247E-01
 -2.54211113E-01  1.00000000E+00  8.37298373E-01 -2.73598306E+00  3.92874363E-01  1.71269803E+01  9.24469655E-01  9.25857752E-01
 -2.39389755E-01  1.00000000E+00  8.37141383E-01 -2.74158955E+00  3.93950614E-01  1.71866564E+01  9.24556866E-01  9.29262830E-01
 -2.24568396E-01  1.00000000E+00  8.36984393E-01 -2.74720943E+00  3.95071945E-01  1.72465435E+01  9.24644748E-01  9.32679930E-01
 -2.11472015E-01  1.00000000E+00  8.39315436E-01 -2.75796754E+00  3.96275319E-01  1.73277061E+01  9.25721995E-01  9.37256236E-01
 -1.98375634E-01  1.00000000E+00  8.41646479E-01 -2.76877075E+00  3.97361788E-01  1.74092509E+01  9.26804630E-01  9.41854072E-01
 -1.85977157E-01  1.00000000E+00  8.46604552E-01 -2.78291517E+00  3.98686990E-01  1.75066753E+01  9.28687356E-01  9.47313595E-01
 -1.73578680E-01  1.00000000E+00  8.51562625E-01 -2.79713377E+00  3.99863405E-01  1.76046446E+01  9.30580157E-01  9.52803683E-01
 -1.61180203E-01  1.00000000E+00  8.59286741E-01 -2.80619345E+00  4.01406155E-01  1.77081116E+01  9.30521262E-01  9.58719449E-01
 -1.48781726E-01  1.00000000E+00  8.67010857E-01 -2.81528731E+00  4.02356737E-01  1.78121981E+01  9.30463690E-01  9.64670537E-01
 -1.36383248E-01  1.00000000E+00  8.79438378E-01 -2.84347695E+00  4.01828220E-01  1.77873069E+01  9.41391783E-01  9.62623720E-01
 -1.23984771E-01  1.00000000E+00  8.91865899E-01 -2.87169850E+00  3.99051063E-01  1.77627483E+01  9.52433348E-01  9.60589427E-01
 -1.11586294E-01  1.00000000E+00  9.11245489E-01 -2.95380380E+00  3.92395141E-01  1.74336395E+01  9.92852704E-01  9.39473533E-01
 -9.91878171E-02  1.00000000E+00  9.30625078E-01 -3.03461418E+00  3.75959901E-01  1.71157568E+01  1.03452832E+00  9.18927341E-01
 -8.67893400E-02  1.00000000E+00  9.92804868E-01 -2.63949825E+00  3.37331714E-01  1.48200079E+01  9.96052907E-01  7.89940282E-01
 -7.43908628E-02  1.00000000E+00  1.05498466E+00 -2.29522332E+00  3.00327611E-01  1.28320574E+01  9.67695567E-01  6.77963536E-01
 -6.19923857E-02  1.00000000E+00  1.19140644E+00 -2.24281926E+00  2.47768081E-01  9.96834589E+00  1.12023752E+00  5.05606192E-01
 -4.95939085E-02  1.00000000E+00  1.32782822E+00 -2.18981126E+00  1.49468866E-01  7.80299666E+00  1.28958476E+00  3.72194966E-01
 -3.71954314E-02  1.00000000E+00  2.23715695E+00 -3.86978590E+00  1.82683325E-01  9.44916052E+00  2.09070022E+00  4.20483446E-01
 -2.47969543E-02  1.00000000E+00  3.14648568E+00 -6.13592008E+00  2.73025172E-01  1.21702274E+01  3.45001529E+00  4.98297834E-01
 -1.23984771E-02  1.00000000E+00  1.59597310E+00  2.05066736E+00  9.06994184E-01  6.34493167E+00  1.91276209E+00  2.53266833E-01
  0.00000000E+00  1.00000000E+00  4.54605211E-02  3.44234035E+01  9.28300215E+00  3.72327839E+01  3.22154584E+01  2.86704314E-01
