# curve 5 (die wall), step =        1, time =   4.00000000E-01
# N1 = tau_xx - tau_yy = G ( c_xx - c_yy ),  G =  7.1111E-01  (polymer part only)
#              x               y        pressure            c_xy        gammadot            c_xx            c_yy              N1
 -3.00000000E+00  1.00000000E+00  1.01534465E+00  0.00000000E+00  3.99992886E-01  1.00000000E+00  1.00000000E+00  0.00000000E+00
 -2.95108291E+00  1.00000000E+00  9.99869664E-01  0.00000000E+00  3.99995624E-01  1.00000000E+00  1.00000000E+00  0.00000000E+00
 -2.90216582E+00  1.00000000E+00  9.84394672E-01  0.00000000E+00  3.99998126E-01  1.00000000E+00  1.00000000E+00  0.00000000E+00
 -2.85324873E+00  1.00000000E+00  9.68914142E-01  0.00000000E+00  3.99999149E-01  1.00000000E+00  1.00000000E+00  0.00000000E+00
 -2.80433164E+00  1.00000000E+00  9.53433611E-01  0.00000000E+00  3.99999610E-01  1.00000000E+00  1.00000000E+00  0.00000000E+00
 -2.75541455E+00  1.00000000E+00  9.37954310E-01  0.00000000E+00  3.99999794E-01  1.00000000E+00  1.00000000E+00  0.00000000E+00
 -2.70649746E+00  1.00000000E+00  9.22475009E-01  0.00000000E+00  3.99999871E-01  1.00000000E+00  1.00000000E+00  0.00000000E+00
 -2.65758037E+00  1.00000000E+00  9.06995333E-01  0.00000000E+00  3.99999778E-01  1.00000000E+00  1.00000000E+00  0.00000000E+00
 -2.60866328E+00  1.00000000E+00  8.91515656E-01  0.00000000E+00  3.99999627E-01  1.00000000E+00  1.00000000E+00  0.00000000E+00
 -2.55974619E+00  1.00000000E+00  8.76036077E-01  0.00000000E+00  3.99999377E-01  1.00000000E+00  1.00000000E+00  0.00000000E+00
 -2.51082911E+00  1.00000000E+00  8.60556499E-01  0.00000000E+00  3.99999086E-01  1.00000000E+00  1.00000000E+00  0.00000000E+00
 -2.46191202E+00  1.00000000E+00  8.45076879E-01  0.00000000E+00  3.99998699E-01  1.00000000E+00  1.00000000E+00  0.00000000E+00
 -2.41299493E+00  1.00000000E+00  8.29597260E-01  0.00000000E+00  3.99998278E-01  1.00000000E+00  1.00000000E+00  0.00000000E+00
 -2.36407784E+00  1.00000000E+00  8.14117711E-01  0.00000000E+00  3.99997660E-01  1.00000000E+00  1.00000000E+00  0.00000000E+00
 -2.31516075E+00  1.00000000E+00  7.98638161E-01  0.00000000E+00  3.99996950E-01  1.00000000E+00  1.00000000E+00  0.00000000E+00
 -2.26624366E+00  1.00000000E+00  7.83158680E-01  0.00000000E+00  3.99995951E-01  1.00000000E+00  1.00000000E+00  0.00000000E+00
 -2.21732657E+00  1.00000000E+00  7.67679198E-01  0.00000000E+00  3.99994803E-01  1.00000000E+00  1.00000000E+00  0.00000000E+00
 -2.16840948E+00  1.00000000E+00  7.52199689E-01  0.00000000E+00  3.99993278E-01  1.00000000E+00  1.00000000E+00  0.00000000E+00
 -2.11949239E+00  1.00000000E+00  7.36720179E-01  0.00000000E+00  3.99991559E-01  1.00000000E+00  1.00000000E+00  0.00000000E+00
 -2.07057530E+00  1.00000000E+00  7.21241162E-01  0.00000000E+00  3.99989074E-01  1.00000000E+00  1.00000000E+00  0.00000000E+00
 -2.02165821E+00  1.00000000E+00  7.05762145E-01  0.00000000E+00  3.99986306E-01  1.00000000E+00  1.00000000E+00  0.00000000E+00
 -1.97274112E+00  1.00000000E+00  6.90283112E-01  0.00000000E+00  3.99983083E-01  1.00000000E+00  1.00000000E+00  0.00000000E+00
 -1.92382403E+00  1.00000000E+00  6.74804078E-01  0.00000000E+00  3.99979238E-01  1.00000000E+00  1.00000000E+00  0.00000000E+00
 -1.87490694E+00  1.00000000E+00  6.59326026E-01  0.00000000E+00  3.99974144E-01  1.00000000E+00  1.00000000E+00  0.00000000E+00
 -1.82598985E+00  1.00000000E+00  6.43847973E-01  0.00000000E+00  3.99968410E-01  1.00000000E+00  1.00000000E+00  0.00000000E+00
 -1.77707276E+00  1.00000000E+00  6.28371151E-01  0.00000000E+00  3.99961090E-01  1.00000000E+00  1.00000000E+00  0.00000000E+00
 -1.72815567E+00  1.00000000E+00  6.12894330E-01  0.00000000E+00  3.99952307E-01  1.00000000E+00  1.00000000E+00  0.00000000E+00
 -1.67923858E+00  1.00000000E+00  5.97419831E-01  0.00000000E+00  3.99941028E-01  1.00000000E+00  1.00000000E+00  0.00000000E+00
 -1.63032150E+00  1.00000000E+00  5.81945332E-01  0.00000000E+00  3.99929091E-01  1.00000000E+00  1.00000000E+00  0.00000000E+00
 -1.58140441E+00  1.00000000E+00  5.66472495E-01  0.00000000E+00  3.99915053E-01  1.00000000E+00  1.00000000E+00  0.00000000E+00
 -1.53248732E+00  1.00000000E+00  5.50999657E-01  0.00000000E+00  3.99900759E-01  1.00000000E+00  1.00000000E+00  0.00000000E+00
 -1.48357023E+00  1.00000000E+00  5.35533618E-01  0.00000000E+00  3.99883883E-01  1.00000000E+00  1.00000000E+00  0.00000000E+00
 -1.43465314E+00  1.00000000E+00  5.20067580E-01  0.00000000E+00  3.99863934E-01  1.00000000E+00  1.00000000E+00  0.00000000E+00
 -1.38573605E+00  1.00000000E+00  5.04611035E-01  0.00000000E+00  3.99838981E-01  1.00000000E+00  1.00000000E+00  0.00000000E+00
 -1.33681896E+00  1.00000000E+00  4.89154491E-01  0.00000000E+00  3.99815901E-01  1.00000000E+00  1.00000000E+00  0.00000000E+00
 -1.28790187E+00  1.00000000E+00  4.73707301E-01  0.00000000E+00  3.99793585E-01  1.00000000E+00  1.00000000E+00  0.00000000E+00
 -1.23898478E+00  1.00000000E+00  4.58260111E-01  0.00000000E+00  3.99771037E-01  1.00000000E+00  1.00000000E+00  0.00000000E+00
 -1.19006769E+00  1.00000000E+00  4.42832613E-01  0.00000000E+00  3.99750539E-01  1.00000000E+00  1.00000000E+00  0.00000000E+00
 -1.14115060E+00  1.00000000E+00  4.27405114E-01  0.00000000E+00  3.99730571E-01  1.00000000E+00  1.00000000E+00  0.00000000E+00
 -1.09223351E+00  1.00000000E+00  4.12015157E-01  0.00000000E+00  3.99732451E-01  1.00000000E+00  1.00000000E+00  0.00000000E+00
 -1.04331642E+00  1.00000000E+00  3.96625201E-01  0.00000000E+00  3.99739785E-01  1.00000000E+00  1.00000000E+00  0.00000000E+00
 -9.94399333E-01  1.00000000E+00  3.81264783E-01  0.00000000E+00  3.99772780E-01  1.00000000E+00  1.00000000E+00  0.00000000E+00
 -9.45482243E-01  1.00000000E+00  3.65904366E-01  0.00000000E+00  3.99821355E-01  1.00000000E+00  1.00000000E+00  0.00000000E+00
 -8.96565154E-01  1.00000000E+00  3.50608056E-01  0.00000000E+00  3.99946235E-01  1.00000000E+00  1.00000000E+00  0.00000000E+00
 -8.47648064E-01  1.00000000E+00  3.35311746E-01  0.00000000E+00  4.00097671E-01  1.00000000E+00  1.00000000E+00  0.00000000E+00
 -7.99501858E-01  1.00000000E+00  3.20358247E-01  0.00000000E+00  4.00370297E-01  1.00000000E+00  1.00000000E+00  0.00000000E+00
 -7.51355652E-01  1.00000000E+00  3.05404748E-01  0.00000000E+00  4.00703000E-01  1.00000000E+00  1.00000000E+00  0.00000000E+00
 -7.08111109E-01  1.00000000E+00  2.92076633E-01  0.00000000E+00  4.01172843E-01  1.00000000E+00  1.00000000E+00  0.00000000E+00
 -6.64866566E-01  1.00000000E+00  2.78748518E-01  0.00000000E+00  4.01784732E-01  1.00000000E+00  1.00000000E+00  0.00000000E+00
 -6.26599939E-01  1.00000000E+00  2.67010653E-01  0.00000000E+00  4.02599208E-01  1.00000000E+00  1.00000000E+00  0.00000000E+00
 -5.88333313E-01  1.00000000E+00  2.55272788E-01  0.00000000E+00  4.03532541E-01  1.00000000E+00  1.00000000E+00  0.00000000E+00
 -5.54471587E-01  1.00000000E+00  2.45132219E-01  0.00000000E+00  4.04758145E-01  1.00000000E+00  1.00000000E+00  0.00000000E+00
 -5.20609860E-01  1.00000000E+00  2.34991649E-01  0.00000000E+00  4.06120824E-01  1.00000000E+00  1.00000000E+00  0.00000000E+00
 -4.90645977E-01  1.00000000E+00  2.25880933E-01  0.00000000E+00  4.07729064E-01  1.00000000E+00  1.00000000E+00  0.00000000E+00
 -4.60682095E-01  1.00000000E+00  2.16770217E-01  0.00000000E+00  4.09471837E-01  1.00000000E+00  1.00000000E+00  0.00000000E+00
 -4.34167380E-01  1.00000000E+00  2.09232002E-01  0.00000000E+00  4.11672553E-01  1.00000000E+00  1.00000000E+00  0.00000000E+00
 -4.07652666E-01  1.00000000E+00  2.01693787E-01  0.00000000E+00  4.14097707E-01  1.00000000E+00  1.00000000E+00  0.00000000E+00
 -3.84190072E-01  1.00000000E+00  1.94756301E-01  0.00000000E+00  4.16665179E-01  1.00000000E+00  1.00000000E+00  0.00000000E+00
 -3.60727478E-01  1.00000000E+00  1.87818815E-01  0.00000000E+00  4.19429101E-01  1.00000000E+00  1.00000000E+00  0.00000000E+00
 -3.39965684E-01  1.00000000E+00  1.81959443E-01  0.00000000E+00  4.22761200E-01  1.00000000E+00  1.00000000E+00  0.00000000E+00
 -3.19203889E-01  1.00000000E+00  1.76100072E-01  0.00000000E+00  4.26268566E-01  1.00000000E+00  1.00000000E+00  0.00000000E+00
 -3.00831998E-01  1.00000000E+00  1.70972972E-01  0.00000000E+00  4.30139447E-01  1.00000000E+00  1.00000000E+00  0.00000000E+00
 -2.82460107E-01  1.00000000E+00  1.65845872E-01  0.00000000E+00  4.34397232E-01  1.00000000E+00  1.00000000E+00  0.00000000E+00
 -2.66203017E-01  1.00000000E+00  1.61572472E-01  0.00000000E+00  4.39128381E-01  1.00000000E+00  1.00000000E+00  0.00000000E+00
 -2.49945927E-01  1.00000000E+00  1.57299071E-01  0.00000000E+00  4.44074245E-01  1.00000000E+00  1.00000000E+00  0.00000000E+00
 -2.35560203E-01  1.00000000E+00  1.53470399E-01  0.00000000E+00  4.49272588E-01  1.00000000E+00  1.00000000E+00  0.00000000E+00
 -2.21174479E-01  1.00000000E+00  1.49641726E-01  0.00000000E+00  4.54924010E-01  1.00000000E+00  1.00000000E+00  0.00000000E+00
 -2.08421419E-01  1.00000000E+00  1.46266496E-01  0.00000000E+00  4.61146598E-01  1.00000000E+00  1.00000000E+00  0.00000000E+00
 -1.95668358E-01  1.00000000E+00  1.42891265E-01  0.00000000E+00  4.67774451E-01  1.00000000E+00  1.00000000E+00  0.00000000E+00
 -1.83439085E-01  1.00000000E+00  1.40285691E-01  0.00000000E+00  4.75351117E-01  1.00000000E+00  1.00000000E+00  0.00000000E+00
 -1.71209813E-01  1.00000000E+00  1.37680117E-01  0.00000000E+00  4.83287140E-01  1.00000000E+00  1.00000000E+00  0.00000000E+00
 -1.58980541E-01  1.00000000E+00  1.34908212E-01  0.00000000E+00  4.92992267E-01  1.00000000E+00  1.00000000E+00  0.00000000E+00
 -1.46751268E-01  1.00000000E+00  1.32136307E-01  0.00000000E+00  5.03430616E-01  1.00000000E+00  1.00000000E+00  0.00000000E+00
 -1.34521996E-01  1.00000000E+00  1.29635964E-01  0.00000000E+00  5.16438159E-01  1.00000000E+00  1.00000000E+00  0.00000000E+00
 -1.22292724E-01  1.00000000E+00  1.27135621E-01  0.00000000E+00  5.29950296E-01  1.00000000E+00  1.00000000E+00  0.00000000E+00
 -1.10063451E-01  1.00000000E+00  1.23437323E-01  0.00000000E+00  5.49858341E-01  1.00000000E+00  1.00000000E+00  0.00000000E+00
 -9.78341789E-02  1.00000000E+00  1.19739024E-01  0.00000000E+00  5.70249716E-01  1.00000000E+00  1.00000000E+00  0.00000000E+00
 -8.56049065E-02  1.00000000E+00  1.26435513E-01  0.00000000E+00  5.96487868E-01  1.00000000E+00  1.00000000E+00  0.00000000E+00
 -7.33756342E-02  1.00000000E+00  1.33132002E-01  0.00000000E+00  6.28153759E-01  1.00000000E+00  1.00000000E+00  0.00000000E+00
 -6.11463618E-02  1.00000000E+00  9.74323176E-02  0.00000000E+00  6.85734353E-01  1.00000000E+00  1.00000000E+00  0.00000000E+00
 -4.89170895E-02  1.00000000E+00  6.17326329E-02  0.00000000E+00  7.42385502E-01  1.00000000E+00  1.00000000E+00  0.00000000E+00
 -3.66878171E-02  1.00000000E+00  1.70785396E-01  0.00000000E+00  8.35726991E-01  1.00000000E+00  1.00000000E+00  0.00000000E+00
 -2.44585447E-02  1.00000000E+00  2.79838159E-01  0.00000000E+00  9.64826490E-01  1.00000000E+00  1.00000000E+00  0.00000000E+00
 -1.22292724E-02  1.00000000E+00 -2.47643424E-02  0.00000000E+00  1.34557562E+00  1.00000000E+00  1.00000000E+00  0.00000000E+00
  0.00000000E+00  1.00000000E+00 -3.29366844E-01  0.00000000E+00  2.04717388E+00  1.00000000E+00  1.00000000E+00  0.00000000E+00
