# curve 5 (die wall), step =      300, time =   1.20000000E+02
# N1 = tau_xx - tau_yy = G ( c_xx - c_yy ),  G =  7.1111E-01  (polymer part only)
#              x               y        pressure            c_xy        gammadot            c_xx            c_yy              N1
 -3.00000000E+00  1.00000000E+00  2.58271866E+00 -4.77874329E-01  4.07510112E-01  1.44400940E+00  9.77275419E-01  3.31899722E-01
 -2.95108291E+00  1.00000000E+00  2.54496386E+00 -4.77888769E-01  4.07511065E-01  1.44399762E+00  9.77290185E-01  3.31880842E-01
 -2.90216582E+00  1.00000000E+00  2.50720906E+00 -4.77903209E-01  4.07511816E-01  1.44398584E+00  9.77304951E-01  3.31861963E-01
 -2.85324873E+00  1.00000000E+00  2.46955180E+00 -4.77922907E-01  4.07482440E-01  1.44392307E+00  9.77331621E-01  3.31798367E-01
 -2.80433164E+00  1.00000000E+00  2.43189454E+00 -4.77942604E-01  4.07454373E-01  1.44386032E+00  9.77358292E-01  3.31734774E-01
 -2.75541455E+00  1.00000000E+00  2.39422015E+00 -4.77894471E-01  4.07469775E-01  1.44391919E+00  9.77314442E-01  3.31807823E-01
 -2.70649746E+00  1.00000000E+00  2.35654575E+00 -4.77846338E-01  4.07470611E-01  1.44397808E+00  9.77270595E-01  3.31880875E-01
 -2.65758037E+00  1.00000000E+00  2.31888001E+00 -4.77842627E-01  4.07497067E-01  1.44400117E+00  9.77263038E-01  3.31902673E-01
 -2.60866328E+00  1.00000000E+00  2.28121427E+00 -4.77838917E-01  4.07510608E-01  1.44402427E+00  9.77255481E-01  3.31924472E-01
 -2.55974619E+00  1.00000000E+00  2.24353470E+00 -4.77810664E-01  4.07516583E-01  1.44406494E+00  9.77223960E-01  3.31975811E-01
 -2.51082911E+00  1.00000000E+00  2.20585513E+00 -4.77782412E-01  4.07550943E-01  1.44410562E+00  9.77192441E-01  3.32027150E-01
 -2.46191202E+00  1.00000000E+00  2.16819897E+00 -4.77813432E-01  4.07523853E-01  1.44406943E+00  9.77223262E-01  3.31979496E-01
 -2.41299493E+00  1.00000000E+00  2.13054281E+00 -4.77844453E-01  4.07508726E-01  1.44403324E+00  9.77254085E-01  3.31931842E-01
 -2.36407784E+00  1.00000000E+00  2.09286079E+00 -4.77803637E-01  4.07550642E-01  1.44410531E+00  9.77207422E-01  3.32016279E-01
 -2.31516075E+00  1.00000000E+00  2.05517877E+00 -4.77762820E-01  4.07571685E-01  1.44417740E+00  9.77160762E-01  3.32100719E-01
 -2.26624366E+00  1.00000000E+00  2.01753316E+00 -4.77826095E-01  4.07548369E-01  1.44409023E+00  9.77227197E-01  3.31991492E-01
 -2.21732657E+00  1.00000000E+00  1.97988755E+00 -4.77889370E-01  4.07530157E-01  1.44400308E+00  9.77293638E-01  3.31882270E-01
 -2.16840948E+00  1.00000000E+00  1.94223313E+00 -4.77888976E-01  4.07495792E-01  1.44397096E+00  9.77303596E-01  3.31852344E-01
 -2.11949239E+00  1.00000000E+00  1.90457872E+00 -4.77888583E-01  4.07465186E-01  1.44393883E+00  9.77313554E-01  3.31822419E-01
 -2.07057530E+00  1.00000000E+00  1.86689115E+00 -4.77882225E-01  4.07484924E-01  1.44392208E+00  9.77314091E-01  3.31810124E-01
 -2.02165821E+00  1.00000000E+00  1.82920358E+00 -4.77875868E-01  4.07486974E-01  1.44390532E+00  9.77314628E-01  3.31797829E-01
 -1.97274112E+00  1.00000000E+00  1.79155902E+00 -4.77882800E-01  4.07438228E-01  1.44385055E+00  9.77333593E-01  3.31745389E-01
 -1.92382403E+00  1.00000000E+00  1.75391446E+00 -4.77889733E-01  4.07407778E-01  1.44379577E+00  9.77352560E-01  3.31692951E-01
 -1.87490694E+00  1.00000000E+00  1.71622119E+00 -4.77819650E-01  4.07435166E-01  1.44387466E+00  9.77290770E-01  3.31792989E-01
 -1.82598985E+00  1.00000000E+00  1.67852792E+00 -4.77749566E-01  4.07448890E-01  1.44395356E+00  9.77228987E-01  3.31893031E-01
 -1.77707276E+00  1.00000000E+00  1.64090553E+00 -4.77804947E-01  4.07445934E-01  1.44386742E+00  9.77287503E-01  3.31790161E-01
 -1.72815567E+00  1.00000000E+00  1.60328314E+00 -4.77860326E-01  4.07418357E-01  1.44378128E+00  9.77346023E-01  3.31687296E-01
 -1.67923858E+00  1.00000000E+00  1.56557471E+00 -4.77801952E-01  4.07399508E-01  1.44379276E+00  9.77307918E-01  3.31722557E-01
 -1.63032150E+00  1.00000000E+00  1.52786628E+00 -4.77743578E-01  4.07407569E-01  1.44380425E+00  9.77269816E-01  3.31757818E-01
 -1.58140441E+00  1.00000000E+00  1.49027863E+00 -4.77738968E-01  4.07348427E-01  1.44369853E+00  9.77308912E-01  3.31654842E-01
 -1.53248732E+00  1.00000000E+00  1.45269098E+00 -4.77734359E-01  4.07314330E-01  1.44359283E+00  9.77348010E-01  3.31551871E-01
 -1.48357023E+00  1.00000000E+00  1.41503539E+00 -4.77690459E-01  4.07288535E-01  1.44354455E+00  9.77339377E-01  3.31523681E-01
 -1.43465314E+00  1.00000000E+00  1.37737980E+00 -4.77646560E-01  4.07241722E-01  1.44349628E+00  9.77330747E-01  3.31495492E-01
 -1.38573605E+00  1.00000000E+00  1.33973825E+00 -4.77554968E-01  4.07218404E-01  1.44346615E+00  9.77288983E-01  3.31503761E-01
 -1.33681896E+00  1.00000000E+00  1.30209671E+00 -4.77463380E-01  4.07212638E-01  1.44343602E+00  9.77247226E-01  3.31512030E-01
 -1.28790187E+00  1.00000000E+00  1.26454628E+00 -4.77442926E-01  4.07144859E-01  1.44331907E+00  9.77278210E-01  3.31406837E-01
 -1.23898478E+00  1.00000000E+00  1.22699585E+00 -4.77422473E-01  4.07078655E-01  1.44320214E+00  9.77309195E-01  3.31301649E-01
 -1.19006769E+00  1.00000000E+00  1.18948694E+00 -4.77367406E-01  4.07032723E-01  1.44305923E+00  9.77331089E-01  3.31184460E-01
 -1.14115060E+00  1.00000000E+00  1.15197803E+00 -4.77312342E-01  4.06976390E-01  1.44291634E+00  9.77352985E-01  3.31067278E-01
 -1.09223351E+00  1.00000000E+00  1.11456613E+00 -4.77282351E-01  4.06900091E-01  1.44280516E+00  9.77373023E-01  3.30973964E-01
 -1.04331642E+00  1.00000000E+00  1.07715423E+00 -4.77252361E-01  4.06838201E-01  1.44269398E+00  9.77393062E-01  3.30880655E-01
 -9.94399333E-01  1.00000000E+00  1.03985609E+00 -4.77171810E-01  4.06836539E-01  1.44273194E+00  9.77332217E-01  3.30950915E-01
 -9.45482243E-01  1.00000000E+00  1.00255794E+00 -4.77091259E-01  4.06848177E-01  1.44276991E+00  9.77271380E-01  3.31021177E-01
 -8.96565154E-01  1.00000000E+00  9.65503110E-01 -4.77214187E-01  4.06922128E-01  1.44288266E+00  9.77308108E-01  3.31075233E-01
 -8.47648064E-01  1.00000000E+00  9.28448277E-01 -4.77337124E-01  4.07005426E-01  1.44299542E+00  9.77344848E-01  3.31129295E-01
 -7.99501858E-01  1.00000000E+00  8.92304242E-01 -4.77568561E-01  4.07201424E-01  1.44346566E+00  9.77329800E-01  3.31474389E-01
 -7.51355652E-01  1.00000000E+00  8.56160208E-01 -4.77800057E-01  4.07513489E-01  1.44393606E+00  9.77314792E-01  3.31819571E-01
 -7.08111109E-01  1.00000000E+00  8.24061273E-01 -4.78285428E-01  4.07901836E-01  1.44497194E+00  9.77223041E-01  3.32621439E-01
 -6.64866566E-01  1.00000000E+00  7.91962338E-01 -4.78771060E-01  4.08522465E-01  1.44600860E+00  9.77131490E-01  3.33423721E-01
 -6.26599939E-01  1.00000000E+00  7.63972986E-01 -4.79717976E-01  4.09314182E-01  1.44768812E+00  9.77109071E-01  3.34633993E-01
 -5.88333313E-01  1.00000000E+00  7.35983633E-01 -4.80665756E-01  4.10231051E-01  1.44936984E+00  9.77087324E-01  3.35845343E-01
 -5.54471587E-01  1.00000000E+00  7.11685067E-01 -4.81889663E-01  4.11522818E-01  1.45210981E+00  9.76735890E-01  3.38043679E-01
 -5.20609860E-01  1.00000000E+00  6.87386500E-01 -4.83115240E-01  4.12924611E-01  1.45485520E+00  9.76385887E-01  3.40244842E-01
 -4.90645977E-01  1.00000000E+00  6.66400094E-01 -4.85154580E-01  4.14543297E-01  1.45837317E+00  9.76471299E-01  3.42685776E-01
 -4.60682095E-01  1.00000000E+00  6.45413688E-01 -4.87197945E-01  4.16390825E-01  1.46190080E+00  9.76559674E-01  3.45131465E-01
 -4.34167380E-01  1.00000000E+00  6.27417099E-01 -4.89410902E-01  4.18825043E-01  1.46684046E+00  9.75945446E-01  3.49080898E-01
 -4.07652666E-01  1.00000000E+00  6.09420510E-01 -4.91629269E-01  4.21431732E-01  1.47179754E+00  9.75335835E-01  3.53039437E-01
 -3.84190072E-01  1.00000000E+00  5.93997534E-01 -4.94855251E-01  4.24185046E-01  1.47772337E+00  9.75314426E-01  3.57268584E-01
 -3.60727478E-01  1.00000000E+00  5.78574557E-01 -4.98091609E-01  4.27200505E-01  1.48367557E+00  9.75300566E-01  3.61511113E-01
 -3.39965684E-01  1.00000000E+00  5.65563988E-01 -5.01618024E-01  4.30895622E-01  1.49118781E+00  9.74662571E-01  3.67306839E-01
 -3.19203889E-01  1.00000000E+00  5.52553418E-01 -5.05157795E-01  4.34784047E-01  1.49874017E+00  9.74035021E-01  3.73123665E-01
 -3.00831998E-01  1.00000000E+00  5.41737927E-01 -5.09923692E-01  4.39010711E-01  1.50800172E+00  9.73843948E-01  3.79845530E-01
 -2.82460107E-01  1.00000000E+00  5.30922436E-01 -5.14712863E-01  4.43526539E-01  1.51732522E+00  9.73669485E-01  3.86599636E-01
 -2.66203017E-01  1.00000000E+00  5.21784094E-01 -5.19629749E-01  4.48819504E-01  1.52837169E+00  9.72665226E-01  3.95169042E-01
 -2.49945927E-01  1.00000000E+00  5.12645752E-01 -5.24573466E-01  4.54350029E-01  1.53950181E+00  9.71681433E-01  4.03783381E-01
 -2.35560203E-01  1.00000000E+00  5.05728713E-01 -5.30855189E-01  4.60107529E-01  1.55237168E+00  9.71366886E-01  4.13158964E-01
 -2.21174479E-01  1.00000000E+00  4.98811674E-01 -5.37178541E-01  4.66241228E-01  1.56535598E+00  9.71080696E-01  4.22595760E-01
 -2.08421419E-01  1.00000000E+00  4.92839434E-01 -5.44269689E-01  4.73207398E-01  1.58084342E+00  9.70284276E-01  4.34175388E-01
 -1.95668358E-01  1.00000000E+00  4.86867193E-01 -5.51415338E-01  4.80536760E-01  1.59649105E+00  9.69525663E-01  4.45842053E-01
 -1.83439085E-01  1.00000000E+00  4.82645295E-01 -5.59227726E-01  4.89251614E-01  1.61556342E+00  9.67885008E-01  4.60571314E-01
 -1.71209813E-01  1.00000000E+00  4.78423397E-01 -5.67111320E-01  4.98438665E-01  1.63486859E+00  9.66294341E-01  4.75430579E-01
 -1.58980541E-01  1.00000000E+00  4.74351665E-01 -5.78743427E-01  5.09479537E-01  1.66008734E+00  9.65978162E-01  4.93588748E-01
 -1.46751268E-01  1.00000000E+00  4.70279934E-01 -5.90520489E-01  5.20826318E-01  1.68571303E+00  9.65752535E-01  5.11971911E-01
 -1.34521996E-01  1.00000000E+00  4.71737046E-01 -6.03790289E-01  5.36144569E-01  1.72228801E+00  9.62375086E-01  5.40382525E-01
 -1.22292724E-01  1.00000000E+00  4.73194158E-01 -6.17282520E-01  5.52541949E-01  1.75965994E+00  9.59142733E-01  5.69256681E-01
 -1.10063451E-01  1.00000000E+00  4.63442799E-01 -6.39728455E-01  5.73755585E-01  1.80733880E+00  9.60385111E-01  6.02278176E-01
 -9.78341789E-02  1.00000000E+00  4.53691439E-01 -6.62684186E-01  5.93655396E-01  1.85637613E+00  9.61927575E-01  6.36052309E-01
 -8.56049065E-02  1.00000000E+00  4.89997871E-01 -6.78171163E-01  6.24002056E-01  1.93411031E+00  9.47856210E-01  7.01336247E-01
 -7.33756342E-02  1.00000000E+00  5.26304304E-01 -6.94186952E-01  6.56513697E-01  2.01510883E+00  9.34224613E-01  7.68628778E-01
 -6.11463618E-02  1.00000000E+00  4.62081873E-01 -7.52247998E-01  6.82543926E-01  2.06978317E+00  9.64949762E-01  7.85659311E-01
 -4.89170895E-02  1.00000000E+00  3.97859443E-01 -8.12450441E-01  6.90001766E-01  2.12750933E+00  9.97785948E-01  8.03358850E-01
 -3.66878171E-02  1.00000000E+00  8.70487650E-01 -9.47984415E-01  7.72741967E-01  2.46333682E+00  1.00721060E+00  1.03546753E+00
 -2.44585447E-02  1.00000000E+00  1.34311586E+00 -1.10159665E+00  9.31768789E-01  2.85257188E+00  1.02554356E+00  1.29922014E+00
 -1.22292724E-02  1.00000000E+00  5.23277381E-01 -3.08596999E-01  1.75971343E+00  3.90389313E+00  5.30014736E-01  2.39920241E+00
  0.00000000E+00  1.00000000E+00 -2.96561095E-01  7.54987087E-01  3.20675010E+00  6.43546415E+00  4.42229039E-01  4.26185608E+00
