# curve 5 (die wall), step =      100, time =   4.00000000E+01
# N1 = tau_xx - tau_yy = G ( c_xx - c_yy ),  G =  7.1111E-01  (polymer part only)
#              x               y        pressure            c_xy        gammadot            c_xx            c_yy              N1
 -3.00000000E+00  1.00000000E+00  2.58271866E+00 -4.77874329E-01  4.07510112E-01  1.44400940E+00  9.77275419E-01  3.31899722E-01
 -2.95108291E+00  1.00000000E+00  2.54496386E+00 -4.77888769E-01  4.07511065E-01  1.44399762E+00  9.77290185E-01  3.31880842E-01
 -2.90216582E+00  1.00000000E+00  2.50720905E+00 -4.77903209E-01  4.07511816E-01  1.44398584E+00  9.77304951E-01  3.31861963E-01
 -2.85324873E+00  1.00000000E+00  2.46955180E+00 -4.77922907E-01  4.07482440E-01  1.44392307E+00  9.77331621E-01  3.31798367E-01
 -2.80433164E+00  1.00000000E+00  2.43189454E+00 -4.77942604E-01  4.07454373E-01  1.44386032E+00  9.77358292E-01  3.31734774E-01
 -2.75541455E+00  1.00000000E+00  2.39422015E+00 -4.77894471E-01  4.07469775E-01  1.44391919E+00  9.77314442E-01  3.31807823E-01
 -2.70649746E+00  1.00000000E+00  2.35654575E+00 -4.77846338E-01  4.07470611E-01  1.44397808E+00  9.77270595E-01  3.31880875E-01
 -2.65758037E+00  1.00000000E+00  2.31888001E+00 -4.77842627E-01  4.07497067E-01  1.44400117E+00  9.77263038E-01  3.31902673E-01
 -2.60866328E+00  1.00000000E+00  2.28121427E+00 -4.77838917E-01  4.07510608E-01  1.44402427E+00  9.77255481E-01  3.31924472E-01
 -2.55974619E+00  1.00000000E+00  2.24353470E+00 -4.77810664E-01  4.07516583E-01  1.44406494E+00  9.77223960E-01  3.31975811E-01
 -2.51082911E+00  1.00000000E+00  2.20585513E+00 -4.77782412E-01  4.07550943E-01  1.44410562E+00  9.77192441E-01  3.32027150E-01
 -2.46191202E+00  1.00000000E+00  2.16819897E+00 -4.77813432E-01  4.07523853E-01  1.44406943E+00  9.77223262E-01  3.31979496E-01
 -2.41299493E+00  1.00000000E+00  2.13054280E+00 -4.77844453E-01  4.07508726E-01  1.44403324E+00  9.77254085E-01  3.31931842E-01
 -2.36407784E+00  1.00000000E+00  2.09286079E+00 -4.77803637E-01  4.07550642E-01  1.44410531E+00  9.77207422E-01  3.32016279E-01
 -2.31516075E+00  1.00000000E+00  2.05517877E+00 -4.77762820E-01  4.07571685E-01  1.44417740E+00  9.77160762E-01  3.32100719E-01
 -2.26624366E+00  1.00000000E+00  2.01753316E+00 -4.77826095E-01  4.07548369E-01  1.44409023E+00  9.77227197E-01  3.31991493E-01
 -2.21732657E+00  1.00000000E+00  1.97988755E+00 -4.77889370E-01  4.07530157E-01  1.44400308E+00  9.77293638E-01  3.31882270E-01
 -2.16840948E+00  1.00000000E+00  1.94223313E+00 -4.77888976E-01  4.07495792E-01  1.44397096E+00  9.77303596E-01  3.31852345E-01
 -2.11949239E+00  1.00000000E+00  1.90457872E+00 -4.77888583E-01  4.07465186E-01  1.44393883E+00  9.77313554E-01  3.31822419E-01
 -2.07057530E+00  1.00000000E+00  1.86689115E+00 -4.77882226E-01  4.07484924E-01  1.44392208E+00  9.77314091E-01  3.31810124E-01
 -2.02165821E+00  1.00000000E+00  1.82920358E+00 -4.77875868E-01  4.07486974E-01  1.44390532E+00  9.77314628E-01  3.31797829E-01
 -1.97274112E+00  1.00000000E+00  1.79155902E+00 -4.77882801E-01  4.07438228E-01  1.44385055E+00  9.77333593E-01  3.31745390E-01
 -1.92382403E+00  1.00000000E+00  1.75391446E+00 -4.77889733E-01  4.07407778E-01  1.44379577E+00  9.77352560E-01  3.31692951E-01
 -1.87490694E+00  1.00000000E+00  1.71622119E+00 -4.77819650E-01  4.07435166E-01  1.44387466E+00  9.77290770E-01  3.31792989E-01
 -1.82598985E+00  1.00000000E+00  1.67852792E+00 -4.77749566E-01  4.07448890E-01  1.44395356E+00  9.77228987E-01  3.31893032E-01
 -1.77707276E+00  1.00000000E+00  1.64090553E+00 -4.77804947E-01  4.07445934E-01  1.44386742E+00  9.77287503E-01  3.31790162E-01
 -1.72815567E+00  1.00000000E+00  1.60328314E+00 -4.77860326E-01  4.07418357E-01  1.44378128E+00  9.77346023E-01  3.31687296E-01
 -1.67923858E+00  1.00000000E+00  1.56557471E+00 -4.77801952E-01  4.07399508E-01  1.44379276E+00  9.77307918E-01  3.31722557E-01
 -1.63032150E+00  1.00000000E+00  1.52786628E+00 -4.77743579E-01  4.07407569E-01  1.44380425E+00  9.77269816E-01  3.31757818E-01
 -1.58140441E+00  1.00000000E+00  1.49027863E+00 -4.77738969E-01  4.07348427E-01  1.44369853E+00  9.77308912E-01  3.31654842E-01
 -1.53248732E+00  1.00000000E+00  1.45269098E+00 -4.77734359E-01  4.07314330E-01  1.44359283E+00  9.77348010E-01  3.31551871E-01
 -1.48357023E+00  1.00000000E+00  1.41503539E+00 -4.77690459E-01  4.07288536E-01  1.44354455E+00  9.77339377E-01  3.31523682E-01
 -1.43465314E+00  1.00000000E+00  1.37737979E+00 -4.77646560E-01  4.07241723E-01  1.44349628E+00  9.77330746E-01  3.31495493E-01
 -1.38573605E+00  1.00000000E+00  1.33973825E+00 -4.77554969E-01  4.07218405E-01  1.44346615E+00  9.77288983E-01  3.31503762E-01
 -1.33681896E+00  1.00000000E+00  1.30209671E+00 -4.77463380E-01  4.07212638E-01  1.44343602E+00  9.77247226E-01  3.31512031E-01
 -1.28790187E+00  1.00000000E+00  1.26454628E+00 -4.77442927E-01  4.07144860E-01  1.44331908E+00  9.77278210E-01  3.31406838E-01
 -1.23898478E+00  1.00000000E+00  1.22699585E+00 -4.77422474E-01  4.07078655E-01  1.44320214E+00  9.77309195E-01  3.31301651E-01
 -1.19006769E+00  1.00000000E+00  1.18948694E+00 -4.77367406E-01  4.07032724E-01  1.44305924E+00  9.77331089E-01  3.31184461E-01
 -1.14115060E+00  1.00000000E+00  1.15197802E+00 -4.77312343E-01  4.06976391E-01  1.44291635E+00  9.77352985E-01  3.31067280E-01
 -1.09223351E+00  1.00000000E+00  1.11456613E+00 -4.77282352E-01  4.06900092E-01  1.44280516E+00  9.77373023E-01  3.30973965E-01
 -1.04331642E+00  1.00000000E+00  1.07715423E+00 -4.77252362E-01  4.06838202E-01  1.44269398E+00  9.77393062E-01  3.30880656E-01
 -9.94399333E-01  1.00000000E+00  1.03985609E+00 -4.77171811E-01  4.06836539E-01  1.44273194E+00  9.77332217E-01  3.30950917E-01
 -9.45482243E-01  1.00000000E+00  1.00255794E+00 -4.77091261E-01  4.06848178E-01  1.44276991E+00  9.77271380E-01  3.31021179E-01
 -8.96565154E-01  1.00000000E+00  9.65503108E-01 -4.77214189E-01  4.06922129E-01  1.44288266E+00  9.77308108E-01  3.31075236E-01
 -8.47648064E-01  1.00000000E+00  9.28448274E-01 -4.77337126E-01  4.07005427E-01  1.44299542E+00  9.77344848E-01  3.31129297E-01
 -7.99501858E-01  1.00000000E+00  8.92304240E-01 -4.77568563E-01  4.07201426E-01  1.44346566E+00  9.77329800E-01  3.31474392E-01
 -7.51355652E-01  1.00000000E+00  8.56160205E-01 -4.77800060E-01  4.07513490E-01  1.44393607E+00  9.77314792E-01  3.31819575E-01
 -7.08111109E-01  1.00000000E+00  8.24061270E-01 -4.78285431E-01  4.07901838E-01  1.44497194E+00  9.77223041E-01  3.32621443E-01
 -6.64866566E-01  1.00000000E+00  7.91962335E-01 -4.78771062E-01  4.08522467E-01  1.44600860E+00  9.77131490E-01  3.33423725E-01
 -6.26599939E-01  1.00000000E+00  7.63972982E-01 -4.79717979E-01  4.09314183E-01  1.44768813E+00  9.77109070E-01  3.34633997E-01
 -5.88333313E-01  1.00000000E+00  7.35983630E-01 -4.80665759E-01  4.10231053E-01  1.44936984E+00  9.77087323E-01  3.35845347E-01
 -5.54471587E-01  1.00000000E+00  7.11685063E-01 -4.81889665E-01  4.11522820E-01  1.45210982E+00  9.76735889E-01  3.38043683E-01
 -5.20609860E-01  1.00000000E+00  6.87386496E-01 -4.83115242E-01  4.12924612E-01  1.45485520E+00  9.76385886E-01  3.40244846E-01
 -4.90645977E-01  1.00000000E+00  6.66400089E-01 -4.85154582E-01  4.14543299E-01  1.45837318E+00  9.76471299E-01  3.42685780E-01
 -4.60682095E-01  1.00000000E+00  6.45413683E-01 -4.87197948E-01  4.16390827E-01  1.46190080E+00  9.76559674E-01  3.45131469E-01
 -4.34167380E-01  1.00000000E+00  6.27417094E-01 -4.89410904E-01  4.18825044E-01  1.46684046E+00  9.75945446E-01  3.49080901E-01
 -4.07652666E-01  1.00000000E+00  6.09420505E-01 -4.91629271E-01  4.21431733E-01  1.47179755E+00  9.75335834E-01  3.53039440E-01
 -3.84190072E-01  1.00000000E+00  5.93997528E-01 -4.94855253E-01  4.24185047E-01  1.47772338E+00  9.75314425E-01  3.57268586E-01
 -3.60727478E-01  1.00000000E+00  5.78574551E-01 -4.98091611E-01  4.27200506E-01  1.48367557E+00  9.75300567E-01  3.61511114E-01
 -3.39965684E-01  1.00000000E+00  5.65563982E-01 -5.01618024E-01  4.30895623E-01  1.49118781E+00  9.74662571E-01  3.67306840E-01
 -3.19203889E-01  1.00000000E+00  5.52553413E-01 -5.05157795E-01  4.34784047E-01  1.49874017E+00  9.74035020E-01  3.73123665E-01
 -3.00831998E-01  1.00000000E+00  5.41737921E-01 -5.09923691E-01  4.39010711E-01  1.50800172E+00  9.73843948E-01  3.79845528E-01
 -2.82460107E-01  1.00000000E+00  5.30922430E-01 -5.14712862E-01  4.43526539E-01  1.51732522E+00  9.73669486E-01  3.86599633E-01
 -2.66203017E-01  1.00000000E+00  5.21784088E-01 -5.19629746E-01  4.48819503E-01  1.52837168E+00  9.72665226E-01  3.95169038E-01
 -2.49945927E-01  1.00000000E+00  5.12645746E-01 -5.24573462E-01  4.54350027E-01  1.53950180E+00  9.71681432E-01  4.03783375E-01
 -2.35560203E-01  1.00000000E+00  5.05728707E-01 -5.30855184E-01  4.60107527E-01  1.55237167E+00  9.71366886E-01  4.13158955E-01
 -2.21174479E-01  1.00000000E+00  4.98811668E-01 -5.37178536E-01  4.66241224E-01  1.56535597E+00  9.71080697E-01  4.22595749E-01
 -2.08421419E-01  1.00000000E+00  4.92839428E-01 -5.44269684E-01  4.73207394E-01  1.58084340E+00  9.70284278E-01  4.34175375E-01
 -1.95668358E-01  1.00000000E+00  4.86867187E-01 -5.51415333E-01  4.80536756E-01  1.59649103E+00  9.69525665E-01  4.45842038E-01
 -1.83439085E-01  1.00000000E+00  4.82645289E-01 -5.59227718E-01  4.89251609E-01  1.61556339E+00  9.67885009E-01  4.60571296E-01
 -1.71209813E-01  1.00000000E+00  4.78423391E-01 -5.67111308E-01  4.98438659E-01  1.63486856E+00  9.66294340E-01  4.75430559E-01
 -1.58980541E-01  1.00000000E+00  4.74351658E-01 -5.78743415E-01  5.09479530E-01  1.66008730E+00  9.65978163E-01  4.93588722E-01
 -1.46751268E-01  1.00000000E+00  4.70279925E-01 -5.90520477E-01  5.20826308E-01  1.68571299E+00  9.65752538E-01  5.11971879E-01
 -1.34521996E-01  1.00000000E+00  4.71737040E-01 -6.03790271E-01  5.36144557E-01  1.72228796E+00  9.62375088E-01  5.40382486E-01
 -1.22292724E-01  1.00000000E+00  4.73194156E-01 -6.17282497E-01  5.52541934E-01  1.75965988E+00  9.59142733E-01  5.69256635E-01
 -1.10063451E-01  1.00000000E+00  4.63442787E-01 -6.39728427E-01  5.73755561E-01  1.80733868E+00  9.60385125E-01  6.02278083E-01
 -9.78341789E-02  1.00000000E+00  4.53691418E-01 -6.62684153E-01  5.93655358E-01  1.85637596E+00  9.61927603E-01  6.36052167E-01
 -8.56049065E-02  1.00000000E+00  4.89997890E-01 -6.78171090E-01  6.24001995E-01  1.93411008E+00  9.47856217E-01  7.01336083E-01
 -7.33756342E-02  1.00000000E+00  5.26304361E-01 -6.94186838E-01  6.56513629E-01  2.01510855E+00  9.34224599E-01  7.68628587E-01
 -6.11463618E-02  1.00000000E+00  4.62081887E-01 -7.52248024E-01  6.82543886E-01  2.06978305E+00  9.64949814E-01  7.85659192E-01
 -4.89170895E-02  1.00000000E+00  3.97859413E-01 -8.12450618E-01  6.90001750E-01  2.12750940E+00  9.97786077E-01  8.03358806E-01
 -3.66878171E-02  1.00000000E+00  8.70487709E-01 -9.47984406E-01  7.72742015E-01  2.46333706E+00  1.00721052E+00  1.03546776E+00
 -2.44585447E-02  1.00000000E+00  1.34311600E+00 -1.10159643E+00  9.31768965E-01  2.85257234E+00  1.02554324E+00  1.29922070E+00
 -1.22292724E-02  1.00000000E+00  5.23277447E-01 -3.08596799E-01  1.75971305E+00  3.90389211E+00  5.30014736E-01  2.39920169E+00
  0.00000000E+00  1.00000000E+00 -2.96561110E-01  7.54986796E-01  3.20674837E+00  6.43545932E+00  4.42229145E-01  4.26185257E+00
