1.19689946E+00 1.19690179E+00 1.19690275E+00 1.19690247E+00 1.19690154E+00 1.19690071E+00 1.19690027E+00 1.19690044E+00 1.19690106E+00 1.19690189E+00 1.19690277E+00 1.19690357E+00 1.19690434E+00 1.19690517E+00 1.19690614E+00 1.19690733E+00 1.19690875E+00 1.19691039E+00 1.19691226E+00 1.19691434E+00 1.19691666E+00 1.19691927E+00 1.19692219E+00 1.19692548E+00 1.19692915E+00 1.19693322E+00 1.19693772E+00 1.19694271E+00 1.19694818E+00 1.19695417E+00 1.19696070E+00 1.19696785E+00 1.19697559E+00 1.19698392E+00 1.19699286E+00 1.19700244E+00 1.19701263E+00 1.19702335E+00 1.19703457E+00 1.19704625E+00 1.19705825E+00 1.19707039E+00 1.19708259E+00 1.19709463E+00 1.19710623E+00 1.19711697E+00 1.19712653E+00 1.19713429E+00 1.19713984E+00 1.19714237E+00 1.19714133E+00 1.19713536E+00 1.19712345E+00 1.19710417E+00 1.19707646E+00 1.19703811E+00 1.19698765E+00 1.19692211E+00 1.19683950E+00 1.19673620E+00 1.19660976E+00 1.19645490E+00 1.19626839E+00 1.19604492E+00 1.19578047E+00 1.19546725E+00 1.19510083E+00 1.19467143E+00 1.19417253E+00 1.19359240E+00 1.19292402E+00 1.19215479E+00 1.19127651E+00 1.19027146E+00 1.18913037E+00 1.18783456E+00 1.18637255E+00 1.18471775E+00 1.18285691E+00 1.18077433E+00 1.17845133E+00 1.17584809E+00 1.17295027E+00 1.16973323E+00 1.16617514E+00 1.16227390E+00 1.15798576E+00 1.15373185E+00 1.14910316E+00 1.14465121E+00 1.13986247E+00 1.13533922E+00 1.13055856E+00 1.12611995E+00 1.12138361E+00 1.11689282E+00 1.11222938E+00 1.10796842E+00 1.10349661E+00 1.09936406E+00 1.09513203E+00 1.09132097E+00 1.08734934E+00 1.08364578E+00 1.07979952E+00 1.07632216E+00 1.07280997E+00 1.06968508E+00 1.06647478E+00 1.06327918E+00 1.05994090E+00 1.05652728E+00 1.05311169E+00 1.04964491E+00 1.04600036E+00 1.04223404E+00 1.03847734E+00 1.03459771E+00 1.03035645E+00 1.02594177E+00 1.02173037E+00 1.01760078E+00 1.01292852E+00 1.00705073E+00 1.00000000E+00
1.50896081E+00 1.50896179E+00 1.50896364E+00 1.50896602E+00 1.50896898E+00 1.50897259E+00 1.50897696E+00 1.50898222E+00 1.50898842E+00 1.50899566E+00 1.50900400E+00 1.50901360E+00 1.50902448E+00 1.50903672E+00 1.50905037E+00 1.50906558E+00 1.50908241E+00 1.50910093E+00 1.50912120E+00 1.50914327E+00 1.50916719E+00 1.50919298E+00 1.50922070E+00 1.50925048E+00 1.50928227E+00 1.50931598E+00 1.50935166E+00 1.50938930E+00 1.50942869E+00 1.50946961E+00 1.50951216E+00 1.50955636E+00 1.50960174E+00 1.50964769E+00 1.50969415E+00 1.50974082E+00 1.50978711E+00 1.50983190E+00 1.50987478E+00 1.50991478E+00 1.50995099E+00 1.50998197E+00 1.51000696E+00 1.51002409E+00 1.51003163E+00 1.51002690E+00 1.51000820E+00 1.50997228E+00 1.50991749E+00 1.50984036E+00 1.50973754E+00 1.50960249E+00 1.50943197E+00 1.50922128E+00 1.50896657E+00 1.50865975E+00 1.50829537E+00 1.50786280E+00 1.50735672E+00 1.50676707E+00 1.50608595E+00 1.50529657E+00 1.50439154E+00 1.50335949E+00 1.50219048E+00 1.50086471E+00 1.49937065E+00 1.49768450E+00 1.49579247E+00 1.49366710E+00 1.49129264E+00 1.48864460E+00 1.48571315E+00 1.48246853E+00 1.47888890E+00 1.47493301E+00 1.47057112E+00 1.46575193E+00 1.46047764E+00 1.45473964E+00 1.44847133E+00 1.44155942E+00 1.43400825E+00 1.42579824E+00 1.41686244E+00 1.40718594E+00 1.39671915E+00 1.38651274E+00 1.37547473E+00 1.36485646E+00 1.35351090E+00 1.34288953E+00 1.33171045E+00 1.32134727E+00 1.31032459E+00 1.29983334E+00 1.28884546E+00 1.27880435E+00 1.26827874E+00 1.25849694E+00 1.24841647E+00 1.23931389E+00 1.22986119E+00 1.22105084E+00 1.21183755E+00 1.20340143E+00 1.19479702E+00 1.18708572E+00 1.17917941E+00 1.17133244E+00 1.16312239E+00 1.15458241E+00 1.14586247E+00 1.13697396E+00 1.12771641E+00 1.11799723E+00 1.10798635E+00 1.09763861E+00 1.08661054E+00 1.07478527E+00 1.06267146E+00 1.05025571E+00 1.03629120E+00 1.01943086E+00 1.00000000E+00
1.88829263E+00 1.88831593E+00 1.88834640E+00 1.88838077E+00 1.88841869E+00 1.88845933E+00 1.88850260E+00 1.88854834E+00 1.88859651E+00 1.88864702E+00 1.88869993E+00 1.88875537E+00 1.88881328E+00 1.88887338E+00 1.88893569E+00 1.88900042E+00 1.88906740E+00 1.88913623E+00 1.88920684E+00 1.88927917E+00 1.88935279E+00 1.88942689E+00 1.88950117E+00 1.88957525E+00 1.88964853E+00 1.88971985E+00 1.88978866E+00 1.88985376E+00 1.88991406E+00 1.88996790E+00 1.89001473E+00 1.89005301E+00 1.89008071E+00 1.89009495E+00 1.89009456E+00 1.89007701E+00 1.89003988E+00 1.88997879E+00 1.88989166E+00 1.88977431E+00 1.88962398E+00 1.88943600E+00 1.88920709E+00 1.88893047E+00 1.88860179E+00 1.88821388E+00 1.88776190E+00 1.88723706E+00 1.88663548E+00 1.88594895E+00 1.88516954E+00 1.88428313E+00 1.88328304E+00 1.88215882E+00 1.88090396E+00 1.87950428E+00 1.87794944E+00 1.87622051E+00 1.87430828E+00 1.87219590E+00 1.86987195E+00 1.86731145E+00 1.86450246E+00 1.86142635E+00 1.85807073E+00 1.85440946E+00 1.85042762E+00 1.84609623E+00 1.84139495E+00 1.83628300E+00 1.83074418E+00 1.82475240E+00 1.81829735E+00 1.81134555E+00 1.80386936E+00 1.79581246E+00 1.78715060E+00 1.77785269E+00 1.76789909E+00 1.75723500E+00 1.74582236E+00 1.73355408E+00 1.72039195E+00 1.70627466E+00 1.69116447E+00 1.67512490E+00 1.65802410E+00 1.64149408E+00 1.62387692E+00 1.60724969E+00 1.58963110E+00 1.57317211E+00 1.55589807E+00 1.53995294E+00 1.52324392E+00 1.50759974E+00 1.49120123E+00 1.47611896E+00 1.46037128E+00 1.44580016E+00 1.43069547E+00 1.41693196E+00 1.40268480E+00 1.38955895E+00 1.37590583E+00 1.36336816E+00 1.35047520E+00 1.33882262E+00 1.32686074E+00 1.31505205E+00 1.30275824E+00 1.28991795E+00 1.27666339E+00 1.26306759E+00 1.24892009E+00 1.23399642E+00 1.21846311E+00 1.20235118E+00 1.18502139E+00 1.16572110E+00 1.14539673E+00 1.12555273E+00 1.10436197E+00 1.06756966E+00 1.00000000E+00
2.20846012E+00 2.20844996E+00 2.20845739E+00 2.20847552E+00 2.20850294E+00 2.20853696E+00 2.20857714E+00 2.20862237E+00 2.20867215E+00 2.20872563E+00 2.20878242E+00 2.20884192E+00 2.20890352E+00 2.20896583E+00 2.20902838E+00 2.20909072E+00 2.20915201E+00 2.20921058E+00 2.20926591E+00 2.20931734E+00 2.20936362E+00 2.20940218E+00 2.20943202E+00 2.20945162E+00 2.20945956E+00 2.20945312E+00 2.20943085E+00 2.20938973E+00 2.20932769E+00 2.20924134E+00 2.20912897E+00 2.20898687E+00 2.20881156E+00 2.20859783E+00 2.20834311E+00 2.20804228E+00 2.20769125E+00 2.20728258E+00 2.20681273E+00 2.20627475E+00 2.20566437E+00 2.20497449E+00 2.20419964E+00 2.20332924E+00 2.20235750E+00 2.20127466E+00 2.20007343E+00 2.19874093E+00 2.19727221E+00 2.19565667E+00 2.19388405E+00 2.19193680E+00 2.18980594E+00 2.18747733E+00 2.18494460E+00 2.18219239E+00 2.17920872E+00 2.17597269E+00 2.17247269E+00 2.16868749E+00 2.16460637E+00 2.16020416E+00 2.15546640E+00 2.15036992E+00 2.14490235E+00 2.13903758E+00 2.13276252E+00 2.12605237E+00 2.11888191E+00 2.11120028E+00 2.10299386E+00 2.09424066E+00 2.08493057E+00 2.07503001E+00 2.06450455E+00 2.05328491E+00 2.04136313E+00 2.02875027E+00 2.01540335E+00 2.00120400E+00 1.98613944E+00 1.97014301E+00 1.95314578E+00 1.93503653E+00 1.91580090E+00 1.89557706E+00 1.87417234E+00 1.85356948E+00 1.83174947E+00 1.81137897E+00 1.78994766E+00 1.76997612E+00 1.74902353E+00 1.72968294E+00 1.70954510E+00 1.69092428E+00 1.67149520E+00 1.65357588E+00 1.63488040E+00 1.61762172E+00 1.59969406E+00 1.58328419E+00 1.56629083E+00 1.55069975E+00 1.53452316E+00 1.51969591E+00 1.50442469E+00 1.49055421E+00 1.47630529E+00 1.46229805E+00 1.44777790E+00 1.43264986E+00 1.41698240E+00 1.40081701E+00 1.38400150E+00 1.36634693E+00 1.34797234E+00 1.32894751E+00 1.30878458E+00 1.28706979E+00 1.26514231E+00 1.24487678E+00 1.22365903E+00 1.16352175E+00 1.00000000E+00
2.13660566E+00 2.13708938E+00 2.13713570E+00 2.13674542E+00 2.13607808E+00 2.13537769E+00 2.13483097E+00 2.13470498E+00 2.13505550E+00 2.13585740E+00 2.13688168E+00 2.13775971E+00 2.13829300E+00 2.13829820E+00 2.13786295E+00 2.13715349E+00 2.13637520E+00 2.13584932E+00 2.13574732E+00 2.13623854E+00 2.13718766E+00 2.13829269E+00 2.13927507E+00 2.13982511E+00 2.13992990E+00 2.13961170E+00 2.13900211E+00 2.13832297E+00 2.13778849E+00 2.13772242E+00 2.13818261E+00 2.13908740E+00 2.14014449E+00 2.14095795E+00 2.14139735E+00 2.14136645E+00 2.14094199E+00 2.14021319E+00 2.13931257E+00 2.13851429E+00 2.13802284E+00 2.13804106E+00 2.13843505E+00 2.13889484E+00 2.13915240E+00 2.13893223E+00 2.13822440E+00 2.13700403E+00 2.13532739E+00 2.13333370E+00 2.13124712E+00 2.12943243E+00 2.12799398E+00 2.12688513E+00 2.12581655E+00 2.12441905E+00 2.12258631E+00 2.12022964E+00 2.11734827E+00 2.11385581E+00 2.10974854E+00 2.10515821E+00 2.10034243E+00 2.09563950E+00 2.09106898E+00 2.08648073E+00 2.08158904E+00 2.07606843E+00 2.06986358E+00 2.06290790E+00 2.05516591E+00 2.04649460E+00 2.03687879E+00 2.02645937E+00 2.01549387E+00 2.00426968E+00 1.99280489E+00 1.98100094E+00 1.96857138E+00 1.95513257E+00 1.94062537E+00 1.92493119E+00 1.90788944E+00 1.88911231E+00 1.86849667E+00 1.84634565E+00 1.82292343E+00 1.80090650E+00 1.77801548E+00 1.75685777E+00 1.73466001E+00 1.71388616E+00 1.69198808E+00 1.67176085E+00 1.65067180E+00 1.63100286E+00 1.61020242E+00 1.59072099E+00 1.57010011E+00 1.55080229E+00 1.53054313E+00 1.51179024E+00 1.49212519E+00 1.47385362E+00 1.45474200E+00 1.43712403E+00 1.41891735E+00 1.40241327E+00 1.38548311E+00 1.36886366E+00 1.35164635E+00 1.33366024E+00 1.31492029E+00 1.29538556E+00 1.27486155E+00 1.25297642E+00 1.22948815E+00 1.20388815E+00 1.17571517E+00 1.14511818E+00 1.11361620E+00 1.08810678E+00 1.07131412E+00 1.08628750E+00 1.00000000E+00
2.33988804E+00 2.34110601E+00 2.34248224E+00 2.34394978E+00 2.34538964E+00 2.34660332E+00 2.34747183E+00 2.34785323E+00 2.34776821E+00 2.34730712E+00 2.34663052E+00 2.34596645E+00 2.34538272E+00 2.34488977E+00 2.34436512E+00 2.34366545E+00 2.34278632E+00 2.34180668E+00 2.34084392E+00 2.33999246E+00 2.33918033E+00 2.33824744E+00 2.33705762E+00 2.33546172E+00 2.33345291E+00 2.33103963E+00 2.32827906E+00 2.32524544E+00 2.32196802E+00 2.31845718E+00 2.31465255E+00 2.31043632E+00 2.30571232E+00 2.30036570E+00 2.29440059E+00 2.28786261E+00 2.28084700E+00 2.27348958E+00 2.26585605E+00 2.25801933E+00 2.24998214E+00 2.24177874E+00 2.23347342E+00 2.22521337E+00 2.21712126E+00 2.20935448E+00 2.20192480E+00 2.19480676E+00 2.18792627E+00 2.18120339E+00 2.17463111E+00 2.16823363E+00 2.16206969E+00 2.15619655E+00 2.15058816E+00 2.14515120E+00 2.13976452E+00 2.13427567E+00 2.12868738E+00 2.12304489E+00 2.11739145E+00 2.11168921E+00 2.10583816E+00 2.09972371E+00 2.09335385E+00 2.08679002E+00 2.08009721E+00 2.07327208E+00 2.06620059E+00 2.05868798E+00 2.05063747E+00 2.04194067E+00 2.03255508E+00 2.02233848E+00 2.01118021E+00 1.99893986E+00 1.98561838E+00 1.97125012E+00 1.95594841E+00 1.93978988E+00 1.92275764E+00 1.90488652E+00 1.88638766E+00 1.86744407E+00 1.84784702E+00 1.82722201E+00 1.80474535E+00 1.78201505E+00 1.75744361E+00 1.73517621E+00 1.71313497E+00 1.69373406E+00 1.67315206E+00 1.65300551E+00 1.63136379E+00 1.61154520E+00 1.59135505E+00 1.57304787E+00 1.55376891E+00 1.53559001E+00 1.51659583E+00 1.49923592E+00 1.48115275E+00 1.46433826E+00 1.44670191E+00 1.43038907E+00 1.41348658E+00 1.39807312E+00 1.38209365E+00 1.36615398E+00 1.34941349E+00 1.33172490E+00 1.31312396E+00 1.29365660E+00 1.27326526E+00 1.25176044E+00 1.22897710E+00 1.20462089E+00 1.17837403E+00 1.14977693E+00 1.11889604E+00 1.09279457E+00 1.06764400E+00 1.08461468E+00 1.00000000E+00
1.18606978E+00 1.18607249E+00 1.18607353E+00 1.18607315E+00 1.18607201E+00 1.18607095E+00 1.18607026E+00 1.18607023E+00 1.18607071E+00 1.18607148E+00 1.18607235E+00 1.18607317E+00 1.18607395E+00 1.18607473E+00 1.18607560E+00 1.18607665E+00 1.18607788E+00 1.18607933E+00 1.18608100E+00 1.18608288E+00 1.18608499E+00 1.18608736E+00 1.18609001E+00 1.18609300E+00 1.18609632E+00 1.18610003E+00 1.18610413E+00 1.18610868E+00 1.18611368E+00 1.18611917E+00 1.18612517E+00 1.18613174E+00 1.18613885E+00 1.18614653E+00 1.18615478E+00 1.18616363E+00 1.18617304E+00 1.18618296E+00 1.18619337E+00 1.18620420E+00 1.18621535E+00 1.18622666E+00 1.18623804E+00 1.18624926E+00 1.18626008E+00 1.18627010E+00 1.18627904E+00 1.18628632E+00 1.18629154E+00 1.18629390E+00 1.18629286E+00 1.18628716E+00 1.18627590E+00 1.18625772E+00 1.18623155E+00 1.18619526E+00 1.18614746E+00 1.18608532E+00 1.18600692E+00 1.18590875E+00 1.18578843E+00 1.18564108E+00 1.18546364E+00 1.18525088E+00 1.18499881E+00 1.18469993E+00 1.18434989E+00 1.18393923E+00 1.18346182E+00 1.18290687E+00 1.18226749E+00 1.18153097E+00 1.18068899E+00 1.17972508E+00 1.17863024E+00 1.17738585E+00 1.17598135E+00 1.17439221E+00 1.17260471E+00 1.17060158E+00 1.16836543E+00 1.16586082E+00 1.16307402E+00 1.15998032E+00 1.15655802E+00 1.15280430E+00 1.14867436E+00 1.14457460E+00 1.14011464E+00 1.13583234E+00 1.13123329E+00 1.12689484E+00 1.12229963E+00 1.11801480E+00 1.11344681E+00 1.10914429E+00 1.10468699E+00 1.10060660E+00 1.09632267E+00 1.09236912E+00 1.08831947E+00 1.08466456E+00 1.08085575E+00 1.07732486E+00 1.07366429E+00 1.07035569E+00 1.06701637E+00 1.06404237E+00 1.06098484E+00 1.05795323E+00 1.05478872E+00 1.05156317E+00 1.04835116E+00 1.04509554E+00 1.04166514E+00 1.03813575E+00 1.03464039E+00 1.03104870E+00 1.02712029E+00 1.02306187E+00 1.01923802E+00 1.01549478E+00 1.01125050E+00 1.00605310E+00 1.00000000E+00
1.46666996E+00 1.46667422E+00 1.46667858E+00 1.46668301E+00 1.46668780E+00 1.46669320E+00 1.46669924E+00 1.46670589E+00 1.46671311E+00 1.46672095E+00 1.46672949E+00 1.46673891E+00 1.46674927E+00 1.46676068E+00 1.46677315E+00 1.46678682E+00 1.46680173E+00 1.46681798E+00 1.46683561E+00 1.46685472E+00 1.46687536E+00 1.46689759E+00 1.46692143E+00 1.46694701E+00 1.46697430E+00 1.46700327E+00 1.46703395E+00 1.46706633E+00 1.46710031E+00 1.46713579E+00 1.46717277E+00 1.46721115E+00 1.46725062E+00 1.46729079E+00 1.46733152E+00 1.46737241E+00 1.46741304E+00 1.46745254E+00 1.46749048E+00 1.46752594E+00 1.46755819E+00 1.46758591E+00 1.46760831E+00 1.46762352E+00 1.46763012E+00 1.46762578E+00 1.46760895E+00 1.46757660E+00 1.46752692E+00 1.46745625E+00 1.46736169E+00 1.46723763E+00 1.46708118E+00 1.46688764E+00 1.46665272E+00 1.46636843E+00 1.46602998E+00 1.46562757E+00 1.46515572E+00 1.46460414E+00 1.46396549E+00 1.46322519E+00 1.46237602E+00 1.46140574E+00 1.46030371E+00 1.45905036E+00 1.45763487E+00 1.45603428E+00 1.45423617E+00 1.45221702E+00 1.44996114E+00 1.44744260E+00 1.44464912E+00 1.44155062E+00 1.43812521E+00 1.43433306E+00 1.43015149E+00 1.42553516E+00 1.42047773E+00 1.41495695E+00 1.40891139E+00 1.40225398E+00 1.39498968E+00 1.38708665E+00 1.37847999E+00 1.36916759E+00 1.35908746E+00 1.34924041E+00 1.33858969E+00 1.32839167E+00 1.31754663E+00 1.30742062E+00 1.29674075E+00 1.28680700E+00 1.27624886E+00 1.26627139E+00 1.25588310E+00 1.24639766E+00 1.23645583E+00 1.22724462E+00 1.21780297E+00 1.20930989E+00 1.20049637E+00 1.19229251E+00 1.18372501E+00 1.17590632E+00 1.16797073E+00 1.16088434E+00 1.15363167E+00 1.14644629E+00 1.13893888E+00 1.13117749E+00 1.12331976E+00 1.11534157E+00 1.10702898E+00 1.09834836E+00 1.08949751E+00 1.08042492E+00 1.07080558E+00 1.06059865E+00 1.05025113E+00 1.03975561E+00 1.02823174E+00 1.01485198E+00 1.00000000E+00
1.81394013E+00 1.81392833E+00 1.81392328E+00 1.81392363E+00 1.81392968E+00 1.81394141E+00 1.81395843E+00 1.81398002E+00 1.81400558E+00 1.81403447E+00 1.81406674E+00 1.81410259E+00 1.81414211E+00 1.81418512E+00 1.81423145E+00 1.81428091E+00 1.81433330E+00 1.81438829E+00 1.81444578E+00 1.81450558E+00 1.81456740E+00 1.81463062E+00 1.81469495E+00 1.81475993E+00 1.81482504E+00 1.81488932E+00 1.81495225E+00 1.81501270E+00 1.81506985E+00 1.81512234E+00 1.81516942E+00 1.81520938E+00 1.81524067E+00 1.81526092E+00 1.81526882E+00 1.81526175E+00 1.81523768E+00 1.81519293E+00 1.81512547E+00 1.81503126E+00 1.81490767E+00 1.81475008E+00 1.81455532E+00 1.81431695E+00 1.81403097E+00 1.81369070E+00 1.81329159E+00 1.81282537E+00 1.81228749E+00 1.81166894E+00 1.81096267E+00 1.81015611E+00 1.80924317E+00 1.80821342E+00 1.80705890E+00 1.80576445E+00 1.80432064E+00 1.80270934E+00 1.80092122E+00 1.79893909E+00 1.79675138E+00 1.79433457E+00 1.79167739E+00 1.78876089E+00 1.78557125E+00 1.78208122E+00 1.77827525E+00 1.77412263E+00 1.76960660E+00 1.76469475E+00 1.75936944E+00 1.75359826E+00 1.74736672E+00 1.74063864E+00 1.73339033E+00 1.72557349E+00 1.71716065E+00 1.70810244E+00 1.69838318E+00 1.68796196E+00 1.67679100E+00 1.66476978E+00 1.65187832E+00 1.63806585E+00 1.62327726E+00 1.60754875E+00 1.59075497E+00 1.57453835E+00 1.55725996E+00 1.54094507E+00 1.52369022E+00 1.50764432E+00 1.49082410E+00 1.47525491E+00 1.45889910E+00 1.44360237E+00 1.42762781E+00 1.41299764E+00 1.39775674E+00 1.38368759E+00 1.36916231E+00 1.35598843E+00 1.34238724E+00 1.32986831E+00 1.31686813E+00 1.30495066E+00 1.29272629E+00 1.28171767E+00 1.27044669E+00 1.25934244E+00 1.24779828E+00 1.23576437E+00 1.22340510E+00 1.21079466E+00 1.19768582E+00 1.18388147E+00 1.16959193E+00 1.15482339E+00 1.13898680E+00 1.12148664E+00 1.10326573E+00 1.08538209E+00 1.06517325E+00 1.03693261E+00 1.00000000E+00
2.13442524E+00 2.13445594E+00 2.13449758E+00 2.13454393E+00 2.13459451E+00 2.13464766E+00 2.13470311E+00 2.13476023E+00 2.13481882E+00 2.13487853E+00 2.13493917E+00 2.13500055E+00 2.13506236E+00 2.13512384E+00 2.13518476E+00 2.13524476E+00 2.13530323E+00 2.13535904E+00 2.13541162E+00 2.13546010E+00 2.13550350E+00 2.13553985E+00 2.13556815E+00 2.13558674E+00 2.13559425E+00 2.13558814E+00 2.13556691E+00 2.13552759E+00 2.13546825E+00 2.13538563E+00 2.13527772E+00 2.13514042E+00 2.13497069E+00 2.13476368E+00 2.13451648E+00 2.13422365E+00 2.13388149E+00 2.13348323E+00 2.13302520E+00 2.13250029E+00 2.13190400E+00 2.13122873E+00 2.13046912E+00 2.12961485E+00 2.12866005E+00 2.12759474E+00 2.12641204E+00 2.12509967E+00 2.12365151E+00 2.12205533E+00 2.12030163E+00 2.11837401E+00 2.11626433E+00 2.11395888E+00 2.11144892E+00 2.10871690E+00 2.10575103E+00 2.10252991E+00 2.09904272E+00 2.09526918E+00 2.09119710E+00 2.08680052E+00 2.08206626E+00 2.07697246E+00 2.07150591E+00 2.06563907E+00 2.05935522E+00 2.05262368E+00 2.04542566E+00 2.03772320E+00 2.02950027E+00 2.02072467E+00 2.01138071E+00 2.00143069E+00 1.99085196E+00 1.97959417E+00 1.96762950E+00 1.95492170E+00 1.94144547E+00 1.92712449E+00 1.91192956E+00 1.89577949E+00 1.87862827E+00 1.86039154E+00 1.84102921E+00 1.82062927E+00 1.79901165E+00 1.77824641E+00 1.75627201E+00 1.73571258E+00 1.71407325E+00 1.69397540E+00 1.67293340E+00 1.65349223E+00 1.63319969E+00 1.61439320E+00 1.59477305E+00 1.57673101E+00 1.55795806E+00 1.54067773E+00 1.52278224E+00 1.50644510E+00 1.48955900E+00 1.47408282E+00 1.45806399E+00 1.44341460E+00 1.42834391E+00 1.41466786E+00 1.40061832E+00 1.38679854E+00 1.37249474E+00 1.35763993E+00 1.34230575E+00 1.32652662E+00 1.31014002E+00 1.29295608E+00 1.27511412E+00 1.25670006E+00 1.23709471E+00 1.21524484E+00 1.19221261E+00 1.17048899E+00 1.14830189E+00 1.10191040E+00 1.00000000E+00
2.44527240E+00 2.44528240E+00 2.44529660E+00 2.44530835E+00 2.44531738E+00 2.44532238E+00 2.44532370E+00 2.44532133E+00 2.44531527E+00 2.44530545E+00 2.44529162E+00 2.44527340E+00 2.44525009E+00 2.44522006E+00 2.44518253E+00 2.44513621E+00 2.44507965E+00 2.44501027E+00 2.44492667E+00 2.44482660E+00 2.44470811E+00 2.44456718E+00 2.44440181E+00 2.44420863E+00 2.44398525E+00 2.44372726E+00 2.44343208E+00 2.44309471E+00 2.44271213E+00 2.44227919E+00 2.44179262E+00 2.44124614E+00 2.44063554E+00 2.43995388E+00 2.43919688E+00 2.43835678E+00 2.43742872E+00 2.43640369E+00 2.43527696E+00 2.43403946E+00 2.43268545E+00 2.43120556E+00 2.42959316E+00 2.42783573E+00 2.42592656E+00 2.42385405E+00 2.42160995E+00 2.41917981E+00 2.41655704E+00 2.41372828E+00 2.41068308E+00 2.40740360E+00 2.40388071E+00 2.40009952E+00 2.39605213E+00 2.39172100E+00 2.38709356E+00 2.38214819E+00 2.37687384E+00 2.37124869E+00 2.36526122E+00 2.35888605E+00 2.35210900E+00 2.34490688E+00 2.33726777E+00 2.32916589E+00 2.32058468E+00 2.31149616E+00 2.30188065E+00 2.29169600E+00 2.28092718E+00 2.26954306E+00 2.25752710E+00 2.24484195E+00 2.23146542E+00 2.21734546E+00 2.20245581E+00 2.18678023E+00 2.17028851E+00 2.15286864E+00 2.13449918E+00 2.11512673E+00 2.09469473E+00 2.07308925E+00 2.05027711E+00 2.02639090E+00 2.00121469E+00 1.97712914E+00 1.95175458E+00 1.92817032E+00 1.90346615E+00 1.88057391E+00 1.85664113E+00 1.83456271E+00 1.81160255E+00 1.79046267E+00 1.76848351E+00 1.74826535E+00 1.72724779E+00 1.70793161E+00 1.68790895E+00 1.66958771E+00 1.65064355E+00 1.63331912E+00 1.61541770E+00 1.59908341E+00 1.58228193E+00 1.56699592E+00 1.55128858E+00 1.53588209E+00 1.51999385E+00 1.50356290E+00 1.48660083E+00 1.46909691E+00 1.45097800E+00 1.43215565E+00 1.41269291E+00 1.39267357E+00 1.37191281E+00 1.35011055E+00 1.32793311E+00 1.30643491E+00 1.28278233E+00 1.20927970E+00 1.00000000E+00
2.35379574E+00 2.35501952E+00 2.35620610E+00 2.35704347E+00 2.35745078E+00 2.35737553E+00 2.35692714E+00 2.35627263E+00 2.35553951E+00 2.35488860E+00 2.35435009E+00 2.35395525E+00 2.35370158E+00 2.35364582E+00 2.35387342E+00 2.35449637E+00 2.35548509E+00 2.35669040E+00 2.35789478E+00 2.35879392E+00 2.35928199E+00 2.35927044E+00 2.35885001E+00 2.35817370E+00 2.35737439E+00 2.35660937E+00 2.35589695E+00 2.35524963E+00 2.35466543E+00 2.35421174E+00 2.35398754E+00 2.35412119E+00 2.35459681E+00 2.35529179E+00 2.35599970E+00 2.35642070E+00 2.35642911E+00 2.35589879E+00 2.35489008E+00 2.35351855E+00 2.35191638E+00 2.35024968E+00 2.34854329E+00 2.34678547E+00 2.34491709E+00 2.34291599E+00 2.34086407E+00 2.33892761E+00 2.33719695E+00 2.33568997E+00 2.33423633E+00 2.33254983E+00 2.33045558E+00 2.32775435E+00 2.32442706E+00 2.32045327E+00 2.31590798E+00 2.31092410E+00 2.30559432E+00 2.29999326E+00 2.29407527E+00 2.28776808E+00 2.28105133E+00 2.27395415E+00 2.26655566E+00 2.25896379E+00 2.25121379E+00 2.24329250E+00 2.23505884E+00 2.22624152E+00 2.21666062E+00 2.20609568E+00 2.19451191E+00 2.18185727E+00 2.16818599E+00 2.15358243E+00 2.13810913E+00 2.12181824E+00 2.10465410E+00 2.08646358E+00 2.06718216E+00 2.04677038E+00 2.02531459E+00 2.00291778E+00 1.97961985E+00 1.95559074E+00 1.93046898E+00 1.90635920E+00 1.88066809E+00 1.85638070E+00 1.83057189E+00 1.80628002E+00 1.78049993E+00 1.75638456E+00 1.73100614E+00 1.70740395E+00 1.68269129E+00 1.65985817E+00 1.63597672E+00 1.61387598E+00 1.59083533E+00 1.56961408E+00 1.54750174E+00 1.52710313E+00 1.50588530E+00 1.48639289E+00 1.46622227E+00 1.44780907E+00 1.42880340E+00 1.41006312E+00 1.39065207E+00 1.37048699E+00 1.34962588E+00 1.32808628E+00 1.30560372E+00 1.28173861E+00 1.25638985E+00 1.22947468E+00 1.20064517E+00 1.16953928E+00 1.13650449E+00 1.10751131E+00 1.08805757E+00 1.10990003E+00 1.00000000E+00
1.17211647E+00 1.17211856E+00 1.17211915E+00 1.17211862E+00 1.17211753E+00 1.17211658E+00 1.17211601E+00 1.17211601E+00 1.17211644E+00 1.17211710E+00 1.17211785E+00 1.17211855E+00 1.17211922E+00 1.17211990E+00 1.17212064E+00 1.17212153E+00 1.17212258E+00 1.17212382E+00 1.17212525E+00 1.17212687E+00 1.17212869E+00 1.17213075E+00 1.17213306E+00 1.17213566E+00 1.17213857E+00 1.17214181E+00 1.17214541E+00 1.17214942E+00 1.17215383E+00 1.17215868E+00 1.17216401E+00 1.17216983E+00 1.17217617E+00 1.17218302E+00 1.17219040E+00 1.17219833E+00 1.17220678E+00 1.17221572E+00 1.17222512E+00 1.17223492E+00 1.17224504E+00 1.17225534E+00 1.17226574E+00 1.17227601E+00 1.17228595E+00 1.17229521E+00 1.17230354E+00 1.17231039E+00 1.17231541E+00 1.17231785E+00 1.17231720E+00 1.17231233E+00 1.17230244E+00 1.17228625E+00 1.17226273E+00 1.17222990E+00 1.17218647E+00 1.17212982E+00 1.17205814E+00 1.17196815E+00 1.17185761E+00 1.17172205E+00 1.17155858E+00 1.17136217E+00 1.17112899E+00 1.17085203E+00 1.17052710E+00 1.17014538E+00 1.16970114E+00 1.16918434E+00 1.16858830E+00 1.16790072E+00 1.16711350E+00 1.16621153E+00 1.16518608E+00 1.16401916E+00 1.16270077E+00 1.16120847E+00 1.15952897E+00 1.15764430E+00 1.15553827E+00 1.15317956E+00 1.15055466E+00 1.14763858E+00 1.14441033E+00 1.14086754E+00 1.13696680E+00 1.13309359E+00 1.12888056E+00 1.12483987E+00 1.12050232E+00 1.11641029E+00 1.11206908E+00 1.10801451E+00 1.10370093E+00 1.09965861E+00 1.09547312E+00 1.09163201E+00 1.08760097E+00 1.08388942E+00 1.08008779E+00 1.07665083E+00 1.07307004E+00 1.06976960E+00 1.06635412E+00 1.06326960E+00 1.06016036E+00 1.05738868E+00 1.05453744E+00 1.05172531E+00 1.04879415E+00 1.04581545E+00 1.04286226E+00 1.03987464E+00 1.03672285E+00 1.03349636E+00 1.03032274E+00 1.02708400E+00 1.02354306E+00 1.01990315E+00 1.01650551E+00 1.01319767E+00 1.00947138E+00 1.00503717E+00 1.00000000E+00
1.41131645E+00 1.41131969E+00 1.41132289E+00 1.41132604E+00 1.41132942E+00 1.41133327E+00 1.41133761E+00 1.41134244E+00 1.41134775E+00 1.41135356E+00 1.41135993E+00 1.41136699E+00 1.41137476E+00 1.41138335E+00 1.41139278E+00 1.41140315E+00 1.41141449E+00 1.41142690E+00 1.41144041E+00 1.41145509E+00 1.41147101E+00 1.41148822E+00 1.41150675E+00 1.41152667E+00 1.41154800E+00 1.41157073E+00 1.41159489E+00 1.41162047E+00 1.41164742E+00 1.41167568E+00 1.41170521E+00 1.41173590E+00 1.41176755E+00 1.41179987E+00 1.41183272E+00 1.41186571E+00 1.41189851E+00 1.41193045E+00 1.41196115E+00 1.41198977E+00 1.41201571E+00 1.41203780E+00 1.41205526E+00 1.41206643E+00 1.41207015E+00 1.41206440E+00 1.41204768E+00 1.41201731E+00 1.41197153E+00 1.41190693E+00 1.41182094E+00 1.41170870E+00 1.41156758E+00 1.41139299E+00 1.41118067E+00 1.41092322E+00 1.41061635E+00 1.41025114E+00 1.40982244E+00 1.40932050E+00 1.40873843E+00 1.40806333E+00 1.40728814E+00 1.40640057E+00 1.40539010E+00 1.40423845E+00 1.40293567E+00 1.40146064E+00 1.39980197E+00 1.39793823E+00 1.39585345E+00 1.39352241E+00 1.39093279E+00 1.38805656E+00 1.38487172E+00 1.38134070E+00 1.37744390E+00 1.37314212E+00 1.36842921E+00 1.36327762E+00 1.35762530E+00 1.35140595E+00 1.34462908E+00 1.33725688E+00 1.32922445E+00 1.32054698E+00 1.31116618E+00 1.30200975E+00 1.29210530E+00 1.28266076E+00 1.27266835E+00 1.26336015E+00 1.25353052E+00 1.24440083E+00 1.23471975E+00 1.22562176E+00 1.21620797E+00 1.20762150E+00 1.19861772E+00 1.19030966E+00 1.18187005E+00 1.17432204E+00 1.16647013E+00 1.15915313E+00 1.15150873E+00 1.14457027E+00 1.13760288E+00 1.13142638E+00 1.12511139E+00 1.11884932E+00 1.11228295E+00 1.10554241E+00 1.09881494E+00 1.09201949E+00 1.08490739E+00 1.07753195E+00 1.07013512E+00 1.06260844E+00 1.05459614E+00 1.04621840E+00 1.03796716E+00 1.02975851E+00 1.02087041E+00 1.01083381E+00 1.00000000E+00
1.68403116E+00 1.68404061E+00 1.68405335E+00 1.68406786E+00 1.68408430E+00 1.68410255E+00 1.68412263E+00 1.68414458E+00 1.68416849E+00 1.68419445E+00 1.68422253E+00 1.68425288E+00 1.68428553E+00 1.68432051E+00 1.68435787E+00 1.68439769E+00 1.68443994E+00 1.68448455E+00 1.68453147E+00 1.68458062E+00 1.68463190E+00 1.68468501E+00 1.68473978E+00 1.68479594E+00 1.68485318E+00 1.68491093E+00 1.68496885E+00 1.68502622E+00 1.68508249E+00 1.68513672E+00 1.68518834E+00 1.68523602E+00 1.68527873E+00 1.68531479E+00 1.68534311E+00 1.68536164E+00 1.68536883E+00 1.68536194E+00 1.68533928E+00 1.68529753E+00 1.68523454E+00 1.68514632E+00 1.68503018E+00 1.68488075E+00 1.68469474E+00 1.68446645E+00 1.68419179E+00 1.68386358E+00 1.68347752E+00 1.68302534E+00 1.68250089E+00 1.68189330E+00 1.68119716E+00 1.68040264E+00 1.67950133E+00 1.67847870E+00 1.67732645E+00 1.67602811E+00 1.67457494E+00 1.67295051E+00 1.67114351E+00 1.66913250E+00 1.66690684E+00 1.66444794E+00 1.66174081E+00 1.65875838E+00 1.65548627E+00 1.65189517E+00 1.64797035E+00 1.64368319E+00 1.63901338E+00 1.63392705E+00 1.62841111E+00 1.62243204E+00 1.61596264E+00 1.60895458E+00 1.60138372E+00 1.59320224E+00 1.58440478E+00 1.57496161E+00 1.56480246E+00 1.55383428E+00 1.54206555E+00 1.52945667E+00 1.51593467E+00 1.50153737E+00 1.48616548E+00 1.47134659E+00 1.45554181E+00 1.44061593E+00 1.42489293E+00 1.41034143E+00 1.39509867E+00 1.38099391E+00 1.36617228E+00 1.35233892E+00 1.33797949E+00 1.32489681E+00 1.31128731E+00 1.29875245E+00 1.28591556E+00 1.27437591E+00 1.26248776E+00 1.25152874E+00 1.24014628E+00 1.22975169E+00 1.21917696E+00 1.20972626E+00 1.20008476E+00 1.19059905E+00 1.18075488E+00 1.17057632E+00 1.16023613E+00 1.14974406E+00 1.13886511E+00 1.12751284E+00 1.11589841E+00 1.10402057E+00 1.09153582E+00 1.07825187E+00 1.06461783E+00 1.05088184E+00 1.03607554E+00 1.01890469E+00 1.00000000E+00
1.98739981E+00 1.98741158E+00 1.98743050E+00 1.98745223E+00 1.98747727E+00 1.98750541E+00 1.98753667E+00 1.98757094E+00 1.98760811E+00 1.98764805E+00 1.98769065E+00 1.98773583E+00 1.98778332E+00 1.98783258E+00 1.98788335E+00 1.98793514E+00 1.98798743E+00 1.98803930E+00 1.98809019E+00 1.98813917E+00 1.98818546E+00 1.98822750E+00 1.98826436E+00 1.98829451E+00 1.98831675E+00 1.98832895E+00 1.98832979E+00 1.98831668E+00 1.98828795E+00 1.98824072E+00 1.98817309E+00 1.98808129E+00 1.98796279E+00 1.98781335E+00 1.98763022E+00 1.98740839E+00 1.98714459E+00 1.98683282E+00 1.98646960E+00 1.98604816E+00 1.98556424E+00 1.98501042E+00 1.98438163E+00 1.98366821E+00 1.98286463E+00 1.98196133E+00 1.98095168E+00 1.97982402E+00 1.97857203E+00 1.97718335E+00 1.97564908E+00 1.97395379E+00 1.97208973E+00 1.97004314E+00 1.96780384E+00 1.96535354E+00 1.96268122E+00 1.95976605E+00 1.95659744E+00 1.95315553E+00 1.94942777E+00 1.94538884E+00 1.94102632E+00 1.93631864E+00 1.93125086E+00 1.92579406E+00 1.91993185E+00 1.91363266E+00 1.90688023E+00 1.89964221E+00 1.89189983E+00 1.88361626E+00 1.87477737E+00 1.86534750E+00 1.85530191E+00 1.84459160E+00 1.83318744E+00 1.82103812E+00 1.80813144E+00 1.79442544E+00 1.77986955E+00 1.76436592E+00 1.74789455E+00 1.73039918E+00 1.71182175E+00 1.69222859E+00 1.67145894E+00 1.65155830E+00 1.63052012E+00 1.61081193E+00 1.59009376E+00 1.57093781E+00 1.55093937E+00 1.53247600E+00 1.51317569E+00 1.49526915E+00 1.47665578E+00 1.45965298E+00 1.44201491E+00 1.42580898E+00 1.40912004E+00 1.39400468E+00 1.37844909E+00 1.36419578E+00 1.34944943E+00 1.33595901E+00 1.32212545E+00 1.30966767E+00 1.29693203E+00 1.28442641E+00 1.27147759E+00 1.25800888E+00 1.24417883E+00 1.23007002E+00 1.21543214E+00 1.20005497E+00 1.18416186E+00 1.16779301E+00 1.15035814E+00 1.13102356E+00 1.11073343E+00 1.09096896E+00 1.06871643E+00 1.03809908E+00 1.00000000E+00
2.26702938E+00 2.26705860E+00 2.26709537E+00 2.26713303E+00 2.26717140E+00 2.26720881E+00 2.26724485E+00 2.26727873E+00 2.26731014E+00 2.26733846E+00 2.26736326E+00 2.26738388E+00 2.26739969E+00 2.26740938E+00 2.26741230E+00 2.26740726E+00 2.26739311E+00 2.26736791E+00 2.26733046E+00 2.26727879E+00 2.26721141E+00 2.26712526E+00 2.26701857E+00 2.26688838E+00 2.26673260E+00 2.26654743E+00 2.26633057E+00 2.26607752E+00 2.26578555E+00 2.26544992E+00 2.26506747E+00 2.26463223E+00 2.26414041E+00 2.26358558E+00 2.26296359E+00 2.26226704E+00 2.26149140E+00 2.26062826E+00 2.25967292E+00 2.25861626E+00 2.25745259E+00 2.25617237E+00 2.25476908E+00 2.25323049E+00 2.25154989E+00 2.24971561E+00 2.24771961E+00 2.24554786E+00 2.24319327E+00 2.24064177E+00 2.23788337E+00 2.23490080E+00 2.23168523E+00 2.22822138E+00 2.22449933E+00 2.22049997E+00 2.21621116E+00 2.21161096E+00 2.20668847E+00 2.20142240E+00 2.19580058E+00 2.18979707E+00 2.18339859E+00 2.17658261E+00 2.16933538E+00 2.16162888E+00 2.15344581E+00 2.14475520E+00 2.13554032E+00 2.12576572E+00 2.11541436E+00 2.10444925E+00 2.09285525E+00 2.08059585E+00 2.06764812E+00 2.05396357E+00 2.03950869E+00 2.02423647E+00 2.00813200E+00 1.99113276E+00 1.97319916E+00 1.95424187E+00 1.93422189E+00 1.91306084E+00 1.89071057E+00 1.86726990E+00 1.84253120E+00 1.81890153E+00 1.79402558E+00 1.77084782E+00 1.74653976E+00 1.72406840E+00 1.70062619E+00 1.67900984E+00 1.65648836E+00 1.63569383E+00 1.61408337E+00 1.59428889E+00 1.57376827E+00 1.55494754E+00 1.53551367E+00 1.51781713E+00 1.49957906E+00 1.48291481E+00 1.46571513E+00 1.45001571E+00 1.43388114E+00 1.41925950E+00 1.40426624E+00 1.38955546E+00 1.37437156E+00 1.35863113E+00 1.34240655E+00 1.32574670E+00 1.30847813E+00 1.29039670E+00 1.27164914E+00 1.25235548E+00 1.23188344E+00 1.20875154E+00 1.18389975E+00 1.16053503E+00 1.13660534E+00 1.09045964E+00 1.00000000E+00
2.51688380E+00 2.51690839E+00 2.51693234E+00 2.51694818E+00 2.51695538E+00 2.51695183E+00 2.51693718E+00 2.51691043E+00 2.51687116E+00 2.51681858E+00 2.51675210E+00 2.51667077E+00 2.51657371E+00 2.51645902E+00 2.51632576E+00 2.51617214E+00 2.51599654E+00 2.51579616E+00 2.51556922E+00 2.51531286E+00 2.51502500E+00 2.51470127E+00 2.51433917E+00 2.51393454E+00 2.51348452E+00 2.51298399E+00 2.51242983E+00 2.51181605E+00 2.51113909E+00 2.51039278E+00 2.50957302E+00 2.50867227E+00 2.50768590E+00 2.50660594E+00 2.50542724E+00 2.50414086E+00 2.50274154E+00 2.50121938E+00 2.49956903E+00 2.49778014E+00 2.49584618E+00 2.49375657E+00 2.49150406E+00 2.48907524E+00 2.48646292E+00 2.48365446E+00 2.48064112E+00 2.47740783E+00 2.47394735E+00 2.47024510E+00 2.46629078E+00 2.46206656E+00 2.45756308E+00 2.45276483E+00 2.44766269E+00 2.44223760E+00 2.43647702E+00 2.43035918E+00 2.42387344E+00 2.41699760E+00 2.40972002E+00 2.40201515E+00 2.39386915E+00 2.38525913E+00 2.37617231E+00 2.36658178E+00 2.35646965E+00 2.34580639E+00 2.33457516E+00 2.32273779E+00 2.31027796E+00 2.29715894E+00 2.28336457E+00 2.26885807E+00 2.25361720E+00 2.23759283E+00 2.22074841E+00 2.20304519E+00 2.18446822E+00 2.16493425E+00 2.14440545E+00 2.12280395E+00 2.10008328E+00 2.07614673E+00 2.05094975E+00 2.02461929E+00 1.99691492E+00 1.97050766E+00 1.94277327E+00 1.91702514E+00 1.89008217E+00 1.86518857E+00 1.83923085E+00 1.81531699E+00 1.79045052E+00 1.76756325E+00 1.74380227E+00 1.72201232E+00 1.69942494E+00 1.67872066E+00 1.65731219E+00 1.63776656E+00 1.61760056E+00 1.59919393E+00 1.58021270E+00 1.56291480E+00 1.54512976E+00 1.52895817E+00 1.51234990E+00 1.49607113E+00 1.47930909E+00 1.46200772E+00 1.44417824E+00 1.42580647E+00 1.40680314E+00 1.38704542E+00 1.36656843E+00 1.34544299E+00 1.32333967E+00 1.29930597E+00 1.27413952E+00 1.25070318E+00 1.22698926E+00 1.16415079E+00 1.00000000E+00
1.15620899E+00 1.15621120E+00 1.15621254E+00 1.15621287E+00 1.15621250E+00 1.15621186E+00 1.15621124E+00 1.15621097E+00 1.15621103E+00 1.15621141E+00 1.15621197E+00 1.15621260E+00 1.15621323E+00 1.15621385E+00 1.15621450E+00 1.15621523E+00 1.15621607E+00 1.15621707E+00 1.15621823E+00 1.15621957E+00 1.15622110E+00 1.15622283E+00 1.15622477E+00 1.15622695E+00 1.15622940E+00 1.15623215E+00 1.15623520E+00 1.15623861E+00 1.15624237E+00 1.15624653E+00 1.15625110E+00 1.15625612E+00 1.15626158E+00 1.15626752E+00 1.15627393E+00 1.15628083E+00 1.15628820E+00 1.15629603E+00 1.15630429E+00 1.15631292E+00 1.15632186E+00 1.15633101E+00 1.15634027E+00 1.15634945E+00 1.15635838E+00 1.15636677E+00 1.15637436E+00 1.15638071E+00 1.15638547E+00 1.15638799E+00 1.15638780E+00 1.15638390E+00 1.15637559E+00 1.15636171E+00 1.15634128E+00 1.15631253E+00 1.15627427E+00 1.15622415E+00 1.15616051E+00 1.15608036E+00 1.15598161E+00 1.15586027E+00 1.15571364E+00 1.15553698E+00 1.15532677E+00 1.15507660E+00 1.15478250E+00 1.15443644E+00 1.15403314E+00 1.15356331E+00 1.15302061E+00 1.15239356E+00 1.15167450E+00 1.15084968E+00 1.14991069E+00 1.14884071E+00 1.14763022E+00 1.14625903E+00 1.14471475E+00 1.14297919E+00 1.14103743E+00 1.13886203E+00 1.13643972E+00 1.13374576E+00 1.13076078E+00 1.12748332E+00 1.12387244E+00 1.12028618E+00 1.11638485E+00 1.11264616E+00 1.10863294E+00 1.10484537E+00 1.10082328E+00 1.09706481E+00 1.09307716E+00 1.08935501E+00 1.08549678E+00 1.08194907E+00 1.07823336E+00 1.07482078E+00 1.07132194E+00 1.06815243E+00 1.06485598E+00 1.06183784E+00 1.05872261E+00 1.05591066E+00 1.05307517E+00 1.05054177E+00 1.04793683E+00 1.04538663E+00 1.04273820E+00 1.04005177E+00 1.03739093E+00 1.03470347E+00 1.03187453E+00 1.02899039E+00 1.02615953E+00 1.02329359E+00 1.02017771E+00 1.01698069E+00 1.01399686E+00 1.01111590E+00 1.00793482E+00 1.00421350E+00 1.00000000E+00
1.32924477E+00 1.32924741E+00 1.32925011E+00 1.32925299E+00 1.32925603E+00 1.32925919E+00 1.32926245E+00 1.32926583E+00 1.32926937E+00 1.32927317E+00 1.32927728E+00 1.32928176E+00 1.32928665E+00 1.32929200E+00 1.32929786E+00 1.32930428E+00 1.32931132E+00 1.32931902E+00 1.32932745E+00 1.32933664E+00 1.32934666E+00 1.32935756E+00 1.32936936E+00 1.32938212E+00 1.32939588E+00 1.32941065E+00 1.32942646E+00 1.32944333E+00 1.32946124E+00 1.32948016E+00 1.32950008E+00 1.32952091E+00 1.32954257E+00 1.32956489E+00 1.32958773E+00 1.32961085E+00 1.32963402E+00 1.32965681E+00 1.32967893E+00 1.32969977E+00 1.32971890E+00 1.32973543E+00 1.32974875E+00 1.32975761E+00 1.32976120E+00 1.32975795E+00 1.32974665E+00 1.32972523E+00 1.32969225E+00 1.32964499E+00 1.32958133E+00 1.32949754E+00 1.32939156E+00 1.32925946E+00 1.32909748E+00 1.32889961E+00 1.32866233E+00 1.32837840E+00 1.32804361E+00 1.32764963E+00 1.32719039E+00 1.32665556E+00 1.32603889E+00 1.32532940E+00 1.32451755E+00 1.32358811E+00 1.32253224E+00 1.32133225E+00 1.31997865E+00 1.31845276E+00 1.31673919E+00 1.31481684E+00 1.31267497E+00 1.31028955E+00 1.30763867E+00 1.30469077E+00 1.30142840E+00 1.29782169E+00 1.29386994E+00 1.28954171E+00 1.28477231E+00 1.27952088E+00 1.27380469E+00 1.26758282E+00 1.26079137E+00 1.25346444E+00 1.24555984E+00 1.23784861E+00 1.22948207E+00 1.22153409E+00 1.21318209E+00 1.20541166E+00 1.19717870E+00 1.18956805E+00 1.18151989E+00 1.17397548E+00 1.16622128E+00 1.15915702E+00 1.15173291E+00 1.14491585E+00 1.13808353E+00 1.13200826E+00 1.12562698E+00 1.11967399E+00 1.11345673E+00 1.10786503E+00 1.10234589E+00 1.09749121E+00 1.09250693E+00 1.08755282E+00 1.08232495E+00 1.07701722E+00 1.07183080E+00 1.06661788E+00 1.06111165E+00 1.05546355E+00 1.04993203E+00 1.04433886E+00 1.03831007E+00 1.03211485E+00 1.02626889E+00 1.02054903E+00 1.01430026E+00 1.00733925E+00 1.00000000E+00
1.54232488E+00 1.54233239E+00 1.54234146E+00 1.54235141E+00 1.54236238E+00 1.54237437E+00 1.54238739E+00 1.54240153E+00 1.54241683E+00 1.54243340E+00 1.54245129E+00 1.54247060E+00 1.54249137E+00 1.54251365E+00 1.54253748E+00 1.54256291E+00 1.54258996E+00 1.54261860E+00 1.54264883E+00 1.54268060E+00 1.54271386E+00 1.54274847E+00 1.54278430E+00 1.54282116E+00 1.54285888E+00 1.54289712E+00 1.54293562E+00 1.54297390E+00 1.54301159E+00 1.54304800E+00 1.54308265E+00 1.54311457E+00 1.54314311E+00 1.54316703E+00 1.54318540E+00 1.54319663E+00 1.54319959E+00 1.54319223E+00 1.54317313E+00 1.54313966E+00 1.54309010E+00 1.54302110E+00 1.54293036E+00 1.54281358E+00 1.54266834E+00 1.54248983E+00 1.54227438E+00 1.54201608E+00 1.54171120E+00 1.54135261E+00 1.54093483E+00 1.54044899E+00 1.53989080E+00 1.53925150E+00 1.53852266E+00 1.53769138E+00 1.53675081E+00 1.53568705E+00 1.53449305E+00 1.53315408E+00 1.53165904E+00 1.52999011E+00 1.52813768E+00 1.52608509E+00 1.52381710E+00 1.52130932E+00 1.51854915E+00 1.51551180E+00 1.51218584E+00 1.50854604E+00 1.50456922E+00 1.50022800E+00 1.49551439E+00 1.49040066E+00 1.48485333E+00 1.47882762E+00 1.47230488E+00 1.46525469E+00 1.45769160E+00 1.44958287E+00 1.44082301E+00 1.43135039E+00 1.42121729E+00 1.41038680E+00 1.39876270E+00 1.38641508E+00 1.37329467E+00 1.36069055E+00 1.34720530E+00 1.33449569E+00 1.32123975E+00 1.30904570E+00 1.29625559E+00 1.28447013E+00 1.27212125E+00 1.26062359E+00 1.24878605E+00 1.23804172E+00 1.22685250E+00 1.21658584E+00 1.20624353E+00 1.19706835E+00 1.18758143E+00 1.17878737E+00 1.16962218E+00 1.16131752E+00 1.15302825E+00 1.14572140E+00 1.13828873E+00 1.13096070E+00 1.12329870E+00 1.11545399E+00 1.10766730E+00 1.09984690E+00 1.09169872E+00 1.08329273E+00 1.07491839E+00 1.06647150E+00 1.05756634E+00 1.04834088E+00 1.03932033E+00 1.03044316E+00 1.02104804E+00 1.01077339E+00 1.00000000E+00
1.75611803E+00 1.75613137E+00 1.75614892E+00 1.75616867E+00 1.75619089E+00 1.75621532E+00 1.75624189E+00 1.75627055E+00 1.75630132E+00 1.75633416E+00 1.75636905E+00 1.75640594E+00 1.75644474E+00 1.75648523E+00 1.75652730E+00 1.75657070E+00 1.75661518E+00 1.75666029E+00 1.75670568E+00 1.75675085E+00 1.75679536E+00 1.75683829E+00 1.75687908E+00 1.75691671E+00 1.75695044E+00 1.75697891E+00 1.75700122E+00 1.75701559E+00 1.75702092E+00 1.75701507E+00 1.75699661E+00 1.75696279E+00 1.75691189E+00 1.75684080E+00 1.75674724E+00 1.75662735E+00 1.75647865E+00 1.75629660E+00 1.75607825E+00 1.75581810E+00 1.75551269E+00 1.75515562E+00 1.75474253E+00 1.75426548E+00 1.75372020E+00 1.75309848E+00 1.75239416E+00 1.75159738E+00 1.75070242E+00 1.74969818E+00 1.74857639E+00 1.74732370E+00 1.74593403E+00 1.74439496E+00 1.74269506E+00 1.74081661E+00 1.73875045E+00 1.73647844E+00 1.73399198E+00 1.73127302E+00 1.72830815E+00 1.72507492E+00 1.72156237E+00 1.71775140E+00 1.71362500E+00 1.70915428E+00 1.70432520E+00 1.69910997E+00 1.69349657E+00 1.68745775E+00 1.68096832E+00 1.67399663E+00 1.66653676E+00 1.65856107E+00 1.65003406E+00 1.64090384E+00 1.63115044E+00 1.62073870E+00 1.60968488E+00 1.59796485E+00 1.58546908E+00 1.57210878E+00 1.55793633E+00 1.54292309E+00 1.52696911E+00 1.51015879E+00 1.49241008E+00 1.47548526E+00 1.45755916E+00 1.44075055E+00 1.42322569E+00 1.40716102E+00 1.39041797E+00 1.37501160E+00 1.35893267E+00 1.34402291E+00 1.32864477E+00 1.31470232E+00 1.30025508E+00 1.28700410E+00 1.27355210E+00 1.26156328E+00 1.24926202E+00 1.23794412E+00 1.22620555E+00 1.21552180E+00 1.20473689E+00 1.19516694E+00 1.18544678E+00 1.17591389E+00 1.16603267E+00 1.15586519E+00 1.14562892E+00 1.13530943E+00 1.12463820E+00 1.11357946E+00 1.10239202E+00 1.09106720E+00 1.07926727E+00 1.06691620E+00 1.05446258E+00 1.04207582E+00 1.02912918E+00 1.01495179E+00 1.00000000E+00
1.96559152E+00 1.96561073E+00 1.96563561E+00 1.96566254E+00 1.96569182E+00 1.96572279E+00 1.96575519E+00 1.96578868E+00 1.96582312E+00 1.96585819E+00 1.96589365E+00 1.96592906E+00 1.96596405E+00 1.96599786E+00 1.96603007E+00 1.96605979E+00 1.96608632E+00 1.96610841E+00 1.96612520E+00 1.96613529E+00 1.96613767E+00 1.96613026E+00 1.96611179E+00 1.96608000E+00 1.96603336E+00 1.96596912E+00 1.96588549E+00 1.96577903E+00 1.96564766E+00 1.96548754E+00 1.96529607E+00 1.96506841E+00 1.96480170E+00 1.96449075E+00 1.96413192E+00 1.96371901E+00 1.96324822E+00 1.96271260E+00 1.96210786E+00 1.96142589E+00 1.96066174E+00 1.95980651E+00 1.95885421E+00 1.95779394E+00 1.95662001E+00 1.95532175E+00 1.95389138E+00 1.95231618E+00 1.95058933E+00 1.94869729E+00 1.94663024E+00 1.94437212E+00 1.94191561E+00 1.93924627E+00 1.93635168E+00 1.93321196E+00 1.92981658E+00 1.92614517E+00 1.92218848E+00 1.91792715E+00 1.91334751E+00 1.90842489E+00 1.90314776E+00 1.89749586E+00 1.89145250E+00 1.88498769E+00 1.87808640E+00 1.87071920E+00 1.86287361E+00 1.85452153E+00 1.84563907E+00 1.83619071E+00 1.82616994E+00 1.81554915E+00 1.80429546E+00 1.79235556E+00 1.77970564E+00 1.76630245E+00 1.75215649E+00 1.73724882E+00 1.72148450E+00 1.70475684E+00 1.68709761E+00 1.66847771E+00 1.64880715E+00 1.62817975E+00 1.60646716E+00 1.58583201E+00 1.56410913E+00 1.54382172E+00 1.52265511E+00 1.50325717E+00 1.48310119E+00 1.46456866E+00 1.44526570E+00 1.42741329E+00 1.40897065E+00 1.39223964E+00 1.37494590E+00 1.35909781E+00 1.34291598E+00 1.32840985E+00 1.31355606E+00 1.29995513E+00 1.28590235E+00 1.27308726E+00 1.26004674E+00 1.24839888E+00 1.23654756E+00 1.22494302E+00 1.21297369E+00 1.20062567E+00 1.18806855E+00 1.17533566E+00 1.16220264E+00 1.14855300E+00 1.13458515E+00 1.12033771E+00 1.10552592E+00 1.08986473E+00 1.07369521E+00 1.05743067E+00 1.04030473E+00 1.02091312E+00 1.00000000E+00
2.18800237E+00 2.18802480E+00 2.18805001E+00 2.18807318E+00 2.18809455E+00 2.18811305E+00 2.18812820E+00 2.18813926E+00 2.18814582E+00 2.18814709E+00 2.18814249E+00 2.18813100E+00 2.18811179E+00 2.18808333E+00 2.18804471E+00 2.18799417E+00 2.18793039E+00 2.18785107E+00 2.18775466E+00 2.18763863E+00 2.18750129E+00 2.18733917E+00 2.18715017E+00 2.18693065E+00 2.18667817E+00 2.18638851E+00 2.18605895E+00 2.18568431E+00 2.18526155E+00 2.18478520E+00 2.18425155E+00 2.18365384E+00 2.18298810E+00 2.18224737E+00 2.18142684E+00 2.18051836E+00 2.17951709E+00 2.17841413E+00 2.17720429E+00 2.17587753E+00 2.17442774E+00 2.17284446E+00 2.17112059E+00 2.16924329E+00 2.16720588E+00 2.16499622E+00 2.16260568E+00 2.16001983E+00 2.15723144E+00 2.15422580E+00 2.15099253E+00 2.14751427E+00 2.14378280E+00 2.13978255E+00 2.13550161E+00 2.13091972E+00 2.12602546E+00 2.12079736E+00 2.11522596E+00 2.10929118E+00 2.10298022E+00 2.09626769E+00 2.08914151E+00 2.08158045E+00 2.07356906E+00 2.06507825E+00 2.05609184E+00 2.04657938E+00 2.03652779E+00 2.02590786E+00 2.01469850E+00 2.00286101E+00 1.99038639E+00 1.97724604E+00 1.96341119E+00 1.94883106E+00 1.93347618E+00 1.91729490E+00 1.90028977E+00 1.88243933E+00 1.86366990E+00 1.84386854E+00 1.82303776E+00 1.80113840E+00 1.77809587E+00 1.75401647E+00 1.72871866E+00 1.70471565E+00 1.67954602E+00 1.65612389E+00 1.63167580E+00 1.60925071E+00 1.58597902E+00 1.56459245E+00 1.54234369E+00 1.52181320E+00 1.50058223E+00 1.48129084E+00 1.46137083E+00 1.44313660E+00 1.42444668E+00 1.40760629E+00 1.39035527E+00 1.37459978E+00 1.35834853E+00 1.34350484E+00 1.32831147E+00 1.31466973E+00 1.30076003E+00 1.28713704E+00 1.27308549E+00 1.25851590E+00 1.24359322E+00 1.22839745E+00 1.21268324E+00 1.19625025E+00 1.17932915E+00 1.16196276E+00 1.14366974E+00 1.12371125E+00 1.10283000E+00 1.08219291E+00 1.05930335E+00 1.03102874E+00 1.00000000E+00
1.13894245E+00 1.13894200E+00 1.13894161E+00 1.13894119E+00 1.13894076E+00 1.13894039E+00 1.13894016E+00 1.13894019E+00 1.13894047E+00 1.13894095E+00 1.13894154E+00 1.13894213E+00 1.13894268E+00 1.13894315E+00 1.13894361E+00 1.13894410E+00 1.13894468E+00 1.13894542E+00 1.13894633E+00 1.13894741E+00 1.13894865E+00 1.13895006E+00 1.13895164E+00 1.13895341E+00 1.13895539E+00 1.13895761E+00 1.13896010E+00 1.13896288E+00 1.13896598E+00 1.13896941E+00 1.13897319E+00 1.13897735E+00 1.13898190E+00 1.13898686E+00 1.13899223E+00 1.13899803E+00 1.13900425E+00 1.13901088E+00 1.13901789E+00 1.13902525E+00 1.13903291E+00 1.13904077E+00 1.13904877E+00 1.13905673E+00 1.13906453E+00 1.13907190E+00 1.13907865E+00 1.13908439E+00 1.13908882E+00 1.13909137E+00 1.13909164E+00 1.13908877E+00 1.13908217E+00 1.13907079E+00 1.13905378E+00 1.13902959E+00 1.13899715E+00 1.13895442E+00 1.13889993E+00 1.13883104E+00 1.13874586E+00 1.13864089E+00 1.13851371E+00 1.13835999E+00 1.13817658E+00 1.13795783E+00 1.13770003E+00 1.13739610E+00 1.13704126E+00 1.13662709E+00 1.13614778E+00 1.13559293E+00 1.13495553E+00 1.13422330E+00 1.13338820E+00 1.13243517E+00 1.13135517E+00 1.13013037E+00 1.12874964E+00 1.12719503E+00 1.12545317E+00 1.12350045E+00 1.12132393E+00 1.11889986E+00 1.11621135E+00 1.11325745E+00 1.11000039E+00 1.10676394E+00 1.10324245E+00 1.09986971E+00 1.09624755E+00 1.09282642E+00 1.08919123E+00 1.08579161E+00 1.08219877E+00 1.07885710E+00 1.07537961E+00 1.07217694E+00 1.06883731E+00 1.06577600E+00 1.06262510E+00 1.05976138E+00 1.05679926E+00 1.05410498E+00 1.05133558E+00 1.04883356E+00 1.04629644E+00 1.04401788E+00 1.04168482E+00 1.03941940E+00 1.03709028E+00 1.03472550E+00 1.03235862E+00 1.02996540E+00 1.02748393E+00 1.02496075E+00 1.02245190E+00 1.01992512E+00 1.01725749E+00 1.01452854E+00 1.01189952E+00 1.00935981E+00 1.00673247E+00 1.00365932E+00 1.00000000E+00
1.21035953E+00 1.21036212E+00 1.21036454E+00 1.21036682E+00 1.21036896E+00 1.21037100E+00 1.21037297E+00 1.21037490E+00 1.21037680E+00 1.21037871E+00 1.21038065E+00 1.21038265E+00 1.21038472E+00 1.21038690E+00 1.21038920E+00 1.21039167E+00 1.21039431E+00 1.21039716E+00 1.21040025E+00 1.21040360E+00 1.21040724E+00 1.21041120E+00 1.21041549E+00 1.21042014E+00 1.21042518E+00 1.21043064E+00 1.21043651E+00 1.21044282E+00 1.21044957E+00 1.21045677E+00 1.21046439E+00 1.21047241E+00 1.21048083E+00 1.21048958E+00 1.21049857E+00 1.21050772E+00 1.21051693E+00 1.21052603E+00 1.21053485E+00 1.21054313E+00 1.21055065E+00 1.21055697E+00 1.21056176E+00 1.21056442E+00 1.21056460E+00 1.21056146E+00 1.21055430E+00 1.21054207E+00 1.21052397E+00 1.21049854E+00 1.21046449E+00 1.21041992E+00 1.21036376E+00 1.21029359E+00 1.21020702E+00 1.21010074E+00 1.20997256E+00 1.20981833E+00 1.20963569E+00 1.20941941E+00 1.20916540E+00 1.20886770E+00 1.20852211E+00 1.20812143E+00 1.20765911E+00 1.20712595E+00 1.20651544E+00 1.20581644E+00 1.20502290E+00 1.20412167E+00 1.20310092E+00 1.20194759E+00 1.20065455E+00 1.19920447E+00 1.19757922E+00 1.19575928E+00 1.19373010E+00 1.19147278E+00 1.18899119E+00 1.18625405E+00 1.18320808E+00 1.17983888E+00 1.17616151E+00 1.17213704E+00 1.16771681E+00 1.16293328E+00 1.15776275E+00 1.15269913E+00 1.14716513E+00 1.14191635E+00 1.13642092E+00 1.13128407E+00 1.12579752E+00 1.12075437E+00 1.11543749E+00 1.11044361E+00 1.10533254E+00 1.10068002E+00 1.09577456E+00 1.09128400E+00 1.08681800E+00 1.08283840E+00 1.07860135E+00 1.07469067E+00 1.07063775E+00 1.06701780E+00 1.06348322E+00 1.06036428E+00 1.05712396E+00 1.05392760E+00 1.05055895E+00 1.04717007E+00 1.04391355E+00 1.04064805E+00 1.03715823E+00 1.03360240E+00 1.03018513E+00 1.02675844E+00 1.02301661E+00 1.01919174E+00 1.01569098E+00 1.01231417E+00 1.00862580E+00 1.00447003E+00 1.00000000E+00
1.31964377E+00 1.31964819E+00 1.31965225E+00 1.31965631E+00 1.31966026E+00 1.31966414E+00 1.31966800E+00 1.31967184E+00 1.31967568E+00 1.31967953E+00 1.31968337E+00 1.31968721E+00 1.31969107E+00 1.31969495E+00 1.31969880E+00 1.31970262E+00 1.31970642E+00 1.31971015E+00 1.31971379E+00 1.31971730E+00 1.31972061E+00 1.31972361E+00 1.31972621E+00 1.31972830E+00 1.31972979E+00 1.31973051E+00 1.31973027E+00 1.31972888E+00 1.31972610E+00 1.31972155E+00 1.31971484E+00 1.31970559E+00 1.31969370E+00 1.31967844E+00 1.31965902E+00 1.31963481E+00 1.31960536E+00 1.31956966E+00 1.31952679E+00 1.31947564E+00 1.31941519E+00 1.31934362E+00 1.31925940E+00 1.31916064E+00 1.31904675E+00 1.31891486E+00 1.31876233E+00 1.31858643E+00 1.31838518E+00 1.31815499E+00 1.31789154E+00 1.31759068E+00 1.31725161E+00 1.31686917E+00 1.31643621E+00 1.31594494E+00 1.31539174E+00 1.31476973E+00 1.31407758E+00 1.31330517E+00 1.31244255E+00 1.31148010E+00 1.31041112E+00 1.30922915E+00 1.30792024E+00 1.30646770E+00 1.30486291E+00 1.30309343E+00 1.30115633E+00 1.29903041E+00 1.29668889E+00 1.29412405E+00 1.29134328E+00 1.28832455E+00 1.28502022E+00 1.28140484E+00 1.27746259E+00 1.27319039E+00 1.26864197E+00 1.26375614E+00 1.25838489E+00 1.25254122E+00 1.24632399E+00 1.23967471E+00 1.23248361E+00 1.22484371E+00 1.21677860E+00 1.20902546E+00 1.20059401E+00 1.19266784E+00 1.18454627E+00 1.17707333E+00 1.16912258E+00 1.16186971E+00 1.15430749E+00 1.14723541E+00 1.14002732E+00 1.13350111E+00 1.12665776E+00 1.12041826E+00 1.11429899E+00 1.10891634E+00 1.10320105E+00 1.09788955E+00 1.09236409E+00 1.08744343E+00 1.08268607E+00 1.07853161E+00 1.07424581E+00 1.07000034E+00 1.06551268E+00 1.06100415E+00 1.05668989E+00 1.05238184E+00 1.04780435E+00 1.04315100E+00 1.03868627E+00 1.03421421E+00 1.02936153E+00 1.02442928E+00 1.01993100E+00 1.01557566E+00 1.01077609E+00 1.00548102E+00 1.00000000E+00
1.44149431E+00 1.44149984E+00 1.44150342E+00 1.44150697E+00 1.44150991E+00 1.44151237E+00 1.44151444E+00 1.44151607E+00 1.44151718E+00 1.44151771E+00 1.44151749E+00 1.44151639E+00 1.44151440E+00 1.44151134E+00 1.44150695E+00 1.44150107E+00 1.44149360E+00 1.44148425E+00 1.44147277E+00 1.44145893E+00 1.44144236E+00 1.44142254E+00 1.44139902E+00 1.44137127E+00 1.44133901E+00 1.44130150E+00 1.44125810E+00 1.44120809E+00 1.44115072E+00 1.44108469E+00 1.44100886E+00 1.44092213E+00 1.44082437E+00 1.44071346E+00 1.44058719E+00 1.44044403E+00 1.44028319E+00 1.44010221E+00 1.43989884E+00 1.43967070E+00 1.43941559E+00 1.43912962E+00 1.43880928E+00 1.43845118E+00 1.43805510E+00 1.43761521E+00 1.43712592E+00 1.43658278E+00 1.43598304E+00 1.43532072E+00 1.43458699E+00 1.43377514E+00 1.43288632E+00 1.43191412E+00 1.43084469E+00 1.42966344E+00 1.42836737E+00 1.42694907E+00 1.42541097E+00 1.42373877E+00 1.42191506E+00 1.41992585E+00 1.41776240E+00 1.41542509E+00 1.41289352E+00 1.41013959E+00 1.40715640E+00 1.40393383E+00 1.40047449E+00 1.39675006E+00 1.39271749E+00 1.38837690E+00 1.38375753E+00 1.37883694E+00 1.37353706E+00 1.36781802E+00 1.36166854E+00 1.35510404E+00 1.34822735E+00 1.34096052E+00 1.33306915E+00 1.32456745E+00 1.31563660E+00 1.30621634E+00 1.29614570E+00 1.28556083E+00 1.27452541E+00 1.26404499E+00 1.25274881E+00 1.24217118E+00 1.23141349E+00 1.22161949E+00 1.21127697E+00 1.20185443E+00 1.19209178E+00 1.18301931E+00 1.17377650E+00 1.16542142E+00 1.15671333E+00 1.14878928E+00 1.14102698E+00 1.13423898E+00 1.12710890E+00 1.12048057E+00 1.11357502E+00 1.10741172E+00 1.10143971E+00 1.09624400E+00 1.09093003E+00 1.08567675E+00 1.08013901E+00 1.07456366E+00 1.06920147E+00 1.06385727E+00 1.05822860E+00 1.05251126E+00 1.04699818E+00 1.04148472E+00 1.03557117E+00 1.02957580E+00 1.02404989E+00 1.01869327E+00 1.01286196E+00 1.00650731E+00 1.00000000E+00
1.56502481E+00 1.56502995E+00 1.56502961E+00 1.56502843E+00 1.56502511E+00 1.56501999E+00 1.56501325E+00 1.56500475E+00 1.56499426E+00 1.56498156E+00 1.56496627E+00 1.56494797E+00 1.56492658E+00 1.56490160E+00 1.56487246E+00 1.56483862E+00 1.56479987E+00 1.56475542E+00 1.56470470E+00 1.56464713E+00 1.56458195E+00 1.56450790E+00 1.56442401E+00 1.56432910E+00 1.56422262E+00 1.56410301E+00 1.56396905E+00 1.56381919E+00 1.56365203E+00 1.56346505E+00 1.56325613E+00 1.56302325E+00 1.56276628E+00 1.56248140E+00 1.56216468E+00 1.56181355E+00 1.56142698E+00 1.56100095E+00 1.56053172E+00 1.56001542E+00 1.55944880E+00 1.55882575E+00 1.55814064E+00 1.55738874E+00 1.55657065E+00 1.55567771E+00 1.55470127E+00 1.55363551E+00 1.55247761E+00 1.55121953E+00 1.54984804E+00 1.54835381E+00 1.54674052E+00 1.54500207E+00 1.54311875E+00 1.54106876E+00 1.53885098E+00 1.53645882E+00 1.53389856E+00 1.53115404E+00 1.52820167E+00 1.52502326E+00 1.52160841E+00 1.51796407E+00 1.51406755E+00 1.50987980E+00 1.50539631E+00 1.50060934E+00 1.49552618E+00 1.49011490E+00 1.48432041E+00 1.47814699E+00 1.47164216E+00 1.46478765E+00 1.45748599E+00 1.44967735E+00 1.44135455E+00 1.43254545E+00 1.42338655E+00 1.41380229E+00 1.40350093E+00 1.39247265E+00 1.38095663E+00 1.36890516E+00 1.35612419E+00 1.34277431E+00 1.32894186E+00 1.31590449E+00 1.30197049E+00 1.28895011E+00 1.27572638E+00 1.26376094E+00 1.25121118E+00 1.23977891E+00 1.22797148E+00 1.21704726E+00 1.20591513E+00 1.19586329E+00 1.18543147E+00 1.17594172E+00 1.16661740E+00 1.15848030E+00 1.15001920E+00 1.14217249E+00 1.13399948E+00 1.12668018E+00 1.11954918E+00 1.11334720E+00 1.10704374E+00 1.10083461E+00 1.09431628E+00 1.08773389E+00 1.08136110E+00 1.07501617E+00 1.06838181E+00 1.06163807E+00 1.05509544E+00 1.04856342E+00 1.04163234E+00 1.03460520E+00 1.02804224E+00 1.02167901E+00 1.01486420E+00 1.00750989E+00 1.00000000E+00
1.68627504E+00 1.68627895E+00 1.68627191E+00 1.68626174E+00 1.68624648E+00 1.68622678E+00 1.68620295E+00 1.68617472E+00 1.68614174E+00 1.68610356E+00 1.68605955E+00 1.68600893E+00 1.68595149E+00 1.68588633E+00 1.68581247E+00 1.68572892E+00 1.68563527E+00 1.68553012E+00 1.68541246E+00 1.68528126E+00 1.68513535E+00 1.68497254E+00 1.68479129E+00 1.68458957E+00 1.68436651E+00 1.68411969E+00 1.68384722E+00 1.68354657E+00 1.68321569E+00 1.68285072E+00 1.68244853E+00 1.68200613E+00 1.68152332E+00 1.68099468E+00 1.68041461E+00 1.67977943E+00 1.67908799E+00 1.67833490E+00 1.67751508E+00 1.67662317E+00 1.67565507E+00 1.67460268E+00 1.67345864E+00 1.67221693E+00 1.67087908E+00 1.66943431E+00 1.66787132E+00 1.66618324E+00 1.66436756E+00 1.66241474E+00 1.66030820E+00 1.65803607E+00 1.65560406E+00 1.65300722E+00 1.65022182E+00 1.64721996E+00 1.64400235E+00 1.64056349E+00 1.63691246E+00 1.63303326E+00 1.62889825E+00 1.62448560E+00 1.61978373E+00 1.61480358E+00 1.60952312E+00 1.60389507E+00 1.59791641E+00 1.59158056E+00 1.58489791E+00 1.57783592E+00 1.57033205E+00 1.56239075E+00 1.55407191E+00 1.54536392E+00 1.53616047E+00 1.52638147E+00 1.51602123E+00 1.50511296E+00 1.49381235E+00 1.48205873E+00 1.46952883E+00 1.45617640E+00 1.44227482E+00 1.42779526E+00 1.41252541E+00 1.39663784E+00 1.38022632E+00 1.36483293E+00 1.34849751E+00 1.33325593E+00 1.31776132E+00 1.30378811E+00 1.28921240E+00 1.27593412E+00 1.26224124E+00 1.24960778E+00 1.23672797E+00 1.22511055E+00 1.21308955E+00 1.20214890E+00 1.19135242E+00 1.18192995E+00 1.17221023E+00 1.16322578E+00 1.15387959E+00 1.14548223E+00 1.13725088E+00 1.13008211E+00 1.12282553E+00 1.11570279E+00 1.10825770E+00 1.10071664E+00 1.09336697E+00 1.08605191E+00 1.07844687E+00 1.07070511E+00 1.06314772E+00 1.05561162E+00 1.04768677E+00 1.03963988E+00 1.03202608E+00 1.02463827E+00 1.01684419E+00 1.00850708E+00 1.00000000E+00
