1 1.0000000000000000 0.1000000000000000 0.3000000000000000
2 2.7999999999999998 0.1000000000000000 0.3000000000000000
3 4.5999999999999996 0.1000000000000000 0.3000000000000000
4 6.4000000000000004 0.1000000000000000 0.3000000000000000
5 8.1999999999999993 0.1000000000000000 0.3000000000000000
6 10.0000000000000000 0.1000000000000000 0.3000000000000000
7 1.0000000000000000 0.3000000000000000 0.3000000000000000
8 2.7999999999999998 0.3000000000000000 0.3000000000000000
9 4.5999999999999996 0.3000000000000000 0.3000000000000000
10 6.4000000000000004 0.3000000000000000 0.3000000000000000
11 8.1999999999999993 0.3000000000000000 0.3000000000000000
12 10.0000000000000000 0.3000000000000000 0.3000000000000000
13 1.0000000000000000 0.5000000000000000 0.3000000000000000
14 2.7999999999999998 0.5000000000000000 0.3000000000000000
15 4.5999999999999996 0.5000000000000000 0.3000000000000000
16 6.4000000000000004 0.5000000000000000 0.3000000000000000
17 8.1999999999999993 0.5000000000000000 0.3000000000000000
18 10.0000000000000000 0.5000000000000000 0.3000000000000000
19 1.0000000000000000 0.7000000000000001 0.3000000000000000
20 2.7999999999999998 0.7000000000000001 0.3000000000000000
21 4.5999999999999996 0.7000000000000001 0.3000000000000000
22 6.4000000000000004 0.7000000000000001 0.3000000000000000
23 8.1999999999999993 0.7000000000000001 0.3000000000000000
24 10.0000000000000000 0.7000000000000001 0.3000000000000000
25 1.0000000000000000 0.9000000000000000 0.3000000000000000
26 2.7999999999999998 0.9000000000000000 0.3000000000000000
27 4.5999999999999996 0.9000000000000000 0.3000000000000000
28 6.4000000000000004 0.9000000000000000 0.3000000000000000
29 8.1999999999999993 0.9000000000000000 0.3000000000000000
30 10.0000000000000000 0.9000000000000000 0.3000000000000000
