1.0000000000000000 0.1000000000000000 0.3000000000000000
2.7999999999999998 0.1000000000000000 0.3000000000000000
4.5999999999999996 0.1000000000000000 0.3000000000000000
6.4000000000000004 0.1000000000000000 0.3000000000000000
8.1999999999999993 0.1000000000000000 0.3000000000000000
10.0000000000000000 0.1000000000000000 0.3000000000000000
1.0000000000000000 0.3000000000000000 0.3000000000000000
2.7999999999999998 0.3000000000000000 0.3000000000000000
4.5999999999999996 0.3000000000000000 0.3000000000000000
6.4000000000000004 0.3000000000000000 0.3000000000000000
8.1999999999999993 0.3000000000000000 0.3000000000000000
10.0000000000000000 0.3000000000000000 0.3000000000000000
1.0000000000000000 0.5000000000000000 0.3000000000000000
2.7999999999999998 0.5000000000000000 0.3000000000000000
4.5999999999999996 0.5000000000000000 0.3000000000000000
6.4000000000000004 0.5000000000000000 0.3000000000000000
8.1999999999999993 0.5000000000000000 0.3000000000000000
10.0000000000000000 0.5000000000000000 0.3000000000000000
1.0000000000000000 0.7000000000000001 0.3000000000000000
2.7999999999999998 0.7000000000000001 0.3000000000000000
4.5999999999999996 0.7000000000000001 0.3000000000000000
6.4000000000000004 0.7000000000000001 0.3000000000000000
8.1999999999999993 0.7000000000000001 0.3000000000000000
10.0000000000000000 0.7000000000000001 0.3000000000000000
1.0000000000000000 0.9000000000000000 0.3000000000000000
2.7999999999999998 0.9000000000000000 0.3000000000000000
4.5999999999999996 0.9000000000000000 0.3000000000000000
6.4000000000000004 0.9000000000000000 0.3000000000000000
8.1999999999999993 0.9000000000000000 0.3000000000000000
10.0000000000000000 0.9000000000000000 0.3000000000000000
