# curve 5 (die wall), step =      600, time =   2.40000000E+02
# N1 = tau_xx - tau_yy = G ( c_xx - c_yy ),  G =  5.0000E-02  (polymer part only)
#              x               y        pressure            c_xy        gammadot            c_xx            c_yy              N1
 -1.00000000E+01  1.00000000E+00  6.73688109E+00 -2.11338873E+00  4.23656113E-01  1.23107765E+01  7.74300301E-01  5.76823811E-01
 -9.95040609E+00  1.00000000E+00  6.70533747E+00 -2.11301385E+00  4.23712142E-01  1.23058160E+01  7.74317104E-01  5.76574947E-01
 -9.90081218E+00  1.00000000E+00  6.67379385E+00 -2.11263904E+00  4.23753411E-01  1.23008576E+01  7.74333903E-01  5.76326187E-01
 -9.85121827E+00  1.00000000E+00  6.64243685E+00 -2.11289627E+00  4.23727343E-01  1.23061136E+01  7.74307091E-01  5.76590324E-01
 -9.80162437E+00  1.00000000E+00  6.61107986E+00 -2.11315347E+00  4.23676451E-01  1.23113719E+01  7.74280264E-01  5.76854582E-01
 -9.75203046E+00  1.00000000E+00  6.57944674E+00 -2.11249930E+00  4.23662618E-01  1.23077148E+01  7.74129555E-01  5.76679261E-01
 -9.70243655E+00  1.00000000E+00  6.54781362E+00 -2.11184533E+00  4.23705485E-01  1.23040587E+01  7.73978886E-01  5.76503993E-01
 -9.65284264E+00  1.00000000E+00  6.51636736E+00 -2.11323474E+00  4.23696794E-01  1.23075576E+01  7.74355215E-01  5.76660119E-01
 -9.60324873E+00  1.00000000E+00  6.48492111E+00 -2.11462470E+00  4.23598178E-01  1.23110577E+01  7.74731788E-01  5.76816297E-01
 -9.55365482E+00  1.00000000E+00  6.45363367E+00 -2.11492322E+00  4.23532410E-01  1.23194551E+01  7.74637872E-01  5.77240861E-01
 -9.50406091E+00  1.00000000E+00  6.42234622E+00 -2.11522157E+00  4.23418761E-01  1.23278586E+01  7.74543916E-01  5.77665736E-01
 -9.45446701E+00  1.00000000E+00  6.39054842E+00 -2.11413990E+00  4.23436413E-01  1.23192024E+01  7.74458362E-01  5.77237204E-01
 -9.40487310E+00  1.00000000E+00  6.35875061E+00 -2.11305885E+00  4.23481888E-01  1.23105524E+01  7.74372869E-01  5.76808974E-01
 -9.35527919E+00  1.00000000E+00  6.32735936E+00 -2.11406421E+00  4.23517976E-01  1.23175989E+01  7.74383141E-01  5.77160788E-01
 -9.30568528E+00  1.00000000E+00  6.29596810E+00 -2.11507010E+00  4.23513096E-01  1.23246495E+01  7.74393521E-01  5.77512798E-01
 -9.25609137E+00  1.00000000E+00  6.26457186E+00 -2.11488309E+00  4.23527696E-01  1.23226228E+01  7.74469375E-01  5.77407670E-01
 -9.20649746E+00  1.00000000E+00  6.23317562E+00 -2.11469611E+00  4.23562920E-01  1.23205964E+01  7.74545250E-01  5.77302558E-01
 -9.15690355E+00  1.00000000E+00  6.20153983E+00 -2.11383815E+00  4.23578638E-01  1.23167902E+01  7.74338251E-01  5.77122600E-01
 -9.10730965E+00  1.00000000E+00  6.16990404E+00 -2.11298049E+00  4.23632004E-01  1.23129853E+01  7.74131329E-01  5.76942697E-01
 -9.05771574E+00  1.00000000E+00  6.13846705E+00 -2.11274935E+00  4.23709717E-01  1.23139754E+01  7.73962801E-01  5.77000628E-01
 -9.00812183E+00  1.00000000E+00  6.10703006E+00 -2.11251821E+00  4.23772175E-01  1.23149656E+01  7.73794302E-01  5.77058565E-01
 -8.95852792E+00  1.00000000E+00  6.07552798E+00 -2.11301332E+00  4.23765868E-01  1.23129353E+01  7.74034870E-01  5.76945023E-01
 -8.90893401E+00  1.00000000E+00  6.04402589E+00 -2.11350835E+00  4.23749397E-01  1.23109057E+01  7.74275495E-01  5.76831509E-01
 -8.85934010E+00  1.00000000E+00  6.01265385E+00 -2.11386273E+00  4.23739738E-01  1.23145255E+01  7.74338045E-01  5.77009374E-01
 -8.80974619E+00  1.00000000E+00  5.98128182E+00 -2.11421718E+00  4.23666732E-01  1.23181465E+01  7.74400598E-01  5.77187293E-01
 -8.76015229E+00  1.00000000E+00  5.94965408E+00 -2.11369605E+00  4.23638108E-01  1.23142426E+01  7.74308854E-01  5.76996687E-01
 -8.71055838E+00  1.00000000E+00  5.91802634E+00 -2.11317505E+00  4.23674389E-01  1.23103400E+01  7.74217124E-01  5.76806142E-01
 -8.66096447E+00  1.00000000E+00  5.88662873E+00 -2.11302506E+00  4.23678239E-01  1.23074833E+01  7.74294594E-01  5.76659434E-01
 -8.61137056E+00  1.00000000E+00  5.85523112E+00 -2.11287508E+00  4.23652650E-01  1.23046273E+01  7.74372071E-01  5.76512761E-01
 -8.56177665E+00  1.00000000E+00  5.82372602E+00 -2.11330866E+00  4.23665136E-01  1.23065609E+01  7.74444107E-01  5.76605841E-01
 -8.51218274E+00  1.00000000E+00  5.79222092E+00 -2.11374232E+00  4.23657488E-01  1.23084949E+01  7.74516162E-01  5.76698936E-01
 -8.46258884E+00  1.00000000E+00  5.76072275E+00 -2.11419404E+00  4.23610826E-01  1.23164013E+01  7.74417129E-01  5.77099210E-01
 -8.41299493E+00  1.00000000E+00  5.72922457E+00 -2.11464582E+00  4.23544912E-01  1.23243131E+01  7.74318086E-01  5.77499752E-01
 -8.36340102E+00  1.00000000E+00  5.69775599E+00 -2.11358511E+00  4.23587262E-01  1.23162598E+01  7.74277974E-01  5.77099092E-01
 -8.31380711E+00  1.00000000E+00  5.66628740E+00 -2.11252499E+00  4.23612647E-01  1.23082118E+01  7.74237948E-01  5.76698691E-01
 -8.26421320E+00  1.00000000E+00  5.63472946E+00 -2.11281520E+00  4.23629847E-01  1.23081829E+01  7.74283129E-01  5.76694986E-01
 -8.21461929E+00  1.00000000E+00  5.60317151E+00 -2.11310540E+00  4.23659335E-01  1.23081540E+01  7.74328324E-01  5.76691283E-01
 -8.16502538E+00  1.00000000E+00  5.57174482E+00 -2.11424380E+00  4.23643937E-01  1.23169659E+01  7.74432572E-01  5.77126666E-01
 -8.11543148E+00  1.00000000E+00  5.54031813E+00 -2.11538289E+00  4.23546288E-01  1.23257841E+01  7.74536890E-01  5.77562363E-01
 -8.06583757E+00  1.00000000E+00  5.50877623E+00 -2.11402232E+00  4.23532456E-01  1.23177838E+01  7.74368586E-01  5.77170763E-01
 -8.01624366E+00  1.00000000E+00  5.47723433E+00 -2.11266262E+00  4.23573745E-01  1.23097887E+01  7.74200433E-01  5.76779415E-01
 -7.96664975E+00  1.00000000E+00  5.44577975E+00 -2.11302551E+00  4.23621173E-01  1.23096670E+01  7.74297825E-01  5.76768457E-01
 -7.91705584E+00  1.00000000E+00  5.41432516E+00 -2.11338840E+00  4.23661709E-01  1.23095452E+01  7.74395237E-01  5.76757501E-01
 -7.86746193E+00  1.00000000E+00  5.38283655E+00 -2.11377988E+00  4.23679644E-01  1.23158730E+01  7.74229289E-01  5.77082187E-01
 -7.81786802E+00  1.00000000E+00  5.35134794E+00 -2.11417148E+00  4.23684326E-01  1.23222042E+01  7.74063391E-01  5.77407041E-01
 -7.76827412E+00  1.00000000E+00  5.31987720E+00 -2.11320046E+00  4.23709926E-01  1.23152181E+01  7.74065083E-01  5.77057652E-01
 -7.71868021E+00  1.00000000E+00  5.28840646E+00 -2.11222993E+00  4.23712934E-01  1.23082360E+01  7.74066879E-01  5.76708455E-01
 -7.66908630E+00  1.00000000E+00  5.25685202E+00 -2.11251692E+00  4.23705323E-01  1.23081239E+01  7.74131995E-01  5.76699593E-01
 -7.61949239E+00  1.00000000E+00  5.22529758E+00 -2.11280390E+00  4.23702872E-01  1.23080118E+01  7.74197123E-01  5.76690733E-01
 -7.56989848E+00  1.00000000E+00  5.19389927E+00 -2.11443390E+00  4.23677741E-01  1.23168254E+01  7.74472187E-01  5.77117661E-01
 -7.52030457E+00  1.00000000E+00  5.16250096E+00 -2.11606509E+00  4.23555078E-01  1.23256454E+01  7.74747476E-01  5.77544895E-01
 -7.47071066E+00  1.00000000E+00  5.13094263E+00 -2.11448130E+00  4.23528826E-01  1.23175502E+01  7.74518282E-01  5.77151594E-01
 -7.42111676E+00  1.00000000E+00  5.09938429E+00 -2.11289857E+00  4.23565858E-01  1.23094603E+01  7.74289314E-01  5.76758548E-01
 -7.37152285E+00  1.00000000E+00  5.06791686E+00 -2.11312143E+00  4.23604478E-01  1.23091585E+01  7.74347798E-01  5.76740533E-01
 -7.32192894E+00  1.00000000E+00  5.03644944E+00 -2.11334427E+00  4.23641395E-01  1.23088567E+01  7.74406289E-01  5.76722518E-01
 -7.27233503E+00  1.00000000E+00  5.00494918E+00 -2.11365190E+00  4.23658167E-01  1.23155055E+01  7.74212065E-01  5.77064670E-01
 -7.22274112E+00  1.00000000E+00  4.97344892E+00 -2.11395960E+00  4.23658933E-01  1.23221581E+01  7.74017886E-01  5.77407010E-01
 -7.17314721E+00  1.00000000E+00  4.94198433E+00 -2.11301995E+00  4.23695098E-01  1.23149973E+01  7.74027816E-01  5.77048473E-01
 -7.12355330E+00  1.00000000E+00  4.91051973E+00 -2.11208078E+00  4.23704697E-01  1.23078407E+01  7.74037837E-01  5.76690141E-01
 -7.07395940E+00  1.00000000E+00  4.87896826E+00 -2.11238846E+00  4.23703628E-01  1.23079012E+01  7.74099100E-01  5.76690105E-01
 -7.02436549E+00  1.00000000E+00  4.84741679E+00 -2.11269613E+00  4.23707334E-01  1.23079618E+01  7.74160376E-01  5.76690070E-01
 -6.97477158E+00  1.00000000E+00  4.81602639E+00 -2.11452692E+00  4.23677282E-01  1.23170285E+01  7.74502628E-01  5.77126292E-01
 -6.92517767E+00  1.00000000E+00  4.78463598E+00 -2.11635914E+00  4.23537188E-01  1.23261019E+01  7.74845182E-01  5.77562836E-01
 -6.87558376E+00  1.00000000E+00  4.75309230E+00 -2.11485308E+00  4.23501113E-01  1.23182100E+01  7.74638976E-01  5.77178554E-01
 -6.82598985E+00  1.00000000E+00  4.72154862E+00 -2.11334801E+00  4.23532205E-01  1.23103233E+01  7.74432973E-01  5.76794515E-01
 -6.77639594E+00  1.00000000E+00  4.69005710E+00 -2.11319605E+00  4.23571681E-01  1.23094751E+01  7.74380339E-01  5.76754739E-01
 -6.72680204E+00  1.00000000E+00  4.65856558E+00 -2.11304411E+00  4.23620303E-01  1.23086270E+01  7.74327708E-01  5.76714966E-01
 -6.67720813E+00  1.00000000E+00  4.62706143E+00 -2.11335044E+00  4.23659530E-01  1.23150246E+01  7.74124775E-01  5.77044992E-01
 -6.62761422E+00  1.00000000E+00  4.59555728E+00 -2.11365687E+00  4.23683127E-01  1.23214257E+01  7.73921900E-01  5.77375190E-01
 -6.57802031E+00  1.00000000E+00  4.56409635E+00 -2.11283367E+00  4.23718009E-01  1.23146733E+01  7.73961273E-01  5.77035602E-01
 -6.52842640E+00  1.00000000E+00  4.53263542E+00 -2.11201086E+00  4.23727832E-01  1.23079247E+01  7.74000726E-01  5.76696197E-01
 -6.47883249E+00  1.00000000E+00  4.50109191E+00 -2.11237282E+00  4.23726062E-01  1.23081637E+01  7.74075793E-01  5.76704396E-01
 -6.42923858E+00  1.00000000E+00  4.46954840E+00 -2.11273479E+00  4.23727503E-01  1.23084028E+01  7.74150878E-01  5.76712597E-01
 -6.37964468E+00  1.00000000E+00  4.43815516E+00 -2.11446251E+00  4.23699522E-01  1.23169988E+01  7.74458672E-01  5.77127009E-01
 -6.33005077E+00  1.00000000E+00  4.40676192E+00 -2.11619150E+00  4.23573821E-01  1.23256009E+01  7.74766735E-01  5.77541710E-01
 -6.28045686E+00  1.00000000E+00  4.37519911E+00 -2.11452235E+00  4.23541405E-01  1.23174964E+01  7.74517909E-01  5.77148923E-01
 -6.23086295E+00  1.00000000E+00  4.34363630E+00 -2.11285435E+00  4.23573064E-01  1.23093972E+01  7.74269345E-01  5.76756393E-01
 -6.18126904E+00  1.00000000E+00  4.31217094E+00 -2.11315392E+00  4.23606887E-01  1.23091823E+01  7.74352624E-01  5.76741483E-01
 -6.13167513E+00  1.00000000E+00  4.28070559E+00 -2.11345348E+00  4.23638781E-01  1.23089674E+01  7.74435916E-01  5.76726575E-01
 -6.08208123E+00  1.00000000E+00  4.24920285E+00 -2.11369017E+00  4.23651991E-01  1.23155487E+01  7.74229622E-01  5.77065955E-01
 -6.03248732E+00  1.00000000E+00  4.21770011E+00 -2.11392688E+00  4.23648933E-01  1.23221338E+01  7.74023368E-01  5.77405522E-01
 -5.98289341E+00  1.00000000E+00  4.18622667E+00 -2.11304263E+00  4.23685116E-01  1.23150040E+01  7.74046077E-01  5.77047899E-01
 -5.93329950E+00  1.00000000E+00  4.15475324E+00 -2.11215882E+00  4.23693238E-01  1.23078784E+01  7.74068867E-01  5.76690478E-01
 -5.88370559E+00  1.00000000E+00  4.12320828E+00 -2.11251802E+00  4.23687524E-01  1.23078432E+01  7.74152165E-01  5.76684550E-01
 -5.83411168E+00  1.00000000E+00  4.09166333E+00 -2.11287720E+00  4.23685351E-01  1.23078080E+01  7.74235481E-01  5.76678625E-01
 -5.78451777E+00  1.00000000E+00  4.06029220E+00 -2.11446795E+00  4.23655825E-01  1.23169859E+01  7.74482830E-01  5.77125153E-01
 -5.73492387E+00  1.00000000E+00  4.02892106E+00 -2.11605986E+00  4.23545359E-01  1.23261707E+01  7.74730380E-01  5.77572014E-01
 -5.68532996E+00  1.00000000E+00  3.99730058E+00 -2.11386192E+00  4.23553251E-01  1.23164383E+01  7.74339332E-01  5.77104948E-01
 -5.63573605E+00  1.00000000E+00  3.96568009E+00 -2.11166585E+00  4.23617307E-01  1.23067138E+01  7.73948754E-01  5.76638250E-01
 -5.58614214E+00  1.00000000E+00  3.93426863E+00 -2.11283768E+00  4.23661526E-01  1.23080318E+01  7.74272253E-01  5.76687978E-01
 -5.53654823E+00  1.00000000E+00  3.90285716E+00 -2.11400970E+00  4.23671986E-01  1.23093504E+01  7.74595940E-01  5.76737722E-01
 -5.48695432E+00  1.00000000E+00  3.87133740E+00 -2.11416318E+00  4.23639549E-01  1.23163170E+01  7.74392763E-01  5.77096211E-01
 -5.43736041E+00  1.00000000E+00  3.83981764E+00 -2.11431658E+00  4.23585362E-01  1.23232879E+01  7.74189602E-01  5.77454914E-01
 -5.38776651E+00  1.00000000E+00  3.80836836E+00 -2.11337483E+00  4.23630006E-01  1.23157516E+01  7.74186633E-01  5.77078248E-01
 -5.33817260E+00  1.00000000E+00  3.77691909E+00 -2.11243357E+00  4.23649691E-01  1.23082199E+01  7.74183739E-01  5.76701809E-01
 -5.28857869E+00  1.00000000E+00  3.74536484E+00 -2.11278209E+00  4.23660885E-01  1.23082686E+01  7.74253023E-01  5.76700778E-01
 -5.23898478E+00  1.00000000E+00  3.71381060E+00 -2.11313061E+00  4.23683198E-01  1.23083173E+01  7.74322326E-01  5.76699749E-01
 -5.18939087E+00  1.00000000E+00  3.68238702E+00 -2.11422729E+00  4.23666075E-01  1.23174598E+01  7.74402543E-01  5.77152863E-01
 -5.13979696E+00  1.00000000E+00  3.65096343E+00 -2.11532461E+00  4.23580646E-01  1.23266091E+01  7.74482818E-01  5.77606315E-01
 -5.09020305E+00  1.00000000E+00  3.61934959E+00 -2.11346592E+00  4.23589978E-01  1.23162047E+01  7.74216007E-01  5.77099437E-01
 -5.04060915E+00  1.00000000E+00  3.58773575E+00 -2.11160880E+00  4.23636511E-01  1.23058092E+01  7.73949484E-01  5.76592984E-01
 -4.99101524E+00  1.00000000E+00  3.55640890E+00 -2.11290273E+00  4.23641773E-01  1.23080054E+01  7.74300822E-01  5.76685230E-01
 -4.94142133E+00  1.00000000E+00  3.52508205E+00 -2.11419701E+00  4.23613313E-01  1.23102024E+01  7.74652382E-01  5.76777503E-01
 -4.89182742E+00  1.00000000E+00  3.49353627E+00 -2.11444122E+00  4.23588514E-01  1.23151937E+01  7.74563517E-01  5.77031511E-01
 -4.84223351E+00  1.00000000E+00  3.46199048E+00 -2.11468543E+00  4.23542897E-01  1.23201872E+01  7.74474652E-01  5.77285627E-01
 -4.79263960E+00  1.00000000E+00  3.43046777E+00 -2.11375496E+00  4.23557547E-01  1.23145705E+01  7.74382399E-01  5.77009403E-01
 -4.74304569E+00  1.00000000E+00  3.39894505E+00 -2.11282489E+00  4.23587532E-01  1.23089563E+01  7.74290219E-01  5.76733304E-01
 -4.69345179E+00  1.00000000E+00  3.36742992E+00 -2.11278005E+00  4.23608828E-01  1.23094896E+01  7.74209743E-01  5.76763992E-01
 -4.64385788E+00  1.00000000E+00  3.33591480E+00 -2.11273521E+00  4.23659077E-01  1.23100229E+01  7.74129275E-01  5.76794681E-01
 -4.59426397E+00  1.00000000E+00  3.30451639E+00 -2.11468298E+00  4.23672285E-01  1.23185502E+01  7.74490479E-01  5.77202988E-01
 -4.54467006E+00  1.00000000E+00  3.27311799E+00 -2.11663223E+00  4.23580517E-01  1.23270837E+01  7.74852054E-01  5.77611580E-01
 -4.49507615E+00  1.00000000E+00  3.24160808E+00 -2.11585837E+00  4.23552517E-01  1.23295086E+01  7.74491002E-01  5.77750882E-01
 -4.44548224E+00  1.00000000E+00  3.21009817E+00 -2.11508439E+00  4.23552469E-01  1.23319347E+01  7.74130087E-01  5.77890229E-01
 -4.39588833E+00  1.00000000E+00  3.17859894E+00 -2.11342593E+00  4.23567476E-01  1.23198804E+01  7.74071722E-01  5.77290435E-01
 -4.34629443E+00  1.00000000E+00  3.14709971E+00 -2.11176891E+00  4.23641817E-01  1.23078380E+01  7.74013593E-01  5.76691219E-01
 -4.29670052E+00  1.00000000E+00  3.11555439E+00 -2.11260061E+00  4.23678752E-01  1.23149307E+01  7.73991736E-01  5.77046949E-01
 -4.24710661E+00  1.00000000E+00  3.08400906E+00 -2.11343271E+00  4.23640737E-01  1.23220276E+01  7.73969943E-01  5.77402881E-01
 -4.19751270E+00  1.00000000E+00  3.05253364E+00 -2.11262669E+00  4.23676091E-01  1.23133009E+01  7.74015166E-01  5.76964287E-01
 -4.14791879E+00  1.00000000E+00  3.02105823E+00 -2.11182105E+00  4.23734672E-01  1.23045806E+01  7.74060420E-01  5.76526007E-01
 -4.09832488E+00  1.00000000E+00  2.98965552E+00 -2.11300651E+00  4.23683666E-01  1.23093614E+01  7.74335203E-01  5.76751308E-01
 -4.04873097E+00  1.00000000E+00  2.95825281E+00 -2.11419251E+00  4.23564611E-01  1.23141441E+01  7.74610135E-01  5.76976697E-01
 -3.99913707E+00  1.00000000E+00  2.92658764E+00 -2.11332202E+00  4.23582342E-01  1.23119934E+01  7.74325696E-01  5.76883384E-01
 -3.94954316E+00  1.00000000E+00  2.89492248E+00 -2.11245178E+00  4.23652241E-01  1.23098431E+01  7.74041370E-01  5.76790088E-01
 -3.89994925E+00  1.00000000E+00  2.86364249E+00 -2.11461518E+00  4.23652368E-01  1.23235628E+01  7.74329880E-01  5.77461648E-01
 -3.85035534E+00  1.00000000E+00  2.83236250E+00 -2.11678085E+00  4.23550107E-01  1.23372978E+01  7.74618731E-01  5.78133956E-01
 -3.80076143E+00  1.00000000E+00  2.80077907E+00 -2.11461747E+00  4.23525432E-01  1.23275041E+01  7.74280309E-01  5.77661188E-01
 -3.75116752E+00  1.00000000E+00  2.76919565E+00 -2.11245590E+00  4.23568699E-01  1.23177182E+01  7.73942344E-01  5.77188795E-01
 -3.70157361E+00  1.00000000E+00  2.73764864E+00 -2.11259667E+00  4.23599440E-01  1.23186694E+01  7.73867751E-01  5.77240081E-01
 -3.65197971E+00  1.00000000E+00  2.70610164E+00 -2.11273745E+00  4.23631422E-01  1.23196206E+01  7.73793181E-01  5.77291370E-01
 -3.60238580E+00  1.00000000E+00  2.67452254E+00 -2.11253779E+00  4.23690603E-01  1.23155715E+01  7.73794200E-01  5.77088867E-01
 -3.55279189E+00  1.00000000E+00  2.64294344E+00 -2.11233810E+00  4.23779443E-01  1.23115239E+01  7.73795211E-01  5.76886434E-01
 -3.50319798E+00  1.00000000E+00  2.61163414E+00 -2.11358325E+00  4.23820837E-01  1.23112426E+01  7.74254264E-01  5.76849417E-01
 -3.45360407E+00  1.00000000E+00  2.58032483E+00 -2.11482852E+00  4.23794767E-01  1.23109620E+01  7.74713588E-01  5.76812420E-01
 -3.40401016E+00  1.00000000E+00  2.54884826E+00 -2.11537665E+00  4.23711682E-01  1.23222685E+01  7.74598299E-01  5.77383512E-01
 -3.35441626E+00  1.00000000E+00  2.51737170E+00 -2.11592471E+00  4.23545470E-01  1.23335861E+01  7.74482954E-01  5.77955160E-01
 -3.30482235E+00  1.00000000E+00  2.48587441E+00 -2.11389052E+00  4.23510993E-01  1.23218484E+01  7.74249668E-01  5.77379937E-01
 -3.25522844E+00  1.00000000E+00  2.45437712E+00 -2.11185822E+00  4.23540030E-01  1.23101218E+01  7.74016735E-01  5.76805255E-01
 -3.20563453E+00  1.00000000E+00  2.42272592E+00 -2.11175981E+00  4.23609902E-01  1.23066196E+01  7.73992463E-01  5.76631357E-01
 -3.15604062E+00  1.00000000E+00  2.39107473E+00 -2.11166132E+00  4.23682779E-01  1.23031184E+01  7.73968190E-01  5.76457513E-01
 -3.10644671E+00  1.00000000E+00  2.35972874E+00 -2.11308317E+00  4.23702910E-01  1.23055111E+01  7.74422083E-01  5.76554452E-01
 -3.05685280E+00  1.00000000E+00  2.32838275E+00 -2.11450551E+00  4.23622966E-01  1.23079047E+01  7.74876274E-01  5.76651421E-01
 -3.00725890E+00  1.00000000E+00  2.29690784E+00 -2.11493268E+00  4.23585503E-01  1.23192044E+01  7.74658079E-01  5.77227315E-01
 -2.95766499E+00  1.00000000E+00  2.26543293E+00 -2.11535973E+00  4.23491539E-01  1.23305152E+01  7.74439865E-01  5.77803765E-01
 -2.90807108E+00  1.00000000E+00  2.23380772E+00 -2.11407715E+00  4.23497717E-01  1.23210174E+01  7.74389648E-01  5.77331388E-01
 -2.85847717E+00  1.00000000E+00  2.20218251E+00 -2.11279545E+00  4.23539454E-01  1.23115270E+01  7.74339564E-01  5.76859371E-01
 -2.80888326E+00  1.00000000E+00  2.17092536E+00 -2.11440761E+00  4.23531488E-01  1.23234057E+01  7.74377151E-01  5.77451426E-01
 -2.75928935E+00  1.00000000E+00  2.13966821E+00 -2.11602114E+00  4.23514476E-01  1.23352958E+01  7.74414971E-01  5.78044043E-01
 -2.70969544E+00  1.00000000E+00  2.10800700E+00 -2.11389987E+00  4.23572865E-01  1.23278835E+01  7.73913897E-01  5.77698481E-01
 -2.66010154E+00  1.00000000E+00  2.07634579E+00 -2.11178015E+00  4.23693680E-01  1.23204760E+01  7.73413323E-01  5.77353134E-01
 -2.61050763E+00  1.00000000E+00  2.04481942E+00 -2.11207609E+00  4.23738460E-01  1.23145161E+01  7.73722622E-01  5.77039672E-01
 -2.56091372E+00  1.00000000E+00  2.01329306E+00 -2.11237172E+00  4.23785145E-01  1.23085596E+01  7.74031979E-01  5.76726382E-01
 -2.51131981E+00  1.00000000E+00  1.98186317E+00 -2.11297628E+00  4.23800528E-01  1.23094067E+01  7.74201092E-01  5.76760280E-01
 -2.46172590E+00  1.00000000E+00  1.95043329E+00 -2.11358090E+00  4.23782856E-01  1.23102539E+01  7.74370254E-01  5.76794184E-01
 -2.41213199E+00  1.00000000E+00  1.91898696E+00 -2.11453184E+00  4.23732606E-01  1.23187321E+01  7.74431808E-01  5.77215012E-01
 -2.36253808E+00  1.00000000E+00  1.88754062E+00 -2.11548327E+00  4.23612298E-01  1.23272161E+01  7.74493396E-01  5.77636134E-01
 -2.31294418E+00  1.00000000E+00  1.85604162E+00 -2.11420165E+00  4.23613605E-01  1.23184957E+01  7.74394215E-01  5.77205074E-01
 -2.26335027E+00  1.00000000E+00  1.82454262E+00 -2.11292086E+00  4.23639675E-01  1.23097815E+01  7.74295161E-01  5.76774316E-01
 -2.21375636E+00  1.00000000E+00  1.79296516E+00 -2.11288520E+00  4.23645715E-01  1.23073943E+01  7.74318679E-01  5.76653782E-01
 -2.16416245E+00  1.00000000E+00  1.76138771E+00 -2.11284951E+00  4.23658353E-01  1.23050077E+01  7.74342194E-01  5.76533273E-01
 -2.11456854E+00  1.00000000E+00  1.73001654E+00 -2.11338953E+00  4.23669583E-01  1.23119301E+01  7.74331674E-01  5.76879922E-01
 -2.06497463E+00  1.00000000E+00  1.69864537E+00 -2.11392968E+00  4.23634115E-01  1.23188566E+01  7.74321146E-01  5.77226773E-01
 -2.01538072E+00  1.00000000E+00  1.66700271E+00 -2.11345066E+00  4.23615288E-01  1.23156118E+01  7.74236325E-01  5.77068774E-01
 -1.96578682E+00  1.00000000E+00  1.63536005E+00 -2.11297174E+00  4.23648757E-01  1.23123679E+01  7.74151520E-01  5.76910817E-01
 -1.91619291E+00  1.00000000E+00  1.60397866E+00 -2.11367096E+00  4.23690568E-01  1.23169649E+01  7.74265286E-01  5.77134982E-01
 -1.86659900E+00  1.00000000E+00  1.57259726E+00 -2.11437042E+00  4.23653062E-01  1.23215637E+01  7.74379085E-01  5.77359230E-01
 -1.81700509E+00  1.00000000E+00  1.54091387E+00 -2.11366091E+00  4.23618371E-01  1.23164889E+01  7.74266114E-01  5.77111139E-01
 -1.76741118E+00  1.00000000E+00  1.50923048E+00 -2.11295164E+00  4.23636026E-01  1.23114162E+01  7.74153173E-01  5.76863152E-01
 -1.71781727E+00  1.00000000E+00  1.47785204E+00 -2.11256897E+00  4.23616137E-01  1.23097012E+01  7.74092269E-01  5.76780448E-01
 -1.66822336E+00  1.00000000E+00  1.44647360E+00 -2.11218635E+00  4.23564028E-01  1.23079865E+01  7.74031379E-01  5.76697755E-01
 -1.61862946E+00  1.00000000E+00  1.41487707E+00 -2.11219851E+00  4.23551111E-01  1.23045246E+01  7.74114415E-01  5.76520511E-01
 -1.56903555E+00  1.00000000E+00  1.38328055E+00 -2.11221058E+00  4.23540669E-01  1.23010639E+01  7.74197447E-01  5.76343323E-01
 -1.51944164E+00  1.00000000E+00  1.35197928E+00 -2.11433100E+00  4.23359679E-01  1.23096560E+01  7.74772939E-01  5.76744154E-01
 -1.46984773E+00  1.00000000E+00  1.32067800E+00 -2.11645323E+00  4.23016046E-01  1.23182543E+01  7.75348956E-01  5.77145269E-01
 -1.42025382E+00  1.00000000E+00  1.28910554E+00 -2.11429396E+00  4.22854081E-01  1.23047995E+01  7.75109608E-01  5.76484494E-01
 -1.37065991E+00  1.00000000E+00  1.25753307E+00 -2.11213693E+00  4.22742790E-01  1.22913593E+01  7.74870624E-01  5.75824435E-01
 -1.32106600E+00  1.00000000E+00  1.22600316E+00 -2.11197195E+00  4.22596571E-01  1.22900645E+01  7.74837264E-01  5.75761361E-01
 -1.27147210E+00  1.00000000E+00  1.19447326E+00 -2.11180698E+00  4.22405198E-01  1.22887698E+01  7.74803905E-01  5.75698293E-01
 -1.22187819E+00  1.00000000E+00  1.16308738E+00 -2.11131695E+00  4.22173826E-01  1.22793620E+01  7.74992176E-01  5.75218492E-01
 -1.17228428E+00  1.00000000E+00  1.13170151E+00 -2.11082704E+00  4.21901156E-01  1.22699619E+01  7.75180468E-01  5.74739069E-01
 -1.12269037E+00  1.00000000E+00  1.10040095E+00 -2.11031582E+00  4.21573527E-01  1.22587666E+01  7.75410555E-01  5.74167804E-01
 -1.07309646E+00  1.00000000E+00  1.06910039E+00 -2.10980464E+00  4.21215959E-01  1.22475823E+01  7.75640656E-01  5.73597080E-01
 -1.02350255E+00  1.00000000E+00  1.03808659E+00 -2.10916838E+00  4.20675734E-01  1.22331398E+01  7.76062400E-01  5.72853870E-01
 -9.73908645E-01  1.00000000E+00  1.00707279E+00 -2.10853239E+00  4.20086734E-01  1.22187154E+01  7.76484337E-01  5.72111554E-01
 -9.24314736E-01  1.00000000E+00  9.76231776E-01 -2.10752967E+00  4.19465869E-01  1.22036425E+01  7.76758486E-01  5.71344201E-01
 -8.74720828E-01  1.00000000E+00  9.45390759E-01 -2.10652762E+00  4.18802693E-01  1.21885889E+01  7.77032753E-01  5.70577809E-01
 -8.25312107E-01  1.00000000E+00  9.15305637E-01 -2.10470921E+00  4.17899568E-01  1.21616883E+01  7.77532090E-01  5.69207812E-01
 -7.75903387E-01  1.00000000E+00  8.85220515E-01 -2.10289305E+00  4.17044604E-01  1.21348494E+01  7.78031854E-01  5.67840877E-01
 -7.30665613E-01  1.00000000E+00  8.58210328E-01 -2.10144048E+00  4.16430677E-01  1.21145416E+01  7.78347248E-01  5.66809717E-01
 -6.85427839E-01  1.00000000E+00  8.31200142E-01 -2.09998927E+00  4.15696751E-01  1.20942690E+01  7.78662824E-01  5.65780309E-01
 -6.45465100E-01  1.00000000E+00  8.08168476E-01 -2.09784225E+00  4.15042714E-01  1.20754301E+01  7.78673232E-01  5.64837843E-01
 -6.05502361E-01  1.00000000E+00  7.85136810E-01 -2.09569789E+00  4.14442096E-01  1.20566208E+01  7.78683961E-01  5.63896842E-01
 -5.70199545E-01  1.00000000E+00  7.65854928E-01 -2.09340766E+00  4.13865541E-01  1.20375819E+01  7.78703831E-01  5.62943903E-01
 -5.34896729E-01  1.00000000E+00  7.46573046E-01 -2.09112044E+00  4.13446236E-01  1.20185732E+01  7.78724143E-01  5.61992454E-01
 -5.03710456E-01  1.00000000E+00  7.30325528E-01 -2.09262881E+00  4.13089593E-01  1.20117213E+01  7.79525621E-01  5.61609782E-01
 -4.72524184E-01  1.00000000E+00  7.14078010E-01 -2.09413631E+00  4.12784858E-01  1.20048760E+01  7.80327720E-01  5.61227414E-01
 -4.44974441E-01  1.00000000E+00  7.01089150E-01 -2.09725031E+00  4.13086883E-01  1.20183969E+01  7.80856609E-01  5.61877016E-01
 -4.17424698E-01  1.00000000E+00  6.88100290E-01 -2.10036809E+00  4.13344573E-01  1.20319335E+01  7.81386472E-01  5.62527350E-01
 -3.93087440E-01  1.00000000E+00  6.77559414E-01 -2.09875565E+00  4.13387562E-01  1.20354686E+01  7.80735970E-01  5.62736633E-01
 -3.68750182E-01  1.00000000E+00  6.67018538E-01 -2.09714273E+00  4.14130293E-01  1.20390068E+01  7.80085967E-01  5.62946042E-01
 -3.47250809E-01  1.00000000E+00  6.58900624E-01 -2.09530643E+00  4.15299241E-01  1.20682977E+01  7.78111969E-01  5.64509284E-01
 -3.25751437E-01  1.00000000E+00  6.50782709E-01 -2.09346411E+00  4.16828500E-01  1.20976768E+01  7.76141095E-01  5.66076783E-01
 -3.06759035E-01  1.00000000E+00  6.45160512E-01 -2.10152527E+00  4.18297296E-01  1.21433815E+01  7.77061739E-01  5.68315990E-01
 -2.87766633E-01  1.00000000E+00  6.39538315E-01 -2.10961623E+00  4.20020332E-01  1.21892591E+01  7.77988125E-01  5.70563551E-01
 -2.70988873E-01  1.00000000E+00  6.35802007E-01 -2.11066999E+00  4.22356381E-01  1.22511404E+01  7.75699954E-01  5.73772022E-01
 -2.54211113E-01  1.00000000E+00  6.32065699E-01 -2.11171897E+00  4.24865126E-01  1.23133660E+01  7.73415655E-01  5.76997519E-01
 -2.39389755E-01  1.00000000E+00  6.30302578E-01 -2.11623665E+00  4.27542363E-01  1.23839603E+01  7.72172780E-01  5.80589374E-01
 -2.24568396E-01  1.00000000E+00  6.28539457E-01 -2.12076714E+00  4.30445246E-01  1.24549761E+01  7.70931954E-01  5.84202205E-01
 -2.11472015E-01  1.00000000E+00  6.28652478E-01 -2.13007476E+00  4.33631011E-01  1.25468546E+01  7.70446483E-01  5.88820405E-01
 -1.98375634E-01  1.00000000E+00  6.28765499E-01 -2.13943464E+00  4.36905764E-01  1.26394200E+01  7.69967449E-01  5.93472627E-01
 -1.85977157E-01  1.00000000E+00  6.31236033E-01 -2.15209076E+00  4.40963844E-01  1.27609080E+01  7.69531117E-01  5.99568846E-01
 -1.73578680E-01  1.00000000E+00  6.33706567E-01 -2.16484090E+00  4.45239447E-01  1.28835775E+01  7.69106011E-01  6.05723572E-01
 -1.61180203E-01  1.00000000E+00  6.37439053E-01 -2.17057535E+00  4.50918350E-01  1.30294605E+01  7.65368392E-01  6.13204604E-01
 -1.48781726E-01  1.00000000E+00  6.41171538E-01 -2.17631898E+00  4.56766401E-01  1.31771028E+01  7.61641563E-01  6.20773062E-01
 -1.36383248E-01  1.00000000E+00  6.51947948E-01 -2.19405346E+00  4.64001446E-01  1.33889994E+01  7.59703552E-01  6.31464792E-01
 -1.23984771E-01  1.00000000E+00  6.62724358E-01 -2.21197940E+00  4.71828931E-01  1.36043794E+01  7.57786935E-01  6.42329621E-01
 -1.11586294E-01  1.00000000E+00  6.70257607E-01 -2.25291124E+00  4.82092010E-01  1.38269996E+01  7.62962785E-01  6.53201839E-01
 -9.91878171E-02  1.00000000E+00  6.77790856E-01 -2.29452583E+00  4.90152017E-01  1.40532840E+01  7.68279175E-01  6.64250241E-01
 -8.67893400E-02  1.00000000E+00  7.20464831E-01 -2.04419424E+00  5.01171036E-01  1.39019402E+01  6.99812598E-01  6.60106378E-01
 -7.43908628E-02  1.00000000E+00  7.63138805E-01 -1.79912441E+00  5.16920341E-01  1.37723082E+01  6.39323208E-01  6.56649248E-01
 -6.19923857E-02  1.00000000E+00  7.42339543E-01 -1.59456225E+00  5.17739206E-01  1.29718323E+01  6.13120905E-01  6.17935570E-01
 -4.95939085E-02  1.00000000E+00  7.21540280E-01 -1.40358231E+00  4.69491245E-01  1.22225945E+01  5.91341934E-01  5.81562628E-01
 -3.71954314E-02  1.00000000E+00  1.38181968E+00 -5.12213092E+00  4.12522360E-01  1.81337679E+01  1.78716635E+00  8.17330076E-01
 -2.47969543E-02  1.00000000E+00  2.04209908E+00 -1.23693214E+01  4.72171883E-01  3.08048504E+01  5.20194158E+00  1.28014544E+00
 -1.23984771E-02  1.00000000E+00  9.53419352E-01  2.05200876E+00  1.30518401E+00  1.36256297E+01  8.76005921E-01  6.37481189E-01
  0.00000000E+00  1.00000000E+00 -1.35260378E-01  2.74028873E+01  5.10062309E+00  4.19083882E+01  1.81146542E+01  1.18968670E+00
